#!ascii label  , from subject sub-v2s13x29101_ses-1 vox2ras=TkReg
2167
10897  21.763  -67.234  -39.007 0.6999999881
11867  20.763  -66.537  -39.341 0.8000000119
11853  20.272  -66.506  -38.698 0.8000000119
158590  18.649  -67.069  -38.619 0.6999999881
166036  21.695  -67.881  -40.543 0.6000000238
9899  21.406  -67.130  -40.013 0.6000000238
11868  20.514  -66.489  -39.409 0.6000000238
8999  22.695  -69.096  -42.018 0.6000000238
10881  20.094  -66.589  -37.894 0.8000000119
170062  18.882  -67.113  -38.042 0.6999999881
174686  18.233  -67.651  -37.297 0.6999999881
184822  17.026  -67.849  -37.450 0.6999999881
8980  22.193  -68.465  -40.084 0.6000000238
10898  21.200  -66.725  -38.932 0.6999999881
10883  18.302  -67.324  -38.031 0.6999999881
8160  23.090  -69.191  -42.676 0.6000000238
8170  24.082  -69.499  -43.415 0.6000000238
9026  23.042  -68.566  -43.500 0.6000000238
8198  25.235  -69.037  -45.832 0.6000000238
9036  24.371  -68.471  -45.299 0.6000000238
10846  19.521  -67.134  -36.198 0.8000000119
9808  18.338  -68.095  -35.233 0.8000000119
9809  17.457  -68.329  -35.222 0.6999999881
9800  16.337  -67.785  -34.521 0.6999999881
9811  15.487  -67.860  -35.423 0.6999999881
10866  20.022  -66.667  -37.038 0.8000000119
9821  18.211  -67.982  -36.312 0.6999999881
9823  16.757  -68.307  -35.925 0.6999999881
11838  20.973  -66.313  -37.395 0.6999999881
181287  19.442  -67.061  -36.912 0.8000000119
9822  17.468  -68.244  -36.145 0.6999999881
10880  21.857  -67.086  -38.310 0.6999999881
8989  22.589  -68.909  -40.621 0.6999999881
8158  24.635  -69.775  -42.749 0.6000000238
8122  23.049  -69.320  -41.272 0.6000000238
164716  25.428  -69.348  -45.066 0.6000000238
8184  24.339  -69.136  -44.420 0.6000000238
8212  25.650  -69.201  -46.407 0.6000000238
8231  25.993  -70.159  -47.983 0.6999999881
174237  25.327  -69.806  -47.724 0.6000000238
6571  26.686  -71.499  -47.606 0.5000000000
7376  25.785  -70.834  -48.068 0.6000000238
5823  26.296  -71.689  -46.754 0.5000000000
10826  18.568  -67.664  -34.315 0.8999999762
9798  17.870  -68.114  -34.517 0.8000000119
10806  16.792  -67.514  -34.046 0.6999999881
10845  20.275  -66.446  -36.187 0.6999999881
10824  19.836  -66.858  -35.269 0.8999999762
10808  15.333  -66.948  -34.243 0.6999999881
11851  21.659  -66.703  -37.571 0.8000000119
163991  21.077  -66.120  -36.628 0.8000000119
9861  22.678  -67.822  -38.030 0.8000000119
8978  23.569  -68.922  -39.718 0.6999999881
8971  22.455  -68.400  -39.325 0.6999999881
8121  23.791  -69.428  -40.913 0.8000000119
8141  24.261  -69.607  -41.261 0.8000000119
170763  25.384  -69.827  -42.915 0.6999999881
8169  24.871  -69.681  -43.577 0.6999999881
8197  26.042  -69.399  -45.542 0.6000000238
167125  26.471  -69.745  -47.799 0.6999999881
7374  27.251  -70.718  -48.174 0.6999999881
10802  19.971  -66.438  -34.450 0.8999999762
10805  17.669  -67.634  -33.971 0.8000000119
11790  15.652  -66.487  -33.891 0.6999999881
11817  20.783  -66.006  -36.137 0.8000000119
11800  20.471  -66.171  -35.379 0.8000000119
11837  21.565  -66.415  -36.887 0.6999999881
162641  24.323  -68.527  -38.938 0.6999999881
9860  23.288  -68.282  -38.156 0.6000000238
8970  23.122  -68.653  -39.203 0.8000000119
8104  24.615  -69.147  -40.257 0.8000000119
185328  25.160  -69.818  -42.281 0.8000000119
156536  26.428  -69.755  -43.734 0.6999999881
156535  26.923  -69.409  -45.644 0.8000000119
8182  25.896  -69.600  -44.487 0.6999999881
8196  27.677  -69.330  -45.763 0.8000000119
183330  28.958  -69.917  -48.455 0.6999999881
8219  27.968  -69.484  -47.934 0.6999999881
163409  27.230  -69.294  -46.431 0.6999999881
7367  28.588  -70.899  -47.751 0.6999999881
8229  27.659  -70.141  -48.301 0.6999999881
20632  7.155  -59.166  -35.821 0.6000000238
21868  6.654  -58.119  -36.063 0.6000000238
23069  6.591  -56.843  -34.576 0.6000000238
154660  7.039  -55.774  -33.308 0.6999999881
10804  18.903  -66.919  -33.883 0.8999999762
158652  16.900  -66.344  -33.993 0.6999999881
9820  22.989  -67.267  -36.514 0.6000000238
8960  24.361  -68.147  -38.311 0.6000000238
9841  23.413  -67.723  -37.109 0.6000000238
177464  24.747  -68.589  -39.380 0.6999999881
8987  26.268  -68.770  -40.799 0.6999999881
8988  25.681  -68.877  -40.487 0.6999999881
17021  16.598  -61.303  -34.501 0.6999999881
18152  16.225  -60.882  -33.861 0.6999999881
8139  26.242  -69.508  -41.736 0.8000000119
8140  25.409  -69.635  -41.576 0.8000000119
170641  16.537  -60.988  -35.331 0.6000000238
19390  15.731  -60.077  -34.624 0.6000000238
19391  15.101  -59.806  -34.422 0.6999999881
8156  26.422  -69.647  -42.379 0.6999999881
169810  14.653  -59.721  -34.929 0.5000000000
19419  14.008  -59.660  -35.020 0.6999999881
159228  28.121  -69.394  -44.986 0.8000000119
8167  27.243  -69.661  -43.827 0.8000000119
18195  15.986  -60.333  -35.521 0.5000000000
18221  14.205  -60.224  -36.596 0.5000000000
168457  28.616  -69.143  -47.780 0.6999999881
18247  14.179  -60.632  -37.599 0.6000000238
18248  12.850  -60.703  -37.687 0.5000000000
18223  12.422  -60.465  -36.878 0.6000000238
19453  11.292  -59.876  -36.113 0.6999999881
19455  9.125  -59.781  -36.306 0.6999999881
18249  11.961  -60.932  -37.907 0.5000000000
19469  10.697  -60.534  -36.933 0.6000000238
19470  9.633  -60.526  -37.120 0.6000000238
155187  8.243  -59.387  -37.076 0.6000000238
18272  12.464  -60.894  -38.931 0.6000000238
18251  9.274  -60.898  -38.141 0.6000000238
19472  8.471  -60.042  -37.972 0.6000000238
18273  11.366  -61.092  -38.873 0.5000000000
18274  10.206  -61.093  -38.683 0.5000000000
21877  8.193  -58.954  -37.236 0.6000000238
23095  6.617  -57.244  -35.752 0.6000000238
24329  6.747  -56.484  -34.765 0.6999999881
26674  7.004  -54.670  -33.154 0.6000000238
26633  6.161  -54.187  -31.953 0.6999999881
18275  9.270  -60.845  -38.832 0.6000000238
20660  8.635  -59.670  -38.829 0.6000000238
21867  7.437  -58.287  -36.520 0.6000000238
24345  7.293  -56.577  -35.518 0.6999999881
26693  7.961  -54.786  -33.995 0.5000000000
11788  17.709  -66.669  -33.874 0.8999999762
10823  22.056  -66.224  -35.765 0.6000000238
11799  20.999  -65.863  -35.405 0.6999999881
12794  16.856  -65.499  -34.307 0.8000000119
12779  15.050  -65.077  -33.963 0.6999999881
13808  16.763  -64.730  -34.647 0.6999999881
12812  17.150  -64.844  -34.998 0.8000000119
8968  24.825  -68.240  -38.901 0.6999999881
172473  16.716  -63.046  -35.418 0.8000000119
15924  16.679  -62.146  -34.432 0.6000000238
164071  16.631  -62.472  -36.376 0.6999999881
17046  16.438  -61.610  -36.727 0.6000000238
8179  28.188  -69.377  -43.919 0.8000000119
159826  28.283  -68.986  -42.765 0.8000000119
8178  28.793  -69.168  -44.798 0.8000000119
18218  16.325  -60.932  -36.133 0.5000000000
8194  29.354  -68.867  -45.747 0.8000000119
18220  15.014  -60.516  -36.997 0.5000000000
18269  15.409  -61.051  -38.408 0.5000000000
18270  14.686  -60.852  -38.697 0.6000000238
18246  14.847  -60.799  -37.919 0.6000000238
18288  13.388  -60.744  -39.280 0.6000000238
18289  12.711  -60.638  -39.567 0.6000000238
167989  7.348  -53.104  -31.689 0.5000000000
18291  10.777  -60.759  -39.372 0.5000000000
26653  7.282  -53.903  -32.846 0.5000000000
27691  6.949  -53.471  -32.293 0.6000000238
20659  9.375  -59.252  -39.147 0.6000000238
21866  8.465  -58.072  -36.933 0.6999999881
23093  8.771  -56.873  -35.912 0.6999999881
24327  7.677  -56.007  -34.990 0.6999999881
20676  10.801  -59.812  -39.563 0.6000000238
174187  8.313  -56.401  -35.467 0.6000000238
21890  10.037  -58.535  -38.485 0.6999999881
23147  9.409  -57.730  -37.101 0.6000000238
24367  9.701  -56.758  -35.903 0.5000000000
11786  20.598  -65.843  -34.562 0.6999999881
11769  19.129  -66.174  -33.618 0.6999999881
12777  18.812  -65.816  -33.529 0.6999999881
12792  18.070  -65.738  -33.954 0.8000000119
12811  17.498  -64.863  -34.865 0.6999999881
13845  17.099  -64.213  -36.382 0.6999999881
13826  17.027  -64.483  -35.612 0.6999999881
27632  8.728  -53.373  -31.486 0.5000000000
18286  15.321  -60.802  -39.780 0.5000000000
18287  14.442  -60.630  -39.618 0.6000000238
27634  7.327  -52.865  -30.844 0.5000000000
18308  14.833  -60.432  -39.907 0.5000000000
19518  16.036  -60.210  -40.461 0.5000000000
18310  13.387  -60.594  -39.625 0.6000000238
19501  11.262  -60.467  -39.616 0.6000000238
25542  8.372  -55.273  -34.524 0.5000000000
20693  14.791  -59.657  -39.834 0.5000000000
19498  14.047  -59.892  -39.830 0.6000000238
20675  11.771  -59.832  -39.579 0.6000000238
20673  13.537  -59.368  -39.544 0.6000000238
12775  20.082  -65.126  -33.338 0.6999999881
12776  19.417  -65.279  -33.379 0.6999999881
13791  18.832  -65.132  -33.602 0.6999999881
21874  11.524  -57.911  -37.674 0.5000000000
20692  15.610  -59.625  -39.948 0.5000000000
23120  10.010  -57.134  -36.507 0.5000000000
20672  14.369  -59.070  -39.434 0.5000000000
20656  12.275  -58.948  -39.117 0.5000000000
20657  11.386  -59.030  -39.151 0.5000000000
23146  10.308  -57.537  -37.127 0.5000000000
23144  11.859  -57.486  -36.959 0.5000000000
23118  12.091  -56.973  -36.296 0.5000000000
23164  14.244  -57.506  -37.718 0.5000000000
23143  13.152  -57.548  -36.986 0.5000000000
23145  11.122  -57.503  -37.075 0.5000000000
21903  14.790  -58.315  -38.882 0.5000000000
21872  13.203  -57.872  -37.880 0.5000000000
21873  12.424  -57.841  -37.565 0.5000000000
20671  15.198  -58.941  -39.390 0.5000000000
21904  13.921  -58.438  -38.878 0.5000000000
23142  13.923  -57.416  -36.935 0.5000000000
158760  8.668  -54.816  -28.741 0.6000000238
26545  8.012  -54.448  -28.371 0.6000000238
25439  8.767  -54.618  -29.605 0.5000000000
25423  9.112  -55.454  -28.362 0.6999999881
25425  7.662  -54.991  -27.741 0.6000000238
179550  6.596  -54.941  -27.707 0.6000000238
21726  7.235  -57.345  -27.693 0.6999999881
24200  9.305  -56.292  -27.373 0.6000000238
24201  8.593  -56.353  -27.295 0.6999999881
164358  7.345  -55.711  -27.445 0.6999999881
22939  6.287  -56.542  -27.674 0.6999999881
21740  7.426  -58.135  -27.968 0.8000000119
169557  10.251  -56.761  -27.379 0.5000000000
24230  9.773  -55.886  -28.720 0.5000000000
21725  7.910  -57.535  -27.543 0.8000000119
21724  8.655  -57.618  -27.282 0.6000000238
18084  8.636  -60.451  -28.484 0.6999999881
22936  11.313  -57.103  -28.156 0.5000000000
22956  10.919  -56.767  -28.998 0.5000000000
20541  8.250  -59.520  -28.276 0.6999999881
166281  7.632  -59.365  -28.381 0.6999999881
20526  8.217  -58.217  -27.719 0.6999999881
159213  9.983  -57.153  -26.937 0.6999999881
16929  8.462  -62.020  -28.804 0.6999999881
18083  9.292  -61.221  -28.509 0.6999999881
22921  10.837  -57.166  -27.277 0.6000000238
21723  9.510  -57.872  -27.063 0.8000000119
25359  8.727  -55.417  -22.791 0.6999999881
22871  8.289  -57.319  -23.657 0.8000000119
165845  13.284  -58.396  -28.267 0.4000000060
15801  8.856  -62.843  -28.069 0.6999999881
176983  12.191  -57.829  -27.653 0.5000000000
15821  9.274  -62.443  -28.195 0.6999999881
22920  11.604  -57.539  -27.476 0.6000000238
20501  10.963  -58.346  -26.777 0.6000000238
19293  9.628  -59.693  -27.966 0.6999999881
20524  10.206  -58.539  -27.044 0.8000000119
163955  10.184  -59.421  -27.567 0.8000000119
34649  9.301  -46.991  -23.217 0.5000000000
35819  8.255  -46.167  -24.795 0.5000000000
152825  7.294  -46.045  -24.782 0.5000000000
153388  9.454  -50.882  -23.594 0.5000000000
28461  10.082  -52.536  -22.695 0.6000000238
155935  9.883  -51.500  -23.394 0.6000000238
174396  8.742  -49.961  -24.600 0.6000000238
154219  6.357  -48.331  -24.749 0.6000000238
178583  9.563  -52.419  -22.216 0.6999999881
165452  9.679  -51.850  -22.589 0.6999999881
26470  9.090  -54.484  -22.321 0.6999999881
155178  9.077  -52.660  -21.981 0.6999999881
15769  9.118  -62.320  -26.205 0.6999999881
18015  8.794  -60.469  -24.914 0.6999999881
19232  8.849  -59.361  -24.105 0.8000000119
20522  12.561  -58.344  -26.879 0.5000000000
172846  9.347  -62.669  -26.737 0.6999999881
20499  12.142  -58.535  -26.786 0.6000000238
15820  9.867  -62.367  -27.899 0.8000000119
20523  10.903  -59.136  -27.124 0.6999999881
15799  10.470  -62.240  -27.471 0.8000000119
18082  10.015  -61.160  -28.312 0.8000000119
179351  9.846  -46.906  -22.983 0.5000000000
35804  9.689  -46.840  -23.655 0.6000000238
36968  10.076  -45.887  -24.920 0.5000000000
36969  8.921  -45.637  -25.347 0.6000000238
35833  7.394  -45.597  -25.482 0.6000000238
153947  6.331  -45.967  -25.770 0.6000000238
36985  7.078  -45.387  -26.281 0.6000000238
153505  6.232  -46.469  -26.543 0.5000000000
152788  9.590  -51.069  -25.340 0.5000000000
152663  8.709  -50.024  -25.452 0.5000000000
153286  10.575  -52.709  -23.339 0.6000000238
177060  8.306  -49.565  -25.912 0.6000000238
153241  8.469  -49.540  -23.968 0.6999999881
153301  5.970  -47.879  -25.947 0.6000000238
27516  10.396  -53.199  -22.817 0.6000000238
27517  9.734  -53.110  -22.226 0.6999999881
28452  9.102  -51.981  -22.004 0.6999999881
152786  9.014  -50.624  -22.700 0.6999999881
153531  8.570  -49.867  -23.002 0.8000000119
174470  7.663  -48.944  -24.173 0.6999999881
26469  9.870  -54.629  -22.381 0.6999999881
25342  9.307  -55.105  -22.515 0.6999999881
22855  9.962  -56.557  -22.739 0.6999999881
156014  9.192  -56.566  -22.967 0.8000000119
20462  9.340  -58.755  -23.679 0.8000000119
21651  8.867  -57.654  -23.459 0.8000000119
19276  12.341  -59.439  -26.797 0.5000000000
16852  12.556  -61.397  -25.185 0.6000000238
16871  9.582  -61.927  -25.726 0.8000000119
17994  9.188  -60.010  -24.436 0.8000000119
19291  11.634  -59.815  -27.221 0.6000000238
18048  12.482  -60.929  -26.762 0.6999999881
16870  10.429  -62.108  -25.794 0.8000000119
18066  11.523  -60.922  -27.544 0.6999999881
15798  11.090  -62.148  -26.905 0.6999999881
18067  10.774  -61.070  -28.063 0.8000000119
35787  10.765  -46.135  -22.705 0.4000000060
35803  10.836  -46.203  -23.423 0.5000000000
36970  8.038  -45.333  -25.658 0.5000000000
35847  6.822  -45.785  -26.677 0.5000000000
152782  10.025  -51.560  -25.119 0.5000000000
152658  8.649  -49.966  -26.211 0.6000000238
181713  7.416  -48.841  -26.476 0.6000000238
160984  6.302  -47.963  -26.490 0.6000000238
27515  10.916  -53.351  -23.409 0.6000000238
153271  7.667  -49.018  -25.811 0.6999999881
152801  6.462  -48.257  -26.120 0.6999999881
26480  10.545  -54.451  -22.799 0.6000000238
22856  9.515  -57.259  -23.083 0.8000000119
16853  11.728  -61.658  -25.236 0.6999999881
16854  10.869  -61.707  -25.218 0.6999999881
18013  10.362  -60.933  -24.721 0.8000000119
17993  9.952  -60.212  -24.326 0.8000000119
16888  11.775  -61.785  -26.575 0.6999999881
35786  11.127  -45.903  -23.096 0.4000000060
38082  11.171  -44.838  -22.148 0.4000000060
39203  10.631  -44.173  -22.049 0.4000000060
36982  10.376  -45.296  -25.678 0.5000000000
36953  10.802  -46.064  -24.134 0.4000000060
39219  9.996  -43.603  -22.345 0.5000000000
37002  7.497  -45.218  -26.602 0.5000000000
34715  7.570  -47.094  -27.789 0.5000000000
33559  6.624  -47.325  -27.207 0.5000000000
34729  8.318  -47.255  -28.153 0.5000000000
153929  6.881  -48.507  -26.660 0.6999999881
24139  10.248  -55.889  -22.666 0.6000000238
20447  10.030  -58.343  -23.292 0.8000000119
18011  12.060  -61.197  -24.567 0.6000000238
19229  11.081  -59.924  -23.740 0.6000000238
20445  11.415  -58.926  -23.126 0.6999999881
21648  10.619  -57.897  -22.972 0.6999999881
17992  10.720  -60.451  -24.189 0.6999999881
41471  8.808  -42.086  -23.798 0.3000000119
163005  11.068  -45.565  -24.680 0.4000000060
36937  12.009  -45.066  -23.346 0.3000000119
180826  11.854  -44.534  -22.632 0.4000000060
39202  11.286  -44.112  -22.199 0.4000000060
39218  10.742  -43.381  -22.420 0.4000000060
179484  9.717  -42.080  -23.357 0.5000000000
153585  9.367  -45.060  -25.958 0.4000000060
165711  8.471  -44.842  -26.105 0.4000000060
33557  7.802  -47.966  -27.950 0.5000000000
37022  8.101  -45.281  -27.139 0.4000000060
31394  8.415  -49.308  -27.372 0.6000000238
38161  8.948  -44.583  -26.752 0.4000000060
33576  8.707  -48.097  -28.181 0.4000000060
35863  8.129  -46.289  -27.752 0.5000000000
159640  10.362  -57.225  -22.859 0.6999999881
19230  10.368  -59.745  -23.858 0.6999999881
157334  9.008  -42.588  -23.417 0.4000000060
40355  10.567  -42.481  -22.801 0.4000000060
42618  10.166  -41.184  -23.413 0.3000000119
37021  8.821  -44.752  -27.045 0.4000000060
179644  9.143  -47.358  -28.458 0.4000000060
35878  8.904  -46.545  -28.174 0.4000000060
38099  12.435  -44.450  -23.252 0.3000000119
39216  12.381  -43.862  -22.820 0.3000000119
39217  11.736  -43.630  -22.329 0.4000000060
171812  11.903  -42.060  -22.591 0.3000000119
41470  10.709  -41.660  -22.996 0.3000000119
36951  11.947  -45.165  -24.325 0.3000000119
38159  9.896  -44.891  -26.831 0.3000000119
37037  9.415  -45.152  -27.561 0.3000000119
177834  9.642  -44.882  -27.089 0.3000000119
35895  10.262  -46.166  -28.780 0.3000000119
170691  12.238  -43.196  -22.538 0.3000000119
41469  11.664  -41.379  -22.758 0.3000000119
38098  12.895  -44.024  -23.349 0.3000000119
40352  12.941  -42.463  -23.012 0.3000000119
38181  10.428  -44.994  -27.282 0.3000000119
153732  10.515  -45.056  -27.832 0.3000000119
37036  10.608  -45.282  -28.344 0.3000000119
42619  9.310  -41.422  -23.792 0.3000000119
38110  13.152  -44.310  -23.973 0.3000000119
38180  11.279  -44.835  -27.837 0.3000000119
19451  13.655  -59.860  -35.826 0.6000000238
19452  12.720  -59.812  -35.872 0.6999999881
19421  11.884  -59.510  -35.482 0.6999999881
19454  10.339  -59.781  -36.059 0.6999999881
35864  7.351  -46.099  -27.262 0.4000000060
32415  7.130  -48.578  -27.233 0.6000000238
42617  11.032  -40.868  -23.058 0.3000000119
11879  20.656  -66.338  -40.158 0.6999999881
163784  16.155  -68.119  -36.601 0.6999999881
8979  22.831  -68.785  -39.874 0.8000000119
9060  25.297  -69.190  -46.938 0.6000000238
8211  27.191  -69.310  -47.227 0.6999999881
9842  22.838  -67.588  -37.261 0.6000000238
11770  16.098  -65.865  -33.873 0.6999999881
8154  27.664  -69.483  -43.125 0.8000000119
8210  27.976  -69.178  -46.917 0.6999999881
8209  28.970  -68.996  -47.007 0.8000000119
25523  7.107  -55.468  -33.554 0.6999999881
18222  13.249  -60.290  -36.683 0.5000000000
165217  8.345  -59.611  -36.998 0.6000000238
27664  5.145  -52.804  -30.998 0.6000000238
21891  9.059  -58.788  -38.444 0.6999999881
14868  16.747  -64.007  -35.067 0.8000000119
17062  16.346  -61.683  -37.479 0.5000000000
18245  15.633  -60.901  -37.418 0.6000000238
19500  12.222  -60.437  -39.673 0.6000000238
15768  9.950  -62.438  -26.411 0.8000000119
4381  26.418  -74.581  -40.577 0.4000000060
4371  26.772  -74.545  -40.030 0.4000000060
5782  26.715  -72.710  -42.651 0.3000000119
4390  26.106  -74.539  -41.232 0.4000000060
4382  25.668  -74.662  -40.874 0.4000000060
4372  26.034  -74.610  -40.325 0.4000000060
167258  29.998  -70.555  -42.381 0.4000000060
7316  29.754  -70.599  -41.032 0.5000000000
164351  28.975  -71.115  -40.894 0.5000000000
6526  28.826  -71.079  -42.199 0.3000000119
6527  28.222  -71.538  -41.575 0.4000000060
5755  27.674  -73.153  -41.001 0.4000000060
169642  28.302  -71.448  -42.548 0.3000000119
5768  27.379  -72.685  -41.651 0.3000000119
5022  27.162  -73.598  -41.371 0.3000000119
185540  27.152  -72.156  -43.006 0.3000000119
7333  30.216  -70.633  -43.079 0.4000000060
7332  30.752  -70.249  -42.264 0.4000000060
8137  31.466  -69.920  -41.741 0.5000000000
180851  30.403  -70.669  -43.666 0.3000000119
6529  28.567  -71.359  -43.365 0.3000000119
5802  26.998  -71.806  -44.288 0.4000000060
168975  28.516  -71.406  -44.267 0.3000000119
6566  26.740  -71.585  -45.901 0.4000000060
6549  26.992  -71.600  -45.064 0.4000000060
5824  25.592  -71.925  -46.688 0.4000000060
7338  31.788  -70.117  -43.509 0.4000000060
8166  32.699  -69.807  -43.928 0.4000000060
7339  30.989  -70.510  -43.931 0.4000000060
7346  31.763  -70.187  -44.471 0.4000000060
9032  33.823  -68.700  -45.345 0.5000000000
158325  30.247  -70.793  -44.220 0.4000000060
7355  31.225  -70.317  -45.239 0.4000000060
168930  27.598  -71.510  -44.870 0.4000000060
6558  27.974  -71.381  -45.603 0.5000000000
7357  30.075  -70.753  -45.463 0.4000000060
6565  27.527  -71.393  -46.428 0.4000000060
173908  25.197  -70.455  -47.930 0.6000000238
5833  25.484  -71.746  -47.726 0.4000000060
161280  33.740  -68.392  -46.218 0.6000000238
9069  32.916  -68.271  -47.620 0.6000000238
8193  31.411  -69.926  -46.339 0.6000000238
177595  31.881  -69.212  -47.601 0.6000000238
8215  31.246  -69.596  -47.559 0.6000000238
9071  31.366  -68.933  -47.952 0.6999999881
7366  29.204  -70.806  -46.727 0.5000000000
7370  29.414  -70.393  -47.966 0.6000000238
9073  30.262  -68.997  -48.235 0.6999999881
11973  32.396  -66.414  -47.385 0.6999999881
178271  31.171  -67.448  -46.144 0.6999999881
11016  33.039  -67.196  -47.692 0.6000000238
9987  31.767  -67.794  -47.194 0.6999999881
9033  30.092  -68.137  -44.592 0.6999999881
9035  29.070  -68.861  -43.926 0.6999999881
9009  27.592  -69.255  -42.344 0.6999999881
9058  31.375  -68.658  -47.838 0.6999999881
9046  30.275  -68.451  -45.738 0.6999999881
8208  29.900  -68.795  -47.075 0.6999999881
10990  30.154  -66.973  -44.897 0.5000000000
9957  29.903  -67.333  -44.109 0.6000000238
9976  30.596  -67.783  -45.328 0.6999999881
9958  29.528  -67.811  -43.508 0.6000000238
9008  28.848  -68.482  -42.796 0.6999999881
10959  28.549  -67.310  -42.599 0.6999999881
9045  31.051  -68.054  -46.514 0.6999999881
8996  28.008  -68.690  -42.052 0.6999999881
8997  27.401  -68.774  -41.623 0.6000000238
10958  29.123  -67.409  -43.116 0.6000000238
11913  28.067  -66.436  -43.054 0.6000000238
9934  27.414  -68.049  -41.347 0.6000000238
11899  27.294  -66.687  -42.032 0.6000000238
9840  24.332  -67.287  -37.050 0.5000000000
9844  16.391  -67.932  -37.388 0.6000000238
9863  16.704  -67.672  -38.090 0.6000000238
9935  26.752  -67.782  -40.931 0.6000000238
9896  25.977  -68.092  -40.180 0.6000000238
10895  25.465  -67.157  -39.127 0.5000000000
9878  24.942  -67.625  -38.406 0.5000000000
9813  14.285  -67.367  -36.092 0.6000000238
160305  15.235  -67.948  -35.947 0.6000000238
163748  15.362  -68.020  -36.534 0.6000000238
10945  27.114  -67.262  -41.439 0.6000000238
167830  25.788  -67.090  -39.832 0.5000000000
8967  25.226  -68.347  -39.474 0.5000000000
12813  13.958  -64.386  -35.794 0.6000000238
11792  14.482  -65.561  -34.700 0.6000000238
11802  14.125  -65.501  -35.574 0.6000000238
10848  13.884  -66.910  -36.295 0.6000000238
10828  14.374  -66.948  -35.573 0.6000000238
162243  14.867  -65.500  -34.158 0.6000000238
10827  14.840  -66.980  -34.826 0.6000000238
11785  21.280  -65.591  -34.662 0.6000000238
10916  26.175  -67.511  -40.325 0.6000000238
13809  14.097  -63.921  -35.222 0.6000000238
15925  14.880  -62.330  -33.546 0.6000000238
12795  14.639  -64.721  -34.492 0.6000000238
171351  15.835  -62.622  -33.499 0.6000000238
179854  15.153  -63.354  -33.788 0.6000000238
177069  16.059  -61.927  -33.369 0.5000000000
13793  15.621  -64.134  -33.740 0.6000000238
173139  16.371  -63.032  -33.815 0.5000000000
13846  13.648  -63.968  -36.342 0.6999999881
13827  13.699  -63.655  -35.803 0.6000000238
15926  14.192  -62.729  -34.199 0.6000000238
173575  14.888  -61.108  -32.910 0.6000000238
18154  15.114  -60.528  -33.149 0.6000000238
15909  9.824  -61.916  -33.925 0.6000000238
15927  13.515  -62.581  -34.388 0.6000000238
15905  13.998  -62.025  -33.462 0.6000000238
16976  14.194  -60.661  -32.780 0.5000000000
15906  13.081  -62.122  -33.347 0.6000000238
18135  12.070  -60.097  -33.012 0.6000000238
17000  10.889  -61.056  -33.419 0.6000000238
17001  10.090  -61.082  -33.695 0.6000000238
15928  12.753  -62.739  -34.047 0.6000000238
19368  14.033  -59.806  -33.524 0.6000000238
16977  13.348  -60.784  -32.674 0.6000000238
18134  12.847  -60.115  -32.901 0.5000000000
19370  11.618  -59.558  -33.763 0.6000000238
18156  11.224  -60.090  -33.299 0.5000000000
19372  9.697  -59.835  -34.045 0.5000000000
158946  12.478  -59.442  -34.879 0.6000000238
157566  11.683  -59.259  -34.578 0.6000000238
19394  10.906  -59.341  -34.520 0.6000000238
19395  9.979  -59.521  -34.568 0.6000000238
19397  8.404  -59.501  -34.583 0.6999999881
19374  8.879  -59.776  -33.678 0.6999999881
20589  8.551  -59.189  -32.428 0.6999999881
21803  8.310  -58.537  -32.087 0.6999999881
19423  10.143  -59.446  -35.267 0.6000000238
19424  9.123  -59.575  -35.308 0.6999999881
20620  7.027  -59.041  -35.192 0.6999999881
19398  7.929  -59.291  -34.508 0.6999999881
20606  7.483  -58.773  -34.245 0.6999999881
21823  8.047  -57.764  -32.464 0.6000000238
170047  8.236  -59.509  -36.042 0.6000000238
11836  24.123  -66.752  -36.501 0.5000000000
10843  23.477  -66.959  -36.026 0.5000000000
12810  23.595  -65.108  -35.032 0.5000000000
11815  23.886  -66.343  -35.970 0.5000000000
11783  22.937  -65.371  -34.585 0.6000000238
14865  23.072  -63.360  -34.692 0.6000000238
13804  23.401  -63.821  -34.981 0.6000000238
12772  22.789  -64.722  -34.113 0.6000000238
163225  22.366  -65.172  -34.185 0.6000000238
12774  21.345  -64.752  -33.530 0.6000000238
15897  22.376  -62.849  -33.903 0.5000000000
14844  22.166  -63.426  -33.526 0.6000000238
13789  19.990  -64.432  -33.056 0.6000000238
16993  20.428  -61.618  -33.708 0.6000000238
15923  19.280  -62.741  -34.049 0.5000000000
13781  19.751  -63.695  -33.003 0.6000000238
13790  19.365  -64.407  -33.278 0.6000000238
17020  19.450  -61.946  -34.467 0.5000000000
14866  18.843  -63.470  -34.431 0.6000000238
14901  17.029  -63.965  -36.984 0.5000000000
15965  17.749  -63.694  -37.280 0.5000000000
13824  17.783  -64.400  -35.474 0.6000000238
14888  18.572  -63.523  -35.324 0.6000000238
6569  27.973  -71.201  -47.256 0.6000000238
8217  30.184  -69.279  -48.443 0.6999999881
10822  22.866  -66.675  -35.823 0.5000000000
19393  12.971  -59.483  -34.341 0.6000000238
19425  8.246  -59.561  -35.269 0.6999999881
11784  22.090  -65.556  -34.639 0.6000000238
14867  18.346  -64.104  -34.951 0.6000000238
14900  17.372  -64.015  -36.898 0.6000000238
5033  26.317  -73.519  -42.298 0.3000000119
5780  27.697  -71.915  -42.018 0.3000000119
5767  27.818  -72.226  -41.226 0.4000000060
5792  27.445  -71.826  -43.615 0.3000000119
6537  29.517  -71.085  -44.146 0.4000000060
6546  29.068  -71.250  -44.668 0.4000000060
8177  32.644  -69.729  -44.803 0.4000000060
157798  30.475  -70.651  -44.973 0.3000000119
158493  32.671  -69.483  -45.666 0.5000000000
182581  32.694  -69.122  -46.404 0.6000000238
7358  29.482  -70.991  -45.535 0.5000000000
175727  30.977  -70.004  -46.827 0.5000000000
6564  28.335  -71.175  -46.551 0.5000000000
9070  32.206  -68.579  -47.742 0.6000000238
9968  30.253  -67.570  -44.608 0.6999999881
16997  14.124  -61.282  -32.823 0.6000000238
21804  7.759  -57.840  -31.463 0.6000000238
14843  22.702  -63.407  -34.109 0.6000000238
16992  21.184  -61.243  -33.922 0.5000000000
13788  21.798  -64.134  -33.370 0.6000000238
14833  20.773  -63.430  -32.870 0.6000000238
165287  21.084  -62.017  -33.414 0.5000000000
15900  20.320  -62.340  -33.240 0.6000000238
17034  19.781  -61.165  -34.669 0.5000000000
15942  18.989  -62.746  -35.119 0.5000000000
15943  18.519  -63.329  -36.031 0.5000000000
2656  16.542  -76.572  -28.695 0.4000000060
2665  16.953  -76.844  -29.273 0.4000000060
3136  17.270  -76.264  -29.801 0.5000000000
3662  14.242  -74.810  -27.562 0.5000000000
3663  13.425  -75.096  -27.509 0.5000000000
2197  12.874  -77.275  -28.516 0.5000000000
3670  15.172  -74.622  -28.365 0.5000000000
3669  15.409  -74.953  -27.635 0.5000000000
2203  17.364  -77.922  -29.930 0.4000000060
1816  17.746  -78.685  -30.878 0.4000000060
162728  18.038  -77.998  -31.163 0.5000000000
5718  25.060  -71.780  -37.408 0.3000000119
6455  24.527  -71.370  -36.411 0.3000000119
6475  24.046  -71.413  -38.171 0.3000000119
183437  25.260  -72.599  -38.920 0.3000000119
3113  15.017  -75.147  -26.657 0.4000000060
159689  13.848  -74.895  -26.954 0.5000000000
3115  13.135  -75.058  -26.620 0.5000000000
175987  15.264  -75.646  -26.472 0.4000000060
3129  15.913  -75.548  -27.752 0.4000000060
2195  16.637  -77.376  -28.873 0.3000000119
181815  15.997  -77.970  -28.068 0.3000000119
1852  18.528  -79.284  -33.480 0.4000000060
1418  17.433  -79.365  -30.570 0.3000000119
1425  17.745  -79.437  -31.350 0.4000000060
1815  18.083  -78.694  -31.609 0.5000000000
1094  17.305  -80.272  -31.073 0.3000000119
6454  25.114  -71.651  -36.742 0.3000000119
6456  23.863  -71.078  -36.160 0.3000000119
5722  25.580  -72.631  -38.425 0.3000000119
4993  25.801  -73.365  -39.082 0.3000000119
4994  25.145  -72.992  -39.478 0.3000000119
3114  14.912  -75.473  -26.008 0.3000000119
3641  13.879  -74.992  -25.506 0.4000000060
158753  15.250  -76.839  -26.350 0.3000000119
1086  17.097  -79.939  -30.322 0.3000000119
155920  18.116  -81.041  -34.700 0.4000000060
1459  18.538  -80.267  -34.869 0.4000000060
1100  17.667  -80.340  -32.784 0.4000000060
178839  16.809  -80.714  -30.487 0.3000000119
158747  27.355  -73.132  -35.835 0.4000000060
5704  26.157  -72.435  -35.905 0.4000000060
5688  25.276  -72.152  -34.944 0.4000000060
5667  24.766  -72.330  -34.529 0.4000000060
4930  24.708  -72.895  -34.348 0.4000000060
4291  24.416  -73.544  -34.536 0.5000000000
4969  27.150  -73.700  -37.608 0.3000000119
5721  25.988  -72.694  -37.720 0.3000000119
171685  26.621  -73.473  -38.013 0.3000000119
4362  26.341  -74.305  -39.675 0.3000000119
5013  27.502  -74.001  -40.697 0.3000000119
2152  14.482  -76.866  -25.074 0.3000000119
812  17.718  -81.815  -34.447 0.3000000119
821  18.211  -81.670  -35.214 0.3000000119
1147  19.311  -80.790  -36.870 0.4000000060
1155  19.609  -80.360  -37.347 0.4000000060
775  16.305  -81.707  -30.725 0.3000000119
803  17.048  -81.969  -33.331 0.3000000119
794  16.595  -81.913  -32.179 0.3000000119
1101  17.351  -80.803  -32.481 0.3000000119
2737  24.163  -76.876  -37.482 0.5000000000
2324  23.748  -77.678  -37.626 0.5000000000
4287  30.190  -74.425  -34.260 0.3000000119
4925  29.098  -73.820  -34.861 0.3000000119
4303  30.276  -74.127  -35.259 0.3000000119
4926  28.058  -73.647  -34.642 0.3000000119
4941  26.637  -72.822  -35.382 0.4000000060
3754  25.665  -75.039  -34.335 0.5000000000
3762  24.370  -74.982  -35.585 0.5000000000
4939  28.414  -73.545  -35.431 0.3000000119
5665  26.296  -73.058  -34.656 0.4000000060
4290  25.160  -73.588  -34.260 0.4000000060
167973  25.108  -74.356  -34.387 0.5000000000
3755  24.984  -75.016  -34.885 0.5000000000
4333  27.770  -74.145  -37.709 0.3000000119
4992  26.648  -74.056  -38.871 0.3000000119
4360  28.100  -74.526  -39.185 0.3000000119
4370  28.001  -74.425  -39.654 0.3000000119
5742  28.900  -73.227  -40.114 0.4000000060
562  18.970  -82.147  -35.106 0.3000000119
843  20.167  -81.239  -36.503 0.4000000060
776  15.773  -82.046  -30.166 0.3000000119
545  16.788  -82.336  -32.802 0.3000000119
543  17.756  -82.428  -33.249 0.3000000119
1145  20.516  -80.848  -37.105 0.4000000060
785  16.249  -82.382  -31.618 0.3000000119
1484  22.059  -79.502  -38.078 0.4000000060
2325  23.055  -78.300  -38.057 0.5000000000
1869  23.662  -77.960  -35.999 0.4000000060
2311  23.820  -77.874  -36.853 0.5000000000
4258  32.244  -75.016  -32.825 0.3000000119
2736  25.188  -77.214  -36.371 0.5000000000
2323  24.443  -77.371  -36.927 0.5000000000
4271  30.418  -75.264  -33.733 0.3000000119
2723  26.346  -77.041  -35.322 0.4000000060
2724  25.781  -77.088  -35.824 0.5000000000
161977  31.412  -74.512  -35.115 0.3000000119
4288  28.970  -74.187  -34.051 0.4000000060
4273  27.449  -74.403  -33.646 0.4000000060
3204  26.898  -76.315  -34.536 0.5000000000
2725  25.315  -76.655  -36.203 0.5000000000
4304  29.106  -73.773  -35.904 0.3000000119
4927  27.321  -73.781  -34.175 0.4000000060
4917  26.826  -73.977  -33.936 0.5000000000
175560  26.268  -74.786  -33.890 0.5000000000
4344  28.930  -74.485  -38.409 0.3000000119
182819  29.323  -74.421  -38.647 0.4000000060
4368  29.855  -74.163  -39.195 0.3000000119
4359  28.674  -74.412  -39.267 0.4000000060
5002  29.463  -73.910  -39.659 0.4000000060
10992  22.593  -65.971  -44.442 0.5000000000
5753  28.826  -72.108  -40.335 0.3000000119
331  15.826  -83.700  -30.628 0.3000000119
535  16.502  -82.850  -32.257 0.3000000119
1137  21.540  -80.697  -35.711 0.3000000119
514  15.902  -82.958  -30.996 0.3000000119
1457  22.177  -80.126  -35.226 0.3000000119
1870  22.967  -78.528  -35.607 0.5000000000
2284  25.042  -77.793  -34.512 0.4000000060
161578  23.428  -78.016  -34.856 0.3000000119
4916  31.744  -73.959  -32.893 0.3000000119
2283  25.881  -77.623  -34.897 0.5000000000
159762  31.432  -75.363  -33.741 0.3000000119
180801  27.396  -77.230  -34.585 0.4000000060
2282  26.731  -77.371  -34.848 0.4000000060
4272  28.742  -74.608  -33.569 0.4000000060
3742  28.289  -75.308  -33.573 0.4000000060
173793  28.597  -76.638  -33.808 0.4000000060
3203  27.617  -76.879  -34.420 0.4000000060
4315  31.051  -74.341  -36.166 0.3000000119
4330  30.756  -74.334  -37.369 0.3000000119
3743  26.995  -74.950  -33.687 0.4000000060
3192  27.464  -75.769  -33.860 0.5000000000
4342  30.848  -74.194  -38.227 0.3000000119
4990  31.436  -73.771  -38.872 0.4000000060
5001  30.301  -73.706  -39.506 0.4000000060
10977  22.966  -66.434  -44.106 0.5000000000
5741  29.787  -73.053  -39.866 0.4000000060
5740  30.729  -72.813  -39.813 0.5000000000
9989  23.381  -66.796  -46.351 0.5000000000
174785  16.633  -83.658  -31.310 0.3000000119
9827  13.326  -67.281  -36.936 0.5000000000
2269  25.476  -77.890  -33.698 0.3000000119
2270  24.455  -77.856  -33.748 0.3000000119
9847  14.048  -67.780  -36.989 0.5000000000
11841  13.189  -65.879  -37.516 0.6000000238
5650  30.766  -72.892  -33.418 0.3000000119
4905  31.469  -74.333  -32.372 0.3000000119
5649  31.816  -73.403  -33.524 0.3000000119
3727  31.844  -75.492  -32.451 0.3000000119
3728  31.271  -75.966  -32.261 0.3000000119
179260  27.495  -77.842  -33.094 0.4000000060
161648  26.463  -77.779  -33.930 0.4000000060
10884  17.888  -67.268  -38.686 0.5000000000
12827  11.431  -64.179  -36.669 0.5000000000
3729  30.466  -76.219  -32.898 0.3000000119
3183  29.558  -76.720  -33.113 0.3000000119
2708  28.739  -77.186  -33.399 0.3000000119
2253  28.799  -77.598  -32.440 0.3000000119
10899  19.176  -66.837  -39.098 0.5000000000
4328  32.066  -74.271  -36.972 0.3000000119
4329  31.269  -74.309  -37.570 0.3000000119
11890  20.770  -65.970  -40.913 0.5000000000
4356  31.666  -74.015  -38.223 0.3000000119
10961  21.914  -66.342  -42.626 0.5000000000
4989  32.254  -73.514  -38.693 0.4000000060
10978  22.406  -66.306  -43.353 0.6000000238
5730  32.692  -73.004  -39.113 0.4000000060
5739  31.756  -72.705  -39.751 0.5000000000
9959  22.991  -67.536  -43.967 0.5000000000
7298  32.948  -71.163  -40.205 0.4000000060
6506  31.220  -71.854  -39.997 0.3000000119
6507  29.896  -71.811  -40.096 0.4000000060
9988  23.898  -67.016  -46.169 0.6000000238
8984  35.326  -68.706  -41.249 0.3000000119
8134  34.484  -69.719  -41.465 0.4000000060
8118  31.805  -69.966  -41.151 0.4000000060
6518  29.908  -70.816  -40.472 0.3000000119
9062  24.244  -67.446  -46.619 0.6000000238
9063  23.772  -67.181  -46.920 0.5000000000
9912  35.140  -68.435  -41.733 0.3000000119
8151  34.891  -69.235  -42.180 0.5000000000
155511  34.034  -69.565  -42.369 0.4000000060
7331  31.657  -69.996  -42.565 0.4000000060
9075  24.109  -67.901  -47.168 0.6000000238
9930  34.670  -68.068  -42.025 0.3000000119
9007  34.848  -68.802  -42.664 0.5000000000
8152  34.487  -69.217  -43.056 0.4000000060
8153  32.881  -69.751  -42.793 0.4000000060
9942  34.505  -68.106  -43.428 0.4000000060
9021  34.596  -68.755  -43.369 0.5000000000
8165  33.469  -69.423  -44.307 0.4000000060
8175  33.982  -68.916  -44.551 0.5000000000
11840  13.653  -65.368  -37.040 0.6000000238
12844  13.289  -64.925  -37.608 0.6000000238
5664  29.968  -72.143  -33.925 0.3000000119
5637  30.616  -73.288  -32.819 0.3000000119
4890  31.020  -74.394  -31.920 0.3000000119
3710  31.592  -75.548  -32.029 0.3000000119
12826  13.561  -64.411  -36.971 0.6000000238
13860  12.953  -64.125  -37.266 0.6000000238
5663  30.866  -72.473  -34.138 0.3000000119
3711  30.887  -75.803  -31.508 0.3000000119
185029  30.372  -76.264  -31.240 0.3000000119
12814  11.019  -64.891  -35.698 0.6000000238
5703  31.375  -71.798  -35.802 0.3000000119
3168  30.617  -76.412  -31.833 0.3000000119
2685  29.991  -76.895  -32.058 0.3000000119
12798  10.611  -65.412  -35.118 0.6000000238
158277  32.268  -74.062  -37.456 0.3000000119
13811  10.332  -64.932  -34.220 0.6000000238
12799  10.078  -65.487  -34.652 0.6000000238
12800  9.211  -65.323  -34.741 0.6000000238
13814  7.919  -64.294  -34.599 0.5000000000
7297  33.976  -71.073  -39.825 0.4000000060
8116  33.507  -70.137  -41.003 0.4000000060
10971  34.011  -67.274  -44.275 0.4000000060
9020  34.534  -68.366  -43.803 0.5000000000
6420  29.241  -71.597  -34.367 0.3000000119
6411  29.208  -71.951  -33.672 0.3000000119
173861  29.883  -72.480  -33.269 0.3000000119
5638  29.675  -72.753  -32.729 0.3000000119
4244  30.928  -75.018  -31.516 0.3000000119
4229  30.117  -75.202  -30.790 0.3000000119
3143  29.130  -75.821  -30.261 0.3000000119
12825  13.857  -64.877  -36.394 0.5000000000
6419  30.069  -71.814  -34.689 0.3000000119
5686  31.042  -72.152  -34.947 0.3000000119
14903  12.775  -63.446  -36.076 0.5000000000
184190  12.275  -63.621  -36.026 0.6000000238
6435  30.268  -71.512  -35.492 0.3000000119
2674  29.033  -77.048  -31.157 0.3000000119
13830  11.722  -64.079  -35.724 0.6000000238
6453  30.464  -71.182  -36.220 0.3000000119
13795  10.938  -64.513  -34.032 0.6000000238
6503  34.025  -71.413  -39.303 0.3000000119
6487  33.762  -71.928  -39.118 0.3000000119
14875  9.194  -63.817  -34.370 0.6000000238
14878  6.957  -63.542  -34.081 0.6000000238
14872  12.126  -63.433  -34.413 0.6000000238
14848  11.622  -63.135  -33.513 0.5000000000
15908  10.515  -62.831  -33.795 0.6000000238
166802  9.733  -63.289  -34.179 0.6000000238
14851  8.893  -62.932  -34.174 0.6000000238
14877  7.603  -63.692  -34.138 0.6000000238
15913  7.078  -62.695  -33.186 0.6000000238
14852  8.017  -63.141  -33.795 0.6000000238
15888  6.797  -62.132  -32.929 0.5000000000
14871  13.043  -63.162  -35.222 0.5000000000
15907  12.164  -62.181  -33.142 0.5000000000
171652  9.574  -62.572  -34.094 0.5000000000
15911  8.414  -62.363  -33.504 0.6000000238
19354  5.840  -59.686  -32.310 0.5000000000
20579  6.333  -58.432  -31.321 0.6000000238
19340  6.518  -59.241  -31.649 0.6000000238
19355  5.051  -59.213  -32.788 0.5000000000
20591  5.622  -58.853  -32.063 0.6000000238
20607  4.398  -58.774  -33.168 0.6000000238
160149  11.289  -62.107  -33.324 0.5000000000
16979  8.374  -61.678  -32.872 0.5000000000
18136  8.313  -61.029  -32.309 0.5000000000
15887  7.372  -62.177  -32.739 0.6000000238
19352  8.602  -60.127  -32.579 0.6000000238
18120  7.564  -60.255  -31.775 0.5000000000
18139  6.087  -60.494  -32.556 0.5000000000
19338  8.069  -59.664  -31.629 0.6000000238
21854  6.536  -58.404  -34.961 0.6000000238
20578  7.264  -58.657  -31.180 0.6000000238
21807  4.517  -57.277  -32.089 0.5000000000
15786  6.366  -62.576  -26.543 0.5000000000
16999  11.840  -61.103  -32.949 0.5000000000
17002  9.424  -61.220  -33.697 0.5000000000
18160  8.816  -60.843  -33.065 0.6000000238
18049  5.595  -60.996  -26.274 0.5000000000
20502  4.916  -59.163  -25.961 0.6000000238
16890  6.020  -61.692  -26.345 0.6000000238
15785  7.178  -62.776  -26.546 0.6000000238
177223  5.390  -61.584  -26.534 0.5000000000
14753  7.080  -63.620  -27.588 0.5000000000
14786  7.060  -63.459  -28.913 0.5000000000
23007  2.886  -55.914  -31.950 0.5000000000
21808  3.445  -56.688  -32.416 0.5000000000
21662  8.350  -58.012  -23.817 0.6000000238
21663  7.745  -57.666  -24.028 0.6999999881
20464  7.802  -58.459  -24.208 0.6000000238
21672  7.204  -57.986  -24.421 0.6999999881
22874  6.526  -56.843  -24.482 0.6000000238
184281  5.481  -58.027  -25.209 0.6000000238
20478  6.924  -59.097  -24.920 0.6000000238
164387  6.669  -58.352  -24.759 0.6000000238
19244  8.438  -59.833  -24.608 0.6000000238
19245  7.631  -59.660  -24.838 0.6000000238
19247  6.335  -59.442  -25.401 0.6000000238
20479  6.168  -58.755  -25.145 0.5000000000
21683  5.030  -58.042  -25.484 0.6000000238
18032  8.419  -60.932  -25.371 0.6000000238
18034  6.981  -60.512  -25.574 0.6000000238
19262  5.899  -59.749  -25.717 0.5000000000
20488  5.628  -59.132  -25.609 0.6000000238
16873  7.564  -61.552  -25.923 0.6000000238
16874  6.380  -60.936  -25.957 0.6000000238
15784  7.942  -62.788  -26.610 0.6000000238
15771  7.547  -62.185  -26.264 0.6000000238
14743  7.544  -63.275  -27.080 0.6000000238
14785  7.713  -63.182  -28.586 0.5000000000
16944  6.392  -61.948  -29.493 0.5000000000
18096  6.556  -61.061  -29.218 0.5000000000
158563  5.754  -60.425  -29.356 0.5000000000
166338  4.898  -59.355  -29.402 0.5000000000
24157  7.085  -56.363  -24.074 0.6000000238
154961  6.759  -55.655  -24.100 0.6999999881
15783  8.701  -62.749  -26.664 0.5000000000
14769  8.282  -63.077  -28.219 0.6000000238
16942  7.808  -62.052  -29.018 0.6000000238
16943  7.110  -62.030  -29.250 0.5000000000
18095  7.331  -61.348  -29.050 0.6000000238
19316  6.415  -60.048  -29.022 0.5000000000
20544  6.530  -58.839  -28.504 0.6000000238
20556  5.084  -58.810  -29.047 0.6000000238
24138  11.583  -56.176  -23.013 0.4000000060
175840  7.809  -53.850  -22.692 0.6999999881
29363  7.111  -51.728  -22.040 0.5000000000
28455  6.938  -52.414  -22.555 0.5000000000
21647  11.446  -58.132  -22.921 0.6000000238
22854  10.841  -56.575  -22.728 0.5000000000
27518  6.969  -53.629  -23.264 0.6000000238
26484  6.365  -53.832  -23.877 0.5000000000
165412  12.146  -58.679  -22.949 0.5000000000
26471  8.370  -54.447  -22.609 0.6000000238
163266  7.343  -54.229  -23.253 0.8000000119
169595  8.011  -56.008  -23.425 0.6999999881
25361  7.346  -54.776  -23.521 0.8000000119
26492  6.291  -54.485  -24.145 0.6999999881
18085  7.992  -61.122  -28.804 0.6000000238
19307  7.014  -59.568  -28.629 0.6000000238
30291  7.154  -50.979  -21.767 0.5000000000
160711  10.927  -55.744  -22.834 0.5000000000
28453  8.480  -52.162  -21.911 0.6999999881
28456  6.415  -51.833  -22.426 0.5000000000
182118  12.765  -57.860  -22.869 0.4000000060
160168  11.831  -57.543  -22.824 0.4000000060
20444  12.739  -59.255  -22.963 0.4000000060
17972  12.982  -60.369  -23.529 0.5000000000
16851  12.957  -61.170  -25.384 0.4000000060
30290  7.892  -50.758  -21.837 0.5000000000
30278  6.367  -50.535  -21.641 0.5000000000
25356  11.590  -55.423  -23.277 0.3000000119
26479  11.186  -54.148  -23.433 0.3000000119
29362  7.840  -51.555  -21.895 0.6000000238
17971  13.480  -60.411  -23.507 0.4000000060
160994  13.847  -60.625  -24.474 0.4000000060
18047  12.946  -60.785  -26.284 0.4000000060
31330  8.372  -50.218  -22.195 0.6000000238
30289  8.586  -50.886  -22.106 0.6000000238
19260  13.764  -60.164  -25.945 0.4000000060
31324  7.666  -49.950  -21.893 0.5000000000
30277  7.115  -50.330  -21.608 0.5000000000
25381  12.855  -54.787  -24.616 0.3000000119
153355  12.028  -54.288  -24.212 0.3000000119
174290  11.364  -53.202  -24.623 0.3000000119
152664  10.554  -52.349  -23.978 0.4000000060
19274  14.129  -59.378  -26.241 0.3000000119
168869  13.541  -59.385  -26.437 0.4000000060
20520  13.836  -58.721  -27.176 0.4000000060
153098  10.890  -52.591  -24.933 0.4000000060
152794  8.161  -49.285  -23.290 0.6000000238
152799  6.842  -48.939  -22.696 0.4000000060
153231  10.398  -51.949  -25.264 0.4000000060
153314  13.625  -54.575  -25.378 0.3000000119
174456  12.991  -53.605  -26.037 0.3000000119
153438  7.569  -49.044  -23.015 0.5000000000
152783  9.468  -50.884  -26.009 0.4000000060
153839  9.100  -50.477  -25.738 0.4000000060
32414  7.725  -48.939  -27.276 0.5000000000
182194  8.950  -50.239  -26.684 0.4000000060
152789  8.597  -49.890  -26.662 0.4000000060
32450  11.276  -48.687  -28.553 0.3000000119
33592  10.642  -47.687  -29.093 0.3000000119
32451  10.345  -48.772  -28.308 0.3000000119
182184  9.453  -47.867  -28.468 0.3000000119
34744  10.568  -46.997  -29.197 0.3000000119
38083  10.468  -44.906  -21.745 0.4000000060
33602  11.688  -47.483  -29.878 0.3000000119
2675  28.035  -77.217  -30.938 0.3000000119
6504  33.397  -71.895  -39.682 0.4000000060
31393  9.240  -49.640  -27.511 0.3000000119
169993  6.790  -58.344  -28.233 0.6000000238
40341  9.313  -43.431  -22.368 0.4000000060
180621  11.789  -60.016  -23.544 0.5000000000
159699  9.486  -48.452  -28.240 0.3000000119
7315  30.430  -70.410  -40.760 0.3000000119
8135  33.274  -69.825  -41.742 0.4000000060
15910  9.170  -62.101  -33.846 0.5000000000
2196  16.268  -77.324  -28.329 0.4000000060
168201  15.828  -74.935  -28.336 0.5000000000
2651  12.832  -75.872  -27.701 0.5000000000
1826  18.365  -78.585  -32.346 0.5000000000
6438  25.062  -71.666  -35.763 0.4000000060
2650  15.771  -76.370  -27.337 0.4000000060
1439  18.060  -79.814  -33.194 0.4000000060
1458  19.096  -79.632  -35.039 0.4000000060
4954  26.768  -72.830  -36.341 0.4000000060
6439  24.616  -71.759  -34.939 0.4000000060
6423  24.162  -71.936  -34.527 0.4000000060
3622  13.558  -75.033  -24.765 0.3000000119
1079  16.133  -80.412  -29.327 0.3000000119
1119  17.778  -80.885  -33.734 0.3000000119
1139  18.491  -81.069  -35.526 0.4000000060
1130  18.794  -80.372  -35.622 0.4000000060
4952  28.164  -73.539  -36.216 0.3000000119
4318  28.136  -73.933  -37.111 0.4000000060
568  19.096  -81.813  -35.691 0.4000000060
1153  20.910  -80.381  -37.654 0.4000000060
3206  25.489  -75.622  -34.977 0.5000000000
11932  21.998  -65.616  -43.096 0.5000000000
174562  28.149  -74.574  -38.559 0.4000000060
352  17.387  -82.781  -32.679 0.3000000119
1144  21.380  -80.616  -36.794 0.4000000060
1477  21.786  -80.091  -37.419 0.4000000060
1476  22.539  -79.466  -37.126 0.5000000000
2310  24.622  -77.519  -36.198 0.5000000000
3740  31.321  -75.864  -32.893 0.3000000119
156257  32.001  -74.526  -35.423 0.3000000119
4316  29.898  -74.207  -36.867 0.3000000119
175776  30.525  -74.266  -38.051 0.3000000119
9970  23.433  -66.914  -44.744 0.6000000238
1859  22.832  -78.690  -34.558 0.3000000119
165774  22.657  -79.177  -36.211 0.4000000060
2268  28.100  -77.564  -33.441 0.3000000119
10946  21.524  -66.544  -41.953 0.5000000000
4999  32.022  -73.204  -39.278 0.4000000060
1848  24.749  -77.942  -32.897 0.3000000119
2237  27.665  -77.859  -32.014 0.3000000119
174004  35.119  -69.518  -40.945 0.4000000060
7313  32.469  -70.462  -40.737 0.4000000060
7299  31.792  -71.058  -40.285 0.4000000060
9931  33.732  -67.731  -41.520 0.3000000119
4891  30.005  -73.887  -31.723 0.3000000119
14849  11.055  -63.722  -33.762 0.6000000238
7312  33.702  -70.628  -40.428 0.3000000119
4873  29.623  -74.293  -30.987 0.3000000119
4230  28.980  -74.518  -30.214 0.3000000119
7253  30.418  -70.199  -37.187 0.3000000119
16981  7.166  -61.619  -32.354 0.5000000000
19353  6.736  -60.040  -31.905 0.6000000238
24142  7.691  -56.284  -23.708 0.6999999881
26483  6.857  -54.316  -23.688 0.6999999881
25360  7.766  -55.077  -23.277 0.6999999881
28454  7.696  -52.332  -22.112 0.6000000238
25370  12.205  -55.059  -23.851 0.3000000119
174311  12.770  -54.142  -25.359 0.3000000119
9010  22.556  -68.645  -42.728 0.5000000000
160645  21.830  -67.989  -41.954 0.5000000000
11012  31.435  -65.909  -47.074 0.6000000238
18159  9.094  -60.456  -33.545 0.4000000060
19373  8.987  -59.827  -33.978 0.5000000000
21806  6.175  -57.599  -31.077 0.5000000000
23045  7.482  -57.050  -33.182 0.5000000000
23024  7.704  -57.025  -32.012 0.5000000000
21792  7.158  -57.310  -31.044 0.5000000000
159301  5.244  -56.984  -31.267 0.5000000000
22991  6.045  -56.787  -30.925 0.5000000000
21863  6.300  -57.874  -35.483 0.5000000000
22992  4.860  -55.858  -31.020 0.4000000060
23025  7.360  -56.320  -32.667 0.5000000000
24298  7.372  -56.419  -31.677 0.5000000000
24260  5.894  -56.031  -30.901 0.5000000000
24262  3.034  -55.226  -30.757 0.5000000000
24299  7.022  -55.678  -32.105 0.6000000238
25469  6.113  -55.558  -30.962 0.5000000000
169902  3.876  -54.970  -30.715 0.5000000000
161137  4.596  -58.243  -28.996 0.5000000000
177873  5.903  -54.719  -31.236 0.6000000238
181912  3.150  -56.134  -29.984 0.5000000000
21761  4.359  -57.393  -28.787 0.5000000000
25470  5.051  -54.465  -30.920 0.6000000238
25454  3.421  -54.768  -30.341 0.6000000238
24248  3.186  -55.267  -30.143 0.5000000000
25507  6.752  -54.917  -32.654 0.6000000238
26606  4.914  -53.489  -31.071 0.6000000238
26607  4.254  -53.686  -30.441 0.6000000238
24231  4.290  -55.574  -28.876 0.6000000238
27636  4.442  -52.975  -30.466 0.6000000238
22941  4.672  -56.521  -28.447 0.5000000000
21743  5.251  -57.350  -28.275 0.5000000000
25453  3.836  -54.176  -29.991 0.6000000238
24232  3.610  -55.205  -29.527 0.6000000238
22887  5.355  -56.738  -24.971 0.5000000000
24168  5.687  -56.000  -24.695 0.5000000000
169643  5.980  -56.575  -24.662 0.5000000000
166984  6.069  -57.248  -27.989 0.6000000238
27617  4.630  -53.034  -29.329 0.6000000238
22940  5.458  -56.576  -27.876 0.6000000238
25427  4.690  -54.921  -28.632 0.6000000238
24217  5.068  -55.766  -28.170 0.6000000238
26547  5.836  -54.219  -28.139 0.6000000238
29417  9.867  -51.164  -26.244 0.3000000119
35775  10.357  -46.132  -22.110 0.3000000119
9031  34.301  -68.358  -44.900 0.4000000060
11014  33.906  -67.323  -47.144 0.5000000000
8232  24.665  -69.789  -47.699 0.5000000000
9074  24.613  -68.665  -46.995 0.5000000000
11972  33.267  -66.436  -47.447 0.4000000060
9061  24.900  -68.792  -46.535 0.4000000060
11959  30.557  -65.732  -46.695 0.4000000060
9936  21.762  -67.288  -42.274 0.4000000060
9038  23.493  -67.923  -44.421 0.4000000060
9027  22.568  -68.063  -43.286 0.4000000060
9969  23.851  -67.266  -45.296 0.4000000060
9048  24.229  -67.613  -45.819 0.4000000060
175141  28.311  -65.087  -44.931 0.4000000060
11949  28.371  -65.719  -44.745 0.4000000060
11929  28.751  -66.344  -44.305 0.4000000060
9917  21.291  -67.028  -40.692 0.4000000060
11962  28.635  -65.493  -45.323 0.4000000060
11948  28.861  -65.920  -45.174 0.4000000060
11914  27.487  -66.172  -42.639 0.4000000060
154217  27.006  -66.040  -42.157 0.5000000000
28550  5.511  -52.113  -29.971 0.5000000000
28564  6.660  -52.754  -31.127 0.5000000000
177480  6.289  -52.848  -28.804 0.5000000000
27615  6.657  -52.422  -29.826 0.5000000000
27613  7.871  -53.300  -30.425 0.5000000000
26546  6.556  -53.993  -28.127 0.5000000000
26565  8.189  -54.123  -29.143 0.5000000000
26493  5.885  -54.017  -24.270 0.4000000060
28463  6.220  -52.446  -23.165 0.4000000060
26566  7.535  -53.678  -28.774 0.5000000000
24216  5.885  -55.798  -27.683 0.5000000000
9967  30.697  -67.257  -45.350 0.5000000000
11960  29.668  -65.673  -46.311 0.4000000060
11931  27.664  -65.663  -43.426 0.4000000060
3139  13.375  -75.964  -28.842 0.4000000060
2667  13.315  -76.831  -29.144 0.4000000060
1449  13.587  -79.767  -33.340 0.4000000060
3130  13.859  -75.027  -28.111 0.4000000060
2666  13.680  -76.004  -29.392 0.4000000060
1853  14.255  -78.625  -33.727 0.4000000060
2670  13.824  -76.805  -29.955 0.4000000060
2273  15.266  -77.339  -34.115 0.4000000060
1839  14.529  -78.066  -33.164 0.4000000060
1840  14.152  -78.676  -32.915 0.4000000060
3677  15.591  -74.532  -29.018 0.5000000000
3679  14.373  -74.852  -29.087 0.5000000000
184318  15.647  -74.434  -30.263 0.4000000060
3150  14.414  -75.369  -30.180 0.4000000060
2259  14.712  -77.688  -32.746 0.4000000060
3137  16.794  -75.745  -29.230 0.5000000000
3149  17.486  -75.788  -30.428 0.5000000000
179252  16.650  -74.679  -30.242 0.5000000000
3165  14.762  -75.600  -30.951 0.4000000060
3166  14.281  -76.246  -30.502 0.4000000060
176960  17.222  -74.741  -31.395 0.4000000060
156869  16.113  -74.392  -30.566 0.4000000060
3195  17.617  -75.130  -33.814 0.4000000060
3196  16.896  -75.149  -33.572 0.4000000060
2702  15.771  -75.858  -33.042 0.4000000060
2703  14.963  -77.111  -32.622 0.4000000060
2693  14.531  -77.450  -31.558 0.4000000060
3197  16.274  -75.868  -33.860 0.4000000060
180860  15.307  -76.673  -33.001 0.4000000060
3173  18.060  -75.197  -32.174 0.5000000000
4238  16.625  -74.610  -31.725 0.4000000060
3720  15.459  -74.988  -31.391 0.4000000060
3176  15.093  -75.978  -31.757 0.4000000060
3185  18.446  -75.373  -32.847 0.5000000000
3730  17.440  -74.893  -33.127 0.4000000060
3732  16.140  -75.045  -32.680 0.4000000060
3175  15.615  -75.440  -32.258 0.4000000060
2726  20.943  -76.385  -35.729 0.3000000119
3220  20.695  -75.946  -36.203 0.3000000119
2313  21.050  -77.109  -36.353 0.4000000060
2716  19.979  -76.545  -34.330 0.3000000119
2314  20.636  -78.090  -36.316 0.4000000060
2302  20.793  -77.210  -35.473 0.4000000060
3784  21.812  -75.043  -39.233 0.3000000119
2755  21.319  -76.420  -39.189 0.4000000060
2747  21.022  -76.293  -37.610 0.4000000060
2326  21.102  -77.162  -37.561 0.4000000060
3263  21.888  -76.215  -39.519 0.4000000060
2334  21.390  -77.229  -39.033 0.4000000060
1898  20.880  -78.760  -38.743 0.4000000060
1494  20.614  -79.445  -38.538 0.3000000119
3194  18.917  -75.362  -34.075 0.3000000119
1871  19.925  -79.039  -36.351 0.3000000119
157590  20.303  -78.176  -35.417 0.4000000060
181652  22.490  -75.118  -38.970 0.4000000060
1890  20.399  -79.164  -38.419 0.3000000119
184026  22.299  -77.321  -39.135 0.4000000060
2331  23.226  -77.602  -38.336 0.4000000060
1896  22.262  -78.845  -38.528 0.4000000060
3193  19.386  -76.077  -33.820 0.4000000060
2286  20.336  -77.340  -34.753 0.4000000060
4334  21.882  -73.884  -38.084 0.4000000060
1487  20.068  -79.744  -37.959 0.3000000119
3769  23.331  -74.727  -37.063 0.4000000060
166603  22.641  -74.222  -37.606 0.4000000060
3768  24.015  -75.261  -36.626 0.4000000060
3777  23.748  -75.481  -37.580 0.4000000060
3256  23.378  -76.330  -38.715 0.4000000060
2701  18.721  -76.264  -32.703 0.4000000060
2700  19.105  -76.603  -33.182 0.4000000060
1872  19.766  -79.007  -35.263 0.3000000119
2272  19.270  -78.053  -33.626 0.4000000060
1468  19.222  -79.892  -36.159 0.3000000119
4320  22.939  -73.987  -36.573 0.4000000060
4943  22.921  -73.093  -35.089 0.4000000060
4306  23.945  -74.079  -35.165 0.4000000060
3232  24.690  -75.935  -36.402 0.4000000060
2753  23.636  -76.974  -38.231 0.4000000060
2682  17.845  -76.230  -30.924 0.4000000060
1851  18.973  -78.802  -33.699 0.3000000119
2213  17.585  -77.420  -30.271 0.4000000060
3163  18.046  -75.690  -31.538 0.4000000060
2228  18.226  -77.370  -31.461 0.4000000060
2245  18.508  -77.016  -32.090 0.4000000060
2258  18.644  -77.798  -32.505 0.4000000060
11888  26.333  -66.141  -41.146 0.4000000060
3245  23.479  -75.734  -38.302 0.4000000060
175  15.928  -83.974  -30.138 0.3000000119
325  15.367  -83.849  -29.974 0.3000000119
339  16.159  -83.620  -31.311 0.3000000119
347  16.955  -83.095  -32.227 0.3000000119
348  16.532  -83.357  -31.759 0.3000000119
524  16.230  -83.170  -31.680 0.3000000119
544  17.213  -82.471  -33.096 0.3000000119
553  18.070  -82.226  -34.024 0.3000000119
554  17.464  -82.148  -33.710 0.3000000119
563  18.299  -82.087  -34.845 0.3000000119
569  18.583  -81.888  -35.386 0.3000000119
769  16.264  -81.013  -29.974 0.3000000119
784  16.758  -81.306  -31.298 0.3000000119
793  17.145  -80.981  -31.910 0.3000000119
831  20.755  -81.314  -35.756 0.4000000060
833  19.339  -81.251  -36.333 0.4000000060
834  18.679  -81.496  -35.812 0.4000000060
1087  16.671  -80.142  -29.835 0.3000000119
1111  17.321  -81.211  -33.156 0.3000000119
1120  17.303  -81.713  -33.819 0.3000000119
1121  13.532  -80.060  -33.996 0.4000000060
1129  21.173  -81.062  -35.066 0.3000000119
1138  18.881  -80.825  -36.298 0.4000000060
1146  19.769  -80.897  -37.074 0.4000000060
1154  20.194  -80.397  -37.620 0.4000000060
1429  17.577  -80.181  -31.946 0.3000000119
1446  18.782  -79.452  -34.213 0.4000000060
1447  18.240  -80.087  -34.041 0.4000000060
1448  13.894  -79.406  -33.932 0.4000000060
1466  22.528  -79.373  -35.341 0.3000000119
1467  22.178  -80.031  -36.268 0.4000000060
1478  19.583  -79.751  -37.171 0.3000000119
1479  19.272  -80.362  -36.834 0.4000000060
1485  21.150  -79.830  -38.245 0.4000000060
1486  20.522  -79.986  -38.183 0.4000000060
1493  21.294  -79.200  -38.766 0.3000000119
1789  17.407  -78.616  -30.198 0.4000000060
1804  17.010  -79.270  -29.833 0.3000000119
1827  14.069  -78.725  -32.204 0.4000000060
1835  25.130  -77.982  -32.266 0.3000000119
1838  18.769  -78.471  -33.050 0.5000000000
1847  25.525  -77.953  -32.779 0.3000000119
1860  19.975  -78.201  -34.722 0.4000000060
1861  19.437  -78.726  -34.318 0.3000000119
1879  23.164  -78.618  -36.742 0.5000000000
1880  20.820  -77.946  -37.164 0.4000000060
1881  20.151  -78.962  -37.607 0.3000000119
1888  22.924  -79.005  -37.760 0.5000000000
1889  20.648  -78.449  -38.299 0.3000000119
1897  21.537  -78.426  -38.893 0.4000000060
2186  15.869  -77.259  -27.697 0.3000000119
2204  16.965  -77.781  -29.332 0.3000000119
2222  28.291  -77.571  -31.565 0.3000000119
2229  17.908  -77.207  -30.852 0.4000000060
2236  28.430  -77.699  -32.091 0.3000000119
2246  14.680  -77.625  -32.219 0.4000000060
2254  28.071  -77.808  -32.634 0.3000000119
2257  19.048  -77.529  -33.081 0.4000000060
2260  14.430  -78.170  -32.513 0.4000000060
2267  28.654  -77.510  -32.934 0.3000000119
2274  14.955  -77.328  -33.314 0.4000000060
2281  27.346  -77.589  -33.957 0.4000000060
2285  24.260  -77.800  -34.643 0.3000000119
2287  19.796  -77.658  -34.159 0.4000000060
2298  26.151  -77.315  -35.449 0.5000000000
2299  25.553  -77.382  -35.760 0.5000000000
2300  25.034  -77.645  -35.351 0.4000000060
2301  24.204  -77.758  -35.483 0.4000000060
2312  23.353  -78.323  -37.399 0.5000000000
2332  22.445  -77.894  -38.765 0.4000000060
2333  21.719  -77.478  -39.120 0.4000000060
2629  14.946  -76.872  -25.812 0.3000000119
2642  15.443  -76.287  -26.688 0.4000000060
2643  15.093  -76.180  -26.137 0.3000000119
2657  16.120  -76.448  -28.034 0.4000000060
2658  12.992  -76.337  -28.445 0.4000000060
2659  12.632  -76.802  -27.986 0.5000000000
2664  17.324  -77.180  -29.797 0.4000000060
2669  17.589  -76.707  -30.328 0.4000000060
2673  29.923  -76.757  -31.484 0.3000000119
2681  18.201  -76.587  -31.465 0.4000000060
2686  29.202  -77.349  -31.908 0.3000000119
2691  18.382  -75.982  -32.115 0.4000000060
2692  14.884  -76.891  -31.994 0.4000000060
2699  29.390  -77.193  -32.630 0.3000000119
2709  19.466  -77.060  -33.655 0.4000000060
2713  28.035  -77.235  -34.116 0.4000000060
2714  26.926  -76.980  -34.835 0.4000000060
2715  20.547  -76.512  -35.025 0.3000000119
2738  21.064  -76.291  -36.629 0.3000000119
2754  22.888  -77.038  -38.914 0.4000000060
2760  22.659  -76.286  -39.299 0.4000000060
2761  22.134  -76.835  -39.340 0.4000000060
2762  21.577  -76.720  -39.451 0.4000000060
3099  14.481  -75.325  -25.444 0.4000000060
3123  15.563  -75.492  -27.031 0.4000000060
3128  16.334  -75.579  -28.450 0.4000000060
3131  13.325  -75.505  -28.269 0.4000000060
3138  13.834  -75.257  -28.817 0.4000000060
3151  14.110  -75.303  -29.517 0.4000000060
3154  29.677  -76.360  -30.758 0.3000000119
3164  17.638  -75.356  -31.077 0.4000000060
3174  17.699  -75.081  -31.678 0.5000000000
3182  30.351  -76.605  -32.431 0.3000000119
3184  18.928  -75.712  -33.354 0.5000000000
3186  16.320  -75.261  -33.257 0.4000000060
3187  15.312  -76.367  -32.440 0.4000000060
3205  26.102  -75.901  -34.703 0.5000000000
3207  20.084  -76.013  -34.880 0.3000000119
3208  19.487  -75.700  -34.548 0.3000000119
3217  26.484  -76.616  -35.080 0.5000000000
3218  25.892  -76.460  -35.545 0.4000000060
3219  25.111  -75.761  -35.602 0.5000000000
3221  20.402  -75.980  -35.455 0.3000000119
3233  24.276  -76.083  -37.195 0.4000000060
3244  23.884  -76.260  -37.994 0.4000000060
3257  21.203  -75.721  -39.289 0.4000000060
3264  21.495  -76.150  -39.508 0.4000000060
3623  12.903  -74.987  -24.502 0.3000000119
3640  14.486  -75.029  -26.086 0.4000000060
3654  14.397  -74.812  -26.799 0.4000000060
3655  13.887  -74.894  -26.296 0.5000000000
3661  14.867  -74.874  -27.271 0.5000000000
3676  16.293  -74.891  -29.019 0.5000000000
3678  14.926  -74.606  -29.036 0.5000000000
3683  28.621  -75.055  -30.015 0.3000000119
3689  16.050  -74.436  -29.764 0.5000000000
3690  15.295  -74.428  -29.696 0.4000000060
3691  14.664  -74.794  -29.662 0.5000000000
3696  30.127  -75.849  -30.790 0.3000000119
3697  29.526  -75.382  -30.301 0.3000000119
3703  16.632  -74.550  -30.989 0.4000000060
3704  16.092  -74.510  -31.257 0.4000000060
3705  15.087  -74.740  -30.454 0.4000000060
3717  17.916  -74.945  -32.754 0.4000000060
3718  17.312  -74.725  -32.276 0.5000000000
3719  16.069  -74.754  -31.982 0.4000000060
3731  16.752  -74.891  -32.903 0.4000000060
3741  29.498  -76.257  -33.539 0.4000000060
3744  25.823  -74.233  -34.060 0.5000000000
3745  18.067  -74.996  -33.376 0.4000000060
3753  26.499  -75.401  -34.005 0.5000000000
3756  18.272  -75.225  -34.025 0.4000000060
3783  22.953  -75.662  -38.882 0.4000000060
3797  22.233  -75.637  -39.371 0.4000000060
3798  21.590  -75.648  -39.473 0.3000000119
4243  31.756  -75.204  -32.129 0.3000000119
4270  31.899  -75.495  -33.019 0.3000000119
4274  26.553  -74.407  -33.774 0.5000000000
4289  28.026  -74.109  -33.931 0.4000000060
4305  24.561  -74.334  -34.787 0.5000000000
4307  23.262  -73.722  -35.591 0.4000000060
4317  28.849  -74.065  -36.972 0.4000000060
4319  23.607  -74.476  -36.043 0.4000000060
4327  32.923  -73.964  -36.528 0.3000000119
4331  29.199  -74.389  -37.776 0.3000000119
4332  28.522  -74.394  -37.832 0.4000000060
4343  29.979  -74.299  -38.520 0.4000000060
4345  27.295  -74.192  -38.299 0.3000000119
4357  30.932  -74.099  -38.625 0.4000000060
4358  29.395  -74.346  -38.946 0.3000000119
4361  26.979  -74.571  -39.542 0.3000000119
4369  29.196  -74.277  -39.344 0.4000000060
4373  25.248  -74.521  -40.531 0.4000000060
4379  27.881  -74.199  -40.104 0.3000000119
4380  27.253  -74.437  -40.202 0.4000000060
4906  30.314  -73.542  -32.296 0.3000000119
4907  29.279  -73.046  -32.207 0.3000000119
4918  26.328  -73.914  -34.006 0.5000000000
4924  32.798  -73.936  -33.708 0.3000000119
4928  26.650  -73.541  -34.287 0.4000000060
4929  25.944  -73.500  -34.204 0.4000000060
4931  24.048  -72.821  -34.448 0.4000000060
4940  27.178  -73.241  -34.864 0.4000000060
4942  23.648  -73.323  -34.826 0.5000000000
4953  27.426  -73.454  -36.855 0.3000000119
4970  26.678  -73.062  -37.239 0.3000000119
4982  26.113  -73.206  -38.414 0.3000000119
4991  30.640  -73.990  -39.038 0.4000000060
5000  31.169  -73.412  -39.403 0.4000000060
5003  28.619  -74.153  -39.804 0.3000000119
5004  25.596  -74.014  -39.893 0.3000000119
5012  28.151  -73.683  -40.443 0.4000000060
5014  26.831  -74.298  -40.970 0.4000000060
5023  26.560  -73.966  -41.664 0.3000000119
5024  25.826  -74.238  -41.892 0.4000000060
5666  25.454  -72.806  -34.417 0.4000000060
5668  23.737  -72.236  -34.499 0.4000000060
5687  25.938  -72.505  -35.023 0.4000000060
5705  25.631  -72.023  -36.356 0.3000000119
5716  26.144  -72.479  -36.822 0.4000000060
5717  25.545  -72.095  -37.179 0.3000000119
5723  24.701  -71.678  -37.940 0.3000000119
5729  33.263  -72.499  -39.183 0.4000000060
5731  24.773  -72.266  -39.119 0.3000000119
5738  32.663  -72.613  -39.587 0.4000000060
5754  28.230  -72.688  -40.640 0.4000000060
5769  26.906  -73.142  -42.011 0.3000000119
5781  27.251  -72.354  -42.375 0.3000000119
5812  25.926  -71.792  -45.883 0.4000000060
5828  25.941  -71.785  -47.454 0.5000000000
6424  23.441  -71.624  -34.570 0.4000000060
6463  24.631  -71.486  -37.201 0.3000000119
6488  24.453  -71.754  -38.682 0.3000000119
6505  32.329  -71.887  -39.933 0.5000000000
6519  28.320  -71.853  -40.845 0.4000000060
6530  27.780  -71.740  -42.967 0.3000000119
6538  28.894  -71.302  -43.977 0.3000000119
6539  28.212  -71.508  -43.752 0.3000000119
6547  28.323  -71.413  -44.817 0.4000000060
6548  27.873  -71.561  -44.241 0.3000000119
6557  28.736  -71.222  -45.610 0.5000000000
6570  27.418  -71.308  -47.416 0.5000000000
6572  26.154  -71.505  -47.792 0.4000000060
6575  27.916  -71.084  -47.837 0.6000000238
6576  27.370  -71.107  -47.980 0.6999999881
6577  26.684  -71.148  -47.995 0.6999999881
6578  26.005  -71.278  -47.966 0.6000000238
7234  30.622  -70.805  -36.766 0.3000000119
7300  30.709  -70.912  -40.252 0.3000000119
7311  34.478  -70.474  -39.936 0.3000000119
7314  31.307  -70.392  -40.675 0.4000000060
7323  30.963  -70.059  -41.249 0.3000000119
7324  30.193  -70.369  -41.566 0.4000000060
7325  29.465  -70.678  -41.857 0.5000000000
7334  29.475  -70.883  -42.926 0.4000000060
7340  29.824  -70.892  -43.673 0.4000000060
7341  29.215  -71.132  -43.599 0.3000000119
7347  30.922  -70.525  -44.522 0.3000000119
7348  29.785  -70.936  -44.744 0.5000000000
7356  30.680  -70.390  -46.064 0.4000000060
7365  29.986  -70.586  -46.407 0.4000000060
7369  30.102  -69.899  -48.182 0.6000000238
7373  28.051  -70.662  -48.178 0.6999999881
7375  26.481  -70.756  -48.138 0.6000000238
8103  25.055  -68.838  -39.983 0.6999999881
8105  24.016  -69.197  -40.249 0.6999999881
8106  23.285  -69.149  -40.417 0.8000000119
8114  35.224  -69.372  -40.365 0.4000000060
8115  34.634  -70.045  -40.535 0.4000000060
8117  32.615  -69.960  -41.223 0.4000000060
8119  25.958  -69.273  -41.057 0.8000000119
8120  24.450  -69.417  -40.749 0.8000000119
8123  22.334  -68.875  -41.357 0.6000000238
8133  35.263  -69.240  -41.467 0.3000000119
8136  32.252  -69.835  -41.804 0.4000000060
8138  26.939  -69.395  -41.983 0.6999999881
8142  23.762  -69.584  -41.633 0.6000000238
8155  26.942  -69.661  -42.881 0.8000000119
8157  25.800  -69.739  -42.315 0.8000000119
8159  23.800  -69.602  -42.509 0.6000000238
8164  34.238  -69.067  -43.818 0.5000000000
8168  25.650  -69.748  -43.655 0.6999999881
8171  23.477  -69.240  -43.227 0.6000000238
8176  33.300  -69.270  -45.085 0.5000000000
8180  27.478  -69.550  -44.797 0.8000000119
8181  26.673  -69.620  -44.687 0.6999999881
8183  24.842  -69.005  -45.176 0.6000000238
8192  31.978  -69.901  -45.453 0.5000000000
8195  28.465  -69.168  -45.839 0.8000000119
8206  32.457  -68.860  -47.235 0.6000000238
8207  32.119  -69.458  -46.519 0.6000000238
8216  30.707  -69.443  -48.243 0.6999999881
8218  28.836  -69.516  -48.235 0.6999999881
8220  27.120  -69.674  -47.852 0.6999999881
8221  25.798  -69.505  -47.488 0.6000000238
8222  25.003  -69.300  -47.304 0.5000000000
8223  24.347  -68.892  -47.414 0.5000000000
8228  28.441  -70.043  -48.416 0.6999999881
8230  26.870  -70.194  -48.146 0.6999999881
8961  23.817  -68.387  -38.474 0.6999999881
8962  23.372  -68.537  -38.682 0.8000000119
8969  23.780  -68.672  -39.087 0.6999999881
8976  25.991  -68.485  -40.391 0.6000000238
8977  25.628  -68.440  -39.998 0.5000000000
8986  26.861  -68.499  -41.044 0.6000000238
8990  22.082  -68.546  -40.794 0.6000000238
8995  35.182  -68.786  -41.940 0.3000000119
8998  26.673  -69.117  -41.304 0.6999999881
9000  22.161  -68.560  -42.029 0.6000000238
9011  22.147  -67.917  -42.678 0.4000000060
9022  29.673  -68.350  -43.901 0.6000000238
9023  29.244  -68.424  -43.289 0.6999999881
9024  28.754  -68.862  -43.300 0.6999999881
9025  23.664  -68.850  -43.998 0.6000000238
9034  29.577  -68.679  -44.682 0.8000000119
9037  23.971  -68.238  -44.884 0.6000000238
9044  33.217  -69.008  -45.904 0.5000000000
9047  24.543  -68.313  -46.117 0.4000000060
9056  33.568  -67.978  -47.118 0.6000000238
9057  33.080  -68.631  -46.807 0.6000000238
9059  30.704  -68.632  -47.317 0.6999999881
9072  30.748  -69.028  -48.338 0.6999999881
9799  17.144  -68.063  -34.432 0.8000000119
9801  15.507  -67.527  -34.744 0.6999999881
9810  16.611  -68.185  -35.142 0.6999999881
9812  14.879  -67.530  -35.556 0.6000000238
9824  15.940  -68.114  -35.820 0.6999999881
9825  14.608  -67.747  -36.429 0.6000000238
9826  13.867  -67.498  -36.652 0.6000000238
9843  17.575  -67.946  -37.002 0.6999999881
9845  15.602  -67.976  -37.288 0.6000000238
9848  13.438  -67.716  -37.202 0.5000000000
9858  24.390  -67.717  -37.666 0.5000000000
9859  23.761  -68.009  -37.765 0.6000000238
9862  17.542  -67.582  -37.932 0.6999999881
9877  25.246  -67.870  -39.093 0.5000000000
9879  22.853  -68.308  -38.678 0.8000000119
9880  22.253  -67.813  -38.802 0.6999999881
9897  25.655  -67.798  -39.703 0.5000000000
9898  21.892  -67.747  -39.573 0.6999999881
9916  26.381  -68.208  -40.561 0.6000000238
9929  34.948  -68.428  -42.468 0.5000000000
9933  27.969  -68.290  -41.697 0.6000000238
9937  21.480  -67.409  -41.439 0.5000000000
9946  29.028  -67.982  -42.851 0.6999999881
9947  28.547  -68.219  -42.194 0.6999999881
9948  22.136  -67.045  -42.884 0.6000000238
9960  22.507  -67.250  -43.418 0.6000000238
9966  34.333  -68.023  -44.660 0.5000000000
9975  34.302  -67.735  -45.430 0.4000000060
9977  23.569  -66.704  -45.533 0.6000000238
9978  23.009  -66.583  -45.610 0.5000000000
9995  33.316  -67.623  -47.673 0.6000000238
9996  32.745  -67.953  -47.723 0.6000000238
9997  32.081  -68.345  -47.832 0.6000000238
10783  19.417  -66.520  -33.908 0.8999999762
10803  19.328  -67.060  -34.425 0.8999999762
10807  15.997  -67.199  -34.144 0.6999999881
10821  23.383  -66.429  -35.440 0.5000000000
10825  19.128  -67.552  -35.162 0.8000000119
10844  22.228  -66.709  -36.306 0.6999999881
10847  18.867  -67.744  -35.931 0.6999999881
10864  23.705  -67.399  -36.651 0.5000000000
10865  22.256  -67.061  -36.961 0.6999999881
10867  19.349  -66.992  -37.533 0.8000000119
10868  18.936  -67.496  -36.832 0.8000000119
10882  19.449  -66.807  -38.409 0.6999999881
10918  21.480  -67.056  -39.424 0.6999999881
10919  21.012  -66.685  -39.684 0.8000000119
10932  26.480  -66.957  -40.981 0.6000000238
10933  20.959  -66.524  -40.436 0.6999999881
10944  27.900  -67.523  -41.862 0.6000000238
10947  21.153  -66.239  -41.286 0.5000000000
10960  27.840  -66.796  -42.422 0.6000000238
10962  21.443  -65.638  -42.180 0.5000000000
10974  29.431  -66.626  -44.607 0.4000000060
10975  29.322  -67.067  -43.746 0.6000000238
10976  28.671  -66.763  -43.424 0.4000000060
10991  23.193  -66.413  -44.889 0.5000000000
11002  31.053  -66.697  -46.362 0.5000000000
11003  30.438  -66.459  -45.808 0.5000000000
11004  22.742  -66.266  -45.079 0.5000000000
11011  32.452  -67.465  -47.549 0.6999999881
11015  33.525  -67.033  -47.520 0.4000000060
11768  19.874  -65.852  -33.696 0.6999999881
11771  15.328  -65.711  -33.829 0.6999999881
11787  18.528  -66.492  -33.693 0.8999999762
11789  16.409  -66.791  -33.947 0.6999999881
11791  14.910  -66.261  -34.243 0.6000000238
11797  22.674  -66.045  -35.164 0.5000000000
11798  21.661  -65.797  -35.285 0.6000000238
11801  14.379  -66.332  -35.029 0.6000000238
11816  21.282  -65.967  -35.981 0.8000000119
11818  13.859  -65.943  -36.317 0.6000000238
11819  13.460  -66.444  -36.853 0.5000000000
11839  20.633  -66.176  -36.854 0.8000000119
11852  20.753  -66.444  -38.736 0.6999999881
11869  19.890  -66.595  -39.448 0.6000000238
11930  28.203  -66.043  -43.901 0.4000000060
11947  29.487  -66.085  -45.590 0.4000000060
11950  22.459  -65.881  -43.800 0.5000000000
11961  29.058  -65.581  -45.768 0.4000000060
11971  33.923  -66.622  -47.020 0.4000000060
12773  22.127  -64.728  -33.787 0.6000000238
12778  16.374  -65.107  -33.980 0.6999999881
12789  23.621  -64.364  -35.203 0.6000000238
12790  21.679  -65.199  -34.101 0.6000000238
12791  20.783  -65.303  -33.839 0.6000000238
12793  17.261  -65.621  -34.287 0.8000000119
12796  14.245  -64.823  -35.138 0.6000000238
12797  11.128  -64.808  -34.899 0.6000000238
12801  8.332  -65.011  -34.935 0.6000000238
12828  10.744  -64.919  -36.367 0.5000000000
12926  27.817  -64.729  -44.386 0.4000000060
13780  20.267  -63.760  -32.896 0.6000000238
13787  22.495  -64.114  -33.792 0.6000000238
13792  16.252  -64.365  -33.907 0.6000000238
13794  15.051  -64.350  -33.965 0.6000000238
13805  23.029  -64.007  -34.328 0.6000000238
13806  18.800  -64.277  -33.887 0.6000000238
13807  18.151  -64.809  -34.469 0.6999999881
13810  11.627  -64.122  -34.653 0.6000000238
13812  9.616  -64.772  -34.340 0.6000000238
13813  8.752  -64.443  -34.589 0.6000000238
13825  17.281  -64.468  -35.711 0.6999999881
13828  13.356  -63.476  -35.968 0.6999999881
13829  12.279  -63.554  -35.438 0.5000000000
13844  17.567  -64.171  -36.258 0.6000000238
13847  13.154  -63.738  -36.612 0.6000000238
13848  12.321  -63.701  -36.617 0.6000000238
14741  9.042  -62.893  -27.223 0.6999999881
14742  8.314  -63.089  -27.188 0.6000000238
14744  6.748  -63.333  -26.967 0.5000000000
14751  8.630  -63.066  -27.701 0.6999999881
14752  7.875  -63.379  -27.739 0.6000000238
14770  7.287  -63.592  -28.249 0.5000000000
14834  20.239  -63.118  -32.941 0.6000000238
14845  21.444  -63.405  -33.061 0.6000000238
14846  16.468  -63.759  -34.140 0.6999999881
14847  16.053  -63.555  -33.660 0.6000000238
14850  10.516  -63.813  -33.873 0.6000000238
14853  7.333  -63.175  -33.610 0.6000000238
14854  6.837  -63.070  -33.651 0.6000000238
14869  14.447  -63.596  -34.491 0.6000000238
14870  13.685  -63.207  -35.149 0.6000000238
14873  11.438  -63.860  -33.961 0.6000000238
14874  10.055  -64.246  -34.063 0.6000000238
14876  8.393  -63.727  -34.286 0.6000000238
14889  18.145  -63.962  -35.889 0.6000000238
14890  16.865  -64.051  -35.913 0.6999999881
14902  16.808  -63.713  -36.490 0.6999999881
14912  17.191  -63.859  -37.463 0.5000000000
14913  16.822  -63.517  -37.237 0.5000000000
15767  10.673  -62.284  -26.418 0.8000000119
15770  8.249  -62.093  -26.136 0.5000000000
15781  10.438  -62.396  -26.916 0.8000000119
15782  9.804  -62.597  -27.228 0.6999999881
15787  5.595  -62.251  -26.678 0.5000000000
15800  9.267  -62.753  -27.742 0.6999999881
15822  8.708  -62.547  -28.463 0.6999999881
15823  8.133  -62.667  -28.745 0.6000000238
15838  7.511  -62.769  -29.044 0.5000000000
15839  6.867  -62.783  -29.367 0.5000000000
15886  7.889  -62.136  -32.882 0.6000000238
15898  21.753  -62.596  -33.396 0.6000000238
15899  20.971  -62.762  -32.990 0.6000000238
15901  19.682  -62.887  -33.281 0.5000000000
15902  16.442  -62.366  -33.774 0.5000000000
15903  15.415  -61.799  -33.229 0.6000000238
15904  14.700  -61.686  -33.164 0.6000000238
15912  7.639  -62.644  -33.254 0.6000000238
15921  22.804  -62.672  -34.572 0.6000000238
15922  22.229  -62.173  -34.028 0.5000000000
16855  9.992  -61.436  -25.237 0.8000000119
16856  9.176  -61.124  -25.310 0.6999999881
16867  12.728  -61.283  -25.795 0.6000000238
16868  12.082  -61.646  -25.858 0.6999999881
16869  11.291  -62.060  -25.989 0.6999999881
16872  8.774  -61.620  -25.734 0.6999999881
16887  12.363  -61.344  -26.412 0.6999999881
16889  6.861  -61.825  -26.183 0.6000000238
16906  12.056  -61.261  -27.031 0.6999999881
16907  11.553  -61.656  -27.196 0.6999999881
16908  11.021  -61.721  -27.616 0.8000000119
16926  10.372  -61.827  -28.037 0.8000000119
16927  9.717  -61.937  -28.328 0.8000000119
16928  9.079  -61.978  -28.578 0.6999999881
16978  12.553  -60.664  -32.720 0.6000000238
16980  7.802  -61.646  -32.423 0.6000000238
16991  21.673  -61.842  -33.711 0.5000000000
16994  19.759  -62.085  -33.729 0.5000000000
16995  16.406  -61.631  -33.759 0.6000000238
16996  15.728  -61.230  -33.294 0.5000000000
16998  12.703  -61.445  -32.788 0.6000000238
17003  8.930  -61.481  -33.464 0.5000000000
17004  6.118  -62.030  -33.434 0.5000000000
17019  19.928  -61.484  -34.098 0.6000000238
17035  19.305  -61.779  -35.315 0.5000000000
17036  16.704  -61.822  -35.289 0.6999999881
17989  13.851  -60.490  -23.885 0.4000000060
17990  13.236  -60.731  -24.069 0.5000000000
17991  12.402  -60.633  -23.891 0.5000000000
18010  13.230  -60.942  -24.925 0.4000000060
18012  11.208  -61.156  -24.629 0.6999999881
18014  9.562  -60.672  -24.818 0.8000000119
18016  8.049  -60.342  -25.039 0.6000000238
18017  7.449  -60.242  -25.241 0.6000000238
18030  13.940  -60.510  -25.191 0.4000000060
18031  13.278  -60.855  -25.623 0.4000000060
18033  7.654  -60.853  -25.521 0.6000000238
18035  5.791  -60.317  -25.969 0.5000000000
18050  5.144  -60.386  -26.302 0.5000000000
18065  12.175  -60.520  -27.086 0.6999999881
18086  7.194  -60.499  -28.906 0.6000000238
18119  8.178  -60.347  -31.924 0.6000000238
18133  13.669  -60.141  -32.930 0.5000000000
18137  7.709  -61.002  -32.054 0.5000000000
18138  6.951  -60.856  -32.137 0.5000000000
18140  5.267  -60.022  -33.066 0.5000000000
18151  20.409  -60.988  -34.200 0.5000000000
18153  15.666  -60.514  -33.584 0.6999999881
18155  14.436  -60.210  -33.020 0.5000000000
18157  10.364  -60.164  -33.594 0.6000000238
18158  9.634  -60.375  -33.713 0.4000000060
18177  20.964  -60.624  -34.417 0.5000000000
18178  15.943  -60.353  -34.080 0.6999999881
18194  16.278  -60.572  -34.630 0.6000000238
18196  15.212  -60.105  -36.093 0.5000000000
18219  15.806  -60.607  -36.480 0.5000000000
18224  11.606  -60.570  -36.961 0.6000000238
18244  16.135  -61.143  -36.978 0.6000000238
18250  11.017  -61.045  -37.858 0.6000000238
18252  8.643  -60.531  -38.590 0.6000000238
18271  14.090  -60.791  -38.545 0.6000000238
18290  11.783  -60.749  -39.485 0.6000000238
18292  9.757  -60.664  -39.298 0.5000000000
18293  9.017  -60.552  -39.162 0.6000000238
18307  15.655  -60.589  -40.222 0.5000000000
18309  13.989  -60.429  -39.761 0.5000000000
19207  13.922  -60.120  -23.348 0.4000000060
19208  13.307  -59.877  -23.131 0.4000000060
19209  12.517  -59.955  -23.301 0.4000000060
19210  10.833  -59.294  -23.436 0.6999999881
19211  10.138  -59.048  -23.554 0.8000000119
19231  9.618  -59.533  -23.966 0.8000000119
19246  6.953  -59.846  -25.271 0.6000000238
19261  6.396  -60.127  -25.653 0.6000000238
19263  5.346  -59.749  -25.975 0.5000000000
19275  13.143  -59.825  -26.538 0.4000000060
19292  10.923  -60.123  -27.704 0.6999999881
19294  8.987  -59.609  -28.117 0.6999999881
19304  10.187  -60.297  -28.085 0.8000000119
19305  9.457  -60.387  -28.297 0.6999999881
19306  7.784  -60.072  -28.575 0.6999999881
19308  6.280  -59.351  -28.810 0.5000000000
19317  5.598  -59.547  -29.137 0.6000000238
19318  5.044  -59.998  -29.556 0.5000000000
19337  8.384  -59.709  -32.014 0.6000000238
19339  7.411  -59.491  -31.461 0.6000000238
19350  13.120  -59.710  -33.534 0.5000000000
19351  12.382  -59.772  -33.362 0.6000000238
19366  15.494  -60.068  -33.921 0.6999999881
19367  14.881  -59.955  -33.609 0.6000000238
19369  12.359  -59.448  -34.005 0.6000000238
19371  10.682  -59.639  -33.956 0.6000000238
19392  14.395  -59.660  -34.288 0.6999999881
19396  9.032  -59.638  -34.584 0.6999999881
19418  15.255  -59.867  -35.226 0.5000000000
19420  13.247  -59.579  -35.054 0.6000000238
19422  11.062  -59.362  -35.264 0.6999999881
19426  7.615  -59.391  -35.276 0.6999999881
19450  14.498  -59.874  -35.627 0.5000000000
19456  7.693  -59.269  -36.329 0.6000000238
19471  8.707  -60.382  -37.647 0.6000000238
19485  8.651  -60.246  -39.136 0.6000000238
19486  8.407  -60.177  -38.640 0.6000000238
19499  13.198  -60.314  -39.775 0.6000000238
19502  10.239  -60.386  -39.595 0.5000000000
19503  9.277  -60.293  -39.550 0.6000000238
19519  15.203  -60.141  -40.133 0.5000000000
20446  10.735  -58.605  -23.162 0.6999999881
20463  8.544  -58.681  -23.942 0.8000000119
20476  8.135  -59.161  -24.383 0.6000000238
20477  7.543  -58.991  -24.581 0.6000000238
20489  5.132  -58.662  -25.652 0.6000000238
20498  13.645  -58.954  -26.708 0.4000000060
20500  11.580  -58.816  -26.829 0.6000000238
20521  13.105  -58.572  -27.020 0.5000000000
20525  8.599  -58.875  -27.912 0.6999999881
20542  7.895  -58.827  -28.121 0.8000000119
20543  7.220  -58.856  -28.310 0.6000000238
20555  5.784  -58.794  -28.741 0.6000000238
20557  4.445  -58.803  -29.389 0.5000000000
20576  8.341  -59.165  -31.898 0.6000000238
20577  7.996  -58.883  -31.477 0.6999999881
20580  5.445  -57.959  -31.715 0.5000000000
20590  8.233  -58.551  -32.964 0.6999999881
20592  4.699  -58.287  -32.549 0.6000000238
20605  8.548  -59.254  -33.383 0.6999999881
20633  6.637  -58.632  -35.700 0.6000000238
20639  7.319  -58.861  -36.307 0.6000000238
20646  8.563  -59.123  -38.126 0.6000000238
20647  8.441  -59.672  -38.049 0.6000000238
20655  13.087  -58.783  -39.048 0.5000000000
20658  10.395  -59.083  -39.198 0.6999999881
20670  16.143  -58.890  -39.422 0.5000000000
20674  12.675  -59.702  -39.582 0.6000000238
20677  9.771  -59.801  -39.567 0.6000000238
20678  9.008  -59.899  -39.403 0.6000000238
21646  12.285  -57.984  -22.859 0.4000000060
21649  9.987  -57.746  -23.100 0.6999999881
21650  9.425  -58.007  -23.365 0.8000000119
21661  8.887  -58.236  -23.632 0.8000000119
21671  7.233  -58.579  -24.583 0.6000000238
21673  5.963  -58.012  -24.972 0.6000000238
21674  5.420  -57.563  -25.114 0.6000000238
21682  5.553  -58.450  -25.322 0.6000000238
21702  11.561  -58.258  -26.778 0.6000000238
21720  11.997  -58.039  -27.034 0.6000000238
21721  11.252  -57.789  -26.918 0.6000000238
21722  10.434  -57.791  -26.833 0.6000000238
21737  13.369  -58.511  -27.528 0.4000000060
21738  12.726  -58.181  -27.428 0.5000000000
21741  6.705  -57.722  -28.017 0.6000000238
21742  6.045  -58.074  -28.341 0.6000000238
21760  5.164  -58.135  -28.644 0.5000000000
21793  6.695  -57.275  -30.977 0.5000000000
21805  6.978  -57.861  -31.071 0.5000000000
21839  7.237  -57.880  -33.902 0.5000000000
21840  6.763  -57.155  -34.135 0.6000000238
21855  6.399  -57.547  -34.796 0.5000000000
21864  6.363  -57.061  -35.173 0.6000000238
21875  10.642  -57.940  -37.765 0.5000000000
21876  8.799  -58.416  -37.705 0.6999999881
21885  15.216  -57.666  -38.416 0.5000000000
21886  13.820  -57.868  -38.171 0.5000000000
21887  12.720  -58.262  -38.439 0.5000000000
21888  11.915  -58.338  -38.426 0.5000000000
21889  11.014  -58.421  -38.460 0.6999999881
21902  15.622  -58.197  -38.871 0.5000000000
22853  11.704  -56.936  -22.894 0.4000000060
22857  8.803  -57.012  -23.282 0.8000000119
22858  8.269  -56.601  -23.474 0.8000000119
22872  7.700  -56.916  -23.864 0.6999999881
22873  7.143  -57.233  -24.253 0.6999999881
22885  6.578  -57.615  -24.613 0.6000000238
22886  5.969  -57.226  -24.799 0.6000000238
22922  9.743  -56.651  -27.171 0.6999999881
22923  9.146  -56.987  -27.083 0.6000000238
22924  8.313  -56.938  -27.288 0.8000000119
22925  7.681  -56.928  -27.441 0.8000000119
22926  7.099  -56.536  -27.478 0.6999999881
22937  10.660  -56.684  -28.011 0.5000000000
22938  10.005  -56.269  -27.810 0.5000000000
22957  3.841  -56.160  -29.319 0.5000000000
22989  7.331  -56.924  -31.227 0.5000000000
22990  6.696  -56.650  -30.941 0.5000000000
23006  3.999  -56.260  -31.681 0.5000000000
23046  6.987  -56.521  -33.811 0.6000000238
23094  7.672  -57.005  -35.934 0.6999999881
23119  10.817  -57.053  -36.550 0.5000000000
23121  9.104  -57.322  -36.458 0.6000000238
23122  7.063  -57.661  -36.217 0.6000000238
24140  9.442  -55.854  -22.694 0.6999999881
24141  8.629  -56.088  -23.072 0.6999999881
24158  6.366  -56.105  -24.414 0.6999999881
24202  7.870  -56.337  -27.352 0.6999999881
24212  9.462  -55.885  -27.930 0.6000000238
24213  8.851  -55.797  -27.641 0.6999999881
24214  8.133  -55.709  -27.471 0.6999999881
24215  6.646  -55.901  -27.539 0.6999999881
24249  2.667  -55.587  -30.651 0.5000000000
24261  5.039  -55.152  -30.861 0.5000000000
24280  6.909  -56.148  -31.200 0.5000000000
24281  3.322  -55.539  -31.236 0.5000000000
24313  6.957  -56.214  -34.154 0.6999999881
24328  7.091  -56.141  -34.729 0.6999999881
24344  9.302  -56.263  -35.463 0.5000000000
24346  6.764  -56.541  -35.208 0.6999999881
24366  10.515  -56.618  -35.992 0.5000000000
25341  9.885  -55.341  -22.517 0.6999999881
25343  8.737  -54.895  -22.594 0.6999999881
25357  11.047  -54.978  -23.065 0.5000000000
25358  10.401  -55.203  -22.681 0.6000000238
25371  11.601  -54.784  -23.577 0.3000000119
25372  6.805  -55.004  -23.936 0.6999999881
25382  6.116  -55.289  -24.389 0.6999999881
25424  8.462  -55.152  -28.002 0.6000000238
25426  5.495  -54.996  -27.971 0.5000000000
25440  3.913  -54.718  -29.384 0.6000000238
25441  3.464  -54.786  -29.936 0.6000000238
25452  9.325  -55.083  -30.070 0.5000000000
25471  4.063  -54.426  -30.448 0.6000000238
25492  6.509  -55.220  -31.440 0.6000000238
25522  7.335  -55.170  -33.753 0.5000000000
25543  7.552  -55.596  -34.345 0.6999999881
25544  7.136  -55.926  -34.231 0.6999999881
25561  8.811  -55.744  -35.040 0.5000000000
26481  8.228  -54.988  -22.908 0.6000000238
26482  7.790  -54.562  -23.041 0.6999999881
26548  5.098  -54.355  -28.445 0.6000000238
26567  6.802  -53.435  -28.530 0.5000000000
26568  5.177  -53.600  -28.648 0.6000000238
26569  4.348  -53.947  -29.187 0.6000000238
26586  7.715  -53.383  -29.581 0.5000000000
26587  4.194  -53.303  -29.900 0.6000000238
26605  8.491  -53.695  -30.796 0.5000000000
26634  5.481  -53.958  -31.503 0.6000000238
26654  6.703  -54.152  -32.516 0.6000000238
26673  7.598  -54.351  -33.424 0.5000000000
27498  10.146  -53.835  -22.492 0.6000000238
27499  9.078  -53.311  -22.050 0.6999999881
27500  8.334  -53.037  -22.096 0.6999999881
27501  7.409  -53.050  -22.598 0.6000000238
27519  6.325  -53.170  -23.597 0.4000000060
27582  6.052  -53.421  -28.453 0.5000000000
27598  6.935  -52.872  -29.224 0.5000000000
27599  5.486  -52.821  -28.928 0.5000000000
27614  7.245  -52.781  -30.022 0.5000000000
27616  5.040  -52.371  -29.557 0.5000000000
27633  8.021  -53.208  -31.216 0.5000000000
27635  4.928  -52.401  -30.272 0.6000000238
27663  6.431  -53.130  -31.777 0.6000000238
27690  7.759  -53.306  -32.396 0.5000000000
28462  6.778  -52.939  -23.075 0.5000000000
28533  6.014  -52.355  -29.447 0.5000000000
28548  6.740  -52.494  -30.421 0.5000000000
28549  6.150  -52.228  -30.148 0.5000000000
28565  6.240  -52.400  -30.725 0.5000000000
28566  5.617  -52.298  -30.598 0.5000000000
28585  5.928  -52.703  -31.247 0.6000000238
29361  8.505  -51.466  -21.969 0.6000000238
30292  6.484  -51.217  -21.885 0.5000000000
30355  10.067  -51.036  -26.664 0.3000000119
31309  6.501  -50.030  -21.634 0.5000000000
31325  6.957  -49.733  -21.808 0.5000000000
31378  8.689  -49.902  -27.011 0.4000000060
32354  7.383  -49.312  -22.192 0.5000000000
32430  8.891  -48.916  -27.862 0.3000000119
32431  8.120  -48.658  -27.721 0.5000000000
32432  7.471  -48.484  -27.623 0.5000000000
32452  9.599  -49.065  -27.938 0.3000000119
33558  7.091  -47.874  -27.585 0.6000000238
33575  10.755  -48.196  -28.772 0.3000000119
33591  11.335  -47.936  -29.217 0.3000000119
33593  9.939  -47.453  -28.749 0.3000000119
34716  7.032  -46.999  -27.447 0.5000000000
34745  9.729  -46.762  -28.588 0.4000000060
35788  10.170  -46.649  -22.477 0.5000000000
35805  8.862  -46.813  -23.897 0.5000000000
35817  10.228  -46.449  -23.970 0.5000000000
35818  9.359  -46.459  -24.451 0.6000000238
35834  6.892  -45.526  -25.930 0.6000000238
35848  6.658  -46.547  -27.092 0.5000000000
36926  10.774  -45.563  -22.136 0.4000000060
36927  10.122  -45.610  -21.631 0.3000000119
36938  11.355  -45.433  -22.773 0.4000000060
36952  11.400  -45.654  -23.618 0.4000000060
36983  8.951  -44.603  -26.602 0.4000000060
36984  7.608  -45.049  -26.107 0.5000000000
37001  8.373  -44.754  -26.570 0.4000000060
37038  8.790  -45.581  -27.665 0.4000000060
37049  10.672  -45.717  -28.972 0.3000000119
38111  12.526  -44.689  -23.804 0.3000000119
38126  12.703  -44.752  -24.519 0.3000000119
38141  10.604  -45.077  -26.299 0.3000000119
38142  9.612  -44.860  -26.524 0.4000000060
38160  9.245  -44.671  -26.805 0.4000000060
38182  9.274  -44.744  -27.000 0.3000000119
38196  9.866  -45.072  -27.577 0.3000000119
40353  12.380  -42.558  -22.650 0.3000000119
40354  11.564  -42.731  -22.428 0.3000000119
40356  9.679  -42.982  -22.911 0.5000000000
41468  12.551  -41.741  -22.820 0.3000000119
152657  10.340  -51.932  -24.604 0.5000000000
152659  10.201  -51.834  -23.910 0.6000000238
152660  6.712  -45.798  -25.386 0.5000000000
152735  13.531  -53.970  -25.903 0.3000000119
152753  11.395  -53.590  -24.063 0.3000000119
152768  10.998  -52.930  -24.003 0.6000000238
152772  10.209  -52.105  -23.281 0.6000000238
152781  9.098  -51.332  -22.242 0.6999999881
152787  9.844  -51.325  -24.396 0.6000000238
152792  8.115  -49.333  -26.540 0.6000000238
152795  6.920  -48.689  -23.541 0.5000000000
152796  7.035  -48.631  -25.129 0.6999999881
152815  6.644  -45.760  -26.266 0.6000000238
153192  8.968  -50.223  -23.736 0.6000000238
153234  6.932  -48.560  -26.011 0.6999999881
153237  8.228  -49.378  -25.056 0.6999999881
153309  5.913  -47.320  -26.302 0.5000000000
153351  9.207  -50.576  -24.712 0.5000000000
153405  9.027  -50.337  -26.342 0.4000000060
153413  9.450  -50.684  -26.542 0.4000000060
153430  8.140  -49.424  -26.933 0.5000000000
153498  10.045  -51.490  -25.749 0.4000000060
153664  6.616  -48.041  -27.043 0.5000000000
153910  9.456  -53.880  -22.192 0.6999999881
153933  15.646  -78.112  -27.483 0.3000000119
154657  18.339  -79.103  -32.855 0.4000000060
154939  16.554  -74.713  -32.344 0.4000000060
155319  8.110  -55.522  -23.185 0.6999999881
155762  6.813  -48.548  -24.332 0.6000000238
156015  24.082  -71.198  -36.986 0.3000000119
156268  25.039  -72.104  -38.518 0.3000000119
156583  21.308  -78.013  -38.833 0.4000000060
156610  6.273  -48.213  -25.467 0.6000000238
156750  18.723  -67.313  -37.552 0.6999999881
156803  28.874  -70.329  -48.286 0.6999999881
157310  31.411  -74.888  -34.324 0.3000000119
157377  14.821  -74.746  -27.855 0.5000000000
157536  14.461  -74.753  -28.404 0.4000000060
157669  25.312  -72.135  -37.877 0.3000000119
157922  25.161  -69.489  -44.377 0.6000000238
158067  26.499  -69.415  -47.359 0.6999999881
158079  21.808  -68.331  -41.371 0.6000000238
158347  29.971  -70.601  -36.590 0.3000000119
158817  10.657  -53.782  -22.975 0.6000000238
159100  20.659  -66.323  -38.073 0.8000000119
159308  10.098  -48.036  -28.614 0.3000000119
159510  14.480  -57.803  -38.350 0.5000000000
159534  24.433  -68.072  -46.781 0.6000000238
159766  27.456  -74.518  -39.632 0.3000000119
159781  9.682  -58.086  -37.803 0.6999999881
159796  30.236  -74.217  -38.762 0.3000000119
160029  31.773  -66.962  -46.964 0.6999999881
160060  13.634  -59.566  -34.284 0.6999999881
160134  14.720  -76.058  -25.549 0.3000000119
160288  33.674  -69.489  -43.531 0.4000000060
160318  11.138  -57.380  -22.816 0.6000000238
161255  21.109  -76.839  -38.617 0.4000000060
161331  6.366  -53.659  -32.074 0.6000000238
161775  16.650  -74.920  -29.605 0.5000000000
161978  18.329  -77.935  -31.850 0.4000000060
161989  26.818  -77.926  -33.050 0.4000000060
162060  29.900  -70.404  -47.418 0.6000000238
162488  24.315  -72.440  -34.426 0.4000000060
162678  26.117  -69.789  -42.973 0.6999999881
162752  15.571  -76.648  -33.608 0.4000000060
162927  18.020  -79.443  -32.268 0.4000000060
162991  29.892  -75.666  -33.479 0.4000000060
162994  8.861  -58.285  -27.473 0.6999999881
163256  11.986  -59.394  -23.152 0.5000000000
163786  24.540  -69.729  -41.882 0.8000000119
164012  11.524  -60.586  -24.073 0.6000000238
164043  23.248  -69.451  -42.015 0.6000000238
164072  13.358  -58.185  -38.498 0.5000000000
164306  16.587  -62.575  -37.572 0.5000000000
164374  22.270  -67.246  -37.623 0.8000000119
164409  20.931  -81.014  -36.390 0.4000000060
164586  31.685  -74.385  -36.635 0.3000000119
164617  15.695  -74.539  -30.792 0.4000000060
164625  8.689  -53.854  -22.237 0.6999999881
164644  19.274  -63.575  -33.523 0.6000000238
165017  29.482  -69.100  -48.137 0.6999999881
165025  24.322  -68.888  -39.628 0.6999999881
165402  21.090  -77.859  -38.673 0.4000000060
165487  12.934  -58.438  -22.840 0.4000000060
166193  12.900  -58.902  -26.746 0.5000000000
166307  12.695  -60.367  -26.742 0.5000000000
166337  16.941  -81.511  -32.702 0.3000000119
166388  7.251  -54.191  -28.143 0.6000000238
166512  8.112  -61.384  -25.719 0.6000000238
166759  15.115  -61.002  -39.024 0.6000000238
166859  31.597  -74.237  -37.699 0.3000000119
166860  9.399  -58.886  -27.568 0.8000000119
166936  20.615  -64.782  -33.253 0.6000000238
167000  11.283  -42.041  -22.668 0.3000000119
167227  11.455  -57.101  -36.577 0.5000000000
167322  23.341  -65.859  -35.027 0.6000000238
167604  5.709  -53.421  -31.604 0.6000000238
167689  24.742  -76.757  -36.817 0.5000000000
167692  24.300  -71.363  -35.530 0.4000000060
168053  21.107  -66.532  -38.166 0.6999999881
168059  13.947  -79.167  -33.286 0.4000000060
168087  13.575  -60.523  -37.361 0.5000000000
168106  27.475  -74.521  -39.076 0.3000000119
168178  26.920  -71.485  -46.822 0.5000000000
168367  23.226  -67.962  -37.618 0.6000000238
168371  29.784  -74.347  -38.095 0.3000000119
168372  34.413  -68.585  -44.109 0.5000000000
168984  14.088  -66.387  -35.721 0.6000000238
169559  9.531  -45.897  -28.178 0.4000000060
169785  7.440  -55.571  -23.671 0.8000000119
170093  13.411  -60.766  -38.270 0.6000000238
170236  25.165  -69.320  -40.734 0.8000000119
170393  10.080  -45.466  -28.205 0.3000000119
170585  24.027  -71.527  -34.872 0.4000000060
170628  10.490  -61.812  -33.668 0.6000000238
170837  17.681  -77.986  -30.532 0.4000000060
171020  8.714  -61.360  -28.672 0.6999999881
171257  17.997  -63.852  -36.621 0.6000000238
171281  20.894  -64.126  -33.040 0.6000000238
171311  8.088  -49.477  -22.463 0.5000000000
171387  18.824  -77.062  -32.686 0.4000000060
171462  10.140  -61.015  -37.735 0.6000000238
171481  34.516  -68.020  -42.771 0.3000000119
171608  23.354  -64.590  -34.599 0.6000000238
171851  28.735  -74.502  -38.849 0.4000000060
171995  10.323  -46.609  -23.180 0.5000000000
172131  15.664  -64.956  -33.817 0.6999999881
172504  16.894  -68.116  -36.749 0.6999999881
172710  16.602  -63.019  -34.342 0.8000000119
172786  8.072  -57.539  -36.370 0.6999999881
172921  15.967  -67.944  -35.107 0.6999999881
172975  12.015  -60.025  -36.250 0.6999999881
173041  14.078  -60.819  -39.013 0.6000000238
173377  7.654  -59.387  -35.787 0.6000000238
173428  27.823  -73.360  -35.428 0.3000000119
173824  12.488  -57.462  -36.769 0.5000000000
174427  7.526  -48.952  -26.891 0.6000000238
174666  17.083  -75.336  -29.956 0.5000000000
174763  23.027  -75.024  -38.146 0.4000000060
174806  17.177  -74.995  -30.654 0.5000000000
174924  32.848  -73.756  -37.298 0.3000000119
175069  30.593  -70.121  -47.452 0.6000000238
175778  25.953  -69.304  -46.960 0.6000000238
175946  26.749  -66.503  -41.624 0.5000000000
175968  30.948  -70.397  -43.211 0.4000000060
175971  33.826  -69.526  -42.949 0.4000000060
176063  16.572  -61.468  -35.939 0.6000000238
176115  22.233  -74.548  -38.575 0.4000000060
176311  14.601  -59.987  -40.052 0.5000000000
176534  7.070  -61.123  -25.813 0.6000000238
176613  34.738  -68.551  -43.075 0.4000000060
176716  29.468  -69.746  -48.362 0.6999999881
176889  18.546  -75.244  -33.555 0.5000000000
177331  18.328  -67.179  -33.867 0.8999999762
177391  12.995  -66.843  -37.266 0.6000000238
177399  13.802  -60.648  -39.570 0.6000000238
177486  4.476  -52.725  -29.889 0.6000000238
177602  26.491  -69.303  -46.535 0.6999999881
177676  13.430  -61.538  -32.936 0.6000000238
178022  27.360  -71.491  -45.548 0.4000000060
178340  14.654  -76.601  -31.273 0.4000000060
178640  12.772  -44.372  -23.582 0.3000000119
178673  16.940  -82.800  -32.677 0.3000000119
178800  35.377  -69.118  -40.894 0.3000000119
178825  20.551  -66.314  -37.485 0.8000000119
178943  9.458  -51.226  -22.853 0.6999999881
179125  6.227  -47.374  -26.820 0.6000000238
179530  34.160  -67.647  -46.319 0.6000000238
179621  34.144  -68.156  -45.620 0.4000000060
179714  14.010  -75.930  -29.914 0.4000000060
180245  21.574  -66.171  -36.353 0.6999999881
180349  24.782  -69.588  -41.220 0.8000000119
180404  10.371  -56.341  -28.568 0.5000000000
180591  10.700  -65.152  -34.513 0.6000000238
180785  6.366  -46.919  -26.983 0.5000000000
180920  28.886  -71.172  -43.025 0.3000000119
181189  7.660  -48.967  -25.072 0.6999999881
181480  31.657  -69.555  -47.044 0.6000000238
181606  25.643  -72.120  -35.564 0.4000000060
182222  24.791  -73.954  -34.473 0.5000000000
182359  6.667  -57.101  -27.761 0.6999999881
182363  9.955  -45.039  -27.421 0.3000000119
182770  12.940  -75.337  -27.234 0.5000000000
182877  15.273  -75.081  -27.121 0.5000000000
183076  11.397  -59.510  -23.359 0.6999999881
183363  13.677  -57.656  -37.555 0.5000000000
183430  8.729  -56.576  -23.192 0.8000000119
183447  9.317  -60.021  -33.781 0.5000000000
183520  12.722  -61.055  -24.514 0.4000000060
183872  19.712  -66.662  -38.911 0.6000000238
183907  17.097  -67.073  -33.909 0.6999999881
184336  29.688  -75.865  -30.456 0.3000000119
184711  14.656  -60.612  -32.910 0.5000000000
184739  29.915  -67.843  -44.080 0.6000000238
184774  15.329  -60.205  -33.504 0.6000000238
184878  17.887  -68.241  -35.704 0.6999999881
185106  23.913  -67.663  -37.205 0.6000000238
185341  29.346  -72.538  -40.085 0.3000000119
185373  7.805  -63.336  -28.197 0.5000000000
