#!ascii label  , from subject sub-v2s13x29097_ses-1 vox2ras=TkReg
604
100076  -29.429  1.648  -37.773 0.0000000000
95472  -24.212  -1.539  -34.288 0.0000000000
94328  -31.667  -2.009  -33.648 0.0000000000
89701  -26.917  -6.459  -33.404 0.0000000000
113076  -34.638  12.586  -40.446 0.0000000000
111009  -37.157  10.660  -37.961 0.0000000000
103764  -27.557  5.352  -40.178 0.0000000000
84936  -25.070  -9.688  -30.490 0.0000000000
92032  -25.872  -4.347  -34.088 0.0000000000
176120  -23.339  -5.640  -31.490 0.0000000000
111038  -35.402  11.466  -38.878 0.0000000000
108135  -32.569  7.553  -40.185 0.0000000000
100073  -24.709  2.492  -36.910 0.0000000000
103728  -23.745  5.358  -37.075 0.0000000000
101241  -28.223  3.480  -39.143 0.0000000000
104886  -32.499  5.524  -37.850 0.0000000000
102490  -33.511  4.399  -35.622 0.0000000000
100046  -33.990  2.638  -34.551 0.0000000000
98962  -22.753  1.359  -33.799 0.0000000000
96704  -26.240  -0.019  -36.323 0.0000000000
97844  -30.956  0.201  -35.516 0.0000000000
94364  -27.812  -2.582  -36.156 0.0000000000
92034  -29.456  -4.173  -33.393 0.0000000000
89686  -30.327  -5.641  -31.768 0.0000000000
163844  -29.581  7.440  -41.310 0.0000000000
106065  -32.199  6.558  -39.444 0.0000000000
109063  -37.318  9.118  -36.689 0.0000000000
88434  -22.647  -6.971  -29.999 0.0000000000
86061  -26.067  -8.282  -31.923 0.0000000000
90845  -23.216  -4.703  -31.666 0.0000000000
90838  -22.588  -4.987  -30.808 0.0000000000
108155  -32.097  8.533  -41.886 0.0000000000
109145  -32.241  9.283  -45.630 0.0000000000
181525  -26.909  1.614  -38.052 0.0000000000
101221  -26.369  2.725  -37.983 0.0000000000
101234  -29.019  2.634  -38.620 0.0000000000
101236  -30.666  3.365  -38.440 0.0000000000
100079  -31.525  2.645  -37.226 0.0000000000
102473  -33.915  3.946  -35.072 0.0000000000
100057  -32.132  1.821  -36.098 0.0000000000
96657  -23.414  -0.062  -33.738 0.0000000000
97840  -23.962  0.806  -34.995 0.0000000000
95507  -24.939  -0.866  -35.134 0.0000000000
95531  -27.063  -1.029  -36.331 0.0000000000
94361  -25.944  -1.960  -35.463 0.0000000000
89720  -25.859  -5.388  -33.522 0.0000000000
90897  -27.436  -4.681  -34.457 0.0000000000
89723  -27.954  -5.683  -33.633 0.0000000000
91997  -30.236  -4.636  -32.532 0.0000000000
89684  -28.582  -5.831  -32.565 0.0000000000
111035  -31.978  11.327  -40.223 0.0000000000
112073  -32.360  11.850  -40.610 0.0000000000
184183  -33.697  12.327  -42.102 0.0000000000
115017  -34.245  13.952  -42.596 0.0000000000
114995  -35.918  14.456  -40.438 0.0000000000
189717  -36.438  11.483  -38.588 0.0000000000
103743  -26.075  4.968  -39.033 0.0000000000
104904  -25.288  6.642  -39.329 0.0000000000
106073  -28.398  6.826  -40.440 0.0000000000
107166  -30.720  6.831  -40.746 0.0000000000
104916  -29.922  5.978  -40.044 0.0000000000
106027  -35.580  6.775  -36.400 0.0000000000
107117  -35.041  7.228  -36.929 0.0000000000
108093  -38.355  8.248  -36.430 0.0000000000
95494  -30.948  -1.087  -34.628 0.0000000000
97829  -32.809  0.301  -34.718 0.0000000000
84917  -23.320  -9.436  -29.220 0.0000000000
192352  -23.842  -8.866  -30.087 0.0000000000
87209  -24.182  -7.832  -31.012 0.0000000000
84953  -24.993  -9.007  -31.079 0.0000000000
94324  -23.584  -2.109  -33.219 0.0000000000
173472  -24.547  -2.643  -33.905 0.0000000000
93139  -24.101  -3.353  -33.269 0.0000000000
90859  -24.565  -5.161  -32.745 0.0000000000
88473  -25.338  -6.528  -32.739 0.0000000000
186472  -33.308  10.558  -39.818 0.0000000000
113062  -35.159  12.411  -39.803 0.0000000000
110096  -33.756  10.242  -39.320 0.0000000000
110082  -34.294  9.960  -38.818 0.0000000000
177938  -33.641  8.681  -38.548 0.0000000000
188545  -22.825  3.277  -35.096 0.0000000000
102484  -24.423  3.876  -36.891 0.0000000000
102496  -25.668  4.067  -37.979 0.0000000000
103754  -28.053  4.627  -39.902 0.0000000000
183077  -30.303  4.855  -39.567 0.0000000000
102517  -30.198  4.234  -39.383 0.0000000000
103719  -33.042  5.070  -36.058 0.0000000000
104872  -36.003  5.906  -35.570 0.0000000000
172537  -35.611  4.897  -34.878 0.0000000000
83782  -25.838  -10.729  -29.520 0.0000000000
84920  -26.907  -9.905  -29.559 0.0000000000
100056  -23.817  2.128  -35.805 0.0000000000
98993  -25.236  1.341  -36.623 0.0000000000
97875  -27.496  0.511  -37.498 0.0000000000
97862  -29.889  0.659  -36.734 0.0000000000
96708  -29.005  -0.410  -36.797 0.0000000000
95512  -29.065  -1.524  -35.919 0.0000000000
94345  -29.968  -2.235  -34.603 0.0000000000
93179  -26.741  -3.328  -35.006 0.0000000000
93182  -28.948  -3.366  -34.749 0.0000000000
93161  -30.905  -2.873  -33.552 0.0000000000
92012  -31.259  -3.907  -32.758 0.0000000000
186665  -31.979  -5.026  -31.923 0.0000000000
114026  -37.363  14.084  -40.101 0.0000000000
107184  -32.181  7.325  -42.940 0.0000000000
107158  -32.569  6.930  -39.889 0.0000000000
108124  -33.700  8.209  -38.153 0.0000000000
104899  -32.129  6.610  -37.808 0.0000000000
107138  -34.915  7.799  -37.281 0.0000000000
109077  -37.005  9.723  -37.150 0.0000000000
98964  -32.121  0.930  -35.356 0.0000000000
98967  -34.134  1.404  -34.124 0.0000000000
188823  -22.192  -6.010  -29.690 0.0000000000
89672  -23.504  -6.397  -31.260 0.0000000000
88457  -24.658  -6.800  -32.073 0.0000000000
87234  -26.390  -7.640  -32.391 0.0000000000
86025  -26.837  -8.898  -30.547 0.0000000000
87213  -27.758  -7.685  -31.166 0.0000000000
88460  -27.831  -6.932  -32.224 0.0000000000
109152  -29.992  10.123  -45.893 0.0000000000
99017  -28.233  1.719  -38.280 0.0000000000
100088  -27.872  2.210  -38.455 0.0000000000
99018  -28.906  1.975  -38.260 0.0000000000
101222  -30.412  2.678  -38.055 0.0000000000
100077  -30.182  2.034  -37.591 0.0000000000
100068  -31.807  2.270  -36.636 0.0000000000
100067  -30.716  1.777  -36.995 0.0000000000
95471  -23.603  -1.358  -33.526 0.0000000000
176365  -23.346  -0.589  -33.425 0.0000000000
95490  -23.790  -0.818  -34.064 0.0000000000
96673  -23.941  -0.240  -34.436 0.0000000000
95491  -24.371  -0.923  -34.665 0.0000000000
95508  -25.709  -1.072  -35.563 0.0000000000
95492  -25.047  -1.576  -34.903 0.0000000000
89721  -26.482  -5.835  -33.626 0.0000000000
89722  -27.288  -5.815  -33.745 0.0000000000
186003  -28.151  -5.952  -33.144 0.0000000000
88477  -28.044  -6.398  -32.732 0.0000000000
112075  -33.513  11.610  -40.940 0.0000000000
111045  -32.860  11.403  -40.645 0.0000000000
113090  -34.097  12.486  -41.465 0.0000000000
114037  -34.395  13.124  -41.664 0.0000000000
115004  -35.405  14.868  -41.055 0.0000000000
114023  -34.830  13.215  -40.703 0.0000000000
111023  -36.846  11.252  -38.359 0.0000000000
112046  -37.500  11.795  -38.640 0.0000000000
112047  -38.159  11.632  -38.610 0.0000000000
183080  -38.206  11.062  -38.355 0.0000000000
186435  -26.557  5.080  -39.517 0.0000000000
103752  -26.034  5.746  -39.458 0.0000000000
104905  -26.744  5.610  -39.928 0.0000000000
104914  -27.070  6.295  -40.180 0.0000000000
176378  -27.966  6.003  -40.345 0.0000000000
106074  -29.663  6.605  -40.378 0.0000000000
104915  -28.929  5.934  -40.282 0.0000000000
107103  -37.044  7.008  -36.188 0.0000000000
106028  -36.322  6.821  -36.342 0.0000000000
95473  -31.334  -1.590  -34.099 0.0000000000
96658  -32.434  -0.879  -34.103 0.0000000000
95475  -32.630  -1.473  -33.672 0.0000000000
83796  -24.959  -10.230  -29.934 0.0000000000
83779  -23.881  -10.121  -29.274 0.0000000000
84918  -23.896  -9.395  -29.749 0.0000000000
86012  -23.392  -8.852  -29.630 0.0000000000
84935  -24.425  -9.176  -30.400 0.0000000000
188923  -24.552  -8.780  -30.801 0.0000000000
94310  -22.748  -2.514  -32.036 0.0000000000
93138  -23.526  -2.843  -32.812 0.0000000000
93133  -23.198  -3.307  -32.085 0.0000000000
90858  -23.910  -4.605  -32.394 0.0000000000
90846  -23.929  -5.398  -32.128 0.0000000000
89699  -25.073  -5.788  -32.880 0.0000000000
89683  -24.569  -5.990  -32.434 0.0000000000
110095  -32.209  10.132  -39.783 0.0000000000
175488  -33.039  10.057  -39.535 0.0000000000
109103  -31.279  9.758  -40.093 0.0000000000
108144  -33.070  7.435  -41.289 0.0000000000
109116  -31.895  8.674  -39.800 0.0000000000
166334  -32.179  8.614  -39.361 0.0000000000
109090  -33.244  9.000  -38.927 0.0000000000
108136  -32.237  7.871  -39.482 0.0000000000
101210  -23.526  3.019  -35.869 0.0000000000
101211  -24.203  3.108  -36.620 0.0000000000
101232  -27.610  3.287  -38.838 0.0000000000
101231  -26.363  3.550  -38.146 0.0000000000
102506  -26.923  3.751  -38.754 0.0000000000
102514  -27.615  4.024  -39.336 0.0000000000
102515  -28.549  3.985  -39.558 0.0000000000
102516  -29.386  4.069  -39.543 0.0000000000
101243  -29.752  3.680  -39.167 0.0000000000
102488  -32.422  3.684  -36.921 0.0000000000
102498  -32.031  4.139  -37.465 0.0000000000
103720  -34.134  5.610  -35.059 0.0000000000
103722  -36.009  5.383  -35.149 0.0000000000
102491  -34.149  4.843  -35.022 0.0000000000
101202  -33.624  3.137  -35.057 0.0000000000
102474  -34.449  4.269  -34.443 0.0000000000
101188  -35.595  2.995  -33.968 0.0000000000
173403  -26.340  -11.306  -29.206 0.0000000000
82647  -27.190  -11.223  -29.288 0.0000000000
100039  -22.721  2.061  -34.128 0.0000000000
100054  -22.731  2.685  -34.530 0.0000000000
100055  -23.224  2.057  -34.949 0.0000000000
97842  -25.486  0.199  -35.850 0.0000000000
97857  -25.010  0.814  -35.956 0.0000000000
97858  -25.764  0.673  -36.374 0.0000000000
97874  -26.796  0.780  -37.237 0.0000000000
97860  -27.004  0.083  -36.924 0.0000000000
96722  -27.697  -0.052  -37.265 0.0000000000
96706  -27.530  -0.567  -36.786 0.0000000000
94383  -27.765  -1.939  -36.356 0.0000000000
95533  -28.336  -1.442  -36.352 0.0000000000
95511  -28.346  -2.085  -36.074 0.0000000000
94366  -29.584  -1.904  -35.275 0.0000000000
94365  -28.878  -2.295  -35.589 0.0000000000
93158  -25.495  -3.597  -34.159 0.0000000000
93178  -25.928  -3.109  -34.667 0.0000000000
92051  -26.309  -3.829  -34.521 0.0000000000
90898  -28.141  -4.655  -34.352 0.0000000000
92052  -27.875  -4.132  -34.807 0.0000000000
92054  -29.180  -3.783  -34.100 0.0000000000
93159  -29.624  -2.999  -34.177 0.0000000000
166672  -29.692  -3.556  -33.661 0.0000000000
93140  -30.748  -3.483  -33.159 0.0000000000
92035  -30.091  -3.771  -33.227 0.0000000000
90848  -30.588  -5.068  -32.083 0.0000000000
90849  -31.328  -5.020  -32.023 0.0000000000
180244  -31.746  -5.553  -31.665 0.0000000000
89688  -32.490  -5.423  -31.700 0.0000000000
112060  -35.665  12.074  -39.264 0.0000000000
113078  -36.231  13.348  -39.819 0.0000000000
168433  -36.831  12.903  -39.405 0.0000000000
103710  -22.669  5.392  -36.014 0.0000000000
107175  -27.477  8.189  -41.211 0.0000000000
108154  -27.945  8.460  -42.247 0.0000000000
108167  -30.524  8.140  -43.750 0.0000000000
107183  -30.233  7.589  -42.528 0.0000000000
106076  -32.316  6.636  -40.090 0.0000000000
107167  -32.564  6.698  -40.985 0.0000000000
106066  -32.291  6.810  -39.241 0.0000000000
107149  -32.347  7.364  -39.042 0.0000000000
107151  -33.001  7.758  -38.014 0.0000000000
104897  -31.714  5.342  -38.734 0.0000000000
172317  -31.334  5.618  -39.033 0.0000000000
104898  -32.167  5.775  -38.463 0.0000000000
108091  -36.731  8.336  -36.598 0.0000000000
107118  -35.499  7.814  -37.039 0.0000000000
108090  -35.927  8.448  -36.993 0.0000000000
109062  -36.468  9.125  -37.012 0.0000000000
109078  -37.792  9.599  -37.037 0.0000000000
110073  -38.699  9.871  -37.743 0.0000000000
97843  -30.411  0.426  -36.096 0.0000000000
98980  -31.083  0.901  -35.903 0.0000000000
97845  -31.592  0.625  -35.417 0.0000000000
98966  -33.424  0.996  -34.599 0.0000000000
87195  -22.892  -7.714  -29.876 0.0000000000
87186  -22.167  -7.259  -29.370 0.0000000000
89662  -22.582  -6.283  -30.091 0.0000000000
88441  -23.073  -6.686  -30.641 0.0000000000
87210  -24.691  -7.888  -31.445 0.0000000000
88443  -24.369  -7.339  -31.524 0.0000000000
87232  -24.990  -7.552  -31.904 0.0000000000
88458  -25.321  -7.169  -32.344 0.0000000000
87233  -25.667  -7.706  -32.184 0.0000000000
84938  -26.466  -9.567  -30.262 0.0000000000
87235  -27.583  -7.415  -31.811 0.0000000000
91995  -22.760  -3.709  -31.400 0.0000000000
90844  -22.510  -4.279  -31.044 0.0000000000
109115  -31.577  8.898  -40.493 0.0000000000
109137  -32.363  8.815  -43.227 0.0000000000
108168  -32.967  8.224  -43.910 0.0000000000
100074  -25.561  2.449  -37.446 0.0000000000
100087  -27.089  2.221  -38.280 0.0000000000
187654  -27.602  2.720  -38.514 0.0000000000
101233  -28.268  2.843  -38.757 0.0000000000
101235  -29.826  3.092  -38.681 0.0000000000
101223  -31.105  3.029  -37.785 0.0000000000
101213  -32.737  3.252  -36.316 0.0000000000
101214  -33.371  3.589  -35.761 0.0000000000
101201  -33.019  2.819  -35.675 0.0000000000
100058  -32.738  2.062  -35.651 0.0000000000
97814  -22.773  0.617  -33.444 0.0000000000
97825  -23.488  0.588  -34.250 0.0000000000
98963  -23.322  1.377  -34.580 0.0000000000
97826  -24.105  0.218  -34.819 0.0000000000
97841  -24.670  0.331  -35.362 0.0000000000
187058  -25.815  -0.394  -35.848 0.0000000000
96705  -26.839  -0.458  -36.481 0.0000000000
95509  -26.581  -1.599  -36.017 0.0000000000
94362  -26.641  -2.268  -35.751 0.0000000000
90877  -25.537  -4.814  -33.630 0.0000000000
90896  -26.674  -4.567  -34.363 0.0000000000
90879  -26.992  -5.239  -34.089 0.0000000000
169393  -27.702  -5.246  -34.096 0.0000000000
90881  -28.955  -4.824  -33.270 0.0000000000
192510  -29.972  -4.258  -32.928 0.0000000000
89704  -29.068  -5.239  -32.614 0.0000000000
180588  -29.749  -5.823  -31.755 0.0000000000
112074  -33.071  11.913  -41.326 0.0000000000
114049  -33.981  13.005  -42.650 0.0000000000
115952  -36.079  15.544  -41.061 0.0000000000
112044  -36.135  11.704  -38.839 0.0000000000
113064  -37.746  13.053  -39.351 0.0000000000
112062  -37.268  12.392  -38.998 0.0000000000
104913  -26.025  6.852  -39.759 0.0000000000
187326  -27.461  6.883  -40.334 0.0000000000
107165  -28.868  7.286  -40.727 0.0000000000
106075  -31.042  6.585  -40.195 0.0000000000
104889  -33.693  6.849  -35.929 0.0000000000
104888  -33.005  6.570  -36.348 0.0000000000
106026  -34.687  6.807  -36.178 0.0000000000
107119  -36.528  7.463  -36.494 0.0000000000
108092  -37.629  8.439  -36.366 0.0000000000
182297  -30.922  -0.438  -35.103 0.0000000000
97827  -31.534  -0.006  -35.061 0.0000000000
96677  -32.135  -0.292  -34.617 0.0000000000
96678  -32.963  -0.350  -34.374 0.0000000000
86011  -22.848  -8.796  -29.198 0.0000000000
86023  -22.993  -8.344  -29.571 0.0000000000
88435  -23.148  -7.269  -30.446 0.0000000000
86042  -24.096  -8.460  -30.554 0.0000000000
86043  -24.642  -8.392  -31.101 0.0000000000
177517  -25.702  -8.870  -31.426 0.0000000000
95460  -23.163  -1.469  -32.851 0.0000000000
94325  -24.079  -2.134  -33.854 0.0000000000
94341  -24.754  -2.192  -34.316 0.0000000000
93156  -24.053  -2.759  -33.518 0.0000000000
93157  -24.692  -3.324  -33.727 0.0000000000
92010  -24.491  -3.944  -33.282 0.0000000000
91996  -23.444  -4.038  -32.066 0.0000000000
168032  -24.352  -4.426  -32.883 0.0000000000
90876  -24.881  -4.622  -33.250 0.0000000000
90860  -25.269  -5.291  -33.217 0.0000000000
89700  -25.698  -5.939  -33.241 0.0000000000
160919  -26.160  -6.576  -33.206 0.0000000000
110093  -30.460  10.646  -39.923 0.0000000000
171261  -31.532  10.910  -39.996 0.0000000000
188888  -32.821  10.927  -40.188 0.0000000000
112076  -34.071  11.593  -40.258 0.0000000000
113061  -34.528  12.097  -40.142 0.0000000000
111047  -34.229  11.241  -39.732 0.0000000000
111036  -33.961  10.792  -39.534 0.0000000000
111037  -34.671  11.059  -39.099 0.0000000000
109104  -32.069  9.434  -39.661 0.0000000000
109105  -32.762  9.492  -39.323 0.0000000000
110083  -34.709  10.549  -38.735 0.0000000000
111021  -35.226  10.867  -38.487 0.0000000000
110084  -35.669  10.455  -37.998 0.0000000000
109093  -35.345  9.671  -37.862 0.0000000000
103712  -23.873  4.527  -36.609 0.0000000000
101220  -25.710  3.339  -37.636 0.0000000000
102495  -25.085  3.946  -37.449 0.0000000000
103730  -25.107  4.524  -37.838 0.0000000000
103742  -25.481  4.861  -38.414 0.0000000000
103753  -27.202  4.816  -39.739 0.0000000000
103766  -29.329  5.229  -40.075 0.0000000000
103755  -28.944  4.595  -39.940 0.0000000000
103756  -29.729  4.666  -39.811 0.0000000000
103744  -31.354  4.689  -38.400 0.0000000000
102507  -30.276  3.680  -38.948 0.0000000000
103731  -31.788  4.554  -37.915 0.0000000000
103732  -32.730  5.228  -37.106 0.0000000000
103734  -33.371  6.104  -35.477 0.0000000000
104871  -35.305  6.335  -35.748 0.0000000000
106012  -36.842  6.278  -35.996 0.0000000000
104855  -37.383  5.782  -35.847 0.0000000000
104854  -36.731  5.535  -35.514 0.0000000000
93162  -31.993  -2.428  -33.250 0.0000000000
83781  -25.132  -10.783  -29.642 0.0000000000
83797  -25.451  -10.226  -30.036 0.0000000000
84937  -25.783  -9.755  -30.524 0.0000000000
191036  -23.170  2.634  -35.264 0.0000000000
166831  -24.108  2.503  -36.421 0.0000000000
98979  -23.843  1.439  -35.339 0.0000000000
98992  -24.431  1.400  -36.017 0.0000000000
100066  -25.105  1.922  -37.058 0.0000000000
99002  -25.752  1.639  -37.353 0.0000000000
99004  -27.215  1.135  -37.797 0.0000000000
99005  -27.983  1.003  -37.960 0.0000000000
182271  -30.006  1.353  -37.144 0.0000000000
169042  -28.578  0.693  -37.675 0.0000000000
97861  -29.337  0.223  -36.955 0.0000000000
96709  -29.747  -0.051  -36.418 0.0000000000
96707  -28.285  -0.843  -36.685 0.0000000000
95534  -28.860  -1.010  -36.404 0.0000000000
96692  -29.474  -0.752  -36.128 0.0000000000
96675  -30.434  -0.882  -35.120 0.0000000000
95493  -30.266  -1.524  -34.920 0.0000000000
94346  -30.673  -1.874  -34.359 0.0000000000
94342  -25.543  -2.390  -34.787 0.0000000000
94343  -26.323  -2.665  -35.252 0.0000000000
93199  -27.188  -2.844  -35.661 0.0000000000
187817  -27.116  -4.024  -34.750 0.0000000000
93180  -27.540  -3.506  -35.178 0.0000000000
93200  -27.970  -3.083  -35.656 0.0000000000
94344  -29.253  -2.599  -34.919 0.0000000000
94326  -30.403  -2.561  -34.016 0.0000000000
94327  -31.064  -2.240  -33.855 0.0000000000
93141  -31.534  -3.135  -33.098 0.0000000000
92013  -32.040  -3.699  -32.636 0.0000000000
91998  -30.947  -4.528  -32.425 0.0000000000
91999  -31.785  -4.440  -32.307 0.0000000000
114024  -35.600  13.749  -40.248 0.0000000000
114996  -36.871  14.578  -40.342 0.0000000000
114016  -37.794  13.661  -39.844 0.0000000000
108180  -30.558  8.889  -45.415 0.0000000000
169851  -32.023  8.053  -44.325 0.0000000000
107185  -33.007  7.755  -43.085 0.0000000000
107176  -32.148  6.839  -41.851 0.0000000000
163692  -33.161  7.120  -42.371 0.0000000000
107177  -33.236  6.979  -41.745 0.0000000000
108123  -32.983  8.294  -38.609 0.0000000000
108125  -34.255  8.736  -38.252 0.0000000000
110069  -36.177  9.905  -37.466 0.0000000000
103767  -30.068  5.369  -39.749 0.0000000000
106064  -31.624  6.187  -39.341 0.0000000000
104908  -32.087  6.421  -38.802 0.0000000000
106043  -32.633  6.916  -37.117 0.0000000000
106057  -32.870  7.413  -37.252 0.0000000000
106056  -32.260  7.370  -37.740 0.0000000000
108107  -34.471  8.142  -37.737 0.0000000000
109076  -35.672  9.086  -37.389 0.0000000000
188816  -36.809  10.237  -37.543 0.0000000000
110085  -38.522  10.564  -38.192 0.0000000000
98996  -31.340  1.613  -36.405 0.0000000000
98982  -32.435  1.418  -35.532 0.0000000000
98983  -33.050  1.585  -35.086 0.0000000000
98965  -32.671  0.932  -35.051 0.0000000000
177763  -34.417  2.125  -34.103 0.0000000000
89661  -22.403  -5.466  -30.148 0.0000000000
89671  -22.932  -5.937  -30.772 0.0000000000
88442  -23.675  -7.153  -31.025 0.0000000000
88456  -24.033  -6.765  -31.567 0.0000000000
89682  -23.995  -6.176  -31.858 0.0000000000
88474  -25.911  -7.174  -32.718 0.0000000000
88475  -26.624  -7.032  -32.898 0.0000000000
84955  -26.119  -9.263  -30.964 0.0000000000
86044  -26.487  -8.624  -31.309 0.0000000000
86045  -27.281  -8.284  -30.889 0.0000000000
87212  -26.964  -7.957  -31.772 0.0000000000
88459  -27.134  -7.351  -32.406 0.0000000000
88476  -27.362  -6.776  -32.896 0.0000000000
88461  -28.565  -6.427  -31.916 0.0000000000
84919  -24.489  -9.855  -29.881 0.0000000000
84954  -25.516  -9.348  -30.975 0.0000000000
86024  -23.460  -8.330  -30.023 0.0000000000
87196  -23.571  -7.782  -30.484 0.0000000000
87211  -25.241  -8.295  -31.649 0.0000000000
88444  -28.177  -7.097  -31.461 0.0000000000
89685  -29.164  -5.769  -32.050 0.0000000000
89687  -31.010  -5.553  -31.742 0.0000000000
89702  -27.627  -6.243  -33.354 0.0000000000
89703  -28.505  -5.418  -33.162 0.0000000000
90847  -29.790  -5.214  -32.172 0.0000000000
90861  -29.575  -4.703  -32.798 0.0000000000
90878  -26.255  -5.045  -33.900 0.0000000000
90880  -28.341  -5.063  -33.783 0.0000000000
92009  -23.864  -3.807  -32.733 0.0000000000
92011  -30.529  -4.082  -32.812 0.0000000000
92031  -25.136  -4.112  -33.706 0.0000000000
92033  -28.800  -4.467  -33.973 0.0000000000
92053  -28.567  -4.045  -34.574 0.0000000000
93160  -30.231  -3.193  -33.611 0.0000000000
93177  -25.184  -2.847  -34.201 0.0000000000
93181  -28.282  -3.550  -35.094 0.0000000000
93201  -28.633  -2.972  -35.373 0.0000000000
94363  -27.214  -2.187  -36.121 0.0000000000
95474  -31.981  -1.429  -33.846 0.0000000000
95495  -31.691  -0.943  -34.304 0.0000000000
95510  -27.258  -1.641  -36.320 0.0000000000
95513  -29.873  -1.162  -35.518 0.0000000000
95532  -27.687  -1.252  -36.513 0.0000000000
96656  -22.791  -0.067  -33.105 0.0000000000
96674  -24.532  -0.314  -34.976 0.0000000000
96676  -31.427  -0.529  -34.707 0.0000000000
96690  -25.219  -0.338  -35.443 0.0000000000
96691  -26.385  -0.753  -36.075 0.0000000000
96693  -30.258  -0.369  -35.680 0.0000000000
96723  -28.263  -0.285  -37.141 0.0000000000
97828  -32.138  0.407  -35.031 0.0000000000
97859  -26.390  0.532  -36.734 0.0000000000
97876  -28.142  0.307  -37.527 0.0000000000
97877  -28.785  0.165  -37.335 0.0000000000
98968  -34.841  1.593  -33.776 0.0000000000
98981  -31.781  1.232  -35.777 0.0000000000
98994  -26.093  1.067  -36.947 0.0000000000
98995  -30.556  1.145  -36.494 0.0000000000
99003  -26.515  1.363  -37.569 0.0000000000
99006  -28.725  1.289  -37.970 0.0000000000
99007  -29.253  0.848  -37.381 0.0000000000
99016  -27.537  1.618  -38.228 0.0000000000
100045  -33.681  1.866  -34.516 0.0000000000
100059  -33.328  2.353  -35.075 0.0000000000
100065  -24.526  1.926  -36.553 0.0000000000
100069  -32.443  2.498  -36.244 0.0000000000
100075  -26.334  1.946  -37.892 0.0000000000
100078  -30.892  2.371  -37.452 0.0000000000
100089  -28.454  2.275  -38.486 0.0000000000
100090  -29.631  2.331  -38.207 0.0000000000
101187  -34.744  2.867  -34.160 0.0000000000
101203  -34.296  3.427  -34.517 0.0000000000
101212  -32.104  2.945  -36.798 0.0000000000
101219  -24.966  3.206  -37.149 0.0000000000
101224  -31.730  3.379  -37.369 0.0000000000
101242  -29.010  3.372  -39.110 0.0000000000
102489  -33.041  4.036  -36.366 0.0000000000
102497  -31.327  3.887  -38.024 0.0000000000
102499  -32.716  4.459  -37.012 0.0000000000
102505  -26.218  4.261  -38.555 0.0000000000
102508  -30.796  4.072  -38.814 0.0000000000
102513  -26.750  4.450  -39.181 0.0000000000
103706  -34.568  4.989  -34.746 0.0000000000
103711  -23.344  5.083  -36.474 0.0000000000
103721  -34.944  5.714  -35.000 0.0000000000
103729  -24.493  4.710  -37.344 0.0000000000
103733  -32.908  5.851  -36.381 0.0000000000
103745  -32.123  5.151  -38.220 0.0000000000
103751  -25.439  5.636  -38.987 0.0000000000
103757  -30.893  4.888  -39.087 0.0000000000
103765  -28.451  5.228  -40.207 0.0000000000
104870  -34.212  6.488  -35.130 0.0000000000
104887  -32.570  6.188  -37.044 0.0000000000
104906  -30.765  5.552  -39.356 0.0000000000
104907  -31.896  6.009  -38.942 0.0000000000
104917  -30.919  6.112  -39.740 0.0000000000
106013  -37.582  6.445  -36.007 0.0000000000
106044  -33.204  7.145  -36.584 0.0000000000
106045  -34.047  7.263  -36.552 0.0000000000
106053  -24.248  7.107  -38.599 0.0000000000
106055  -32.102  7.109  -38.419 0.0000000000
107104  -37.687  7.159  -35.943 0.0000000000
107120  -37.268  7.710  -36.278 0.0000000000
107136  -33.692  7.725  -37.620 0.0000000000
107137  -34.334  7.611  -37.223 0.0000000000
107150  -32.457  7.675  -38.475 0.0000000000
107168  -32.977  6.952  -40.919 0.0000000000
107186  -32.798  8.350  -44.301 0.0000000000
107192  -31.794  8.676  -46.027 0.0000000000
107193  -32.324  8.482  -45.107 0.0000000000
107202  -32.309  8.741  -45.967 0.0000000000
107203  -32.516  8.617  -45.207 0.0000000000
108094  -38.797  8.243  -36.809 0.0000000000
108108  -35.240  8.349  -37.392 0.0000000000
108122  -32.391  8.106  -38.974 0.0000000000
108143  -31.483  8.912  -41.079 0.0000000000
108156  -33.193  7.410  -42.554 0.0000000000
108181  -32.592  8.751  -45.017 0.0000000000
108192  -30.827  9.396  -46.334 0.0000000000
108193  -31.921  9.094  -46.565 0.0000000000
108194  -32.401  8.883  -45.962 0.0000000000
108206  -31.312  9.678  -46.496 0.0000000000
108207  -31.898  9.360  -46.134 0.0000000000
109064  -38.075  9.027  -36.627 0.0000000000
109065  -38.634  8.857  -36.822 0.0000000000
109075  -34.944  8.899  -37.825 0.0000000000
109079  -38.391  9.432  -37.135 0.0000000000
109089  -32.568  8.810  -39.126 0.0000000000
109091  -33.963  9.224  -38.690 0.0000000000
109092  -34.637  9.443  -38.296 0.0000000000
109094  -39.105  9.433  -38.313 0.0000000000
109106  -33.533  9.640  -39.126 0.0000000000
109144  -32.155  9.512  -44.860 0.0000000000
109153  -31.458  9.954  -45.993 0.0000000000
110070  -36.409  10.628  -37.914 0.0000000000
110071  -37.459  10.126  -37.540 0.0000000000
110097  -34.298  10.517  -39.107 0.0000000000
111010  -37.874  10.582  -38.011 0.0000000000
111022  -35.979  11.165  -38.356 0.0000000000
111024  -37.659  11.190  -38.299 0.0000000000
111025  -38.919  10.846  -38.722 0.0000000000
111046  -33.527  11.111  -40.198 0.0000000000
112045  -36.795  11.808  -38.778 0.0000000000
112048  -38.599  11.280  -38.592 0.0000000000
112059  -34.791  11.763  -39.528 0.0000000000
112061  -36.474  12.263  -39.143 0.0000000000
112063  -38.020  12.316  -38.926 0.0000000000
112064  -38.667  11.952  -39.001 0.0000000000
112083  -33.608  12.046  -41.589 0.0000000000
112084  -34.030  12.009  -40.878 0.0000000000
113063  -35.987  12.677  -39.592 0.0000000000
113077  -35.386  13.052  -40.053 0.0000000000
113079  -37.102  13.510  -39.776 0.0000000000
113100  -33.906  12.583  -42.223 0.0000000000
114025  -36.523  13.975  -40.090 0.0000000000
115003  -34.592  13.945  -41.753 0.0000000000
115005  -36.406  15.120  -40.644 0.0000000000
115953  -36.903  15.600  -41.021 0.0000000000
162792  -32.191  -1.855  -33.446 0.0000000000
163672  -27.016  3.026  -38.413 0.0000000000
166357  -33.639  7.421  -37.057 0.0000000000
166620  -35.802  7.217  -36.750 0.0000000000
168746  -32.424  4.835  -37.644 0.0000000000
168991  -28.307  -2.646  -35.839 0.0000000000
170379  -33.599  5.316  -35.253 0.0000000000
171149  -24.387  0.951  -35.536 0.0000000000
175773  -34.984  10.193  -38.329 0.0000000000
179025  -26.629  -10.584  -29.366 0.0000000000
185000  -36.066  7.863  -36.748 0.0000000000
186441  -30.746  -5.997  -31.476 0.0000000000
186682  -36.046  6.386  -36.052 0.0000000000
187732  -32.458  10.583  -39.950 0.0000000000
188878  -37.349  6.730  -36.073 0.0000000000
190087  -31.263  2.139  -36.946 0.0000000000
192325  -31.429  -2.549  -33.488 0.0000000000
