#!ascii label  , from subject sub-v2s13x29097_ses-1 vox2ras=TkReg
1373
97270  16.482  3.242  -40.866 0.2500000000
97276  17.040  3.051  -42.179 0.2500000000
96028  16.868  2.766  -41.442 0.7500000000
100831  16.545  5.833  -42.542 0.2500000000
99641  16.998  5.603  -43.056 0.1250000000
100842  17.397  5.837  -43.604 0.3750000000
99636  16.732  5.025  -42.581 0.2500000000
98420  16.165  3.953  -41.042 0.2500000000
97284  17.318  3.440  -42.836 0.7500000000
98434  16.737  3.739  -42.292 0.3750000000
96027  17.451  2.405  -41.890 0.8750000000
96042  17.725  2.658  -42.746 0.8750000000
96026  18.167  1.968  -42.260 0.8750000000
167272  17.932  5.351  -43.998 0.3750000000
99635  17.415  4.938  -43.336 0.3750000000
180759  18.120  4.556  -43.901 0.8750000000
98439  17.702  4.001  -43.385 0.7500000000
97314  19.627  3.374  -43.832 1.0000000000
97315  19.263  3.699  -43.994 1.0000000000
98451  18.476  3.801  -43.827 0.8750000000
96058  19.393  2.443  -43.613 1.0000000000
96060  18.095  3.151  -43.403 0.8750000000
96057  19.845  2.417  -43.523 1.0000000000
102030  17.299  6.594  -43.856 0.2500000000
100852  18.397  5.643  -44.563 0.7500000000
100861  19.399  5.463  -45.533 0.8750000000
99662  19.074  5.088  -44.797 0.8750000000
192976  18.500  5.016  -44.289 0.7500000000
98449  20.327  4.303  -44.243 1.0000000000
98463  20.192  4.678  -44.801 1.0000000000
99661  19.790  4.929  -45.200 1.0000000000
97311  21.308  4.060  -43.840 1.0000000000
97312  20.502  3.844  -43.833 1.0000000000
97295  20.850  3.309  -43.469 1.0000000000
97297  19.691  2.899  -43.707 1.0000000000
100843  16.835  6.359  -43.140 0.1250000000
100863  18.225  6.359  -44.881 0.6250000000
100879  19.557  5.706  -46.236 1.0000000000
183062  19.025  5.990  -45.832 0.8750000000
99675  20.027  5.201  -45.884 1.0000000000
98460  21.981  5.114  -45.045 1.0000000000
98461  21.303  4.975  -45.098 1.0000000000
99660  20.614  4.900  -45.446 1.0000000000
99674  20.627  5.055  -46.090 1.0000000000
98446  22.549  4.649  -44.413 1.0000000000
98447  21.703  4.674  -44.427 1.0000000000
97327  25.130  3.246  -44.864 1.0000000000
97309  23.265  3.855  -44.068 1.0000000000
105921  15.375  8.963  -47.259 0.2500000000
102042  17.658  6.918  -44.574 0.2500000000
103343  17.752  7.572  -45.299 0.3750000000
102054  18.051  6.922  -45.205 0.5000000000
102082  19.112  6.608  -47.197 1.0000000000
102068  18.379  7.087  -46.323 0.6250000000
100896  18.962  6.412  -46.471 1.0000000000
100893  21.002  5.595  -47.391 1.0000000000
100895  19.713  5.982  -47.007 1.0000000000
99656  23.230  5.377  -45.298 1.0000000000
99657  22.260  5.460  -45.521 1.0000000000
99684  21.820  5.715  -46.873 1.0000000000
99670  24.255  5.370  -45.371 1.0000000000
98444  24.491  4.320  -44.667 1.0000000000
98473  25.711  4.292  -45.723 1.0000000000
185693  26.008  3.598  -45.931 1.0000000000
104670  15.038  8.775  -47.062 0.5000000000
104669  15.519  8.574  -47.262 0.3750000000
104668  16.325  8.368  -47.470 0.3750000000
103374  17.657  8.209  -47.185 0.5000000000
103388  17.481  8.158  -47.751 0.5000000000
103386  18.963  7.560  -48.669 0.8750000000
102095  18.840  7.129  -47.793 1.0000000000
176192  21.476  5.943  -47.852 1.0000000000
102093  20.112  6.644  -48.388 1.0000000000
100877  22.588  5.935  -46.409 1.0000000000
177214  22.551  6.140  -46.995 1.0000000000
100873  25.970  5.415  -46.228 1.0000000000
99669  25.256  5.139  -45.724 1.0000000000
169314  26.253  3.974  -46.294 0.8750000000
105939  14.432  9.589  -47.568 0.5000000000
104685  15.680  8.485  -47.685 0.5000000000
104701  16.337  8.925  -48.915 0.6250000000
104700  17.422  8.846  -49.380 0.6250000000
104699  18.416  8.678  -49.585 1.0000000000
103387  18.318  7.799  -48.161 0.7500000000
103399  20.981  7.720  -49.610 1.0000000000
102065  25.475  6.814  -46.131 1.0000000000
102081  23.131  6.842  -47.280 1.0000000000
100916  22.446  6.464  -48.777 1.0000000000
177653  25.148  6.252  -46.169 1.0000000000
100875  24.296  6.118  -46.155 1.0000000000
100876  23.157  6.323  -46.639 1.0000000000
102080  26.834  6.497  -46.524 0.8750000000
167892  25.977  6.206  -46.245 1.0000000000
99682  26.589  4.986  -46.558 0.8750000000
105938  15.281  9.101  -48.257 0.5000000000
105952  17.036  9.582  -49.992 0.8750000000
104697  21.571  8.389  -49.623 1.0000000000
104712  19.886  8.708  -49.743 1.0000000000
169289  24.240  7.284  -46.218 1.0000000000
103385  23.372  7.541  -48.607 1.0000000000
102118  21.849  7.446  -49.621 1.0000000000
104649  25.460  8.572  -46.132 1.0000000000
102079  27.506  6.788  -46.920 1.0000000000
102064  26.301  6.999  -46.232 1.0000000000
103357  24.773  7.947  -46.053 1.0000000000
102063  27.033  7.223  -46.497 1.0000000000
107164  14.465  10.144  -48.343 0.5000000000
107191  15.704  10.840  -50.027 0.8750000000
105966  17.402  9.852  -50.141 1.0000000000
105919  21.161  9.516  -47.492 1.0000000000
105948  20.852  8.812  -49.444 1.0000000000
105951  18.742  9.367  -49.888 1.0000000000
176860  25.358  9.863  -46.334 1.0000000000
105902  23.982  9.480  -46.654 1.0000000000
105916  27.457  9.467  -46.740 1.0000000000
105900  25.339  9.341  -46.228 1.0000000000
104650  24.508  8.874  -46.195 1.0000000000
103370  28.000  7.950  -47.031 1.0000000000
105899  26.896  8.934  -46.524 1.0000000000
103384  28.633  7.380  -47.887 0.8750000000
110792  18.320  12.827  -46.964 1.0000000000
110778  16.545  13.169  -46.265 0.3750000000
109576  18.677  12.224  -47.181 0.8750000000
107145  20.074  10.157  -47.456 1.0000000000
107126  25.075  10.326  -46.438 1.0000000000
171454  23.560  9.920  -46.985 1.0000000000
111936  18.095  14.041  -46.381 0.8750000000
110775  19.976  13.235  -46.937 1.0000000000
110791  19.172  12.897  -47.069 1.0000000000
176134  19.282  11.946  -47.277 1.0000000000
109575  19.932  12.451  -47.158 1.0000000000
108351  21.195  10.977  -47.190 1.0000000000
107127  24.520  10.775  -46.587 1.0000000000
108334  24.046  11.275  -46.671 1.0000000000
172494  25.717  10.663  -46.268 1.0000000000
113044  18.382  14.630  -46.065 0.7500000000
110790  20.481  12.767  -46.986 1.0000000000
109558  21.866  12.295  -46.943 1.0000000000
109554  24.855  12.267  -46.261 1.0000000000
168798  23.646  11.830  -46.713 1.0000000000
173609  24.272  11.883  -46.463 1.0000000000
165002  20.694  13.322  -46.740 1.0000000000
110773  21.954  12.992  -46.571 1.0000000000
109556  23.248  12.438  -46.582 1.0000000000
119419  20.092  20.227  -47.085 0.1250000000
119411  19.666  20.727  -46.528 0.1250000000
118420  20.558  19.789  -47.640 0.2500000000
119427  19.978  20.269  -47.964 0.1250000000
190623  20.173  19.715  -49.151 0.3750000000
119437  19.187  20.436  -49.229 0.2500000000
117392  19.958  19.290  -49.682 0.5000000000
118434  19.575  19.844  -49.506 0.2500000000
118444  19.279  19.375  -50.047 0.3750000000
167679  18.851  21.000  -49.138 0.2500000000
119443  18.847  20.014  -49.870 0.2500000000
119438  18.126  20.511  -49.553 0.2500000000
120505  17.178  20.984  -49.577 0.2500000000
190870  18.082  19.999  -50.061 0.2500000000
119454  16.832  19.934  -50.487 0.2500000000
118455  17.639  19.583  -50.648 0.3750000000
119444  17.215  20.256  -49.945 0.2500000000
117400  17.989  18.999  -51.321 0.3750000000
118456  16.708  19.598  -51.101 0.2500000000
98405  16.113  3.811  -40.306 0.1250000000
167983  16.581  4.360  -42.280 0.2500000000
188413  16.198  4.811  -41.899 0.1250000000
97293  22.998  3.105  -43.604 1.0000000000
104714  18.067  9.376  -49.918 0.8750000000
104666  22.733  8.638  -47.122 1.0000000000
97246  16.452  3.069  -39.263 0.1250000000
187853  17.252  2.202  -41.235 0.6250000000
94765  17.894  1.070  -41.148 0.7500000000
183970  15.782  5.388  -41.502 0.1250000000
94778  18.930  1.262  -42.091 1.0000000000
98421  15.743  4.334  -40.522 0.1250000000
96039  20.208  1.966  -43.126 1.0000000000
96055  21.392  2.706  -43.118 1.0000000000
96072  24.134  2.872  -43.982 1.0000000000
103334  17.287  7.633  -44.566 0.3750000000
104654  17.334  8.952  -46.194 0.2500000000
104653  17.260  8.684  -46.943 0.2500000000
97336  26.274  3.161  -46.598 0.8750000000
100904  27.529  5.602  -47.633 0.8750000000
98485  26.961  3.947  -47.623 0.8750000000
102101  28.230  6.308  -48.806 0.8750000000
111921  15.621  13.738  -45.457 0.1250000000
110779  15.981  13.051  -45.834 0.1250000000
107150  13.939  11.100  -48.303 0.3750000000
107163  16.397  11.118  -49.261 0.6250000000
104665  27.705  8.700  -46.862 1.0000000000
102091  28.369  6.763  -48.112 0.8750000000
110777  17.138  13.313  -46.523 0.5000000000
111950  18.606  13.568  -46.792 0.8750000000
110794  16.969  12.600  -46.543 0.3750000000
108355  17.608  11.328  -47.351 0.8750000000
184891  26.991  10.559  -46.471 1.0000000000
108348  27.547  10.859  -46.846 1.0000000000
169744  27.670  11.630  -47.043 1.0000000000
111935  19.386  13.772  -46.761 1.0000000000
109553  25.551  11.889  -46.196 1.0000000000
182261  18.997  14.745  -46.151 0.8750000000
113042  21.499  14.437  -46.105 1.0000000000
111931  23.054  13.822  -46.138 1.0000000000
109555  24.118  12.571  -46.388 1.0000000000
120461  20.502  20.641  -45.065 0.1250000000
118389  20.876  19.101  -45.105 0.1250000000
117341  22.008  18.279  -46.285 0.6250000000
118419  21.021  19.371  -48.120 0.6250000000
117391  20.995  18.646  -49.803 0.5000000000
119428  19.422  20.758  -48.372 0.2500000000
117398  19.560  18.350  -51.103 0.5000000000
121571  18.745  22.179  -48.985 0.2500000000
120497  17.981  21.293  -49.434 0.2500000000
118454  19.035  18.976  -50.605 0.5000000000
117399  18.721  18.632  -51.186 0.5000000000
121587  16.433  21.559  -49.382 0.1250000000
119445  16.478  20.281  -50.212 0.2500000000
118465  15.815  19.756  -51.741 0.2500000000
117406  18.317  18.388  -51.835 0.3750000000
173744  15.977  19.337  -52.442 0.2500000000
120507  15.793  21.316  -49.879 0.1250000000
97260  16.418  3.118  -40.046 0.1250000000
96018  16.794  2.411  -40.614 0.5000000000
99624  15.753  4.678  -41.111 0.1250000000
94779  17.753  1.784  -41.494 0.7500000000
191632  18.206  2.636  -43.252 0.8750000000
191870  18.573  1.546  -42.233 1.0000000000
96040  19.540  1.885  -43.263 1.0000000000
99647  19.548  4.498  -44.456 1.0000000000
97298  19.306  2.964  -43.774 1.0000000000
96056  20.461  2.577  -43.288 1.0000000000
97294  21.839  3.377  -43.452 1.0000000000
102053  18.496  6.545  -45.656 0.8750000000
100878  20.228  5.385  -46.554 1.0000000000
98458  23.588  4.906  -44.761 1.0000000000
99659  20.998  5.065  -45.669 1.0000000000
99673  21.143  5.275  -46.292 1.0000000000
98445  23.470  4.473  -44.438 1.0000000000
97308  24.281  3.587  -44.359 1.0000000000
103360  17.997  7.912  -46.304 0.3750000000
103373  18.223  7.614  -46.829 0.5000000000
102094  19.537  6.521  -47.730 1.0000000000
100909  20.257  5.958  -47.649 1.0000000000
98474  24.938  4.694  -45.185 1.0000000000
180075  22.595  5.722  -45.857 1.0000000000
99683  22.021  5.652  -46.242 1.0000000000
99671  23.459  5.843  -45.903 1.0000000000
99668  26.077  4.699  -46.146 1.0000000000
162361  18.216  7.680  -47.431 0.6250000000
189759  16.780  8.393  -48.199 0.6250000000
102107  19.703  7.428  -48.979 1.0000000000
103401  19.249  8.242  -49.557 1.0000000000
100907  22.123  6.157  -48.071 1.0000000000
100917  21.596  6.369  -48.573 1.0000000000
102105  21.280  6.988  -49.212 1.0000000000
100874  25.223  5.785  -46.004 1.0000000000
100889  26.700  5.724  -46.528 0.8750000000
97347  26.918  3.115  -47.907 0.8750000000
103413  21.514  8.096  -49.780 1.0000000000
103356  25.703  7.648  -46.121 1.0000000000
102067  23.804  6.657  -46.458 1.0000000000
102103  23.520  7.102  -49.236 1.0000000000
170048  23.360  7.202  -48.076 1.0000000000
100888  27.298  6.041  -46.995 0.8750000000
104683  21.590  8.685  -49.006 1.0000000000
104713  19.004  9.009  -49.983 1.0000000000
104681  22.716  8.220  -47.823 1.0000000000
104711  22.340  8.009  -49.642 1.0000000000
103358  23.876  8.030  -46.175 1.0000000000
103411  23.131  7.449  -49.509 1.0000000000
103359  23.254  8.070  -46.510 1.0000000000
104648  26.328  8.331  -46.306 1.0000000000
103354  27.187  8.025  -46.592 1.0000000000
107192  14.994  11.480  -49.623 0.6250000000
187179  16.268  10.876  -50.042 0.7500000000
107189  18.022  9.762  -49.909 1.0000000000
105937  20.215  9.234  -49.046 1.0000000000
107177  18.576  9.777  -49.681 1.0000000000
105935  21.576  8.952  -47.843 1.0000000000
105920  20.446  9.575  -47.846 1.0000000000
105918  21.870  9.477  -47.270 1.0000000000
177297  26.628  9.853  -46.370 1.0000000000
104667  22.187  8.800  -47.466 1.0000000000
110793  17.588  12.698  -46.798 0.7500000000
108354  18.520  11.325  -47.418 1.0000000000
109577  17.993  12.029  -47.117 0.7500000000
107161  18.995  9.941  -48.678 1.0000000000
107143  21.640  10.311  -47.194 1.0000000000
107146  18.731  10.480  -47.897 1.0000000000
182875  19.818  10.730  -47.280 1.0000000000
107129  23.093  10.433  -47.055 1.0000000000
113043  19.522  14.497  -46.386 0.8750000000
177312  20.033  11.558  -47.252 1.0000000000
109574  20.645  12.119  -47.119 1.0000000000
108350  21.918  11.139  -47.206 1.0000000000
108349  22.614  11.064  -47.153 1.0000000000
179516  20.771  11.481  -47.183 1.0000000000
108331  26.050  11.239  -46.205 1.0000000000
189143  22.372  13.588  -46.269 1.0000000000
109572  22.233  11.747  -47.146 1.0000000000
110771  23.587  13.241  -46.265 1.0000000000
111932  21.746  13.756  -46.308 1.0000000000
111934  20.227  14.025  -46.541 1.0000000000
186690  20.443  20.247  -45.531 0.1250000000
118410  20.625  19.658  -46.736 0.1250000000
119402  20.763  19.851  -44.990 0.1250000000
120486  19.309  21.328  -47.789 0.2500000000
119436  19.828  20.176  -48.801 0.2500000000
118398  21.110  19.099  -46.368 0.3750000000
118409  21.084  19.268  -47.218 0.5000000000
117393  19.711  18.830  -50.260 0.5000000000
117383  20.771  19.250  -49.137 0.7500000000
119455  16.130  20.051  -50.801 0.2500000000
118464  16.615  19.259  -51.876 0.2500000000
96012  16.599  2.388  -39.735 0.2500000000
174957  16.548  2.965  -38.605 0.1250000000
96006  16.598  2.206  -38.960 0.1250000000
94756  16.860  1.742  -40.092 0.6250000000
94766  17.317  1.574  -40.765 0.7500000000
186342  19.418  1.489  -42.683 1.0000000000
177325  16.398  12.450  -46.128 0.5000000000
108386  15.304  12.114  -48.846 0.6250000000
189226  17.983  10.053  -49.669 0.8750000000
108371  17.168  10.982  -47.894 0.7500000000
177333  17.558  10.445  -48.891 0.8750000000
109578  17.261  11.991  -46.854 0.7500000000
108370  18.000  10.657  -47.963 1.0000000000
108353  19.268  11.032  -47.382 1.0000000000
165229  20.809  14.454  -46.208 1.0000000000
113040  23.295  14.634  -45.952 1.0000000000
174229  24.421  13.476  -46.276 1.0000000000
117332  20.630  18.587  -44.746 0.3750000000
117354  22.092  18.448  -47.105 0.7500000000
117366  21.606  18.938  -47.622 0.7500000000
117355  21.562  18.758  -46.765 0.5000000000
186104  21.393  18.751  -49.177 0.7500000000
117408  16.478  18.864  -52.662 0.2500000000
117414  17.923  18.116  -52.549 0.3750000000
91201  19.084  -1.533  -38.141 0.7500000000
90040  20.566  -1.808  -39.660 0.7500000000
91202  18.225  -1.326  -38.180 0.7500000000
92371  17.936  -0.950  -38.599 0.7500000000
91242  20.372  -1.038  -39.801 0.7500000000
166882  19.381  -1.181  -38.882 0.7500000000
92383  18.940  -0.678  -39.273 0.7500000000
92384  18.162  -0.608  -39.089 0.7500000000
91260  21.710  -1.004  -40.642 0.7500000000
92395  20.864  -0.614  -40.263 0.7500000000
92397  19.181  -0.323  -39.906 0.7500000000
186836  17.476  0.478  -39.955 0.7500000000
93567  17.555  0.887  -40.582 0.6250000000
93550  19.367  0.126  -40.469 0.7500000000
93565  18.825  0.430  -40.941 0.8750000000
189320  18.041  0.081  -40.076 0.8750000000
92410  21.916  -0.347  -41.219 0.7500000000
92411  21.214  -0.188  -40.814 0.7500000000
168257  20.724  0.352  -41.018 0.7500000000
93582  20.090  0.709  -41.420 0.8750000000
94777  19.705  1.187  -42.105 0.8750000000
93579  22.619  0.053  -41.978 0.7500000000
93595  22.241  0.705  -42.127 0.7500000000
94793  21.643  1.412  -42.483 0.8750000000
94795  20.014  1.521  -42.745 0.8750000000
94806  23.879  1.475  -43.257 0.7500000000
96054  22.933  1.782  -42.942 0.8750000000
179293  22.378  2.595  -43.163 0.8750000000
94814  24.884  1.174  -44.340 0.8750000000
184395  24.383  2.251  -43.843 0.8750000000
96070  25.197  1.692  -44.783 0.8750000000
96081  25.417  2.274  -45.226 0.8750000000
94843  27.796  0.088  -48.466 0.3750000000
94837  26.771  0.027  -48.287 0.6250000000
169875  26.212  0.931  -47.356 0.7500000000
192422  25.610  2.819  -45.490 0.7500000000
96105  28.489  0.837  -48.857 0.5000000000
96107  27.100  0.886  -48.482 0.5000000000
171897  27.539  1.635  -48.874 0.7500000000
97348  26.555  2.615  -47.459 0.7500000000
97357  30.085  2.607  -49.170 0.1250000000
97370  29.046  1.975  -49.710 0.3750000000
96116  27.887  2.212  -49.183 0.6250000000
97359  27.332  2.650  -48.643 0.6250000000
98496  27.245  3.658  -48.305 0.6250000000
162743  32.107  3.804  -49.462 0.1250000000
163283  31.275  3.301  -49.665 0.1250000000
97379  29.989  2.782  -50.293 0.1250000000
98517  30.257  3.034  -50.730 0.1250000000
99709  28.198  4.681  -49.824 0.6250000000
190657  28.096  5.502  -49.799 0.6250000000
100915  27.901  5.570  -49.178 0.7500000000
98529  31.433  3.266  -51.204 0.1250000000
98544  31.150  3.804  -51.838 0.1250000000
99717  29.629  4.713  -51.183 0.1250000000
188622  28.422  5.327  -50.271 0.5000000000
191294  28.395  6.219  -49.682 0.6250000000
102100  28.695  6.816  -48.840 0.7500000000
166422  32.903  3.378  -50.853 0.1250000000
100929  29.263  5.698  -51.188 0.5000000000
102126  29.238  6.491  -50.958 0.5000000000
169538  28.961  6.917  -49.412 0.6250000000
102090  28.844  7.231  -48.338 0.7500000000
114155  18.001  15.093  -45.618 0.6250000000
114133  19.211  15.844  -45.435 0.5000000000
114153  19.454  15.151  -45.949 0.7500000000
103409  29.868  7.824  -49.982 0.6250000000
187803  29.628  8.994  -48.482 0.6250000000
105914  28.828  9.153  -47.443 0.8750000000
104725  30.505  8.148  -51.323 0.5000000000
104709  29.954  8.531  -49.577 0.6250000000
105964  29.881  9.289  -49.138 0.6250000000
107159  29.539  9.716  -48.411 0.7500000000
114132  20.047  15.642  -45.559 0.7500000000
168204  28.562  9.834  -47.248 0.8750000000
109569  27.040  12.113  -46.927 0.8750000000
109570  26.463  12.598  -46.847 0.8750000000
107160  29.273  10.342  -48.028 0.7500000000
190097  28.810  11.360  -47.550 0.8750000000
109591  28.418  12.270  -47.920 0.8750000000
110787  27.840  12.457  -47.453 0.8750000000
110788  27.053  12.847  -47.323 0.8750000000
104724  30.788  8.349  -52.091 0.3750000000
168233  30.239  8.520  -50.473 0.5000000000
105974  30.273  9.483  -50.756 0.5000000000
107176  29.505  10.532  -48.679 0.6250000000
104731  30.953  8.543  -52.835 0.2500000000
167875  30.665  8.852  -51.678 0.3750000000
107201  30.044  10.203  -50.561 0.5000000000
115197  19.974  16.382  -45.142 0.6250000000
115195  22.249  16.675  -45.258 0.7500000000
113026  21.116  15.027  -45.835 0.8750000000
114131  21.536  15.872  -45.435 0.7500000000
113025  21.980  15.116  -45.699 0.8750000000
186360  25.160  13.587  -46.549 0.8750000000
111948  25.659  14.050  -47.151 0.7500000000
110803  26.866  13.530  -47.686 0.8750000000
179798  29.366  11.215  -49.004 0.6250000000
109603  29.109  11.705  -48.614 0.7500000000
105980  30.397  9.496  -51.643 0.3750000000
107208  30.087  10.188  -51.321 0.5000000000
109618  28.665  12.381  -49.704 0.7500000000
105985  30.686  9.301  -53.151 0.2500000000
167561  20.725  16.984  -45.062 0.6250000000
114130  22.491  15.891  -45.392 0.8750000000
114152  23.519  15.406  -45.915 0.8750000000
113038  24.458  14.874  -46.596 0.8750000000
114171  24.204  16.005  -46.985 0.7500000000
111961  26.008  14.439  -47.727 0.8750000000
111966  27.197  13.778  -49.202 0.7500000000
171605  29.099  11.949  -50.295 0.5000000000
107223  29.763  10.247  -54.103 0.2500000000
186378  29.540  10.963  -52.686 0.5000000000
108417  29.758  10.946  -51.039 0.5000000000
105991  30.834  9.163  -54.081 0.2500000000
116302  21.507  17.513  -45.206 0.5000000000
182089  22.333  17.797  -45.928 0.5000000000
116312  22.530  17.964  -46.574 0.6250000000
115231  23.385  17.109  -47.547 0.7500000000
115230  23.849  16.553  -47.153 0.7500000000
115245  23.472  16.974  -48.311 0.7500000000
114203  24.239  16.200  -48.410 0.7500000000
194489  25.085  15.446  -49.095 0.7500000000
114186  24.690  15.760  -48.055 0.7500000000
115258  23.747  16.612  -48.733 0.7500000000
113084  25.614  15.022  -48.913 0.7500000000
111975  26.710  14.199  -49.600 0.7500000000
113104  26.227  14.626  -50.005 0.7500000000
110824  28.259  12.901  -51.567 0.5000000000
110839  27.820  13.332  -51.948 0.3750000000
110825  27.793  13.316  -50.873 0.6250000000
107224  29.115  11.088  -54.075 0.2500000000
109669  28.865  12.081  -52.937 0.3750000000
109658  28.478  12.564  -52.665 0.3750000000
116342  22.607  17.989  -48.359 0.6250000000
174566  22.939  17.627  -47.713 0.7500000000
115259  23.196  17.020  -49.015 0.7500000000
171498  23.979  15.915  -50.023 0.7500000000
113125  24.860  15.387  -50.445 0.7500000000
113123  26.223  14.602  -50.891 0.6250000000
169630  27.718  13.300  -53.251 0.3750000000
111999  26.924  14.091  -52.104 0.3750000000
107229  29.179  10.503  -55.631 0.1250000000
108445  28.433  11.552  -55.306 0.1250000000
177816  28.331  12.408  -53.974 0.2500000000
116356  22.404  17.998  -49.263 0.6250000000
116362  22.705  17.379  -49.605 0.7500000000
114217  23.545  16.288  -49.990 0.6250000000
180445  24.199  15.670  -50.506 0.7500000000
192454  26.632  14.310  -52.386 0.3750000000
182387  25.633  14.889  -51.384 0.3750000000
113124  25.565  14.970  -50.435 0.7500000000
110875  27.505  13.312  -54.388 0.2500000000
112005  27.392  13.669  -53.101 0.3750000000
170522  26.801  14.155  -51.316 0.6250000000
108455  28.319  11.119  -57.624 0.1250000000
109690  27.794  11.546  -57.067 0.1250000000
182073  28.867  10.717  -56.323 0.1250000000
117390  21.760  18.362  -49.618 0.6250000000
116363  22.095  17.775  -50.058 0.6250000000
114224  22.950  16.362  -50.682 0.3750000000
115271  22.508  17.118  -50.418 0.3750000000
114233  23.733  15.581  -51.643 0.3750000000
113181  26.185  14.456  -54.698 0.2500000000
113153  26.330  14.549  -52.638 0.3750000000
114222  24.443  15.461  -51.226 0.3750000000
110893  27.093  12.711  -56.947 0.1250000000
112032  27.144  13.588  -54.840 0.3750000000
112013  27.000  13.979  -53.599 0.3750000000
108466  29.296  11.402  -59.449 0.1250000000
109685  27.774  12.508  -55.579 0.1250000000
116382  19.702  16.988  -51.724 0.3750000000
117397  20.427  18.370  -50.596 0.3750000000
116371  21.639  17.363  -50.830 0.3750000000
114225  22.479  16.079  -51.452 0.3750000000
115278  22.125  16.656  -51.083 0.3750000000
113171  24.124  15.400  -53.217 0.3750000000
114245  23.683  15.508  -52.473 0.3750000000
114234  22.988  15.743  -51.922 0.3750000000
173599  25.647  14.806  -54.576 0.3750000000
113154  25.768  14.859  -53.016 0.3750000000
113142  24.373  15.330  -52.064 0.3750000000
110915  26.735  13.357  -59.017 0.1250000000
110886  26.936  13.473  -55.491 0.1250000000
112043  26.463  13.835  -55.740 0.2500000000
109702  27.716  11.592  -59.128 0.1250000000
171126  20.525  16.549  -52.263 0.2500000000
171660  22.254  15.772  -52.974 0.2500000000
114236  21.193  16.243  -52.303 0.3750000000
115285  20.884  16.787  -51.793 0.3750000000
114276  24.244  15.497  -54.777 0.1250000000
114259  23.406  15.604  -53.186 0.3750000000
114246  22.862  15.694  -52.682 0.3750000000
113182  25.002  15.130  -54.858 0.1250000000
113183  24.456  15.384  -54.041 0.2500000000
112061  25.691  13.993  -58.221 0.1250000000
113190  25.678  14.612  -55.277 0.1250000000
116383  19.225  17.148  -51.953 0.3750000000
115286  20.007  16.695  -51.962 0.3750000000
115294  20.672  16.347  -52.953 0.2500000000
163640  23.605  15.708  -54.368 0.1250000000
114278  21.937  15.871  -54.321 0.1250000000
114288  23.667  15.729  -55.245 0.1250000000
114289  22.971  15.882  -55.070 0.1250000000
112070  26.184  14.156  -59.370 0.1250000000
114313  23.815  15.605  -57.191 0.1250000000
115335  20.213  16.777  -55.328 0.1250000000
115341  23.200  16.108  -56.775 0.1250000000
115332  22.346  16.123  -55.831 0.1250000000
114320  24.547  15.838  -58.770 0.1250000000
113225  25.936  15.332  -59.980 0.1250000000
94794  20.743  1.516  -42.578 0.8750000000
94822  25.500  1.163  -45.669 0.6250000000
102113  29.589  7.169  -50.441 0.6250000000
108369  29.182  11.116  -48.131 0.8750000000
194460  29.493  11.344  -50.489 0.5000000000
105986  30.329  9.743  -52.454 0.3750000000
191739  21.928  17.116  -45.241 0.6250000000
181844  22.863  16.464  -45.423 0.8750000000
114128  23.629  16.040  -45.993 0.8750000000
115194  23.332  16.659  -45.817 0.7500000000
114150  24.477  15.490  -46.907 0.8750000000
113069  25.107  15.310  -47.746 0.7500000000
113067  26.155  14.610  -48.420 0.7500000000
111967  26.646  14.187  -48.783 0.7500000000
109645  29.073  12.014  -51.793 0.5000000000
109646  28.594  12.526  -52.006 0.5000000000
110814  28.235  12.863  -50.143 0.7500000000
108426  29.287  11.582  -52.376 0.5000000000
112051  26.130  13.492  -57.511 0.1250000000
114260  22.772  15.717  -53.391 0.2500000000
114304  23.088  15.994  -55.912 0.1250000000
172081  24.260  15.340  -57.965 0.1250000000
98519  28.839  3.576  -50.033 0.5000000000
99701  27.572  4.198  -48.732 0.6250000000
99693  27.246  4.647  -47.818 0.7500000000
102133  30.333  6.771  -51.767 0.3750000000
103427  30.375  7.382  -51.348 0.3750000000
103433  31.274  7.746  -53.366 0.2500000000
110801  28.121  12.784  -48.284 0.7500000000
192783  25.426  14.528  -55.966 0.1250000000
104737  31.449  7.989  -54.070 0.1250000000
90002  19.371  -2.765  -37.736 0.7500000000
89978  18.981  -2.082  -37.603 0.7500000000
163105  17.692  -1.613  -37.728 0.7500000000
91203  17.440  -1.091  -38.139 0.7500000000
180415  20.256  -3.272  -39.295 0.7500000000
91200  19.789  -1.764  -38.553 0.7500000000
90039  21.223  -2.405  -39.864 0.7500000000
92385  17.041  0.218  -39.128 0.6250000000
92399  17.714  -0.120  -39.462 0.7500000000
91259  22.355  -1.804  -41.056 0.6250000000
92422  22.543  -0.675  -41.803 0.7500000000
179262  23.325  -0.429  -42.705 0.6250000000
171503  24.507  0.588  -43.891 0.6250000000
182796  25.743  0.091  -45.879 0.5000000000
92471  27.081  -1.176  -47.292 0.3750000000
94830  25.972  0.292  -46.660 0.5000000000
96096  28.256  0.489  -48.322 0.1250000000
97358  29.557  2.109  -48.909 0.1250000000
186011  31.093  3.503  -48.863 0.1250000000
166465  32.927  3.889  -49.329 0.1250000000
98527  33.536  3.325  -51.279 0.1250000000
98528  32.829  3.309  -51.618 0.1250000000
98542  32.825  3.455  -52.324 0.1250000000
114134  18.378  15.739  -45.409 0.3750000000
99725  32.413  3.825  -52.734 0.1250000000
164460  31.230  4.416  -52.430 0.1250000000
100935  30.446  5.906  -52.209 0.1250000000
102132  30.806  6.672  -52.319 0.2500000000
103426  30.761  7.460  -51.968 0.2500000000
190618  19.230  17.009  -44.673 0.5000000000
105997  30.956  9.042  -55.038 0.1250000000
177093  31.088  8.581  -53.660 0.2500000000
106012  30.669  9.395  -56.575 0.1250000000
107235  29.468  10.304  -56.648 0.1250000000
107240  29.964  10.321  -57.868 0.1250000000
117331  21.205  18.352  -45.280 0.3750000000
108465  30.215  11.226  -59.306 0.1250000000
109709  29.212  12.144  -60.006 0.1250000000
109708  30.100  11.864  -59.748 0.1250000000
110914  27.516  13.120  -59.627 0.1250000000
113223  27.716  14.962  -60.213 0.1250000000
121556  19.182  22.065  -48.220 0.1250000000
116400  18.653  16.962  -53.432 0.2500000000
115321  19.179  16.667  -54.118 0.1250000000
164783  18.504  17.319  -54.434 0.1250000000
115342  22.581  16.431  -56.588 0.1250000000
115334  20.917  16.549  -55.497 0.1250000000
115352  23.456  16.394  -57.575 0.1250000000
115367  26.764  16.538  -60.235 0.1250000000
184246  23.903  16.801  -58.177 0.1250000000
97337  25.930  2.882  -46.057 0.7500000000
104663  28.986  8.476  -47.731 0.7500000000
103383  29.066  7.821  -48.148 0.7500000000
113046  16.796  14.496  -46.073 0.3750000000
110769  25.401  12.721  -46.325 0.8750000000
96053  23.912  2.289  -43.594 0.8750000000
93566  18.101  0.504  -40.678 0.7500000000
93583  19.230  0.829  -41.500 0.8750000000
96087  26.169  2.139  -46.983 0.7500000000
99700  27.807  4.684  -49.164 0.6250000000
107140  28.118  10.401  -47.064 0.8750000000
111949  25.034  14.420  -46.924 0.8750000000
110789  25.907  13.191  -46.854 0.8750000000
116373  20.093  17.724  -51.388 0.3750000000
117405  19.077  18.054  -51.728 0.3750000000
117415  17.085  18.356  -52.979 0.1250000000
116391  18.316  17.515  -52.969 0.2500000000
91224  18.651  -1.030  -38.679 0.7500000000
91179  18.480  -1.702  -37.764 0.7500000000
187053  19.454  -2.090  -38.038 0.7500000000
91223  20.022  -1.440  -39.257 0.7500000000
90021  20.258  -2.320  -39.238 0.7500000000
90020  20.720  -2.985  -39.590 0.7500000000
91241  21.114  -1.437  -40.051 0.7500000000
92372  17.289  -0.508  -38.712 0.7500000000
92382  19.661  -0.808  -39.532 0.7500000000
92398  18.439  -0.273  -39.698 0.7500000000
92396  20.051  -0.287  -40.110 0.7500000000
93552  16.911  0.852  -39.483 0.6250000000
93551  18.618  0.047  -40.339 0.7500000000
93564  20.104  0.274  -40.690 0.8750000000
93580  22.044  0.201  -41.682 0.7500000000
93581  20.796  0.664  -41.626 0.8750000000
94776  20.455  1.103  -42.114 0.8750000000
94792  22.565  1.233  -42.539 0.7500000000
93594  23.011  0.339  -42.396 0.7500000000
94805  24.492  1.700  -43.753 0.7500000000
168868  23.234  2.281  -43.285 0.8750000000
93614  24.966  0.112  -44.560 0.6250000000
96088  25.738  1.830  -46.249 0.7500000000
94836  27.697  -0.548  -48.355 0.2500000000
93635  27.144  -0.911  -48.171 0.5000000000
96097  26.570  1.418  -47.882 0.7500000000
96115  28.421  1.446  -49.329 0.5000000000
96114  29.082  1.452  -49.303 0.2500000000
96104  29.074  1.310  -48.502 0.1250000000
97369  30.066  2.590  -49.786 0.2500000000
97381  28.823  2.802  -49.871 0.3750000000
98506  27.739  3.156  -49.019 0.6250000000
98515  31.753  3.293  -50.402 0.1250000000
98514  32.573  3.616  -50.169 0.1250000000
98516  30.980  3.055  -50.598 0.1250000000
98518  29.523  3.359  -50.596 0.5000000000
98531  29.950  3.650  -51.121 0.1250000000
98530  30.641  3.323  -51.255 0.1250000000
99708  28.835  4.342  -50.449 0.5000000000
99716  30.323  4.266  -51.538 0.1250000000
99728  29.905  5.353  -51.666 0.1250000000
100923  28.764  5.973  -50.583 0.6250000000
171574  29.682  6.234  -51.598 0.1250000000
103397  29.194  7.426  -48.859 0.6250000000
104694  29.446  8.009  -48.636 0.6250000000
107175  29.774  10.062  -49.089 0.6250000000
109604  28.688  12.270  -48.710 0.7500000000
110808  27.665  13.282  -48.779 0.7500000000
108408  29.803  10.773  -50.187 0.5000000000
116311  22.888  17.377  -46.005 0.6250000000
111959  27.085  13.711  -48.374 0.7500000000
184227  29.909  10.397  -52.593 0.3750000000
113056  25.433  14.751  -47.443 0.7500000000
110815  27.727  13.302  -49.727 0.6250000000
111974  27.253  13.775  -50.122 0.7500000000
108418  29.457  11.427  -51.653 0.5000000000
107228  29.789  10.083  -55.083 0.1250000000
106004  30.455  9.522  -55.522 0.1250000000
194147  30.347  9.687  -53.794 0.2500000000
116341  23.089  17.390  -48.311 0.7500000000
114215  24.592  15.668  -49.700 0.7500000000
182292  27.218  13.830  -50.895 0.6250000000
110849  28.078  12.963  -52.999 0.3750000000
111986  27.359  13.739  -51.618 0.3750000000
108433  28.754  11.914  -53.668 0.3750000000
114223  23.606  15.941  -50.580 0.3750000000
109679  28.006  12.678  -54.655 0.3750000000
108444  28.836  11.095  -55.018 0.1250000000
172828  28.177  12.088  -55.206 0.1250000000
108450  28.367  11.103  -56.620 0.1250000000
113168  26.448  14.441  -53.383 0.3750000000
113155  25.051  15.122  -52.525 0.3750000000
179303  27.266  12.937  -56.008 0.2500000000
109696  27.639  11.469  -58.155 0.1250000000
108467  28.480  11.570  -59.559 0.1250000000
108460  29.301  10.904  -58.402 0.1250000000
109691  27.581  12.287  -56.529 0.1250000000
116372  20.824  17.692  -51.063 0.3750000000
112033  26.685  13.959  -54.922 0.2500000000
109703  27.275  11.894  -58.588 0.1250000000
110900  26.983  12.516  -57.882 0.1250000000
110894  26.724  13.341  -56.417 0.1250000000
166633  21.024  17.199  -51.347 0.3750000000
173800  23.763  15.584  -53.692 0.3750000000
113170  25.011  15.152  -53.357 0.3750000000
110908  27.115  12.598  -58.740 0.1250000000
110901  26.636  13.058  -57.290 0.1250000000
112060  26.197  13.526  -58.405 0.1250000000
112069  27.108  14.102  -60.018 0.1250000000
193109  26.433  13.438  -56.939 0.1250000000
175152  25.933  14.203  -55.875 0.1250000000
109712  28.706  12.442  -60.070 0.1250000000
171558  28.082  13.259  -59.953 0.1250000000
115306  19.243  16.479  -52.929 0.2500000000
116390  18.873  16.895  -52.508 0.2500000000
114279  21.314  15.978  -53.923 0.2500000000
175169  24.956  14.893  -55.730 0.1250000000
171336  24.677  14.855  -57.750 0.1250000000
112052  25.578  14.048  -57.268 0.1250000000
113219  24.771  15.083  -58.495 0.1250000000
115304  20.612  16.276  -53.791 0.1250000000
115319  20.746  16.342  -54.634 0.1250000000
115318  21.425  16.081  -54.851 0.1250000000
114303  23.692  15.656  -56.123 0.1250000000
113224  26.690  15.092  -60.361 0.1250000000
113201  24.924  14.687  -56.471 0.1250000000
116411  18.929  17.233  -54.962 0.1250000000
115320  19.985  16.479  -54.434 0.1250000000
90001  19.827  -2.821  -38.617 0.7500000000
89979  18.062  -2.138  -37.397 0.7500000000
163698  18.752  -2.726  -37.153 0.7500000000
92373  16.717  0.031  -38.311 0.5000000000
194617  24.029  -0.351  -43.343 0.6250000000
93622  25.958  -0.657  -45.544 0.5000000000
99736  31.775  4.484  -53.123 0.1250000000
99735  32.955  4.395  -53.651 0.1250000000
99737  31.075  5.168  -52.766 0.1250000000
107234  29.921  9.932  -56.054 0.1250000000
113227  27.946  14.405  -60.347 0.1250000000
113228  27.476  14.745  -60.350 0.1250000000
88668  17.796  -2.576  -36.876 0.7500000000
180371  17.074  -1.298  -37.514 0.5000000000
87369  19.417  -4.640  -37.972 0.6250000000
88685  19.547  -3.808  -38.376 0.6250000000
87393  21.359  -4.063  -39.701 0.3750000000
88702  20.676  -3.975  -39.513 0.6250000000
88729  23.052  -3.340  -41.140 0.2500000000
90038  21.989  -3.019  -40.253 0.3750000000
93629  26.373  -0.715  -46.301 0.3750000000
115198  19.263  16.571  -44.975 0.3750000000
165717  20.682  17.812  -44.971 0.2500000000
117342  21.492  18.560  -45.962 0.2500000000
91258  22.841  -2.574  -41.659 0.5000000000
92430  23.331  -1.223  -42.793 0.5000000000
92429  23.849  -0.866  -43.049 0.3750000000
178989  21.495  -4.271  -39.294 0.5000000000
87385  20.903  -4.484  -39.359 0.6250000000
92448  24.971  -0.668  -44.342 0.5000000000
85880  19.515  -5.285  -37.741 0.6250000000
171149  16.935  -1.481  -36.850 0.3750000000
89960  17.233  -2.162  -36.553 0.3750000000
88667  19.166  -3.559  -37.379 0.6250000000
85887  21.294  -4.691  -38.079 0.3750000000
85902  20.608  -4.734  -39.011 0.5000000000
85890  19.792  -4.958  -38.298 0.6250000000
91181  16.758  -0.776  -37.127 0.2500000000
87384  22.229  -3.813  -38.930 0.3750000000
88742  23.349  -3.287  -41.646 0.2500000000
88714  22.701  -3.426  -40.429 0.2500000000
192339  16.825  1.349  -39.689 0.3750000000
189063  23.239  -3.041  -41.937 0.2500000000
91299  23.913  -1.749  -42.931 0.3750000000
91318  24.976  -1.485  -43.373 0.2500000000
190014  25.560  -1.132  -44.505 0.2500000000
92456  26.521  -0.836  -45.955 0.2500000000
104639  17.214  8.740  -45.431 0.1250000000
105923  14.095  10.070  -47.557 0.2500000000
94828  27.687  -0.573  -47.084 0.2500000000
108356  16.668  11.561  -46.841 0.3750000000
108357  14.807  11.578  -47.056 0.2500000000
111937  17.305  13.963  -46.379 0.2500000000
116293  19.981  18.080  -44.586 0.2500000000
105889  16.956  9.451  -45.837 0.1250000000
185139  17.385  8.120  -45.124 0.2500000000
189473  16.657  1.803  -39.522 0.2500000000
108372  15.978  11.497  -47.780 0.3750000000
91278  22.673  -1.702  -41.859 0.5000000000
91180  17.384  -1.899  -37.173 0.5000000000
87387  20.021  -3.939  -39.074 0.6250000000
88716  21.315  -3.505  -39.875 0.5000000000
91240  21.918  -1.989  -40.326 0.5000000000
92462  26.918  -1.157  -46.687 0.2500000000
92362  16.896  -0.655  -37.897 0.3750000000
94750  16.672  1.415  -39.124 0.2500000000
92439  25.124  -1.339  -44.048 0.2500000000
87380  19.846  -4.555  -38.712 0.6250000000
87386  20.359  -4.526  -39.148 0.5000000000
88715  21.986  -3.620  -40.115 0.2500000000
88701  21.978  -3.796  -39.737 0.2500000000
88728  23.458  -3.346  -41.066 0.2500000000
90059  22.980  -3.176  -41.396 0.3750000000
90092  23.431  -2.017  -42.772 0.3750000000
87379  21.067  -4.627  -38.871 0.5000000000
87378  21.783  -4.247  -38.474 0.3750000000
87370  19.003  -4.204  -37.060 0.6250000000
85888  20.595  -4.944  -38.513 0.3750000000
90091  23.957  -2.569  -42.723 0.2500000000
92438  25.663  -1.181  -44.314 0.2500000000
190966  16.612  8.183  -43.974 0.1250000000
85869  18.093  -4.704  -36.167 0.5000000000
85878  20.734  -5.105  -37.696 0.2500000000
84517  19.522  -5.664  -37.319 0.3750000000
87356  18.549  -4.421  -36.564 0.5000000000
85853  17.689  -4.538  -35.741 0.3750000000
87357  17.741  -3.897  -36.078 0.5000000000
88645  17.541  -2.951  -36.282 0.3750000000
88644  18.399  -3.467  -36.662 0.5000000000
84471  16.938  -5.197  -34.029 0.1250000000
164832  17.405  -4.869  -35.195 0.3750000000
83239  16.740  -6.710  -34.266 0.1250000000
174759  17.098  -5.455  -34.796 0.2500000000
180114  17.546  -5.890  -35.484 0.3750000000
84503  20.553  -5.690  -36.399 0.2500000000
83261  18.709  -6.692  -36.458 0.3750000000
84506  18.605  -6.144  -36.674 0.5000000000
84472  16.744  -5.792  -33.538 0.1250000000
84496  18.132  -6.491  -36.150 0.3750000000
87320  17.330  -4.155  -34.504 0.1250000000
88621  17.354  -3.136  -35.530 0.1250000000
163825  31.136  7.099  -52.776 0.1250000000
85879  19.995  -5.184  -38.016 0.3750000000
85881  19.085  -5.087  -37.248 0.5000000000
89947  17.174  -2.325  -35.818 0.2500000000
91168  16.944  -1.600  -36.126 0.2500000000
85877  21.585  -4.765  -37.236 0.2500000000
85852  18.032  -5.415  -35.977 0.5000000000
85868  18.587  -5.336  -36.667 0.5000000000
84516  20.181  -5.530  -37.242 0.3750000000
85867  19.125  -5.739  -37.116 0.3750000000
84505  19.098  -6.233  -36.876 0.3750000000
87338  17.402  -3.968  -35.317 0.2500000000
85820  17.118  -5.032  -33.223 0.1250000000
85834  17.167  -4.802  -34.449 0.2500000000
190197  17.332  -4.488  -33.607 0.1250000000
84482  16.864  -5.984  -34.470 0.1250000000
193723  17.191  -6.193  -35.085 0.3750000000
84495  19.328  -6.550  -36.372 0.2500000000
88605  17.440  -3.272  -34.594 0.1250000000
83251  17.654  -6.913  -35.593 0.2500000000
83250  18.320  -7.126  -35.963 0.2500000000
84504  19.715  -6.051  -36.797 0.2500000000
164083  17.092  -6.829  -34.974 0.1250000000
81986  17.912  -7.596  -35.452 0.1250000000
171338  16.572  0.792  -37.773 0.1250000000
114136  16.816  15.704  -45.262 0.1250000000
113028  16.447  15.078  -45.575 0.1250000000
115201  16.373  16.302  -44.905 0.1250000000
115190  15.873  16.748  -44.258 0.1250000000
115189  16.795  16.708  -44.420 0.1250000000
116295  18.170  17.368  -43.973 0.1250000000
115199  18.020  16.266  -45.041 0.1250000000
116290  16.787  17.414  -43.300 0.1250000000
116296  17.272  17.087  -43.853 0.1250000000
117323  18.676  18.170  -43.843 0.1250000000
114138  15.407  15.650  -44.927 0.1250000000
116289  17.554  17.626  -43.381 0.1250000000
117312  17.360  18.425  -42.437 0.1250000000
177395  15.553  14.479  -45.343 0.1250000000
113029  15.761  15.060  -45.360 0.1250000000
107147  15.139  10.666  -46.801 0.1250000000
91169  16.743  -0.894  -36.430 0.1250000000
93522  16.571  0.383  -36.937 0.1250000000
170026  15.879  12.316  -45.564 0.1250000000
163705  14.632  15.229  -43.764 0.1250000000
170596  14.787  16.398  -43.545 0.1250000000
167294  14.801  16.828  -43.070 0.1250000000
116284  15.497  17.569  -42.573 0.1250000000
117313  16.792  18.094  -42.288 0.1250000000
117311  18.062  18.940  -42.680 0.1250000000
117316  19.011  18.913  -43.643 0.1250000000
111939  16.117  13.693  -46.057 0.1250000000
93541  16.680  0.772  -38.716 0.1250000000
115188  17.688  16.715  -44.491 0.1250000000
116294  19.121  17.583  -44.405 0.1250000000
92363  16.618  -0.086  -37.447 0.1250000000
92344  16.590  -0.197  -36.688 0.1250000000
108336  16.303  11.219  -46.253 0.1250000000
94742  16.626  1.515  -38.416 0.1250000000
95962  16.632  1.316  -37.606 0.1250000000
94727  16.599  0.709  -37.169 0.1250000000
115202  15.740  16.182  -44.777 0.1250000000
116285  15.077  17.248  -42.886 0.1250000000
116283  16.413  17.720  -42.683 0.1250000000
117318  17.732  18.279  -43.023 0.1250000000
191558  16.902  18.026  -42.510 0.1250000000
116275  15.537  17.597  -41.045 0.1250000000
118366  18.313  19.280  -42.014 0.1250000000
87368  22.073  -4.271  -37.642 0.1250000000
88684  22.945  -3.267  -38.493 0.1250000000
88700  22.727  -3.387  -39.448 0.1250000000
88713  23.365  -3.161  -40.037 0.1250000000
88727  24.068  -3.052  -41.228 0.1250000000
90075  24.349  -2.869  -41.864 0.1250000000
91276  24.636  -2.310  -42.272 0.1250000000
91298  24.581  -1.990  -42.839 0.1250000000
181756  26.519  -0.225  -42.513 0.1250000000
92427  26.181  -0.945  -43.099 0.1250000000
91296  25.725  -1.296  -43.659 0.1250000000
93611  27.049  0.375  -44.243 0.1250000000
92446  26.130  -0.908  -44.842 0.1250000000
94803  27.717  1.392  -44.255 0.1250000000
94813  27.259  0.113  -45.194 0.1250000000
94821  27.498  -0.195  -46.167 0.1250000000
84494  20.121  -6.195  -35.985 0.1250000000
85851  21.386  -5.332  -35.974 0.1250000000
87355  22.366  -4.398  -36.870 0.1250000000
88666  23.202  -3.329  -37.706 0.1250000000
87367  22.829  -3.922  -37.316 0.1250000000
90000  24.114  -2.477  -38.606 0.1250000000
91222  25.015  -1.600  -39.385 0.1250000000
92409  25.666  -0.950  -40.811 0.1250000000
92420  25.715  -0.993  -41.835 0.1250000000
93578  26.748  0.034  -41.828 0.1250000000
94804  27.442  1.156  -43.537 0.1250000000
94820  28.019  0.745  -46.378 0.1250000000
96080  28.408  1.978  -45.634 0.1250000000
96069  28.350  2.140  -44.664 0.1250000000
94827  28.072  0.163  -47.590 0.1250000000
87377  22.539  -3.794  -38.070 0.1250000000
93621  27.009  -0.876  -46.091 0.1250000000
90036  24.472  -2.220  -39.864 0.1250000000
92437  26.101  -1.081  -43.920 0.1250000000
85866  21.036  -5.191  -36.810 0.1250000000
85865  21.895  -4.895  -36.432 0.1250000000
83248  19.703  -6.706  -35.584 0.1250000000
90018  24.592  -2.139  -39.034 0.1250000000
177934  24.727  -2.066  -41.442 0.1250000000
91239  24.801  -1.690  -40.125 0.1250000000
92428  25.759  -1.181  -42.848 0.1250000000
93602  26.495  -0.464  -44.147 0.1250000000
92419  26.252  -0.671  -42.225 0.1250000000
93601  26.939  0.548  -43.342 0.1250000000
93612  26.664  -0.587  -45.157 0.1250000000
94812  27.847  1.122  -45.329 0.1250000000
96052  28.469  2.194  -43.823 0.1250000000
84481  20.468  -6.260  -35.093 0.1250000000
84492  21.694  -5.502  -35.163 0.1250000000
89999  24.832  -2.224  -38.323 0.1250000000
191547  29.316  2.991  -45.387 0.1250000000
85889  20.209  -4.808  -38.652 0.5000000000
88699  23.435  -2.889  -38.989 0.1250000000
88730  22.630  -3.281  -40.699 0.2500000000
88741  23.776  -3.148  -41.654 0.2500000000
90019  23.975  -2.579  -39.472 0.1250000000
90037  24.005  -2.917  -40.472 0.1250000000
90058  24.520  -2.443  -40.840 0.1250000000
90060  22.501  -2.761  -40.923 0.3750000000
90076  23.769  -2.994  -42.209 0.2500000000
90077  23.228  -2.486  -42.410 0.3750000000
90090  24.324  -2.759  -42.517 0.2500000000
91256  25.048  -1.415  -41.559 0.1250000000
91257  24.942  -1.496  -40.750 0.1250000000
91275  25.073  -1.480  -42.501 0.1250000000
91277  22.992  -1.513  -42.447 0.5000000000
91297  25.230  -1.507  -43.303 0.1250000000
91317  25.349  -1.387  -43.860 0.1250000000
91319  24.386  -1.489  -43.117 0.3750000000
92412  20.655  0.027  -40.465 0.7500000000
92421  22.952  -0.583  -42.369 0.7500000000
92440  24.486  -1.020  -43.456 0.3750000000
92447  26.051  -0.886  -45.102 0.2500000000
92457  26.478  -0.845  -45.938 0.2500000000
92463  26.799  -1.092  -46.601 0.3750000000
93563  21.337  0.280  -41.400 0.7500000000
93592  26.475  -0.306  -43.230 0.1250000000
93593  23.582  0.066  -42.912 0.6250000000
93603  24.470  -0.425  -43.774 0.6250000000
93604  23.967  0.427  -43.319 0.6250000000
93613  25.518  -0.709  -44.862 0.5000000000
93627  27.223  -1.094  -46.965 0.2500000000
93628  26.741  -0.905  -47.182 0.5000000000
93643  27.413  -0.845  -48.489 0.2500000000
93644  27.241  -0.361  -48.587 0.3750000000
94755  17.128  1.086  -40.131 0.3750000000
94764  18.513  0.878  -41.359 1.0000000000
94775  21.312  0.859  -42.015 0.8750000000
94791  23.416  0.953  -42.753 0.7500000000
94796  18.854  1.689  -42.803 1.0000000000
94829  26.531  -0.235  -47.646 0.5000000000
96037  21.982  1.990  -42.832 0.8750000000
96038  21.041  2.058  -42.885 0.8750000000
96041  18.444  2.253  -43.052 0.8750000000
96059  18.750  2.595  -43.628 0.8750000000
96071  24.750  2.086  -44.145 0.8750000000
96079  28.965  2.761  -44.987 0.1250000000
96082  24.911  2.644  -44.532 0.8750000000
96106  27.746  0.725  -48.756 0.5000000000
97277  16.562  3.458  -41.635 0.3750000000
97296  20.107  3.058  -43.601 1.0000000000
97299  18.800  3.168  -43.805 0.8750000000
97310  22.259  4.074  -43.888 1.0000000000
97313  19.964  3.569  -43.819 1.0000000000
97326  25.491  3.697  -45.333 1.0000000000
97360  26.942  2.056  -48.272 0.7500000000
97368  30.570  2.822  -50.091 0.1250000000
97371  28.402  2.432  -49.557 0.6250000000
97380  29.474  2.635  -50.014 0.3750000000
98406  15.702  4.395  -39.850 0.1250000000
98428  16.325  4.152  -41.728 0.2500000000
98433  17.045  4.227  -42.802 0.2500000000
98448  20.941  4.517  -44.391 1.0000000000
98450  19.833  4.024  -44.115 1.0000000000
98459  22.784  5.075  -44.878 1.0000000000
98462  20.731  4.782  -44.968 1.0000000000
98472  26.493  4.382  -46.611 1.0000000000
98486  26.605  3.693  -47.071 0.8750000000
98495  30.606  3.300  -48.559 0.1250000000
98504  30.655  2.928  -49.384 0.1250000000
98505  28.173  3.673  -49.477 0.5000000000
98513  33.486  3.623  -50.160 0.1250000000
98532  29.390  4.203  -50.833 0.1250000000
98543  32.060  3.444  -51.877 0.1250000000
99648  18.853  4.394  -44.261 1.0000000000
99655  24.105  5.020  -44.934 1.0000000000
99658  21.554  5.359  -45.782 1.0000000000
99672  21.543  5.501  -46.416 1.0000000000
99681  26.840  4.499  -47.101 0.8750000000
99685  21.342  5.489  -46.851 1.0000000000
99686  20.828  5.265  -46.758 1.0000000000
99692  27.619  5.148  -48.447 0.6250000000
99718  28.994  5.055  -50.786 0.1250000000
99726  31.715  3.941  -52.384 0.1250000000
99727  30.653  4.822  -52.053 0.1250000000
100853  17.821  6.128  -44.241 0.3750000000
100862  18.773  5.851  -45.211 0.8750000000
100887  27.874  6.381  -47.492 1.0000000000
100890  22.802  6.509  -47.607 1.0000000000
100891  22.281  6.059  -47.497 1.0000000000
100892  21.705  5.769  -47.395 1.0000000000
100894  20.424  5.530  -47.107 1.0000000000
100903  27.923  5.995  -48.232 0.7500000000
100905  23.336  6.929  -48.483 1.0000000000
100906  22.881  6.528  -48.522 1.0000000000
100908  20.864  6.105  -48.072 1.0000000000
102066  24.668  6.661  -46.232 1.0000000000
102069  18.145  7.202  -45.730 0.3750000000
102078  28.140  7.207  -47.372 0.8750000000
102083  18.600  7.053  -47.005 1.0000000000
102092  20.830  6.624  -48.679 1.0000000000
102102  23.655  7.199  -49.147 1.0000000000
102104  22.996  6.864  -49.258 1.0000000000
102106  20.475  7.192  -49.149 1.0000000000
102114  29.007  6.704  -50.161 0.6250000000
102115  23.663  7.215  -49.438 1.0000000000
102116  23.419  7.137  -49.493 1.0000000000
102117  22.757  7.180  -49.629 1.0000000000
102125  29.882  6.958  -51.163 0.3750000000
102148  31.575  6.735  -53.647 0.1250000000
103344  16.908  8.292  -44.528 0.1250000000
103355  26.533  7.638  -46.321 1.0000000000
103369  28.600  7.879  -47.539 0.7500000000
103371  23.365  7.290  -46.592 1.0000000000
103372  22.983  7.844  -47.228 1.0000000000
103396  29.639  7.919  -49.220 0.6250000000
103398  23.489  7.428  -49.326 1.0000000000
103400  20.158  7.971  -49.608 1.0000000000
103402  18.541  8.075  -48.973 0.7500000000
103410  29.405  7.330  -49.650 0.6250000000
103412  22.345  7.686  -49.660 1.0000000000
103414  20.668  8.313  -49.743 1.0000000000
103420  30.102  7.646  -50.761 0.3750000000
104638  17.624  8.383  -45.886 0.2500000000
104651  23.607  8.695  -46.474 1.0000000000
104652  23.067  8.516  -46.731 1.0000000000
104664  28.427  8.555  -47.259 0.7500000000
104679  29.693  8.513  -48.856 0.6250000000
104680  29.382  8.467  -48.281 0.6250000000
104682  22.203  8.558  -48.371 1.0000000000
104684  17.850  8.317  -48.618 0.6250000000
104695  22.996  8.035  -48.999 1.0000000000
104696  22.355  8.320  -49.386 1.0000000000
104698  20.710  8.496  -49.675 1.0000000000
104710  22.941  7.889  -49.461 1.0000000000
105901  24.750  9.717  -46.475 1.0000000000
105903  23.229  9.126  -46.812 1.0000000000
105904  16.827  9.205  -46.778 0.1250000000
105915  28.174  9.253  -47.089 0.8750000000
105917  22.686  9.515  -47.085 1.0000000000
105934  29.277  9.082  -47.975 0.6250000000
105936  20.934  9.078  -48.411 1.0000000000
105949  20.040  8.960  -49.718 1.0000000000
105950  19.356  9.416  -49.580 1.0000000000
105953  16.039  9.776  -49.726 0.8750000000
105954  15.130  9.957  -48.925 0.5000000000
105965  19.369  9.067  -49.882 1.0000000000
105967  16.659  10.254  -50.020 1.0000000000
105979  30.730  9.106  -52.282 0.3750000000
105992  30.113  10.022  -53.214 0.2500000000
105998  30.343  9.638  -54.562 0.2500000000
107125  25.828  10.166  -46.259 1.0000000000
107128  23.815  10.600  -46.874 1.0000000000
107139  28.883  10.600  -47.448 0.8750000000
107141  27.442  10.165  -46.725 1.0000000000
107142  22.372  10.276  -47.171 1.0000000000
107144  20.809  10.174  -47.230 1.0000000000
107148  13.982  10.602  -47.057 0.2500000000
107149  13.891  10.707  -47.879 0.3750000000
107162  18.329  10.189  -48.854 0.8750000000
107165  13.989  10.694  -48.122 0.3750000000
107178  14.942  10.750  -49.504 0.5000000000
107179  14.463  11.040  -48.957 0.6250000000
107188  29.984  10.020  -49.803 0.5000000000
107190  17.175  10.223  -49.858 0.7500000000
107218  29.567  10.661  -53.302 0.5000000000
108330  26.881  11.274  -46.504 1.0000000000
108332  25.268  11.033  -46.305 1.0000000000
108333  24.759  11.517  -46.334 1.0000000000
108335  23.360  11.159  -46.945 1.0000000000
108346  28.849  11.819  -47.987 0.7500000000
108347  28.265  11.138  -47.214 1.0000000000
108352  20.440  10.823  -47.176 1.0000000000
108358  13.755  11.560  -48.149 0.3750000000
108373  14.589  12.737  -48.022 0.6250000000
108374  13.989  11.391  -48.651 0.3750000000
108385  29.683  10.665  -49.428 0.6250000000
108398  29.444  11.307  -49.794 0.5000000000
108399  15.380  11.643  -49.581 0.6250000000
108409  29.323  11.714  -51.080 0.5000000000
108425  29.757  10.817  -51.956 0.5000000000
108432  29.206  11.392  -53.179 0.5000000000
108439  28.512  11.831  -54.544 0.3750000000
108449  28.578  11.072  -55.795 0.1250000000
108454  28.991  10.725  -57.179 0.1250000000
108461  28.380  11.237  -58.710 0.1250000000
109552  26.340  11.921  -46.404 0.8750000000
109557  22.502  12.360  -46.805 1.0000000000
109559  16.670  11.998  -46.484 0.3750000000
109568  28.383  11.836  -47.470 0.8750000000
109571  22.940  11.766  -46.981 1.0000000000
109573  21.431  11.794  -47.184 1.0000000000
109579  13.994  12.472  -47.809 0.3750000000
109580  13.748  12.231  -48.444 0.3750000000
109581  13.859  11.604  -48.523 0.3750000000
109592  14.010  12.920  -48.555 0.6250000000
109617  29.125  11.851  -49.343 0.7500000000
109631  28.774  12.374  -51.180 0.5000000000
109657  28.868  12.197  -52.366 0.3750000000
109670  28.400  12.511  -53.321 0.3750000000
109684  28.089  11.730  -56.004 0.1250000000
109697  27.293  11.982  -57.578 0.1250000000
109710  28.201  11.978  -59.717 0.1250000000
109711  27.590  12.095  -59.284 0.1250000000
110768  25.950  12.453  -46.418 1.0000000000
110770  24.819  12.935  -46.283 1.0000000000
110772  22.774  13.061  -46.415 1.0000000000
110774  21.194  12.660  -46.876 1.0000000000
110776  17.838  13.414  -46.659 0.8750000000
110802  27.478  13.137  -47.936 0.8750000000
110807  28.215  12.841  -49.222 0.7500000000
110838  28.173  12.958  -52.337 0.3750000000
110850  27.771  13.328  -52.691 0.3750000000
110861  27.932  12.989  -53.748 0.3750000000
110885  27.435  13.118  -55.144 0.2500000000
110909  26.591  13.018  -58.115 0.1250000000
110913  29.927  12.472  -59.963 0.1250000000
110916  29.254  12.727  -60.160 0.1250000000
110917  28.606  12.939  -60.034 0.1250000000
110918  28.105  12.539  -59.790 0.1250000000
111911  14.860  13.884  -44.225 0.1250000000
111929  24.611  14.123  -46.527 0.8750000000
111930  23.927  14.165  -46.223 0.8750000000
111933  21.032  13.887  -46.424 1.0000000000
111938  16.621  13.871  -46.254 0.5000000000
111947  26.274  13.792  -47.430 0.7500000000
111960  26.520  14.080  -48.051 0.7500000000
111987  26.733  14.177  -50.463 0.7500000000
111998  27.390  13.709  -52.415 0.3750000000
112006  26.884  14.094  -52.828 0.3750000000
112012  27.447  13.533  -53.729 0.3750000000
112021  27.087  13.807  -54.280 0.3750000000
112022  26.229  14.215  -55.289 0.1250000000
112044  26.114  13.784  -56.574 0.1250000000
112068  27.796  13.960  -60.235 0.1250000000
113003  14.317  15.135  -42.944 0.1250000000
113024  22.838  15.214  -45.683 0.8750000000
113027  20.255  14.903  -46.044 0.8750000000
113030  15.208  14.950  -44.966 0.1250000000
113039  23.877  14.942  -46.203 1.0000000000
113041  22.403  14.352  -45.977 1.0000000000
113045  17.601  14.531  -46.047 0.7500000000
113047  16.049  14.392  -45.898 0.1250000000
113057  24.882  15.107  -47.165 0.8750000000
113068  25.605  14.936  -48.090 0.7500000000
113083  26.217  14.632  -49.189 0.7500000000
113085  25.169  15.418  -48.431 0.7500000000
113105  25.769  14.895  -49.624 0.7500000000
113106  25.258  15.243  -49.693 0.7500000000
113139  26.334  14.532  -51.856 0.3750000000
113140  25.690  14.862  -52.209 0.3750000000
113141  25.038  15.163  -51.764 0.3750000000
113156  24.427  15.284  -52.713 0.3750000000
113169  25.900  14.767  -53.918 0.3750000000
113180  26.581  14.239  -54.152 0.2500000000
113200  25.487  14.251  -56.518 0.1250000000
113211  25.038  14.526  -57.156 0.1250000000
113212  24.445  14.974  -57.164 0.1250000000
113218  25.169  14.501  -57.951 0.1250000000
113226  25.237  15.589  -59.336 0.1250000000
113229  26.525  15.842  -60.291 0.1250000000
114118  15.170  16.262  -44.320 0.1250000000
114129  23.199  15.971  -45.575 0.8750000000
114135  17.610  15.698  -45.307 0.3750000000
114137  16.060  15.705  -45.188 0.1250000000
114151  24.035  15.620  -46.426 0.8750000000
114154  18.742  15.215  -45.807 0.6250000000
114156  17.229  15.075  -45.599 0.1250000000
114170  24.629  15.661  -47.403 0.8750000000
114187  24.305  16.184  -47.628 0.7500000000
114202  24.649  15.784  -48.824 0.7500000000
114216  24.038  16.135  -49.299 0.7500000000
114235  21.689  16.378  -51.704 0.3750000000
114261  22.079  15.794  -53.623 0.2500000000
114262  21.490  15.927  -53.029 0.2500000000
114277  22.701  15.782  -54.205 0.1250000000
114287  24.315  15.322  -55.496 0.1250000000
114290  22.156  15.937  -55.002 0.1250000000
114302  24.322  15.131  -56.358 0.1250000000
114326  26.008  16.228  -59.933 0.1250000000
115183  15.207  16.889  -43.644 0.1250000000
115187  18.612  16.801  -44.662 0.5000000000
115196  21.474  16.757  -45.211 0.6250000000
115200  17.198  16.279  -44.970 0.1250000000
115212  23.777  16.343  -46.452 0.8750000000
115213  23.448  16.979  -46.570 0.7500000000
115244  23.850  16.624  -47.950 0.7500000000
115269  23.517  16.557  -49.381 0.7500000000
115270  23.079  16.772  -49.859 0.7500000000
115279  21.463  16.875  -51.363 0.3750000000
115287  19.425  16.621  -52.160 0.2500000000
115295  19.854  16.378  -52.507 0.2500000000
115305  19.872  16.327  -53.417 0.2500000000
115333  21.600  16.328  -55.680 0.1250000000
115351  23.970  16.070  -58.145 0.1250000000
116279  15.172  17.605  -42.186 0.1250000000
116282  17.137  17.866  -42.843 0.1250000000
116288  18.102  17.969  -43.478 0.1250000000
116297  16.478  17.052  -43.842 0.1250000000
116300  22.792  16.963  -45.483 0.8750000000
116301  22.282  17.381  -45.423 0.6250000000
116303  19.870  17.195  -44.809 0.5000000000
116327  22.992  17.550  -46.942 0.7500000000
116328  22.589  18.064  -47.434 0.6250000000
116355  22.818  17.556  -48.915 0.7500000000
116364  21.349  18.126  -50.377 0.3750000000
116374  19.571  17.606  -51.645 0.3750000000
116381  20.383  17.171  -51.586 0.3750000000
116384  18.660  17.712  -52.271 0.3750000000
116410  19.495  16.941  -55.105 0.1250000000
116412  17.856  17.876  -54.690 0.1250000000
117306  17.754  18.932  -42.068 0.1250000000
117317  18.342  18.643  -43.328 0.1250000000
117330  21.840  17.979  -45.616 0.6250000000
117365  22.091  18.500  -47.974 0.7500000000
117381  21.993  18.462  -48.824 0.7500000000
117382  21.519  18.941  -48.485 0.7500000000
117407  17.385  18.728  -52.041 0.3750000000
118370  18.606  19.419  -42.611 0.1250000000
118388  21.129  18.940  -45.681 0.3750000000
118399  20.791  19.581  -45.783 0.1250000000
118433  20.477  19.856  -48.519 0.3750000000
118445  18.565  19.542  -50.363 0.3750000000
118463  17.280  19.235  -51.375 0.3750000000
119410  20.258  20.204  -46.229 0.1250000000
119420  19.545  20.719  -47.388 0.2500000000
120469  19.976  20.761  -45.788 0.1250000000
120496  19.047  21.467  -48.609 0.2500000000
120506  16.456  20.765  -49.807 0.2500000000
121547  19.394  21.907  -47.354 0.1250000000
121573  17.217  21.852  -49.307 0.2500000000
161628  14.701  12.132  -49.363 0.6250000000
161629  14.561  12.539  -48.945 0.6250000000
161816  13.959  12.308  -48.784 0.3750000000
161853  13.963  11.383  -48.560 0.3750000000
161889  13.868  11.742  -48.635 0.3750000000
162603  20.301  4.945  -45.502 1.0000000000
163070  25.250  15.071  -54.149 0.2500000000
163160  32.231  3.312  -51.045 0.1250000000
164062  30.502  8.924  -51.148 0.3750000000
164144  14.309  11.984  -49.282 0.6250000000
165011  20.743  16.180  -45.282 0.7500000000
166452  23.229  15.852  -51.199 0.3750000000
166829  14.782  15.859  -43.904 0.1250000000
166982  25.111  15.208  -51.079 0.3750000000
167313  25.479  14.728  -59.036 0.1250000000
167459  30.112  10.133  -51.983 0.5000000000
167490  18.838  14.215  -46.442 0.8750000000
167549  19.024  2.118  -43.385 1.0000000000
168118  14.959  15.469  -44.438 0.1250000000
168332  18.403  19.165  -50.815 0.5000000000
169096  26.368  10.621  -46.278 1.0000000000
169378  19.397  10.270  -47.702 1.0000000000
169563  24.523  5.686  -45.754 1.0000000000
170089  18.684  16.253  -45.141 0.3750000000
170772  29.294  10.582  -54.772 0.1250000000
171993  27.608  7.430  -46.852 1.0000000000
172122  29.105  9.781  -47.704 0.7500000000
173071  19.524  0.501  -40.976 0.8750000000
174609  24.965  7.258  -46.102 1.0000000000
174763  23.266  15.710  -53.752 0.2500000000
177291  21.313  13.316  -46.568 1.0000000000
177701  30.139  9.275  -49.987 0.5000000000
178381  22.189  6.821  -49.273 1.0000000000
179108  26.089  9.137  -46.281 1.0000000000
179503  13.806  11.631  -47.335 0.3750000000
179753  24.284  10.143  -46.765 1.0000000000
179794  27.090  5.255  -47.054 0.8750000000
180635  29.527  2.141  -49.567 0.3750000000
181033  19.373  7.005  -48.330 1.0000000000
181396  30.989  7.858  -52.579 0.2500000000
181776  25.347  0.421  -45.111 0.5000000000
182154  22.289  -1.041  -41.261 0.5000000000
182293  28.611  12.475  -50.445 0.7500000000
182492  28.335  12.800  -50.848 0.7500000000
182734  27.390  -0.985  -47.917 0.3750000000
182766  27.959  9.826  -46.963 0.8750000000
183331  14.263  12.576  -49.055 0.6250000000
184139  26.513  13.205  -47.228 0.8750000000
184773  16.289  8.123  -43.523 0.1250000000
185424  22.098  15.902  -52.257 0.3750000000
185429  25.856  9.684  -46.265 1.0000000000
185791  15.942  8.656  -47.327 0.3750000000
186010  20.329  18.896  -49.883 0.5000000000
186388  14.454  16.443  -42.808 0.1250000000
186540  20.651  -2.352  -39.619 0.7500000000
187293  20.726  15.505  -45.600 0.7500000000
187415  18.303  1.374  -41.766 1.0000000000
187945  19.714  9.710  -48.296 1.0000000000
189214  23.819  15.691  -51.031 0.3750000000
190317  30.146  9.757  -50.271 0.5000000000
191090  22.203  5.888  -46.800 1.0000000000
191526  26.030  14.815  -59.772 0.1250000000
192598  16.288  5.427  -42.089 0.1250000000
193732  18.562  21.573  -49.101 0.2500000000
194789  22.178  10.736  -47.192 1.0000000000
194865  21.016  16.126  -53.407 0.2500000000
195070  28.669  1.048  -47.765 0.1250000000
