#!ascii label  , from subject sub-v2s13x29111_ses-1 vox2ras=TkReg
707
14477  -46.067  -64.627  -27.360 0.0000000000
19827  -40.641  -60.128  -33.222 0.0000000000
20819  -43.140  -58.568  -25.304 0.0000000000
13601  -39.691  -65.077  -29.645 0.0000000000
20888  -37.396  -58.616  -28.541 0.0000000000
23288  -49.355  -56.867  -24.428 0.0000000000
163660  -43.280  -51.825  -21.216 0.0000000000
34973  -41.548  -48.260  -15.895 0.0000000000
25702  -39.860  -55.401  -23.646 0.0000000000
174860  -40.105  -58.552  -26.680 0.0000000000
175075  -37.921  -55.656  -25.244 0.0000000000
25678  -46.027  -55.241  -22.990 0.0000000000
154999  -45.254  -50.045  -22.120 0.0000000000
38223  -39.899  -45.665  -14.307 0.0000000000
37188  -41.027  -46.103  -18.327 0.0000000000
11780  -43.546  -68.134  -27.127 0.0000000000
16542  -40.644  -62.756  -31.900 0.0000000000
14531  -43.807  -63.938  -31.633 0.0000000000
17597  -45.511  -61.425  -32.467 0.0000000000
17512  -45.001  -61.305  -27.086 0.0000000000
13585  -42.385  -65.305  -27.366 0.0000000000
17554  -38.708  -62.131  -28.756 0.0000000000
18713  -37.539  -60.576  -31.609 0.0000000000
20804  -46.087  -58.231  -24.452 0.0000000000
24512  -42.852  -55.864  -23.109 0.0000000000
157156  -40.728  -53.497  -21.261 0.0000000000
34991  -45.182  -48.416  -17.678 0.0000000000
35013  -43.798  -47.646  -20.934 0.0000000000
33879  -41.661  -48.503  -21.094 0.0000000000
33886  -39.003  -48.963  -20.941 0.0000000000
11821  -42.163  -67.348  -30.469 0.0000000000
177620  -37.503  -54.900  -35.928 0.0000000000
22206  -40.535  -58.442  -35.937 0.0000000000
22260  -43.752  -57.723  -38.461 0.0000000000
26919  -38.990  -54.392  -22.819 0.0000000000
25718  -38.800  -55.565  -24.441 0.0000000000
12649  -44.306  -66.454  -26.771 0.0000000000
18717  -40.644  -61.199  -32.323 0.0000000000
17585  -42.045  -61.823  -31.906 0.0000000000
179668  -42.638  -60.582  -32.619 0.0000000000
19847  -44.328  -59.427  -33.409 0.0000000000
20955  -42.437  -59.285  -33.948 0.0000000000
19704  -43.737  -59.695  -26.044 0.0000000000
18624  -42.894  -60.336  -26.929 0.0000000000
20872  -39.184  -58.804  -27.442 0.0000000000
19755  -39.737  -60.143  -27.977 0.0000000000
18660  -38.347  -60.449  -28.548 0.0000000000
17565  -37.546  -61.523  -30.385 0.0000000000
19766  -37.156  -59.767  -29.411 0.0000000000
19685  -47.019  -59.528  -25.322 0.0000000000
165893  -47.461  -57.644  -24.283 0.0000000000
170061  -44.527  -53.297  -22.182 0.0000000000
25676  -44.142  -55.343  -22.791 0.0000000000
26878  -43.183  -53.696  -21.750 0.0000000000
26900  -41.539  -54.358  -22.014 0.0000000000
29386  -42.168  -52.648  -21.004 0.0000000000
34974  -43.381  -48.347  -16.447 0.0000000000
153099  -44.259  -48.044  -18.935 0.0000000000
36117  -42.514  -47.461  -17.861 0.0000000000
38259  -41.060  -45.371  -19.618 0.0000000000
37192  -41.924  -46.272  -19.834 0.0000000000
37198  -41.566  -45.817  -21.059 0.0000000000
35011  -40.291  -48.167  -20.987 0.0000000000
13594  -40.819  -65.422  -28.069 0.0000000000
12663  -41.419  -66.057  -27.785 0.0000000000
12682  -40.772  -66.272  -30.161 0.0000000000
13646  -45.107  -64.900  -32.755 0.0000000000
29575  -37.709  -53.121  -36.907 0.0000000000
23439  -38.452  -56.566  -35.964 0.0000000000
23481  -41.680  -57.100  -38.604 0.0000000000
23304  -41.755  -57.114  -24.624 0.0000000000
20841  -41.989  -58.782  -25.995 0.0000000000
23318  -40.650  -57.277  -25.360 0.0000000000
22086  -39.552  -57.431  -26.090 0.0000000000
23337  -37.995  -57.266  -27.143 0.0000000000
24517  -47.237  -56.128  -23.648 0.0000000000
173371  -45.733  -52.804  -22.686 0.0000000000
30574  -44.534  -51.326  -21.985 0.0000000000
34971  -40.270  -47.481  -15.206 0.0000000000
36116  -41.183  -46.851  -17.152 0.0000000000
164990  -40.050  -45.918  -16.173 0.0000000000
39313  -40.106  -44.545  -17.777 0.0000000000
40315  -40.473  -43.438  -18.656 0.0000000000
14521  -39.412  -64.152  -31.137 0.0000000000
13639  -41.416  -65.282  -31.338 0.0000000000
159765  -41.854  -63.966  -31.616 0.0000000000
16546  -45.082  -62.765  -32.247 0.0000000000
17608  -45.896  -61.669  -33.177 0.0000000000
17621  -46.391  -60.309  -33.352 0.0000000000
19860  -46.563  -59.117  -34.308 0.0000000000
21013  -46.011  -58.517  -35.539 0.0000000000
16483  -46.391  -62.939  -27.739 0.0000000000
13588  -45.014  -64.779  -27.304 0.0000000000
15406  -42.145  -63.518  -27.814 0.0000000000
15427  -40.328  -63.644  -28.143 0.0000000000
18645  -41.169  -60.534  -27.667 0.0000000000
16495  -40.147  -62.423  -28.206 0.0000000000
14496  -39.166  -63.969  -29.276 0.0000000000
15464  -38.401  -63.138  -30.436 0.0000000000
17582  -38.470  -61.628  -31.784 0.0000000000
18721  -39.403  -60.435  -32.563 0.0000000000
18628  -46.491  -60.974  -26.630 0.0000000000
19706  -45.456  -59.751  -25.599 0.0000000000
20820  -44.356  -58.835  -25.080 0.0000000000
23269  -45.730  -56.631  -23.531 0.0000000000
23284  -44.487  -57.225  -23.947 0.0000000000
23282  -42.855  -56.903  -23.980 0.0000000000
24511  -42.080  -55.796  -23.176 0.0000000000
26898  -40.143  -54.242  -22.152 0.0000000000
28146  -38.838  -52.837  -21.117 0.0000000000
33882  -45.536  -49.169  -20.527 0.0000000000
33890  -44.406  -48.423  -21.481 0.0000000000
165602  -43.730  -49.031  -22.020 0.0000000000
36123  -42.536  -47.142  -18.828 0.0000000000
167254  -42.893  -47.532  -22.007 0.0000000000
32751  -42.403  -49.709  -20.868 0.0000000000
31672  -40.927  -50.388  -20.073 0.0000000000
162155  -39.200  -50.840  -20.266 0.0000000000
12665  -42.784  -66.216  -27.159 0.0000000000
11787  -42.129  -67.685  -28.367 0.0000000000
12713  -42.669  -66.226  -31.114 0.0000000000
12697  -44.305  -66.682  -31.416 0.0000000000
19794  -36.677  -59.104  -31.193 0.0000000000
20935  -37.473  -59.406  -32.154 0.0000000000
20952  -39.045  -58.905  -33.589 0.0000000000
22188  -38.959  -58.063  -34.673 0.0000000000
20954  -40.762  -59.097  -34.516 0.0000000000
155223  -42.473  -58.723  -35.654 0.0000000000
21029  -43.858  -58.413  -36.790 0.0000000000
26896  -38.447  -53.737  -22.265 0.0000000000
26918  -38.200  -54.204  -23.039 0.0000000000
12650  -45.282  -66.727  -26.424 0.0000000000
13573  -45.222  -65.799  -26.919 0.0000000000
18723  -41.121  -60.824  -32.598 0.0000000000
18724  -41.986  -60.830  -32.501 0.0000000000
19828  -42.048  -60.295  -32.996 0.0000000000
19829  -42.858  -60.130  -32.963 0.0000000000
19845  -42.208  -59.794  -33.474 0.0000000000
151592  -43.136  -59.219  -25.895 0.0000000000
19729  -43.073  -59.807  -26.438 0.0000000000
20871  -38.507  -58.532  -27.691 0.0000000000
20890  -38.760  -59.196  -27.953 0.0000000000
19753  -38.232  -59.652  -28.412 0.0000000000
19767  -37.705  -60.143  -28.949 0.0000000000
20901  -37.002  -58.985  -29.185 0.0000000000
22058  -50.313  -58.028  -24.172 0.0000000000
22057  -49.434  -57.651  -24.574 0.0000000000
22075  -47.992  -58.372  -24.650 0.0000000000
156441  -48.400  -57.166  -24.374 0.0000000000
28151  -43.526  -52.993  -21.635 0.0000000000
28168  -43.901  -53.506  -21.991 0.0000000000
28150  -42.751  -53.202  -21.396 0.0000000000
160349  -42.587  -51.892  -20.913 0.0000000000
33823  -40.954  -48.578  -15.330 0.0000000000
32696  -41.602  -49.562  -15.149 0.0000000000
33825  -42.542  -48.574  -16.016 0.0000000000
33826  -43.460  -48.832  -16.047 0.0000000000
34980  -42.722  -48.080  -16.613 0.0000000000
34989  -43.240  -47.926  -17.308 0.0000000000
36108  -42.346  -47.690  -17.088 0.0000000000
179242  -40.950  -44.959  -19.961 0.0000000000
38264  -41.264  -45.314  -20.468 0.0000000000
37206  -41.285  -45.888  -21.582 0.0000000000
38274  -41.100  -45.108  -21.263 0.0000000000
166417  -39.958  -65.130  -29.004 0.0000000000
12669  -40.338  -65.595  -28.723 0.0000000000
12681  -40.183  -65.695  -29.953 0.0000000000
24692  -38.847  -55.878  -37.209 0.0000000000
23480  -40.940  -57.056  -38.205 0.0000000000
23479  -40.528  -56.306  -38.382 0.0000000000
24536  -41.007  -56.033  -23.863 0.0000000000
23303  -41.027  -56.927  -24.792 0.0000000000
24555  -40.659  -56.389  -24.418 0.0000000000
24552  -38.493  -55.865  -25.020 0.0000000000
24568  -38.855  -56.343  -25.383 0.0000000000
23315  -38.524  -56.661  -25.951 0.0000000000
23329  -38.269  -56.945  -26.571 0.0000000000
24579  -37.922  -56.348  -26.256 0.0000000000
29398  -44.744  -52.031  -22.167 0.0000000000
30580  -45.221  -51.323  -22.389 0.0000000000
34962  -40.010  -47.724  -14.508 0.0000000000
36094  -39.978  -46.907  -14.784 0.0000000000
37172  -40.029  -46.378  -15.432 0.0000000000
156840  -39.894  -45.753  -15.330 0.0000000000
40314  -40.189  -43.949  -18.183 0.0000000000
10908  -43.005  -68.606  -28.151 0.0000000000
15504  -40.049  -63.424  -31.772 0.0000000000
150819  -40.812  -64.107  -31.669 0.0000000000
15505  -41.131  -63.353  -31.789 0.0000000000
17596  -44.200  -61.252  -32.162 0.0000000000
16545  -43.953  -62.542  -31.870 0.0000000000
17587  -44.785  -61.992  -32.127 0.0000000000
16560  -45.682  -61.748  -32.890 0.0000000000
17609  -46.153  -60.821  -33.145 0.0000000000
20957  -44.455  -58.929  -33.933 0.0000000000
20958  -45.655  -58.972  -33.756 0.0000000000
20975  -45.710  -58.705  -34.323 0.0000000000
20994  -46.425  -58.936  -34.885 0.0000000000
20993  -45.924  -58.586  -34.877 0.0000000000
17530  -45.521  -62.126  -27.601 0.0000000000
166494  -45.399  -62.906  -27.836 0.0000000000
15405  -41.102  -63.585  -27.940 0.0000000000
152135  -41.808  -62.730  -27.904 0.0000000000
20857  -40.746  -58.936  -26.695 0.0000000000
19727  -41.229  -59.527  -26.989 0.0000000000
20874  -40.617  -59.457  -27.159 0.0000000000
18662  -39.936  -60.835  -28.112 0.0000000000
179570  -39.502  -62.041  -28.375 0.0000000000
16494  -39.304  -62.706  -28.556 0.0000000000
16507  -38.749  -62.874  -29.051 0.0000000000
15441  -38.675  -63.431  -29.637 0.0000000000
17573  -37.536  -61.273  -30.872 0.0000000000
16539  -38.243  -62.098  -31.325 0.0000000000
17581  -37.915  -61.500  -31.345 0.0000000000
18715  -38.892  -61.004  -32.168 0.0000000000
18714  -38.070  -60.902  -31.830 0.0000000000
20822  -46.507  -58.856  -24.811 0.0000000000
19707  -46.365  -59.906  -25.639 0.0000000000
19684  -45.986  -59.319  -25.165 0.0000000000
19683  -45.115  -59.104  -25.120 0.0000000000
20803  -44.874  -58.418  -24.675 0.0000000000
25679  -46.953  -55.422  -23.311 0.0000000000
24516  -46.300  -56.040  -23.325 0.0000000000
24514  -44.515  -55.984  -23.138 0.0000000000
23267  -44.068  -56.551  -23.510 0.0000000000
23283  -43.625  -57.046  -23.936 0.0000000000
23266  -43.258  -56.441  -23.530 0.0000000000
24538  -42.487  -56.330  -23.585 0.0000000000
25674  -42.401  -55.328  -22.707 0.0000000000
26875  -41.142  -53.920  -21.660 0.0000000000
26899  -40.851  -54.330  -22.083 0.0000000000
28147  -40.480  -53.904  -21.690 0.0000000000
28167  -39.801  -53.758  -21.706 0.0000000000
151364  -39.545  -53.248  -21.166 0.0000000000
34999  -44.939  -48.345  -18.520 0.0000000000
35004  -43.891  -47.803  -19.786 0.0000000000
35005  -44.566  -48.267  -19.595 0.0000000000
35014  -44.292  -48.083  -20.698 0.0000000000
32758  -44.044  -49.661  -21.909 0.0000000000
33889  -43.884  -48.358  -22.103 0.0000000000
37184  -40.800  -46.242  -17.503 0.0000000000
150200  -41.993  -47.048  -18.155 0.0000000000
36122  -41.792  -46.572  -18.808 0.0000000000
36136  -42.403  -46.594  -21.354 0.0000000000
37193  -42.452  -46.565  -20.499 0.0000000000
33887  -42.588  -48.145  -21.826 0.0000000000
33880  -42.082  -49.045  -20.994 0.0000000000
31673  -41.883  -50.428  -20.333 0.0000000000
173395  -41.390  -49.166  -20.501 0.0000000000
35010  -39.554  -48.536  -20.794 0.0000000000
32748  -40.098  -49.436  -20.309 0.0000000000
33876  -39.452  -49.232  -20.511 0.0000000000
31670  -38.541  -51.080  -20.562 0.0000000000
13587  -43.280  -64.903  -27.341 0.0000000000
13586  -43.350  -65.865  -27.088 0.0000000000
11805  -41.214  -66.904  -29.691 0.0000000000
11778  -41.580  -66.811  -28.133 0.0000000000
11792  -41.863  -67.555  -29.202 0.0000000000
10934  -42.647  -68.156  -29.509 0.0000000000
11822  -43.254  -67.524  -30.754 0.0000000000
161875  -42.989  -64.574  -31.464 0.0000000000
13640  -42.537  -65.471  -31.340 0.0000000000
13641  -44.030  -65.399  -31.360 0.0000000000
13656  -44.693  -65.247  -33.456 0.0000000000
12715  -44.723  -66.123  -31.723 0.0000000000
22140  -36.365  -58.099  -30.148 0.0000000000
22152  -36.340  -57.906  -30.921 0.0000000000
22169  -37.765  -58.310  -33.066 0.0000000000
20942  -38.708  -59.209  -33.035 0.0000000000
20951  -38.400  -58.626  -33.365 0.0000000000
22223  -39.450  -57.519  -36.237 0.0000000000
23440  -38.508  -57.083  -35.453 0.0000000000
22205  -39.800  -58.088  -35.745 0.0000000000
20971  -39.990  -58.831  -34.612 0.0000000000
20988  -40.230  -58.663  -35.238 0.0000000000
20989  -41.073  -58.820  -35.296 0.0000000000
21009  -41.445  -58.624  -36.034 0.0000000000
148572  -42.313  -58.005  -37.812 0.0000000000
21028  -42.768  -58.364  -36.997 0.0000000000
22243  -44.075  -58.143  -37.618 0.0000000000
168145  -39.437  -54.926  -23.242 0.0000000000
24534  -39.535  -55.714  -24.243 0.0000000000
25701  -39.121  -55.249  -23.845 0.0000000000
25700  -38.386  -55.076  -24.071 0.0000000000
25716  -37.673  -54.841  -24.348 0.0000000000
38229  -39.925  -45.188  -14.956 0.0000000000
40273  -40.448  -43.945  -14.487 0.0000000000
12648  -43.928  -67.097  -26.850 0.0000000000
17584  -40.885  -61.931  -31.988 0.0000000000
16543  -41.563  -62.568  -31.827 0.0000000000
17593  -41.521  -61.298  -32.200 0.0000000000
17595  -42.966  -61.036  -32.225 0.0000000000
18725  -43.506  -60.620  -32.523 0.0000000000
18730  -45.111  -60.026  -32.911 0.0000000000
19830  -43.895  -60.054  -32.923 0.0000000000
20956  -43.374  -59.128  -33.909 0.0000000000
20973  -43.463  -58.862  -34.459 0.0000000000
18626  -44.568  -60.645  -26.619 0.0000000000
18625  -43.699  -60.364  -26.654 0.0000000000
18648  -43.303  -60.941  -27.186 0.0000000000
18647  -42.546  -60.854  -27.320 0.0000000000
20873  -39.976  -59.060  -27.168 0.0000000000
19741  -40.209  -59.743  -27.543 0.0000000000
19740  -39.478  -59.476  -27.708 0.0000000000
18661  -39.131  -60.660  -28.282 0.0000000000
17540  -38.488  -61.259  -28.654 0.0000000000
17553  -38.050  -61.736  -29.294 0.0000000000
18677  -37.850  -60.953  -29.096 0.0000000000
18676  -37.317  -60.592  -29.589 0.0000000000
19781  -36.950  -60.089  -30.232 0.0000000000
20823  -47.538  -58.958  -24.915 0.0000000000
22055  -46.481  -57.733  -24.148 0.0000000000
26904  -45.068  -54.093  -22.521 0.0000000000
25677  -45.010  -55.328  -22.887 0.0000000000
25654  -44.637  -54.697  -22.599 0.0000000000
25653  -43.853  -54.718  -22.434 0.0000000000
175144  -43.230  -54.673  -22.266 0.0000000000
26877  -42.481  -53.825  -21.638 0.0000000000
28149  -42.039  -53.375  -21.305 0.0000000000
29365  -41.356  -52.505  -20.628 0.0000000000
33834  -44.027  -48.612  -16.306 0.0000000000
175820  -44.433  -48.215  -17.236 0.0000000000
34990  -44.638  -48.209  -17.688 0.0000000000
157459  -44.064  -48.063  -17.538 0.0000000000
34997  -43.738  -47.787  -18.744 0.0000000000
36129  -43.256  -47.421  -19.326 0.0000000000
38256  -40.680  -45.401  -18.689 0.0000000000
156224  -41.298  -45.946  -19.230 0.0000000000
38260  -41.557  -45.804  -20.188 0.0000000000
37199  -42.033  -46.192  -20.819 0.0000000000
36144  -41.956  -46.865  -21.778 0.0000000000
35012  -41.147  -48.107  -21.161 0.0000000000
35018  -41.120  -47.385  -21.552 0.0000000000
35017  -40.213  -47.398  -21.458 0.0000000000
36142  -40.074  -46.842  -21.809 0.0000000000
13584  -41.501  -65.320  -27.631 0.0000000000
12670  -40.924  -66.175  -28.467 0.0000000000
12674  -40.641  -66.164  -29.346 0.0000000000
11820  -41.438  -66.854  -30.374 0.0000000000
166025  -44.430  -64.711  -31.641 0.0000000000
28337  -37.913  -53.847  -37.006 0.0000000000
25840  -37.998  -55.050  -36.552 0.0000000000
176365  -37.900  -55.495  -36.100 0.0000000000
24691  -38.321  -55.788  -36.570 0.0000000000
169442  -39.242  -56.999  -36.625 0.0000000000
23455  -39.759  -57.285  -36.910 0.0000000000
22225  -40.785  -58.156  -36.612 0.0000000000
22259  -41.469  -57.701  -37.940 0.0000000000
170679  -42.119  -57.594  -38.368 0.0000000000
22071  -42.079  -57.710  -24.995 0.0000000000
20842  -42.621  -58.848  -25.763 0.0000000000
22089  -41.687  -58.095  -25.573 0.0000000000
22088  -40.962  -57.879  -25.724 0.0000000000
22099  -40.533  -58.252  -26.265 0.0000000000
23301  -39.569  -56.535  -25.187 0.0000000000
23317  -39.925  -57.073  -25.547 0.0000000000
22098  -39.851  -58.018  -26.410 0.0000000000
22097  -39.203  -57.793  -26.628 0.0000000000
22107  -38.248  -57.890  -27.412 0.0000000000
22106  -37.631  -57.629  -27.646 0.0000000000
24539  -48.486  -56.272  -24.132 0.0000000000
26922  -46.339  -54.350  -22.908 0.0000000000
28181  -46.839  -53.482  -23.061 0.0000000000
26905  -45.834  -53.686  -22.701 0.0000000000
28169  -45.088  -53.440  -22.410 0.0000000000
28152  -44.273  -52.790  -21.974 0.0000000000
29388  -43.911  -52.130  -21.612 0.0000000000
34963  -40.359  -48.185  -14.974 0.0000000000
34972  -40.819  -47.887  -15.596 0.0000000000
36102  -41.286  -47.617  -16.179 0.0000000000
36101  -40.638  -47.256  -15.834 0.0000000000
37176  -40.584  -46.412  -16.741 0.0000000000
37183  -40.264  -45.773  -17.074 0.0000000000
38235  -39.888  -45.172  -15.799 0.0000000000
38242  -39.974  -45.178  -16.638 0.0000000000
38250  -40.127  -45.150  -17.421 0.0000000000
39314  -40.301  -44.664  -18.479 0.0000000000
168012  -40.347  -44.131  -18.810 0.0000000000
40324  -40.595  -43.861  -19.371 0.0000000000
13624  -39.545  -64.655  -30.760 0.0000000000
13625  -40.134  -65.107  -30.924 0.0000000000
13638  -40.630  -64.806  -31.404 0.0000000000
14530  -41.630  -64.728  -31.538 0.0000000000
161981  -42.763  -63.761  -31.554 0.0000000000
15508  -44.440  -63.337  -31.931 0.0000000000
16571  -45.539  -62.723  -33.020 0.0000000000
19831  -46.056  -59.834  -33.034 0.0000000000
18736  -46.394  -59.598  -33.750 0.0000000000
19866  -46.611  -59.342  -35.034 0.0000000000
19872  -46.678  -59.021  -35.550 0.0000000000
21014  -46.555  -58.857  -35.675 0.0000000000
14478  -46.676  -63.895  -27.517 0.0000000000
15410  -45.389  -63.752  -27.621 0.0000000000
14476  -44.313  -63.904  -27.588 0.0000000000
14475  -43.473  -64.061  -27.606 0.0000000000
15407  -43.003  -63.443  -27.816 0.0000000000
14474  -42.637  -64.267  -27.598 0.0000000000
14473  -41.742  -64.444  -27.688 0.0000000000
14472  -40.928  -64.626  -27.904 0.0000000000
14488  -39.952  -64.068  -28.422 0.0000000000
178369  -41.982  -59.219  -26.396 0.0000000000
18623  -42.218  -60.252  -27.084 0.0000000000
18644  -40.467  -60.358  -27.803 0.0000000000
18663  -40.687  -61.009  -27.984 0.0000000000
172262  -40.472  -63.101  -28.116 0.0000000000
15426  -39.807  -63.314  -28.394 0.0000000000
13600  -39.293  -64.495  -29.623 0.0000000000
14508  -39.007  -64.070  -29.971 0.0000000000
15485  -38.910  -63.544  -31.054 0.0000000000
15503  -39.156  -63.090  -31.613 0.0000000000
16519  -38.055  -62.494  -30.547 0.0000000000
16527  -38.459  -62.758  -31.170 0.0000000000
16541  -39.774  -62.448  -31.942 0.0000000000
157116  -40.060  -61.652  -32.129 0.0000000000
18716  -39.785  -61.051  -32.314 0.0000000000
19826  -39.830  -59.989  -33.007 0.0000000000
15412  -47.250  -62.901  -27.486 0.0000000000
17531  -46.694  -62.233  -27.497 0.0000000000
17513  -46.023  -61.501  -27.118 0.0000000000
18601  -47.014  -60.445  -26.108 0.0000000000
18600  -45.929  -60.368  -26.082 0.0000000000
18627  -45.467  -60.836  -26.592 0.0000000000
18599  -45.006  -60.227  -26.087 0.0000000000
19705  -44.514  -59.549  -25.637 0.0000000000
154435  -43.779  -58.561  -25.044 0.0000000000
23287  -47.434  -56.857  -23.975 0.0000000000
162839  -46.771  -57.238  -23.928 0.0000000000
23286  -46.065  -57.203  -23.838 0.0000000000
24515  -45.394  -55.997  -23.187 0.0000000000
23285  -45.307  -57.179  -23.834 0.0000000000
166833  -45.066  -57.679  -24.181 0.0000000000
22053  -44.579  -57.855  -24.391 0.0000000000
22052  -43.920  -57.642  -24.355 0.0000000000
22072  -42.792  -57.909  -24.869 0.0000000000
23305  -42.471  -57.306  -24.482 0.0000000000
24537  -41.749  -56.183  -23.708 0.0000000000
24509  -40.599  -55.537  -23.474 0.0000000000
25673  -41.660  -55.267  -22.812 0.0000000000
25672  -40.925  -55.176  -22.937 0.0000000000
164353  -40.184  -55.070  -23.074 0.0000000000
26920  -39.782  -54.572  -22.682 0.0000000000
28166  -39.048  -53.468  -21.665 0.0000000000
33881  -44.956  -48.682  -20.387 0.0000000000
31682  -44.449  -50.444  -21.918 0.0000000000
31681  -43.514  -50.494  -21.396 0.0000000000
154713  -41.844  -47.200  -17.477 0.0000000000
36138  -43.388  -47.307  -20.484 0.0000000000
36128  -42.289  -46.754  -19.556 0.0000000000
159554  -42.806  -47.014  -19.952 0.0000000000
36146  -43.366  -47.347  -21.592 0.0000000000
33888  -43.063  -48.802  -21.920 0.0000000000
31674  -42.689  -50.465  -20.883 0.0000000000
30572  -42.994  -51.190  -21.029 0.0000000000
30561  -42.228  -51.167  -20.543 0.0000000000
30560  -41.410  -51.140  -20.153 0.0000000000
153504  -40.996  -51.817  -20.240 0.0000000000
32749  -40.826  -49.610  -20.232 0.0000000000
31671  -39.996  -50.634  -20.095 0.0000000000
29363  -39.726  -52.164  -20.315 0.0000000000
169553  -39.146  -52.136  -20.467 0.0000000000
30556  -38.438  -51.629  -20.725 0.0000000000
13572  -44.179  -65.460  -27.083 0.0000000000
152670  -42.895  -67.016  -27.188 0.0000000000
12664  -42.072  -66.077  -27.379 0.0000000000
160785  -42.154  -67.373  -27.767 0.0000000000
10898  -43.022  -68.242  -27.667 0.0000000000
10918  -42.744  -68.353  -28.768 0.0000000000
13626  -40.826  -65.538  -31.071 0.0000000000
12712  -41.705  -65.915  -31.129 0.0000000000
12695  -42.133  -66.751  -30.850 0.0000000000
12714  -43.761  -66.131  -31.242 0.0000000000
12696  -43.503  -66.825  -31.088 0.0000000000
25699  -37.288  -54.248  -23.984 0.0000000000
24578  -37.312  -56.056  -26.634 0.0000000000
23336  -37.437  -57.021  -27.440 0.0000000000
166939  -37.189  -57.333  -27.900 0.0000000000
22130  -36.812  -58.285  -28.955 0.0000000000
20900  -36.573  -58.574  -29.600 0.0000000000
19780  -36.634  -59.318  -30.537 0.0000000000
19795  -36.914  -59.795  -31.029 0.0000000000
22160  -36.438  -57.702  -31.617 0.0000000000
20934  -36.906  -58.878  -31.826 0.0000000000
19812  -37.810  -60.165  -32.059 0.0000000000
19824  -38.274  -59.623  -32.534 0.0000000000
19825  -39.044  -59.804  -32.781 0.0000000000
19843  -40.053  -59.615  -33.525 0.0000000000
24656  -38.038  -56.442  -35.379 0.0000000000
23422  -38.072  -57.039  -34.719 0.0000000000
22187  -38.386  -57.747  -34.353 0.0000000000
20970  -39.403  -58.704  -34.240 0.0000000000
20953  -40.086  -59.193  -34.067 0.0000000000
19844  -40.728  -59.600  -33.797 0.0000000000
19858  -41.534  -59.460  -33.968 0.0000000000
154474  -42.599  -58.845  -34.913 0.0000000000
20991  -43.473  -58.723  -35.119 0.0000000000
21011  -43.447  -58.601  -36.001 0.0000000000
21012  -44.878  -58.510  -35.801 0.0000000000
21030  -45.037  -58.311  -36.561 0.0000000000
10951  -42.812  -67.957  -30.185 0.0000000000
11779  -42.023  -66.754  -27.511 0.0000000000
11791  -41.312  -66.889  -28.900 0.0000000000
11806  -41.886  -67.467  -29.940 0.0000000000
12693  -40.384  -65.731  -30.586 0.0000000000
12694  -41.112  -66.216  -30.765 0.0000000000
12716  -45.074  -65.636  -32.328 0.0000000000
13574  -46.087  -65.463  -27.025 0.0000000000
13593  -40.201  -64.820  -28.369 0.0000000000
13608  -39.359  -64.620  -30.198 0.0000000000
13609  -39.851  -65.160  -30.369 0.0000000000
13642  -44.814  -65.369  -31.815 0.0000000000
13643  -45.026  -64.815  -32.172 0.0000000000
13645  -44.922  -65.855  -33.046 0.0000000000
14487  -39.489  -63.865  -28.730 0.0000000000
14497  -39.629  -64.511  -28.972 0.0000000000
14528  -39.415  -63.721  -31.506 0.0000000000
14529  -39.980  -64.158  -31.506 0.0000000000
15408  -43.718  -63.412  -27.776 0.0000000000
15425  -39.151  -63.373  -28.890 0.0000000000
15465  -38.751  -63.687  -30.376 0.0000000000
15506  -42.161  -63.201  -31.678 0.0000000000
16496  -41.001  -62.573  -28.004 0.0000000000
16540  -38.818  -62.332  -31.714 0.0000000000
16559  -45.327  -62.975  -32.726 0.0000000000
17542  -40.090  -61.560  -28.182 0.0000000000
17552  -37.553  -61.336  -29.767 0.0000000000
17566  -37.823  -61.965  -30.076 0.0000000000
17574  -37.850  -61.909  -30.805 0.0000000000
17580  -37.601  -61.004  -31.349 0.0000000000
17583  -39.252  -61.701  -32.038 0.0000000000
17586  -43.279  -61.728  -31.926 0.0000000000
17594  -42.348  -61.327  -32.116 0.0000000000
17620  -46.041  -61.142  -33.552 0.0000000000
18598  -44.288  -60.093  -26.206 0.0000000000
18689  -37.302  -60.938  -30.312 0.0000000000
18703  -37.249  -60.571  -31.011 0.0000000000
18722  -40.332  -60.596  -32.726 0.0000000000
18726  -44.732  -60.704  -32.541 0.0000000000
18731  -46.413  -60.173  -33.262 0.0000000000
19703  -42.465  -59.345  -26.288 0.0000000000
19728  -41.932  -59.637  -26.759 0.0000000000
19742  -40.898  -59.948  -27.426 0.0000000000
19743  -41.567  -60.089  -27.271 0.0000000000
19752  -37.585  -59.343  -28.777 0.0000000000
19754  -38.956  -59.916  -28.145 0.0000000000
19811  -37.265  -60.035  -31.612 0.0000000000
19842  -39.410  -59.437  -33.255 0.0000000000
19846  -43.138  -59.614  -33.445 0.0000000000
19848  -45.530  -59.393  -33.243 0.0000000000
19849  -46.268  -59.498  -33.472 0.0000000000
20805  -46.977  -58.308  -24.515 0.0000000000
20818  -42.393  -58.302  -25.413 0.0000000000
20821  -45.635  -58.692  -24.738 0.0000000000
20840  -41.256  -58.493  -26.143 0.0000000000
20843  -43.771  -59.076  -25.483 0.0000000000
20856  -39.513  -58.413  -26.905 0.0000000000
20858  -41.531  -59.097  -26.512 0.0000000000
20889  -38.067  -58.924  -28.210 0.0000000000
20911  -36.522  -58.793  -30.170 0.0000000000
20912  -36.742  -59.280  -29.846 0.0000000000
20923  -36.465  -58.621  -30.741 0.0000000000
20933  -36.538  -58.412  -31.405 0.0000000000
20941  -37.988  -58.967  -32.782 0.0000000000
20959  -46.356  -59.063  -34.025 0.0000000000
20972  -41.837  -59.027  -34.605 0.0000000000
20976  -46.366  -58.880  -34.424 0.0000000000
20990  -41.852  -58.821  -35.311 0.0000000000
22051  -43.190  -57.481  -24.383 0.0000000000
22054  -45.711  -57.698  -24.118 0.0000000000
22056  -48.434  -57.831  -24.560 0.0000000000
22070  -41.373  -57.487  -25.177 0.0000000000
22073  -43.494  -58.064  -24.765 0.0000000000
22074  -44.161  -58.229  -24.709 0.0000000000
22076  -49.041  -58.367  -24.737 0.0000000000
22087  -40.254  -57.643  -25.907 0.0000000000
22096  -38.587  -57.529  -26.885 0.0000000000
22108  -38.879  -58.150  -27.176 0.0000000000
22118  -37.175  -57.879  -28.290 0.0000000000
22119  -37.847  -58.250  -27.949 0.0000000000
22177  -38.734  -58.336  -33.980 0.0000000000
22189  -39.552  -58.357  -35.019 0.0000000000
22204  -39.089  -57.695  -35.476 0.0000000000
22224  -40.080  -57.871  -36.452 0.0000000000
22226  -41.445  -58.320  -36.723 0.0000000000
22239  -40.388  -57.649  -37.119 0.0000000000
22242  -43.160  -58.153  -37.641 0.0000000000
23268  -44.900  -56.606  -23.506 0.0000000000
23270  -46.564  -56.695  -23.657 0.0000000000
23280  -41.406  -56.539  -24.264 0.0000000000
23281  -42.122  -56.744  -24.083 0.0000000000
23302  -40.299  -56.727  -24.991 0.0000000000
23316  -39.205  -56.878  -25.736 0.0000000000
23328  -37.696  -56.663  -26.896 0.0000000000
23330  -38.884  -57.203  -26.311 0.0000000000
23423  -38.578  -57.556  -34.964 0.0000000000
23454  -38.923  -57.057  -36.062 0.0000000000
23465  -39.389  -56.582  -37.281 0.0000000000
23482  -42.889  -57.704  -38.368 0.0000000000
24510  -41.348  -55.646  -23.339 0.0000000000
24513  -43.672  -55.930  -23.101 0.0000000000
24535  -40.263  -55.893  -24.028 0.0000000000
24553  -39.191  -56.038  -24.815 0.0000000000
24554  -39.922  -56.214  -24.614 0.0000000000
24567  -38.189  -56.102  -25.612 0.0000000000
24589  -37.114  -56.417  -27.298 0.0000000000
24679  -38.119  -56.035  -35.960 0.0000000000
24680  -38.784  -56.459  -36.580 0.0000000000
25649  -40.523  -54.706  -22.556 0.0000000000
25650  -41.241  -54.791  -22.443 0.0000000000
25651  -41.951  -54.824  -22.359 0.0000000000
25652  -42.649  -54.798  -22.307 0.0000000000
25671  -38.686  -54.751  -23.450 0.0000000000
25675  -43.248  -55.259  -22.657 0.0000000000
25717  -38.100  -55.378  -24.693 0.0000000000
26876  -41.808  -53.898  -21.628 0.0000000000
26897  -39.374  -54.049  -22.220 0.0000000000
26901  -42.218  -54.349  -21.959 0.0000000000
26902  -43.559  -54.174  -22.097 0.0000000000
26903  -44.371  -54.007  -22.298 0.0000000000
26921  -45.469  -54.579  -22.731 0.0000000000
27100  -37.360  -54.187  -36.011 0.0000000000
27109  -38.160  -54.515  -37.049 0.0000000000
28120  -39.314  -52.610  -20.691 0.0000000000
28121  -40.145  -52.989  -20.781 0.0000000000
28122  -40.978  -53.017  -20.879 0.0000000000
28123  -41.592  -53.024  -21.018 0.0000000000
28148  -41.393  -53.476  -21.282 0.0000000000
29362  -38.683  -52.185  -20.720 0.0000000000
29364  -40.585  -52.429  -20.412 0.0000000000
29366  -41.793  -51.887  -20.526 0.0000000000
29387  -43.063  -52.483  -21.246 0.0000000000
30557  -39.030  -51.620  -20.393 0.0000000000
30558  -39.770  -51.360  -20.137 0.0000000000
30559  -40.306  -51.779  -20.169 0.0000000000
30573  -43.772  -51.272  -21.481 0.0000000000
31683  -45.206  -50.675  -22.289 0.0000000000
32746  -38.679  -50.391  -20.510 0.0000000000
32747  -39.452  -50.024  -20.273 0.0000000000
32750  -41.594  -49.727  -20.349 0.0000000000
32757  -43.237  -49.709  -21.544 0.0000000000
32759  -44.854  -49.558  -21.964 0.0000000000
33816  -41.064  -49.225  -15.011 0.0000000000
33824  -41.668  -48.950  -15.525 0.0000000000
33867  -45.137  -48.625  -19.396 0.0000000000
33877  -39.993  -48.860  -20.597 0.0000000000
33878  -40.758  -48.850  -20.604 0.0000000000
33891  -45.093  -49.113  -21.352 0.0000000000
34979  -42.034  -47.931  -16.424 0.0000000000
34981  -44.118  -48.275  -16.835 0.0000000000
34982  -44.892  -48.391  -17.062 0.0000000000
34998  -44.226  -48.032  -18.221 0.0000000000
35016  -39.208  -48.241  -21.251 0.0000000000
35019  -42.065  -47.594  -21.768 0.0000000000
35020  -43.362  -47.889  -22.075 0.0000000000
35021  -43.887  -47.865  -21.643 0.0000000000
36106  -40.951  -47.038  -16.470 0.0000000000
36107  -41.635  -47.384  -16.791 0.0000000000
36118  -43.151  -47.610  -18.333 0.0000000000
36137  -42.893  -46.933  -21.056 0.0000000000
36143  -41.090  -46.608  -21.782 0.0000000000
36145  -42.670  -47.083  -21.763 0.0000000000
37168  -39.900  -46.142  -14.792 0.0000000000
37173  -40.375  -46.652  -16.034 0.0000000000
37185  -41.421  -46.680  -17.891 0.0000000000
37207  -41.837  -46.304  -21.493 0.0000000000
38251  -40.490  -45.638  -17.847 0.0000000000
38255  -40.282  -45.106  -18.055 0.0000000000
39289  -40.105  -44.507  -14.735 0.0000000000
39308  -39.980  -44.494  -17.022 0.0000000000
39320  -40.621  -44.722  -19.283 0.0000000000
39333  -40.828  -44.379  -20.007 0.0000000000
149088  -46.028  -66.222  -26.501 0.0000000000
149649  -40.200  -46.933  -15.471 0.0000000000
150378  -36.980  -59.469  -31.589 0.0000000000
151279  -39.615  -59.168  -33.711 0.0000000000
153837  -41.396  -59.966  -33.424 0.0000000000
154089  -42.711  -58.995  -34.353 0.0000000000
154431  -44.368  -48.941  -21.912 0.0000000000
155159  -41.333  -60.438  -32.961 0.0000000000
156545  -42.879  -54.275  -21.978 0.0000000000
160486  -40.554  -51.174  -20.070 0.0000000000
161753  -40.237  -50.028  -20.135 0.0000000000
164154  -44.994  -52.712  -22.329 0.0000000000
164516  -39.094  -64.151  -30.628 0.0000000000
168036  -39.693  -47.965  -21.154 0.0000000000
168558  -44.009  -64.581  -27.364 0.0000000000
168749  -42.645  -67.421  -27.421 0.0000000000
169301  -39.903  -64.581  -31.164 0.0000000000
170594  -46.799  -54.815  -23.085 0.0000000000
171268  -42.516  -59.881  -26.712 0.0000000000
172881  -45.380  -58.113  -24.435 0.0000000000
172948  -38.148  -62.317  -30.966 0.0000000000
173374  -45.005  -59.117  -33.556 0.0000000000
173784  -38.590  -60.289  -32.315 0.0000000000
175842  -38.411  -56.226  -36.274 0.0000000000
175900  -43.410  -57.952  -38.042 0.0000000000
176050  -45.962  -63.326  -27.727 0.0000000000
176185  -39.888  -45.692  -14.828 0.0000000000
176271  -45.114  -58.745  -34.100 0.0000000000
176752  -43.688  -47.866  -18.014 0.0000000000
176922  -44.682  -66.083  -26.835 0.0000000000
177022  -40.151  -53.509  -21.316 0.0000000000
178518  -40.858  -60.502  -32.894 0.0000000000
178666  -47.001  -59.988  -25.702 0.0000000000
178798  -40.111  -65.560  -29.346 0.0000000000
178897  -40.449  -64.155  -28.083 0.0000000000
179186  -44.973  -58.010  -24.424 0.0000000000
179831  -46.975  -63.288  -27.546 0.0000000000
