#!ascii label  , from subject sub-v2s13x29122_ses-1 vox2ras=TkReg
1419
87907  -20.856  -9.623  -35.147 0.5555555820
87922  -21.028  -9.090  -35.545 0.6666666865
88896  -21.517  -7.874  -36.356 0.7777777910
88898  -22.365  -8.278  -36.768 0.7777777910
173003  -22.334  -6.357  -37.315 0.8888888955
90036  -24.484  -7.455  -38.588 0.8888888955
86888  -20.042  -10.044  -34.301 0.5555555820
87921  -20.411  -9.326  -34.865 0.5555555820
165372  -20.792  -7.803  -35.833 0.6666666865
90012  -21.199  -7.443  -36.253 0.8888888955
88904  -22.714  -7.658  -37.183 0.8888888955
91246  -22.707  -6.518  -37.592 0.8888888955
91263  -23.752  -5.997  -38.935 1.0000000000
91255  -24.844  -6.849  -39.048 0.8888888955
92382  -25.612  -5.566  -39.880 1.0000000000
90000  -20.272  -7.844  -35.351 0.7777777910
92362  -21.024  -6.162  -36.446 1.0000000000
169624  -20.360  -5.380  -36.189 1.0000000000
92369  -21.857  -5.987  -37.111 1.0000000000
93499  -22.447  -4.860  -38.198 1.0000000000
93486  -21.223  -5.104  -36.975 1.0000000000
94599  -23.087  -4.696  -38.730 1.0000000000
94590  -21.222  -4.141  -37.559 1.0000000000
94598  -22.438  -3.940  -38.712 1.0000000000
160596  -23.583  -4.062  -39.137 1.0000000000
94611  -25.009  -4.478  -39.775 1.0000000000
182787  -22.967  -3.796  -38.986 1.0000000000
95675  -23.211  -3.174  -39.158 1.0000000000
164545  -25.391  -3.958  -39.812 1.0000000000
159068  -24.577  -2.857  -39.432 1.0000000000
96724  -25.136  -2.385  -39.739 0.7777777910
180747  -19.521  -3.794  -36.119 0.8888888955
172052  -20.490  -4.877  -36.516 1.0000000000
95664  -21.245  -3.305  -38.139 1.0000000000
95655  -20.124  -3.335  -37.030 1.0000000000
95663  -20.748  -2.656  -37.966 1.0000000000
95673  -22.021  -2.253  -39.160 1.0000000000
96723  -23.513  -2.334  -39.364 1.0000000000
97715  -23.158  -1.396  -39.995 1.0000000000
190558  -24.888  -1.551  -39.978 1.0000000000
96734  -25.613  -1.842  -40.262 0.8888888955
96733  -25.019  -0.927  -40.568 1.0000000000
97727  -25.977  -1.151  -40.912 0.7777777910
97729  -27.258  -1.491  -40.714 0.7777777910
95642  -18.784  -2.353  -35.928 0.5555555820
98725  -18.694  -0.240  -36.860 0.7777777910
97694  -19.211  -1.419  -36.856 0.8888888955
96713  -20.868  -2.068  -38.395 1.0000000000
161723  -21.412  -2.518  -38.539 1.0000000000
97705  -20.405  -1.481  -38.155 0.8888888955
190606  -20.798  -1.266  -38.494 1.0000000000
97712  -21.629  -1.614  -39.621 1.0000000000
97726  -22.757  -1.005  -41.167 1.0000000000
188787  -24.165  -0.553  -40.669 0.8888888955
98758  -23.024  -0.548  -41.277 1.0000000000
98759  -24.390  -0.188  -40.878 0.8888888955
99773  -26.546  -0.208  -41.474 0.7777777910
98763  -27.911  -0.337  -40.481 0.6666666865
99775  -27.828  0.391  -40.688 0.6666666865
98709  -17.559  0.060  -35.788 0.4444444478
98711  -18.359  -0.702  -36.359 0.7777777910
99736  -18.287  0.476  -36.655 0.6666666865
99751  -19.537  0.716  -37.898 0.7777777910
99752  -20.048  -0.067  -38.084 0.8888888955
99753  -20.875  -0.152  -38.537 0.8888888955
98747  -21.892  -1.047  -39.833 1.0000000000
99761  -21.386  0.581  -38.988 1.0000000000
99772  -22.736  0.196  -40.497 1.0000000000
98771  -23.319  0.066  -41.330 1.0000000000
99783  -23.680  0.378  -41.024 0.8888888955
99785  -25.342  0.470  -41.360 0.7777777910
99786  -26.214  0.426  -41.645 0.7777777910
100787  -28.340  0.919  -40.178 0.5555555820
100799  -26.334  0.934  -41.792 0.7777777910
100800  -27.479  1.340  -41.293 0.6666666865
101777  -18.243  1.870  -36.798 0.6666666865
100738  -17.881  1.126  -36.326 0.6666666865
100751  -19.056  1.131  -37.505 0.7777777910
101791  -18.862  1.826  -37.539 0.7777777910
100766  -19.882  1.406  -38.391 0.8888888955
100774  -20.694  1.418  -38.870 0.8888888955
101804  -20.140  2.107  -38.814 1.0000000000
100775  -21.550  1.406  -39.298 1.0000000000
100784  -22.943  1.131  -40.314 1.0000000000
99782  -23.331  0.561  -40.878 0.8888888955
101827  -23.675  1.557  -40.721 0.8888888955
162266  -25.316  1.516  -41.660 0.8888888955
100798  -25.853  0.998  -41.708 0.7777777910
102830  -23.539  2.078  -40.715 0.8888888955
101829  -24.762  2.051  -41.476 0.7777777910
101830  -25.648  2.008  -41.659 0.7777777910
168879  -27.653  1.879  -41.333 0.7777777910
101832  -28.536  2.265  -41.167 0.6666666865
101775  -17.200  2.646  -35.958 0.6666666865
101776  -17.610  1.927  -36.174 0.5555555820
102776  -17.850  2.710  -36.773 0.7777777910
101802  -18.954  2.717  -37.981 0.8888888955
102815  -20.368  2.853  -39.199 1.0000000000
101810  -21.207  2.150  -39.362 1.0000000000
171352  -22.831  2.316  -40.325 1.0000000000
101820  -22.956  1.855  -40.280 0.8888888955
102833  -25.119  2.652  -41.431 0.7777777910
102834  -26.151  2.760  -41.291 0.7777777910
102835  -27.075  2.833  -41.142 0.6666666865
102836  -28.731  2.867  -41.422 0.5555555820
101833  -29.370  2.491  -41.275 0.5555555820
102775  -17.288  3.432  -36.463 0.7777777910
102793  -18.338  3.118  -37.516 0.8888888955
102814  -19.686  3.467  -39.026 1.0000000000
102816  -21.278  2.912  -39.718 1.0000000000
165330  -23.301  2.712  -40.768 0.8888888955
102824  -22.953  2.558  -40.488 0.8888888955
103828  -23.799  3.209  -40.977 0.8888888955
102831  -23.800  2.327  -40.976 0.8888888955
103830  -25.646  3.503  -41.100 0.7777777910
104799  -26.901  4.424  -40.879 0.7777777910
103831  -26.755  3.578  -40.974 0.7777777910
103833  -28.519  3.413  -41.389 0.5555555820
104798  -25.639  4.975  -40.814 0.7777777910
104800  -28.406  3.835  -41.416 0.5555555820
166159  -29.020  3.653  -41.502 0.5555555820
171054  -28.000  4.390  -41.265 0.6666666865
105678  -16.079  5.359  -35.886 0.4444444478
103775  -16.796  4.128  -36.265 0.5555555820
104770  -18.225  4.984  -37.772 0.7777777910
103806  -19.114  4.067  -38.629 1.0000000000
103805  -18.507  4.232  -38.019 0.8888888955
103810  -19.732  4.259  -39.225 1.0000000000
103817  -21.407  3.567  -39.934 0.8888888955
103818  -21.607  4.273  -40.110 0.8888888955
178175  -22.216  3.376  -40.316 0.8888888955
103827  -23.092  3.647  -40.763 0.8888888955
167968  -24.317  4.173  -40.918 0.8888888955
180020  -26.368  4.934  -40.775 0.6666666865
104801  -28.957  3.795  -41.753 0.5555555820
106707  -17.902  7.184  -38.363 0.6666666865
105709  -17.791  5.725  -37.565 0.6666666865
105739  -19.356  5.653  -39.211 0.7777777910
104784  -20.385  5.123  -39.783 0.8888888955
105740  -19.924  5.804  -39.638 0.7777777910
104786  -21.800  5.026  -40.231 0.7777777910
105750  -22.752  5.700  -40.516 0.7777777910
104795  -23.076  4.799  -40.661 0.8888888955
105756  -24.480  5.827  -40.718 0.7777777910
104796  -23.959  4.967  -40.779 0.7777777910
105757  -26.185  5.554  -40.657 0.6666666865
106738  -26.053  6.801  -40.450 0.6666666865
168608  -27.731  5.295  -41.438 0.6666666865
105759  -27.370  5.539  -41.053 0.6666666865
105758  -27.058  5.148  -40.794 0.5555555820
106758  -27.429  5.608  -42.860 0.6666666865
105773  -28.024  4.185  -43.338 0.5555555820
104814  -28.501  3.129  -43.955 0.5555555820
105765  -28.916  4.050  -42.087 0.4444444478
108634  -18.014  9.490  -38.495 0.3333333433
108622  -17.847  8.649  -38.608 0.3333333433
107712  -18.312  7.990  -39.034 0.5555555820
106718  -18.868  7.227  -39.243 0.6666666865
107725  -20.239  7.586  -39.922 0.5555555820
106729  -20.036  6.652  -39.798 0.7777777910
177591  -21.739  6.312  -40.284 0.7777777910
106731  -22.701  7.183  -40.452 0.6666666865
106735  -23.130  6.438  -40.577 0.6666666865
171270  -22.372  6.412  -40.413 0.6666666865
106736  -23.908  6.467  -40.684 0.6666666865
107738  -26.798  7.432  -41.109 0.6666666865
107757  -27.109  6.899  -42.516 0.6666666865
107765  -27.030  6.553  -43.602 0.6666666865
105780  -27.575  3.788  -44.769 0.5555555820
106772  -27.411  4.665  -45.519 0.5555555820
106765  -27.279  5.220  -44.174 0.6666666865
108637  -19.850  9.109  -39.724 0.4444444478
170487  -18.396  9.874  -38.530 0.4444444478
108636  -19.146  8.986  -39.501 0.4444444478
108646  -21.290  9.120  -39.983 0.5555555820
177044  -20.194  8.463  -39.906 0.5555555820
107727  -21.529  8.164  -40.126 0.6666666865
107726  -21.016  7.403  -40.082 0.6666666865
107733  -23.073  7.959  -40.600 0.6666666865
171787  -24.277  7.134  -40.739 0.6666666865
168790  -25.625  7.464  -40.631 0.6666666865
107756  -26.944  7.877  -42.268 0.6666666865
107774  -26.834  7.223  -44.959 0.6666666865
106771  -27.300  6.214  -45.595 0.5555555820
109654  -21.779  9.970  -40.026 0.4444444478
108654  -23.472  8.673  -40.698 0.6666666865
108655  -24.292  8.521  -40.750 0.6666666865
107735  -24.826  7.802  -40.732 0.6666666865
107734  -23.875  7.856  -40.749 0.6666666865
107764  -26.729  7.353  -43.994 0.6666666865
90020  -22.110  -7.024  -36.853 0.8888888955
90011  -20.699  -7.144  -35.989 1.0000000000
91239  -21.363  -6.319  -36.636 1.0000000000
92370  -22.416  -5.799  -37.600 1.0000000000
186022  -24.185  -5.465  -39.316 1.0000000000
99724  -17.808  0.455  -36.187 0.5555555820
100795  -23.528  1.001  -40.675 0.8888888955
102774  -16.633  3.373  -35.771 0.5555555820
166907  -16.497  5.762  -36.268 0.5555555820
102792  -17.814  3.564  -37.171 0.7777777910
103811  -20.456  3.704  -39.527 1.0000000000
103829  -24.694  3.391  -41.103 0.8888888955
176738  -14.995  6.249  -34.234 0.2222222239
105760  -28.271  4.259  -41.678 0.6666666865
105748  -21.395  5.780  -40.166 0.7777777910
105774  -28.998  3.522  -42.853 0.4444444478
170661  -23.937  9.274  -40.648 0.6666666865
186274  -17.354  1.327  -35.811 0.4444444478
106779  -27.665  5.477  -45.672 0.5555555820
106780  -27.975  5.232  -45.736 0.5555555820
110660  -20.170  10.066  -39.115 0.2222222239
109652  -20.351  9.838  -39.461 0.3333333433
106778  -27.126  6.679  -46.402 0.5555555820
85774  -20.349  -10.804  -34.337 0.5555555820
86890  -21.324  -10.544  -35.179 0.5555555820
86902  -21.232  -9.875  -35.403 0.6666666865
87923  -21.662  -9.390  -35.968 0.5555555820
170798  -22.273  -9.212  -36.383 0.5555555820
88916  -24.308  -8.009  -38.079 0.7777777910
88917  -25.137  -8.105  -38.238 0.8888888955
171192  -19.787  -10.604  -33.937 0.5555555820
87936  -22.787  -9.127  -36.666 0.6666666865
87948  -23.022  -8.632  -37.048 0.6666666865
88915  -23.604  -7.808  -37.858 0.8888888955
90037  -25.481  -7.527  -38.690 0.7777777910
181125  -26.637  -6.768  -39.165 0.7777777910
92383  -26.444  -5.639  -39.825 0.8888888955
86876  -19.415  -10.064  -33.728 0.4444444478
88876  -19.469  -8.448  -34.137 0.5555555820
93511  -25.582  -4.884  -39.998 1.0000000000
91202  -19.497  -7.205  -34.231 0.2222222239
91233  -20.362  -6.563  -35.841 0.6666666865
159437  -25.867  -4.056  -39.958 0.8888888955
95679  -26.586  -3.603  -39.701 0.6666666865
159809  -26.674  -1.952  -40.522 0.7777777910
96736  -27.597  -2.257  -40.250 0.6666666865
93461  -19.892  -5.365  -35.837 0.5555555820
97730  -28.102  -1.581  -40.410 0.6666666865
94564  -19.171  -3.994  -35.463 0.4444444478
98764  -28.562  -0.935  -40.279 0.5555555820
99764  -29.056  0.652  -39.513 0.5555555820
96676  -17.956  -1.586  -35.376 0.2222222239
100788  -29.023  1.345  -40.107 0.5555555820
99705  -17.188  0.245  -35.325 0.4444444478
101745  -15.797  2.007  -33.837 0.3333333433
103835  -29.790  3.355  -40.926 0.5555555820
104723  -16.060  4.483  -35.743 0.4444444478
181018  -29.383  3.964  -41.066 0.4444444478
104722  -15.030  5.023  -34.482 0.3333333433
104802  -29.177  4.244  -41.225 0.5555555820
105775  -28.988  4.016  -42.423 0.4444444478
109625  -17.777  9.416  -38.206 0.3333333433
108605  -17.595  8.785  -37.992 0.3333333433
107688  -17.343  8.025  -37.565 0.4444444478
104816  -29.587  3.071  -44.586 0.4444444478
105794  -29.261  3.308  -46.170 0.4444444478
106786  -27.645  6.569  -46.493 0.2222222239
110673  -20.980  10.219  -39.408 0.3333333433
109661  -23.157  9.565  -40.542 0.6666666865
162543  -24.769  9.126  -40.698 0.6666666865
108658  -26.405  8.746  -41.391 0.6666666865
108666  -26.690  8.676  -42.077 0.6666666865
109691  -26.420  8.967  -43.836 0.6666666865
172989  -26.439  8.618  -44.606 0.6666666865
107780  -26.888  7.167  -45.869 0.6666666865
107784  -26.790  7.135  -46.671 0.4444444478
106791  -27.442  6.822  -47.092 0.3333333433
109662  -24.470  9.850  -40.594 0.5555555820
86889  -20.751  -10.187  -34.835 0.5555555820
88887  -21.091  -8.210  -35.935 0.6666666865
87934  -21.401  -8.616  -36.087 0.7777777910
87935  -21.827  -8.500  -36.396 0.7777777910
90019  -21.691  -7.067  -36.633 0.8888888955
88903  -22.335  -7.343  -36.931 0.8888888955
91251  -22.589  -6.193  -37.602 1.0000000000
91245  -22.205  -6.181  -37.288 1.0000000000
90025  -22.504  -7.163  -37.077 0.8888888955
91240  -21.885  -6.413  -36.969 1.0000000000
91254  -23.792  -6.664  -38.711 1.0000000000
90034  -23.132  -6.689  -38.065 0.8888888955
90035  -23.610  -7.276  -38.254 0.8888888955
87895  -19.597  -9.247  -34.112 0.5555555820
164368  -19.988  -8.561  -34.773 0.6666666865
88886  -20.599  -8.472  -35.409 0.6666666865
90018  -21.344  -6.750  -36.521 0.8888888955
90026  -23.031  -7.158  -37.672 0.8888888955
91253  -23.254  -6.294  -38.407 1.0000000000
92381  -24.660  -5.749  -39.425 1.0000000000
92375  -22.903  -5.929  -38.066 1.0000000000
93501  -23.294  -5.543  -38.692 1.0000000000
91266  -26.159  -6.225  -39.570 1.0000000000
93509  -24.290  -4.971  -39.418 1.0000000000
89999  -19.675  -7.862  -34.596 0.5555555820
91224  -19.948  -7.122  -35.164 0.6666666865
91238  -20.960  -6.489  -36.336 1.0000000000
92357  -20.629  -6.205  -36.186 0.8888888955
93462  -20.519  -5.865  -36.183 0.8888888955
93475  -20.955  -5.732  -36.499 1.0000000000
94578  -19.802  -4.620  -36.031 1.0000000000
93487  -21.888  -5.670  -37.263 1.0000000000
169487  -21.861  -4.963  -37.594 1.0000000000
93488  -22.424  -5.576  -37.760 1.0000000000
93508  -23.724  -4.899  -39.116 1.0000000000
94589  -20.603  -4.121  -37.012 1.0000000000
95656  -20.653  -3.340  -37.526 1.0000000000
94610  -24.289  -4.294  -39.400 1.0000000000
93518  -26.012  -4.750  -40.118 0.8888888955
162768  -24.836  -3.774  -39.541 1.0000000000
95665  -21.901  -3.174  -38.678 1.0000000000
95676  -24.038  -3.454  -39.301 1.0000000000
95677  -25.276  -3.281  -39.664 1.0000000000
95678  -25.619  -3.511  -39.798 0.8888888955
96735  -26.046  -2.415  -40.328 0.7777777910
95644  -19.630  -3.247  -36.543 1.0000000000
94579  -20.024  -3.987  -36.551 1.0000000000
162373  -20.182  -2.707  -37.399 1.0000000000
95654  -19.781  -2.779  -36.949 0.8888888955
175176  -20.230  -2.103  -37.770 1.0000000000
96721  -21.428  -1.947  -39.160 1.0000000000
169883  -22.157  -1.645  -40.030 1.0000000000
97714  -22.331  -1.310  -40.712 1.0000000000
97716  -23.960  -1.023  -40.318 1.0000000000
98761  -26.392  -0.676  -41.339 0.7777777910
98762  -27.029  -0.854  -41.259 0.6666666865
95628  -18.460  -2.759  -35.251 0.5555555820
95629  -19.084  -3.150  -35.813 0.5555555820
96690  -18.467  -1.732  -35.956 0.6666666865
96691  -19.038  -1.899  -36.448 0.6666666865
95643  -19.325  -2.582  -36.497 0.7777777910
170246  -18.836  -0.895  -36.702 0.7777777910
98736  -19.349  -0.113  -37.527 0.8888888955
98726  -19.288  -0.824  -37.177 0.8888888955
98737  -19.890  -0.789  -37.767 0.8888888955
96704  -19.631  -2.142  -37.082 0.8888888955
97695  -19.767  -1.476  -37.460 1.0000000000
98738  -20.528  -0.798  -38.283 0.8888888955
98756  -22.266  -0.784  -40.878 1.0000000000
179714  -24.312  0.238  -40.977 0.8888888955
98773  -25.233  0.009  -41.146 0.8888888955
99774  -27.025  0.619  -41.457 0.6666666865
99763  -28.375  0.342  -40.037 0.5555555820
100786  -27.817  0.985  -40.939 0.6666666865
98710  -18.061  -0.087  -36.314 0.5555555820
98695  -17.372  -0.442  -35.259 0.3333333433
97660  -17.703  -0.979  -35.502 0.3333333433
98696  -17.825  -0.555  -35.891 0.4444444478
97678  -18.676  -1.292  -36.375 0.6666666865
100750  -18.523  1.147  -37.006 0.6666666865
99737  -18.896  0.516  -37.232 0.7777777910
99760  -20.363  0.679  -38.440 0.8888888955
99762  -22.169  -0.098  -39.714 1.0000000000
168440  -22.179  0.872  -39.767 1.0000000000
99784  -24.392  0.796  -41.007 0.7777777910
101831  -26.086  1.388  -41.802 0.7777777910
100801  -28.318  1.572  -40.862 0.5555555820
101803  -19.440  2.036  -38.257 0.8888888955
171685  -26.736  2.038  -41.442 0.7777777910
174719  -27.816  2.526  -41.164 0.6666666865
101756  -17.124  1.893  -35.609 0.4444444478
102809  -19.583  2.734  -38.689 0.8888888955
101819  -22.149  2.356  -39.996 1.0000000000
102823  -22.157  2.820  -40.168 0.8888888955
103832  -27.774  3.179  -41.114 0.6666666865
103834  -29.270  3.376  -41.284 0.5555555820
103791  -17.409  4.218  -36.850 0.6666666865
102808  -18.696  3.515  -38.102 0.8888888955
169045  -26.066  4.305  -40.884 0.8888888955
179971  -27.640  3.830  -41.049 0.6666666865
104797  -24.805  4.996  -40.827 0.8888888955
104735  -16.348  4.792  -36.071 0.5555555820
104736  -16.943  4.938  -36.589 0.5555555820
104771  -18.748  4.889  -38.418 0.7777777910
103816  -20.813  4.380  -39.848 0.8888888955
104778  -19.277  4.882  -38.964 0.7777777910
104807  -29.012  4.288  -41.768 0.5555555820
106706  -17.494  7.214  -37.787 0.5555555820
105708  -17.363  6.469  -37.356 0.5555555820
107702  -17.940  7.807  -38.664 0.4444444478
105725  -17.850  6.469  -37.997 0.6666666865
106719  -19.400  6.483  -39.446 0.6666666865
105726  -18.390  5.767  -38.265 0.7777777910
105690  -17.151  5.723  -36.938 0.7777777910
176218  -16.831  6.510  -36.706 0.6666666865
105747  -20.630  5.968  -39.984 0.7777777910
105727  -18.917  5.487  -38.779 0.7777777910
104787  -22.367  5.079  -40.441 0.7777777910
170081  -25.279  6.355  -40.571 0.6666666865
180010  -25.376  5.666  -40.691 0.6666666865
168786  -25.962  6.154  -40.469 0.6666666865
107744  -27.098  7.248  -41.646 0.6666666865
106740  -27.226  6.493  -41.199 0.6666666865
105764  -28.317  4.486  -42.166 0.5555555820
103857  -29.336  2.206  -45.813 0.4444444478
179488  -29.176  3.582  -43.256 0.4444444478
104830  -28.319  2.645  -46.675 0.5555555820
107713  -18.924  8.131  -39.460 0.5555555820
106728  -19.497  7.372  -39.647 0.6666666865
185180  -20.605  6.815  -40.001 0.7777777910
176786  -26.806  7.441  -43.137 0.6666666865
106764  -27.112  6.226  -44.775 0.6666666865
108645  -20.589  9.147  -39.806 0.5555555820
108647  -21.983  9.058  -40.225 0.6666666865
107737  -26.401  8.144  -41.042 0.6666666865
108678  -26.650  8.294  -43.144 0.6666666865
108688  -26.502  8.117  -44.284 0.6666666865
102754  -16.379  3.187  -35.393 0.4444444478
105689  -16.203  6.316  -35.894 0.3333333433
100724  -17.095  1.024  -35.502 0.4444444478
101755  -16.708  2.680  -35.478 0.4444444478
174277  -28.050  6.257  -45.883 0.3333333433
106790  -27.131  6.871  -47.229 0.3333333433
188322  -25.562  -8.470  -37.951 0.6666666865
85754  -19.367  -10.737  -33.448 0.4444444478
85755  -19.919  -11.346  -33.806 0.5555555820
93512  -26.701  -5.120  -39.774 0.7777777910
86875  -18.910  -10.160  -33.099 0.3333333433
95690  -26.661  -2.765  -40.004 0.6666666865
92356  -20.001  -5.976  -35.672 0.7777777910
97677  -18.140  -1.144  -35.937 0.3333333433
184570  -18.326  -2.138  -35.482 0.3333333433
95615  -18.088  -2.265  -35.007 0.1111111119
97659  -17.523  -1.066  -35.089 0.1111111119
162296  -16.052  1.584  -34.494 0.4444444478
101744  -15.265  2.587  -34.044 0.3333333433
103755  -16.235  3.758  -35.516 0.3333333433
106676  -16.729  7.244  -36.406 0.3333333433
108703  -26.542  7.914  -46.026 0.6666666865
108707  -26.480  7.691  -46.883 0.4444444478
85791  -25.368  -11.543  -35.747 0.4444444478
85757  -26.958  -11.601  -34.106 0.2222222239
84671  -21.511  -11.893  -34.662 0.4444444478
171978  -22.160  -11.929  -35.017 0.4444444478
182975  -22.399  -10.976  -35.538 0.4444444478
85790  -24.590  -11.540  -35.825 0.4444444478
85805  -25.987  -10.979  -36.127 0.4444444478
86923  -27.313  -10.560  -35.902 0.2222222239
86918  -22.976  -9.878  -36.303 0.4444444478
86919  -23.846  -10.158  -36.439 0.4444444478
86920  -24.660  -10.306  -36.498 0.4444444478
86908  -28.274  -10.326  -35.423 0.1111111119
86909  -28.909  -10.113  -35.191 0.1111111119
87938  -25.069  -9.809  -36.889 0.4444444478
87940  -26.674  -9.971  -36.679 0.3333333433
87937  -23.458  -9.458  -36.750 0.4444444478
169565  -24.240  -9.706  -36.883 0.4444444478
87939  -25.901  -9.872  -36.851 0.3333333433
87953  -27.336  -9.583  -36.915 0.3333333433
87924  -28.511  -9.877  -35.826 0.2222222239
87951  -25.500  -9.301  -37.282 0.4444444478
87952  -26.486  -9.347  -37.218 0.3333333433
87949  -23.792  -9.017  -37.225 0.5555555820
87950  -24.623  -9.208  -37.289 0.4444444478
88910  -28.525  -8.544  -37.603 0.2222222239
88911  -29.072  -7.983  -37.605 0.1111111119
91241  -29.848  -6.927  -36.804 0.1111111119
88909  -27.660  -8.553  -37.853 0.3333333433
88918  -28.310  -8.036  -38.290 0.3333333433
90038  -26.568  -7.491  -38.691 0.4444444478
91257  -27.507  -7.076  -38.991 0.5555555820
92384  -27.945  -5.963  -39.204 0.6666666865
92377  -29.660  -6.281  -39.186 0.4444444478
165157  -27.185  -5.624  -39.385 0.6666666865
93514  -29.873  -5.015  -39.678 0.3333333433
94613  -27.560  -4.764  -39.408 0.6666666865
94614  -29.179  -4.607  -39.801 0.5555555820
94612  -26.534  -4.503  -39.859 0.6666666865
95681  -28.591  -3.809  -39.615 0.5555555820
95682  -29.495  -4.095  -39.875 0.5555555820
94615  -29.728  -4.550  -39.902 0.4444444478
96739  -30.177  -2.716  -39.875 0.3333333433
95680  -27.483  -4.071  -39.526 0.5555555820
97731  -29.079  -1.613  -40.195 0.4444444478
96738  -29.322  -2.394  -40.050 0.4444444478
98748  -28.830  -0.158  -39.801 0.4444444478
109664  -25.953  9.286  -41.158 0.5555555820
109671  -26.324  9.393  -41.769 0.5555555820
109681  -26.505  9.231  -42.714 0.5555555820
110725  -26.373  9.636  -44.122 0.5555555820
173901  -26.392  9.094  -44.533 0.5555555820
110733  -26.315  9.510  -45.761 0.5555555820
170765  -24.144  -12.237  -35.628 0.4444444478
85777  -26.714  -11.465  -35.017 0.2222222239
86903  -21.898  -10.339  -35.594 0.4444444478
87942  -28.069  -9.660  -36.534 0.2222222239
88899  -28.459  -9.033  -36.886 0.2222222239
88900  -29.059  -8.513  -36.749 0.1111111119
90040  -28.693  -7.555  -38.724 0.4444444478
90030  -29.072  -7.461  -38.317 0.3333333433
179404  -28.138  -7.522  -38.734 0.4444444478
93513  -27.810  -5.343  -39.223 0.6666666865
92385  -28.898  -5.746  -39.538 0.4444444478
97732  -30.071  -1.813  -39.902 0.3333333433
97717  -29.805  -0.966  -39.901 0.4444444478
100789  -29.940  1.741  -40.513 0.4444444478
110704  -26.089  10.562  -42.870 0.5555555820
111689  -25.878  11.126  -43.378 0.5555555820
86917  -22.284  -9.853  -36.006 0.4444444478
92378  -30.025  -5.756  -38.620 0.2222222239
172357  -26.402  8.773  -45.304 0.5555555820
83547  -22.231  -13.072  -34.475 0.4444444478
83549  -23.792  -13.361  -34.933 0.4444444478
171818  -24.279  -13.453  -34.829 0.4444444478
84675  -25.723  -12.227  -34.664 0.2222222239
84657  -26.540  -12.034  -33.536 0.2222222239
84658  -27.112  -11.677  -33.249 0.1111111119
186301  -21.061  -12.209  -34.264 0.4444444478
84655  -21.644  -12.618  -34.366 0.4444444478
86907  -27.296  -10.910  -35.354 0.1111111119
174535  -28.586  -10.495  -34.808 0.1111111119
85758  -27.568  -11.206  -33.802 0.1111111119
87908  -29.505  -9.820  -34.859 0.1111111119
88888  -29.328  -8.820  -35.831 0.1111111119
171289  -30.105  -7.818  -35.394 0.1111111119
166458  -30.196  -6.732  -36.068 0.1111111119
167064  -30.269  -6.108  -36.662 0.1111111119
93489  -30.360  -5.149  -37.966 0.2222222239
95684  -30.690  -3.571  -39.399 0.1111111119
93503  -30.189  -5.096  -38.944 0.2222222239
162523  -30.678  -2.904  -39.650 0.2222222239
96727  -30.880  -1.946  -39.465 0.2222222239
97718  -30.899  -1.303  -39.468 0.3333333433
161593  -29.857  1.172  -39.616 0.3333333433
161934  -30.507  1.762  -39.839 0.3333333433
100802  -29.298  1.975  -40.934 0.4444444478
101822  -30.268  2.313  -40.403 0.3333333433
105781  -29.285  4.648  -43.773 0.3333333433
109655  -22.392  9.877  -40.416 0.4444444478
109707  -26.281  8.593  -46.408 0.5555555820
109670  -25.797  10.138  -41.354 0.5555555820
110692  -25.854  10.736  -41.996 0.5555555820
179138  -26.280  10.166  -44.440 0.5555555820
110724  -26.202  10.422  -45.172 0.5555555820
110732  -26.150  10.289  -46.201 0.5555555820
111679  -25.777  11.253  -42.509 0.5555555820
85756  -20.687  -11.572  -34.306 0.4444444478
85775  -21.051  -11.038  -34.762 0.4444444478
85776  -21.825  -11.205  -35.183 0.4444444478
88906  -24.105  -8.523  -37.641 0.5555555820
88907  -25.019  -8.665  -37.739 0.5555555820
90027  -26.060  -8.168  -38.107 0.6666666865
91267  -27.119  -6.215  -39.234 0.6666666865
95691  -27.547  -3.201  -39.809 0.5555555820
95692  -28.510  -2.832  -39.971 0.5555555820
96737  -28.518  -2.125  -40.204 0.4444444478
102838  -29.955  2.827  -40.892 0.4444444478
105787  -29.413  3.857  -45.236 0.3333333433
90028  -26.912  -8.155  -38.143 0.3333333433
164181  -25.911  -8.786  -37.674 0.3333333433
85789  -23.822  -11.410  -35.824 0.4444444478
85792  -26.101  -11.558  -35.590 0.4444444478
84688  -25.518  -11.976  -35.290 0.3333333433
84687  -24.803  -12.171  -35.486 0.4444444478
84676  -26.359  -11.964  -34.399 0.3333333433
85778  -27.404  -11.095  -34.622 0.1111111119
84672  -22.211  -12.491  -34.706 0.4444444478
84685  -22.583  -11.602  -35.369 0.4444444478
173263  -22.807  -12.318  -35.123 0.4444444478
84686  -23.355  -11.946  -35.538 0.4444444478
86904  -22.678  -10.481  -35.857 0.4444444478
86905  -23.442  -10.661  -36.047 0.4444444478
85804  -25.067  -10.920  -36.125 0.4444444478
160170  -26.170  -10.363  -36.484 0.4444444478
86906  -26.693  -11.027  -35.752 0.2222222239
86922  -26.711  -10.519  -36.239 0.4444444478
165962  -27.757  -10.540  -35.581 0.1111111119
86924  -27.911  -10.227  -35.981 0.2222222239
87925  -29.129  -9.558  -35.522 0.1111111119
86892  -29.232  -10.274  -34.528 0.1111111119
87954  -27.937  -9.135  -37.230 0.3333333433
188065  -27.271  -9.095  -37.382 0.3333333433
87943  -28.783  -9.292  -36.275 0.2222222239
90029  -28.785  -7.994  -38.189 0.2222222239
91247  -29.455  -7.235  -37.565 0.1111111119
90021  -29.471  -7.660  -36.826 0.1111111119
91248  -29.884  -6.564  -37.554 0.1111111119
90022  -29.860  -7.310  -36.276 0.1111111119
90039  -27.539  -7.820  -38.458 0.3333333433
91258  -28.392  -7.050  -39.077 0.4444444478
91268  -28.653  -6.440  -39.318 0.4444444478
92387  -29.825  -5.630  -39.367 0.3333333433
91259  -29.046  -6.855  -39.013 0.4444444478
171407  -29.525  -6.819  -38.376 0.3333333433
93504  -30.652  -4.491  -38.415 0.1111111119
171825  -29.404  -5.148  -39.771 0.4444444478
182770  -28.324  -4.495  -39.472 0.5555555820
175119  -28.673  -5.067  -39.589 0.5555555820
95683  -30.096  -3.689  -39.793 0.3333333433
167199  -29.868  -0.090  -39.406 0.4444444478
110715  -26.364  9.810  -43.263 0.5555555820
110693  -26.258  10.024  -42.288 0.5555555820
179136  -26.356  9.579  -44.871 0.5555555820
84673  -23.639  -12.715  -35.293 0.4444444478
83563  -24.382  -12.928  -35.260 0.4444444478
90013  -29.668  -7.973  -36.016 0.1111111119
112601  -25.613  11.846  -42.976 0.5555555820
92371  -30.151  -5.854  -37.655 0.2222222239
82445  -23.301  -13.782  -34.599 0.4444444478
83548  -22.973  -13.105  -34.799 0.4444444478
83550  -24.741  -13.093  -34.646 0.4444444478
83551  -25.358  -12.706  -34.259 0.2222222239
84674  -25.067  -12.532  -34.996 0.4444444478
84653  -20.425  -12.133  -33.910 0.4444444478
85779  -28.114  -10.798  -34.346 0.1111111119
87926  -29.698  -9.195  -35.114 0.1111111119
77146  -22.975  -18.557  -30.357 0.1111111119
79228  -20.322  -16.588  -32.351 0.3333333433
78194  -22.057  -17.326  -32.027 0.2222222239
78172  -22.816  -17.743  -30.653 0.2222222239
78173  -23.345  -17.648  -29.985 0.1111111119
81356  -19.778  -14.949  -32.270 0.3333333433
80258  -19.631  -15.764  -32.010 0.3333333433
79246  -21.634  -16.305  -33.104 0.3333333433
80260  -22.112  -16.058  -33.004 0.3333333433
80261  -22.812  -15.755  -32.542 0.2222222239
177855  -22.805  -16.594  -31.310 0.2222222239
79193  -23.171  -16.876  -30.443 0.1111111119
83498  -18.793  -13.106  -31.777 0.2222222239
82403  -19.088  -13.670  -32.133 0.2222222239
171207  -19.110  -14.368  -31.868 0.2222222239
80259  -20.461  -15.775  -32.474 0.3333333433
80275  -21.195  -15.800  -33.001 0.3333333433
80245  -23.094  -15.871  -31.584 0.1111111119
83514  -19.141  -12.964  -32.413 0.2222222239
82418  -19.627  -13.592  -32.682 0.3333333433
83515  -19.694  -12.852  -33.001 0.3333333433
83529  -20.334  -12.803  -33.570 0.3333333433
83516  -20.304  -13.536  -33.230 0.3333333433
82404  -20.327  -14.349  -32.787 0.3333333433
82419  -21.136  -14.147  -33.344 0.3333333433
80288  -22.429  -15.433  -33.868 0.3333333433
81388  -21.793  -14.694  -33.620 0.3333333433
81389  -22.799  -15.089  -33.905 0.3333333433
163054  -23.136  -15.117  -33.375 0.3333333433
80262  -23.555  -15.216  -31.974 0.1111111119
81376  -23.704  -14.765  -32.719 0.2222222239
167904  -19.029  -11.334  -32.583 0.2222222239
84639  -19.220  -12.104  -32.673 0.2222222239
84640  -19.770  -12.113  -33.381 0.3333333433
84654  -21.040  -12.751  -34.015 0.3333333433
82432  -21.841  -14.059  -33.867 0.3333333433
82444  -22.594  -13.912  -34.398 0.3333333433
82433  -23.146  -14.446  -34.296 0.3333333433
81390  -23.447  -14.705  -33.680 0.3333333433
82420  -24.068  -14.200  -33.101 0.1111111119
85740  -19.364  -11.399  -33.137 0.3333333433
83531  -21.739  -13.307  -34.164 0.3333333433
82446  -23.784  -13.779  -34.481 0.3333333433
170660  -24.431  -13.606  -34.189 0.3333333433
98749  -30.854  -0.730  -39.339 0.2222222239
99765  -30.118  0.539  -39.093 0.2222222239
99754  -30.908  0.299  -38.703 0.2222222239
103819  -29.741  3.912  -40.753 0.3333333433
103820  -30.096  3.535  -40.444 0.2222222239
79229  -21.136  -17.162  -32.776 0.3333333433
79230  -21.696  -16.892  -32.790 0.3333333433
79211  -22.662  -17.236  -31.093 0.2222222239
79212  -23.398  -16.102  -30.785 0.1111111119
182761  -19.537  -14.180  -32.365 0.3333333433
81373  -21.298  -15.032  -33.181 0.3333333433
81374  -22.060  -15.352  -33.696 0.3333333433
80277  -22.122  -15.723  -33.431 0.3333333433
81375  -23.160  -15.297  -32.816 0.3333333433
183758  -22.487  -19.336  -31.094 0.1111111119
167985  -23.488  -19.053  -29.920 0.1111111119
79227  -19.441  -16.362  -31.825 0.3333333433
164974  -20.502  -17.408  -32.518 0.3333333433
78214  -20.825  -18.042  -32.596 0.3333333433
78215  -21.377  -17.842  -32.603 0.3333333433
78195  -22.316  -17.858  -31.362 0.3333333433
76143  -24.148  -19.509  -29.615 0.1111111119
78158  -24.155  -17.766  -29.524 0.1111111119
81355  -19.010  -15.119  -31.747 0.3333333433
177689  -23.914  -16.977  -29.884 0.1111111119
79194  -24.540  -16.336  -29.925 0.1111111119
170175  -18.831  -12.375  -31.972 0.2222222239
80246  -23.806  -15.484  -31.132 0.1111111119
181165  -24.638  -14.334  -31.687 0.1111111119
82405  -24.986  -13.840  -32.075 0.1111111119
82421  -24.696  -13.777  -32.771 0.1111111119
159322  -25.012  -13.133  -33.963 0.1111111119
86860  -18.502  -10.199  -32.412 0.1111111119
100777  -30.902  1.833  -39.329 0.2222222239
104788  -29.590  4.707  -40.459 0.2222222239
104789  -29.996  4.239  -40.000 0.2222222239
87894  -18.952  -9.476  -33.357 0.2222222239
91232  -19.819  -6.473  -35.235 0.5555555820
85739  -18.967  -10.776  -32.825 0.2222222239
102817  -30.786  3.032  -39.412 0.2222222239
77138  -24.104  -18.615  -29.493 0.1111111119
77156  -22.358  -18.614  -31.216 0.1111111119
79245  -21.047  -16.433  -32.844 0.3333333433
80276  -21.739  -15.688  -33.334 0.3333333433
79231  -22.411  -16.411  -32.277 0.2222222239
81372  -20.634  -15.158  -32.675 0.3333333433
83530  -21.050  -13.437  -33.741 0.3333333433
160717  -22.444  -14.925  -34.134 0.3333333433
80278  -22.626  -15.567  -33.471 0.3333333433
81357  -24.234  -14.867  -31.389 0.1111111119
84622  -18.843  -11.564  -32.022 0.2222222239
82434  -23.863  -14.110  -33.909 0.3333333433
83532  -24.907  -13.386  -33.352 0.1111111119
76161  -22.345  -20.191  -31.409 0.1111111119
77155  -21.694  -18.574  -32.141 0.2222222239
79210  -19.765  -17.041  -31.838 0.3333333433
79209  -18.813  -16.568  -31.372 0.2222222239
78193  -20.151  -17.939  -31.963 0.3333333433
77169  -21.062  -18.775  -32.528 0.3333333433
81354  -18.679  -14.529  -31.193 0.2222222239
81339  -18.670  -15.234  -31.287 0.2222222239
100767  -31.047  0.719  -38.499 0.1111111119
173166  -31.262  0.738  -38.305 0.1111111119
100758  -31.319  1.380  -37.978 0.1111111119
100768  -31.103  1.498  -38.652 0.1111111119
102818  -30.972  3.019  -38.676 0.1111111119
102810  -31.080  3.020  -37.940 0.1111111119
102825  -30.408  2.980  -40.126 0.1111111119
176291  -30.846  3.694  -38.200 0.1111111119
171845  -30.410  3.679  -39.692 0.1111111119
103807  -30.530  4.400  -38.426 0.1111111119
106747  -29.088  5.315  -41.983 0.2222222239
103812  -30.243  4.369  -39.171 0.1111111119
173090  -29.193  5.871  -42.797 0.1111111119
106774  -29.033  5.392  -44.725 0.1111111119
107767  -28.881  7.438  -43.724 0.1111111119
109663  -25.310  9.678  -40.843 0.4444444478
106773  -28.470  5.896  -45.425 0.1111111119
111662  -25.071  11.466  -40.691 0.4444444478
110685  -25.483  10.999  -41.292 0.4444444478
107775  -28.427  7.141  -45.401 0.1111111119
171426  -26.024  10.874  -44.270 0.4444444478
109719  -26.216  8.394  -47.738 0.3333333433
108711  -26.518  7.602  -47.487 0.2222222239
107791  -27.547  7.043  -47.535 0.1111111119
107781  -28.092  7.012  -46.429 0.1111111119
109721  -28.044  8.541  -47.115 0.1111111119
112615  -25.623  11.751  -44.015 0.4444444478
112628  -25.100  12.458  -44.455 0.4444444478
113521  -24.479  12.937  -44.921 0.4444444478
111700  -25.741  11.334  -44.911 0.4444444478
112650  -24.666  12.253  -45.988 0.4444444478
111709  -25.877  11.147  -45.780 0.4444444478
111720  -25.856  11.058  -46.688 0.4444444478
112661  -25.400  11.733  -47.266 0.4444444478
110739  -25.860  10.087  -47.181 0.2222222239
110744  -25.842  10.003  -48.002 0.2222222239
109718  -26.091  9.216  -48.222 0.2222222239
109725  -26.544  9.415  -48.723 0.2222222239
109731  -26.974  9.375  -48.857 0.2222222239
118233  -24.295  17.155  -45.913 0.1111111119
115468  -25.155  14.386  -47.243 0.1111111119
111739  -26.904  11.461  -50.114 0.1111111119
112590  -25.343  12.478  -41.577 0.4444444478
113504  -25.165  13.137  -42.146 0.4444444478
112600  -25.417  12.512  -42.519 0.4444444478
113506  -25.055  13.132  -43.077 0.3333333433
113511  -24.825  13.077  -44.067 0.4444444478
114462  -23.238  13.791  -45.790 0.4444444478
114471  -23.057  13.671  -46.712 0.4444444478
113542  -24.037  12.682  -46.523 0.4444444478
112651  -25.330  11.751  -46.313 0.4444444478
112660  -24.664  12.200  -46.926 0.4444444478
115448  -22.217  15.416  -47.200 0.3333333433
113552  -23.662  13.473  -48.251 0.3333333433
113561  -23.902  13.930  -49.098 0.1111111119
112673  -24.806  13.112  -49.339 0.1111111119
113571  -24.919  13.557  -49.522 0.1111111119
111732  -25.890  11.100  -48.630 0.2222222239
112674  -25.649  12.871  -49.548 0.1111111119
113563  -25.274  13.452  -49.591 0.1111111119
175796  -25.037  13.092  -41.453 0.2222222239
166485  -24.021  14.088  -44.143 0.3333333433
114451  -23.238  14.769  -44.720 0.3333333433
114470  -22.784  14.239  -46.328 0.3333333433
114485  -23.143  13.828  -47.804 0.4444444478
116426  -22.383  15.654  -48.127 0.2222222239
114497  -23.000  14.558  -48.372 0.2222222239
114510  -24.020  14.334  -49.262 0.2222222239
115478  -24.173  14.700  -48.957 0.1111111119
117339  -22.461  16.894  -48.661 0.1111111119
116439  -23.075  15.971  -48.625 0.1111111119
117341  -23.313  16.458  -48.567 0.1111111119
115467  -24.516  14.952  -48.057 0.1111111119
118243  -23.269  17.083  -48.675 0.1111111119
116415  -24.064  16.223  -47.186 0.1111111119
116427  -24.257  15.552  -47.610 0.1111111119
114434  -24.737  13.756  -42.702 0.3333333433
163159  -23.658  14.591  -44.156 0.3333333433
116386  -23.590  15.654  -43.071 0.3333333433
116400  -22.959  16.501  -44.352 0.3333333433
115417  -22.650  15.329  -45.417 0.3333333433
116413  -22.326  15.347  -46.258 0.3333333433
117325  -21.985  16.992  -46.806 0.2222222239
117333  -22.094  16.931  -47.976 0.2222222239
118242  -22.026  17.792  -48.558 0.1111111119
119139  -23.443  18.125  -48.209 0.1111111119
117326  -23.946  16.933  -46.836 0.1111111119
121015  -24.459  19.864  -45.905 0.1111111119
117288  -23.577  16.657  -41.446 0.1111111119
171917  -23.433  17.492  -43.024 0.1111111119
117307  -22.815  17.442  -44.222 0.2222222239
119119  -22.245  17.961  -44.589 0.2222222239
117313  -22.572  17.242  -44.836 0.3333333433
166309  -22.067  18.543  -45.043 0.2222222239
116404  -22.152  16.769  -45.966 0.3333333433
118226  -21.887  18.044  -45.336 0.3333333433
184959  -21.946  18.706  -45.439 0.2222222239
169426  -21.878  19.311  -46.186 0.1111111119
121013  -21.969  20.227  -46.846 0.1111111119
175334  -21.961  19.570  -47.255 0.1111111119
121022  -22.411  20.113  -48.060 0.1111111119
119145  -22.846  18.410  -48.938 0.1111111119
120073  -22.973  19.237  -48.461 0.1111111119
121020  -23.685  20.320  -47.437 0.1111111119
119132  -23.766  18.209  -47.222 0.1111111119
118227  -24.606  17.392  -45.162 0.1111111119
117321  -24.626  16.651  -45.327 0.1111111119
169674  -23.598  17.312  -41.979 0.1111111119
120036  -23.519  18.486  -42.402 0.1111111119
181100  -23.150  17.863  -43.531 0.1111111119
120041  -23.296  19.497  -42.871 0.1111111119
163854  -23.096  21.273  -44.183 0.1111111119
121000  -21.994  19.337  -45.370 0.2222222239
122623  -22.600  21.942  -44.753 0.1111111119
182866  -22.228  21.012  -45.480 0.1111111119
158913  -21.882  23.544  -45.227 0.1111111119
122652  -22.038  21.732  -46.649 0.1111111119
124304  -21.950  23.585  -46.333 0.1111111119
121851  -22.392  21.420  -47.648 0.1111111119
120976  -23.689  20.046  -42.122 0.1111111119
166761  -24.012  20.437  -41.447 0.1111111119
121791  -23.995  20.954  -42.213 0.1111111119
121821  -23.921  21.639  -43.550 0.1111111119
123398  -23.177  23.214  -42.872 0.1111111119
123410  -23.219  22.832  -43.600 0.1111111119
168914  -22.668  23.529  -43.632 0.1111111119
124281  -22.066  23.984  -44.394 0.1111111119
123394  -23.867  22.572  -41.546 0.1111111119
123391  -23.844  22.856  -40.491 0.1111111119
183792  -22.956  23.793  -41.824 0.1111111119
99745  -31.542  0.497  -38.148 0.1111111119
101805  -31.159  2.276  -38.344 0.1111111119
102803  -31.065  3.101  -37.184 0.1111111119
105743  -29.622  5.625  -39.710 0.1111111119
104780  -29.909  4.978  -39.488 0.1111111119
106732  -29.232  6.370  -40.475 0.1111111119
107776  -28.856  6.723  -44.581 0.1111111119
110740  -26.087  9.378  -46.704 0.4444444478
110745  -25.807  9.173  -47.543 0.3333333433
109726  -26.731  8.696  -48.485 0.2222222239
108716  -26.773  7.825  -48.007 0.1111111119
109727  -27.221  9.090  -48.592 0.1111111119
109714  -28.165  8.752  -46.148 0.1111111119
112638  -24.794  12.365  -45.228 0.4444444478
110754  -26.401  10.960  -49.379 0.2222222239
114512  -24.456  13.830  -49.518 0.1111111119
114500  -25.027  13.764  -49.332 0.1111111119
113564  -26.152  13.204  -49.051 0.1111111119
114461  -22.989  14.529  -45.450 0.3333333433
117327  -24.367  16.448  -46.187 0.1111111119
174732  -22.166  19.098  -44.903 0.2222222239
121008  -21.987  20.190  -46.088 0.1111111119
121806  -23.921  21.148  -43.069 0.1111111119
123423  -22.488  22.962  -44.444 0.1111111119
124292  -21.889  23.981  -45.714 0.1111111119
124249  -23.493  23.406  -41.057 0.1111111119
101784  -31.160  2.497  -36.683 0.1111111119
190330  -29.321  4.979  -40.826 0.2222222239
106759  -29.173  4.614  -42.767 0.2222222239
110684  -25.037  10.529  -40.691 0.4444444478
112591  -25.558  11.866  -42.103 0.4444444478
113531  -24.175  12.775  -45.671 0.4444444478
114452  -23.598  14.095  -44.896 0.4444444478
113553  -24.074  12.803  -47.618 0.4444444478
114498  -23.519  14.186  -48.807 0.2222222239
180423  -23.675  18.770  -41.785 0.1111111119
120007  -24.283  19.314  -40.456 0.1111111119
122573  -24.336  21.531  -40.360 0.1111111119
122604  -23.872  22.426  -43.150 0.1111111119
123399  -23.589  22.923  -42.176 0.1111111119
101785  -31.436  1.949  -36.167 0.1111111119
98739  -31.286  -0.439  -39.180 0.1111111119
99755  -31.594  -0.067  -38.552 0.1111111119
100744  -31.391  1.689  -37.074 0.1111111119
102760  -30.979  3.325  -35.630 0.1111111119
101762  -31.095  2.653  -35.825 0.1111111119
104742  -30.971  4.662  -36.807 0.1111111119
104765  -30.831  4.380  -37.638 0.1111111119
104773  -30.521  5.126  -38.023 0.1111111119
104772  -30.210  5.065  -38.722 0.1111111119
107720  -29.335  7.083  -39.908 0.1111111119
106723  -29.425  6.341  -39.785 0.1111111119
105744  -29.943  5.686  -39.021 0.1111111119
107729  -29.232  7.224  -40.624 0.1111111119
176427  -29.192  7.825  -41.779 0.1111111119
108690  -28.810  8.046  -43.141 0.1111111119
183118  -23.697  9.907  -40.462 0.4444444478
108689  -28.532  8.420  -43.842 0.1111111119
176489  -28.399  8.262  -44.807 0.1111111119
110746  -27.540  9.652  -48.048 0.1111111119
173573  -28.042  9.395  -46.429 0.1111111119
112586  -25.401  11.713  -41.384 0.4444444478
111746  -27.811  11.524  -50.182 0.1111111119
113577  -27.303  12.519  -50.779 0.1111111119
114414  -24.715  13.463  -41.084 0.2222222239
114425  -24.794  13.665  -41.823 0.3333333433
114433  -24.409  14.339  -42.308 0.2222222239
115383  -23.916  14.958  -42.791 0.2222222239
113554  -26.662  13.494  -47.971 0.1111111119
116370  -23.721  15.425  -41.406 0.1111111119
116394  -23.279  16.464  -43.635 0.2222222239
116407  -25.124  15.361  -45.046 0.1111111119
116401  -24.887  16.086  -44.734 0.1111111119
176302  -23.465  15.969  -40.983 0.1111111119
171553  -22.803  16.039  -39.659 0.1111111119
118176  -23.839  17.624  -40.037 0.1111111119
119086  -24.095  18.382  -40.516 0.1111111119
119120  -24.754  18.582  -44.887 0.1111111119
119069  -24.378  18.044  -39.601 0.1111111119
119057  -24.797  18.555  -39.082 0.1111111119
125152  -22.167  24.370  -46.030 0.1111111119
184271  -23.490  22.915  -47.057 0.1111111119
121845  -24.320  21.498  -46.576 0.1111111119
185520  -24.701  21.226  -46.068 0.1111111119
120948  -24.448  20.109  -40.217 0.1111111119
121777  -24.614  20.953  -39.860 0.1111111119
125103  -21.828  24.816  -43.086 0.1111111119
125995  -21.318  26.569  -43.600 0.1111111119
186959  -23.067  24.024  -40.959 0.1111111119
105761  -29.157  5.322  -41.127 0.1111111119
107785  -27.897  7.119  -47.184 0.1111111119
101813  -31.018  2.345  -39.081 0.1111111119
106766  -29.140  6.281  -43.681 0.2222222239
112614  -25.338  12.483  -43.493 0.4444444478
103813  -30.664  3.711  -38.930 0.1111111119
103801  -30.964  3.618  -37.587 0.1111111119
107745  -29.178  6.851  -42.033 0.1111111119
107758  -29.101  7.224  -42.846 0.1111111119
187394  -29.153  7.563  -42.283 0.1111111119
108704  -28.280  8.001  -45.788 0.1111111119
109720  -27.686  8.448  -47.976 0.1111111119
110747  -27.822  9.515  -47.155 0.1111111119
112666  -24.777  12.370  -48.187 0.2222222239
186476  -25.521  11.754  -48.134 0.2222222239
112667  -25.387  12.260  -48.986 0.1111111119
166440  -26.941  10.644  -49.530 0.2222222239
110756  -27.115  10.036  -49.115 0.1111111119
116406  -24.723  15.913  -45.588 0.1111111119
171137  -24.324  17.839  -45.716 0.1111111119
114501  -25.847  13.707  -48.389 0.1111111119
180668  -24.744  15.040  -46.879 0.1111111119
115451  -25.170  14.621  -46.262 0.1111111119
158948  -25.829  13.981  -47.125 0.1111111119
111749  -27.617  11.844  -50.634 0.1111111119
111740  -27.349  11.001  -49.710 0.1111111119
112681  -26.810  12.276  -50.349 0.2222222239
114484  -22.708  14.247  -47.331 0.3333333433
113572  -26.309  12.623  -49.922 0.2222222239
178548  -22.977  15.488  -44.631 0.3333333433
161181  -23.327  15.452  -48.740 0.2222222239
115466  -23.828  15.229  -48.563 0.1111111119
118239  -23.635  17.474  -47.754 0.1111111119
114444  -24.101  14.371  -43.338 0.3333333433
115400  -23.623  15.056  -43.574 0.3333333433
186938  -23.813  15.312  -42.516 0.1111111119
175097  -22.675  16.353  -44.993 0.3333333433
118231  -21.835  17.890  -46.483 0.2222222239
168624  -21.869  17.537  -47.545 0.1111111119
120068  -21.991  19.120  -48.006 0.1111111119
120072  -22.437  18.934  -48.936 0.1111111119
170895  -23.891  18.943  -46.950 0.1111111119
119133  -24.064  18.359  -46.263 0.1111111119
120064  -24.000  19.727  -46.712 0.1111111119
119127  -24.422  18.507  -45.532 0.1111111119
121014  -24.240  20.639  -46.512 0.1111111119
179035  -23.129  15.951  -40.222 0.1111111119
116377  -23.602  16.132  -41.848 0.1111111119
177971  -23.402  16.580  -40.629 0.1111111119
117304  -23.324  17.085  -43.400 0.1111111119
118207  -22.940  17.706  -43.946 0.1111111119
118220  -22.302  17.809  -44.608 0.3333333433
119112  -22.418  18.146  -44.511 0.1111111119
117319  -22.007  17.516  -45.709 0.3333333433
119131  -21.854  18.355  -45.966 0.2222222239
119138  -21.810  18.342  -46.942 0.1111111119
121837  -22.089  21.160  -46.035 0.1111111119
121850  -22.135  21.091  -47.260 0.1111111119
186399  -22.706  20.271  -48.088 0.1111111119
121844  -23.736  21.108  -47.228 0.1111111119
165385  -23.113  20.717  -47.884 0.1111111119
119104  -23.180  18.184  -43.357 0.1111111119
118201  -23.645  17.682  -41.539 0.1111111119
120987  -23.511  20.309  -42.895 0.1111111119
118192  -23.748  17.697  -40.827 0.1111111119
188680  -22.947  18.975  -43.570 0.1111111119
120986  -22.852  19.665  -43.644 0.1111111119
121805  -23.320  20.711  -43.582 0.1111111119
120994  -22.433  19.203  -44.505 0.1111111119
121001  -22.171  19.779  -44.843 0.1111111119
123422  -22.022  22.602  -45.350 0.1111111119
123436  -21.792  23.148  -45.943 0.1111111119
160555  -21.843  24.500  -45.069 0.1111111119
122657  -22.227  21.975  -47.116 0.1111111119
123450  -22.318  23.260  -46.873 0.1111111119
122658  -22.632  22.103  -47.330 0.1111111119
120023  -23.848  19.093  -41.244 0.1111111119
120958  -24.303  20.684  -40.707 0.1111111119
121780  -24.153  21.242  -41.262 0.1111111119
168205  -23.974  22.308  -42.384 0.1111111119
162699  -22.461  23.967  -42.814 0.1111111119
124266  -22.094  24.212  -43.627 0.1111111119
166953  -21.456  25.824  -44.228 0.1111111119
100759  -31.642  0.815  -37.511 0.1111111119
106741  -29.140  6.437  -41.220 0.1111111119
182215  -27.314  9.901  -48.758 0.1111111119
113573  -26.521  12.842  -49.736 0.1111111119
113565  -26.841  13.196  -48.645 0.1111111119
125135  -21.933  24.876  -45.492 0.1111111119
125087  -21.788  25.727  -41.247 0.1111111119
103761  -30.995  3.954  -36.188 0.1111111119
119070  -24.566  18.822  -39.822 0.1111111119
107739  -29.223  7.338  -41.318 0.1111111119
108680  -29.044  8.221  -42.424 0.1111111119
111733  -27.457  10.595  -49.038 0.1111111119
179626  -27.386  13.251  -50.082 0.1111111119
114473  -26.391  13.952  -46.215 0.1111111119
116378  -23.754  15.652  -42.259 0.1111111119
115346  -23.180  14.845  -39.858 0.1111111119
115434  -25.545  14.650  -45.434 0.1111111119
118175  -23.498  17.153  -40.316 0.1111111119
169873  -23.134  24.174  -46.521 0.1111111119
121853  -23.837  21.875  -47.047 0.1111111119
164585  -21.375  25.770  -43.458 0.1111111119
126893  -21.088  27.114  -42.741 0.1111111119
126003  -21.719  26.177  -44.539 0.1111111119
93446  -18.974  -4.761  -34.635 0.2222222239
94563  -18.589  -3.529  -34.950 0.2222222239
171815  -19.289  -4.724  -35.300 0.4444444478
94549  -18.754  -4.231  -34.714 0.3333333433
110682  -23.101  10.180  -40.127 0.3333333433
110675  -22.157  10.182  -39.995 0.2222222239
112583  -24.846  12.171  -40.399 0.1111111119
113501  -24.958  12.739  -40.838 0.1111111119
112585  -25.180  12.120  -40.951 0.2222222239
107671  -17.090  8.053  -36.697 0.2222222239
106675  -16.469  7.103  -35.956 0.1111111119
107670  -16.782  7.758  -36.160 0.1111111119
109627  -18.245  10.211  -38.182 0.1111111119
110659  -19.562  10.878  -38.185 0.1111111119
110662  -21.844  10.137  -39.777 0.1111111119
111653  -24.219  11.717  -39.600 0.1111111119
187193  -24.645  12.682  -40.209 0.1111111119
113500  -24.510  13.232  -40.418 0.1111111119
177471  -19.554  -6.678  -34.618 0.2222222239
110674  -21.544  10.232  -39.702 0.1111111119
98682  -17.263  -0.556  -34.879 0.1111111119
99704  -16.161  0.503  -34.024 0.3333333433
110683  -24.170  10.363  -40.220 0.3333333433
111661  -24.622  10.990  -40.257 0.3333333433
111654  -24.596  11.648  -40.052 0.1111111119
92344  -19.395  -5.947  -34.696 0.2222222239
110645  -20.325  10.669  -38.263 0.1111111119
110676  -24.048  10.855  -39.814 0.1111111119
110647  -21.725  11.068  -38.502 0.1111111119
110663  -22.941  10.248  -39.807 0.1111111119
181002  -20.938  10.191  -39.239 0.1111111119
77154  -20.164  -18.713  -31.834 0.1111111119
77168  -20.568  -18.899  -32.418 0.1111111119
76174  -20.752  -19.596  -32.582 0.1111111119
78171  -18.761  -17.867  -30.728 0.1111111119
79192  -18.586  -17.053  -30.678 0.1111111119
78192  -19.146  -17.467  -31.352 0.1111111119
80243  -18.562  -15.720  -30.990 0.1111111119
80244  -18.881  -15.830  -31.625 0.1111111119
88843  -18.839  -8.327  -32.849 0.1111111119
182858  -18.343  -3.898  -34.418 0.1111111119
93445  -18.577  -4.552  -34.253 0.1111111119
162919  -19.364  -5.331  -35.089 0.1111111119
102743  -14.973  3.185  -33.610 0.2222222239
103754  -14.939  3.908  -34.243 0.2222222239
103747  -14.790  3.877  -33.240 0.2222222239
103717  -15.336  5.125  -32.640 0.2222222239
165510  -18.255  -3.139  -34.683 0.1111111119
77143  -18.536  -18.146  -29.976 0.1111111119
77145  -19.964  -19.065  -31.066 0.1111111119
76173  -20.424  -19.553  -32.217 0.1111111119
76175  -21.228  -19.424  -32.426 0.1111111119
78170  -18.371  -17.421  -29.997 0.1111111119
79208  -18.419  -16.213  -30.487 0.1111111119
81338  -18.512  -14.999  -30.703 0.1111111119
82402  -18.747  -13.785  -31.462 0.1111111119
88842  -18.380  -8.688  -32.353 0.1111111119
89958  -19.157  -7.839  -33.135 0.1111111119
174062  -19.412  -6.505  -34.131 0.1111111119
175466  -18.044  -4.561  -33.190 0.1111111119
102734  -15.033  3.399  -33.169 0.2222222239
105645  -15.343  5.769  -32.459 0.2222222239
106638  -15.603  7.430  -33.022 0.1111111119
162436  -21.737  -19.832  -31.980 0.1111111119
106637  -15.100  6.806  -33.053 0.2222222239
106664  -15.250  7.296  -33.848 0.1111111119
102744  -15.367  2.786  -33.477 0.2222222239
88863  -19.060  -8.688  -33.507 0.1111111119
83497  -18.616  -13.167  -31.033 0.1111111119
176061  -18.653  -12.591  -31.369 0.1111111119
87877  -18.494  -9.610  -32.651 0.1111111119
87893  -18.594  -8.978  -32.829 0.1111111119
93426  -18.999  -5.103  -34.324 0.1111111119
89982  -19.270  -7.881  -33.675 0.1111111119
92322  -19.149  -5.505  -34.194 0.1111111119
77153  -19.573  -18.220  -31.227 0.1111111119
77144  -19.154  -18.524  -30.480 0.1111111119
88821  -18.491  -8.498  -32.176 0.1111111119
103734  -15.178  4.146  -32.914 0.1111111119
80227  -18.382  -15.451  -30.239 0.1111111119
87876  -18.242  -9.158  -32.172 0.1111111119
88820  -18.234  -8.868  -31.880 0.1111111119
105657  -16.171  6.652  -33.119 0.1111111119
107637  -15.875  8.081  -33.063 0.1111111119
108589  -17.475  8.845  -37.258 0.1111111119
101746  -16.122  1.561  -33.612 0.1111111119
108581  -17.056  8.267  -36.295 0.1111111119
167428  -17.650  9.486  -37.307 0.1111111119
109626  -17.920  10.035  -38.093 0.1111111119
76144  -24.809  -19.603  -29.267 0.1111111119
77147  -23.551  -18.292  -29.761 0.1111111119
81377  -24.345  -14.205  -32.328 0.1111111119
84656  -25.950  -12.352  -33.872 0.2222222239
84689  -26.120  -11.900  -35.071 0.3333333433
85788  -23.050  -11.185  -35.691 0.4444444478
85803  -24.242  -10.833  -36.137 0.4444444478
86878  -29.561  -10.423  -33.860 0.1111111119
86891  -27.911  -10.666  -35.045 0.1111111119
86921  -25.485  -10.376  -36.493 0.4444444478
87941  -27.365  -10.108  -36.381 0.2222222239
88889  -29.892  -8.446  -35.332 0.1111111119
88897  -21.965  -7.586  -36.660 0.8888888955
88905  -23.319  -8.126  -37.475 0.8888888955
88908  -26.737  -8.711  -37.721 0.3333333433
91244  -21.833  -6.249  -37.012 1.0000000000
91252  -22.915  -6.269  -37.995 1.0000000000
91256  -25.830  -6.855  -39.178 0.7777777910
91260  -29.901  -6.314  -38.338 0.2222222239
91264  -24.408  -6.268  -39.149 1.0000000000
91265  -25.253  -6.248  -39.456 1.0000000000
91269  -29.212  -6.184  -39.394 0.4444444478
92363  -21.453  -6.117  -36.775 1.0000000000
92376  -23.227  -6.060  -38.449 1.0000000000
92386  -29.512  -5.695  -39.605 0.4444444478
92390  -26.079  -5.162  -40.139 1.0000000000
93476  -21.480  -5.846  -36.889 1.0000000000
93500  -22.878  -5.534  -38.257 1.0000000000
93502  -23.697  -5.589  -39.020 1.0000000000
93510  -24.891  -5.139  -39.681 1.0000000000
94597  -21.816  -4.050  -38.219 1.0000000000
94600  -30.398  -4.410  -39.258 0.3333333433
94616  -30.128  -4.300  -39.697 0.4444444478
95674  -22.512  -3.106  -39.039 1.0000000000
95693  -29.419  -3.276  -39.883 0.5555555820
96722  -22.661  -2.304  -39.336 1.0000000000
96725  -25.615  -2.806  -39.937 0.7777777910
96726  -25.961  -3.197  -39.977 0.8888888955
97713  -22.195  -1.323  -40.420 1.0000000000
97719  -31.560  -1.298  -39.146 0.2222222239
97725  -22.512  -1.012  -41.239 1.0000000000
97728  -26.587  -1.287  -41.036 0.7777777910
98746  -21.214  -1.045  -38.892 1.0000000000
98757  -22.922  -0.401  -41.191 1.0000000000
98760  -25.671  -0.458  -41.068 0.8888888955
98772  -23.460  -0.070  -41.370 0.8888888955
98774  -26.058  -0.113  -41.449 0.8888888955
99723  -17.412  0.710  -35.776 0.5555555820
99746  -31.829  -0.053  -38.010 0.1111111119
100765  -19.346  1.423  -37.939 0.7777777910
100776  -30.661  1.134  -39.031 0.2222222239
100785  -23.138  1.072  -40.383 0.8888888955
100796  -23.849  1.085  -40.826 0.7777777910
100797  -24.437  1.496  -41.176 0.8888888955
101796  -31.219  2.333  -37.548 0.1111111119
101811  -22.229  1.715  -39.814 1.0000000000
101812  -30.736  2.377  -39.749 0.2222222239
101821  -23.367  1.818  -40.545 0.8888888955
101828  -24.178  2.011  -41.051 0.8888888955
101834  -29.821  2.215  -40.953 0.4444444478
102735  -15.746  3.413  -33.139 0.2222222239
102753  -15.158  3.173  -34.386 0.2222222239
102782  -31.019  3.230  -36.394 0.1111111119
102832  -24.275  2.540  -41.311 0.8888888955
102837  -29.448  2.980  -41.288 0.5555555820
103774  -16.337  4.094  -35.819 0.4444444478
103781  -30.976  3.826  -36.963 0.1111111119
103792  -18.001  4.288  -37.424 0.8888888955
103826  -22.783  3.201  -40.575 0.8888888955
103849  -28.903  2.094  -45.639 0.4444444478
103850  -29.352  2.519  -44.972 0.4444444478
103856  -28.975  1.797  -46.604 0.4444444478
103858  -29.544  2.474  -45.508 0.4444444478
103863  -29.419  2.262  -46.186 0.4444444478
104694  -15.011  4.782  -32.998 0.2222222239
104695  -15.871  5.575  -32.697 0.2222222239
104712  -14.791  4.567  -33.624 0.2222222239
104754  -17.598  4.977  -37.183 0.5555555820
104779  -19.807  5.026  -39.415 0.8888888955
104785  -21.085  5.099  -40.018 0.7777777910
104794  -22.372  4.182  -40.491 0.8888888955
104815  -29.238  2.947  -43.910 0.4444444478
104821  -28.813  2.564  -44.857 0.4444444478
104826  -28.262  2.279  -46.071 0.5555555820
104827  -29.599  2.855  -45.849 0.4444444478
104831  -29.254  2.541  -46.749 0.4444444478
105655  -15.159  5.788  -32.610 0.2222222239
105656  -15.314  6.428  -32.460 0.2222222239
105738  -18.778  6.317  -38.934 0.6666666865
105749  -22.048  5.713  -40.329 0.7777777910
105751  -29.334  5.607  -40.376 0.1111111119
105755  -23.545  5.710  -40.668 0.7777777910
105785  -27.640  3.162  -46.087 0.5555555820
105786  -28.761  4.416  -45.725 0.4444444478
105792  -27.840  3.774  -46.268 0.5555555820
105793  -28.528  3.462  -46.558 0.4444444478
106639  -16.171  7.867  -33.175 0.1111111119
106653  -15.648  7.832  -33.191 0.1111111119
106690  -17.086  7.258  -37.090 0.5555555820
106717  -18.327  7.170  -38.820 0.6666666865
106730  -21.179  6.558  -40.148 0.7777777910
106737  -25.115  7.023  -40.618 0.6666666865
106739  -26.773  6.722  -40.803 0.6666666865
106746  -27.486  6.059  -41.853 0.6666666865
106784  -26.925  6.856  -46.879 0.4444444478
106785  -27.290  6.759  -46.749 0.3333333433
107701  -17.602  7.959  -38.251 0.4444444478
107714  -19.598  8.272  -39.791 0.5555555820
107728  -22.289  8.061  -40.312 0.6666666865
107736  -25.702  8.164  -40.786 0.6666666865
107743  -26.774  8.083  -41.535 0.6666666865
107766  -28.595  7.653  -44.438 0.1111111119
107789  -26.784  7.089  -47.233 0.2222222239
107790  -26.926  7.106  -47.664 0.3333333433
108635  -18.428  8.975  -39.017 0.3333333433
108648  -22.713  8.897  -40.483 0.6666666865
108656  -25.508  8.919  -40.846 0.6666666865
108657  -26.054  8.684  -40.986 0.6666666865
108698  -26.564  8.006  -45.156 0.6666666865
108708  -28.142  7.757  -46.806 0.1111111119
108712  -27.501  7.623  -47.955 0.1111111119
108713  -27.938  7.584  -47.609 0.1111111119
109603  -17.659  9.661  -37.737 0.3333333433
109645  -19.560  9.690  -39.244 0.4444444478
109653  -21.090  9.934  -39.701 0.4444444478
109713  -26.033  8.679  -47.162 0.3333333433
110644  -19.545  10.883  -37.657 0.1111111119
110661  -21.349  10.255  -39.497 0.1111111119
110714  -26.208  10.360  -43.730 0.5555555820
110750  -26.183  10.048  -48.706 0.2222222239
110755  -26.740  10.007  -49.092 0.2222222239
111669  -25.628  11.319  -41.835 0.5555555820
111727  -25.753  10.989  -47.637 0.2222222239
111738  -25.948  11.908  -49.282 0.1111111119
111741  -27.850  11.160  -49.417 0.1111111119
111744  -27.255  12.042  -50.584 0.1111111119
111745  -27.490  11.626  -50.387 0.1111111119
111750  -27.856  11.900  -50.738 0.1111111119
112629  -25.299  11.957  -44.823 0.4444444478
112639  -25.279  11.833  -45.489 0.4444444478
112675  -26.338  12.083  -49.858 0.2222222239
112687  -27.545  12.330  -50.898 0.1111111119
113520  -23.856  13.379  -45.339 0.4444444478
113530  -23.586  13.208  -46.150 0.4444444478
113541  -23.524  13.216  -47.130 0.4444444478
113562  -24.183  13.204  -48.841 0.1111111119
113570  -24.440  13.721  -49.514 0.1111111119
114445  -24.546  13.723  -43.682 0.3333333433
114453  -24.266  13.594  -44.556 0.4444444478
114472  -25.717  14.204  -46.210 0.1111111119
114486  -24.743  14.458  -48.545 0.1111111119
114487  -26.502  13.779  -47.122 0.1111111119
114499  -24.393  14.173  -49.315 0.1111111119
114511  -24.311  14.006  -49.477 0.1111111119
115359  -23.422  15.233  -40.506 0.1111111119
115399  -23.299  15.701  -43.903 0.3333333433
115432  -22.600  14.796  -46.029 0.3333333433
115433  -24.894  15.168  -45.896 0.1111111119
115449  -22.428  14.754  -46.815 0.3333333433
115450  -24.516  15.731  -46.524 0.1111111119
115465  -22.508  14.928  -47.849 0.3333333433
115476  -22.951  15.379  -48.584 0.2222222239
115477  -23.576  14.847  -48.853 0.2222222239
116356  -22.852  15.415  -39.803 0.1111111119
116385  -23.532  16.300  -42.769 0.1111111119
116405  -22.366  16.132  -45.702 0.3333333433
116412  -22.122  16.079  -46.553 0.2222222239
116414  -23.646  15.939  -48.280 0.1111111119
116425  -22.091  16.156  -47.538 0.3333333433
116437  -22.341  16.307  -48.252 0.2222222239
116438  -22.728  16.141  -48.497 0.1111111119
117296  -23.568  16.834  -42.402 0.1111111119
117312  -22.037  17.804  -44.894 0.3333333433
117320  -22.352  17.094  -45.297 0.3333333433
117334  -23.685  16.666  -47.945 0.1111111119
117340  -22.927  16.673  -48.740 0.1111111119
118162  -23.785  17.557  -39.215 0.1111111119
118191  -23.602  17.176  -41.087 0.1111111119
118214  -22.464  17.931  -44.453 0.2222222239
118219  -22.059  17.941  -44.768 0.3333333433
118232  -23.965  17.648  -46.535 0.1111111119
118238  -21.791  18.028  -47.558 0.1111111119
119096  -23.494  17.905  -42.498 0.1111111119
119097  -23.694  18.288  -41.511 0.1111111119
119118  -22.119  18.117  -44.776 0.2222222239
119126  -21.983  18.277  -45.208 0.3333333433
119143  -21.874  18.477  -48.038 0.1111111119
119144  -22.358  18.367  -49.047 0.1111111119
119147  -22.111  18.377  -48.777 0.1111111119
120008  -24.608  19.572  -39.846 0.1111111119
120037  -23.595  19.203  -42.114 0.1111111119
120048  -22.673  18.884  -44.140 0.1111111119
120052  -22.257  18.693  -44.760 0.2222222239
120063  -21.817  18.833  -46.859 0.1111111119
120065  -24.200  19.096  -46.056 0.1111111119
120069  -23.600  19.529  -47.692 0.1111111119
120071  -22.179  18.772  -48.773 0.1111111119
120957  -24.083  19.906  -40.927 0.1111111119
121019  -22.137  20.272  -47.593 0.1111111119
121023  -22.562  19.607  -48.350 0.1111111119
121024  -23.078  19.980  -48.048 0.1111111119
121820  -22.681  20.231  -44.259 0.1111111119
121830  -22.135  20.381  -45.453 0.1111111119
121831  -22.463  20.879  -44.933 0.1111111119
121843  -22.018  20.900  -46.601 0.1111111119
121846  -24.900  21.922  -46.051 0.1111111119
121852  -23.036  21.503  -47.577 0.1111111119
121855  -22.322  20.794  -47.801 0.1111111119
121856  -22.578  20.835  -47.949 0.1111111119
122572  -24.075  22.071  -40.916 0.1111111119
122575  -24.089  21.829  -41.881 0.1111111119
122586  -24.144  21.741  -42.830 0.1111111119
122603  -23.394  22.201  -43.948 0.1111111119
122622  -22.274  21.632  -45.475 0.1111111119
122639  -21.980  22.230  -46.076 0.1111111119
122653  -24.497  22.274  -46.499 0.1111111119
122659  -23.317  22.317  -47.285 0.1111111119
123449  -21.981  22.701  -46.604 0.1111111119
123460  -22.339  22.590  -47.012 0.1111111119
123461  -22.842  22.808  -47.142 0.1111111119
124238  -22.609  24.748  -40.896 0.1111111119
124265  -21.604  24.980  -44.206 0.1111111119
124305  -22.454  23.968  -46.567 0.1111111119
124313  -23.132  23.536  -46.872 0.1111111119
125120  -21.619  25.384  -44.901 0.1111111119
125986  -21.100  26.484  -42.779 0.1111111119
125994  -21.007  26.927  -42.973 0.1111111119
126015  -22.009  25.650  -45.265 0.1111111119
126901  -21.140  26.966  -43.254 0.1111111119
126902  -21.536  26.921  -43.795 0.1111111119
159019  -19.048  10.021  -38.690 0.2222222239
159842  -22.822  18.365  -43.939 0.1111111119
159993  -27.751  -1.059  -40.624 0.6666666865
160114  -26.837  1.354  -41.581 0.7777777910
161231  -22.743  18.111  -44.104 0.1111111119
161936  -21.834  -1.655  -39.809 1.0000000000
161980  -18.268  3.734  -37.666 0.8888888955
164481  -27.283  8.257  -48.294 0.1111111119
165710  -31.549  -1.457  -39.112 0.2222222239
166656  -21.863  18.637  -45.810 0.2222222239
168527  -26.296  7.499  -40.741 0.6666666865
169132  -25.175  4.249  -40.975 0.8888888955
169509  -25.290  14.109  -48.293 0.1111111119
170323  -26.918  12.623  -50.421 0.1111111119
170861  -21.620  -0.353  -39.081 0.8888888955
171092  -23.155  17.720  -48.744 0.1111111119
171599  -18.453  2.452  -37.325 0.7777777910
171746  -25.630  13.015  -49.539 0.2222222239
171977  -18.265  6.570  -38.483 0.6666666865
173542  -23.617  4.169  -40.821 0.8888888955
173575  -23.080  16.610  -39.921 0.1111111119
174315  -22.302  19.336  -48.483 0.1111111119
174328  -23.228  18.751  -43.055 0.1111111119
175184  -26.622  6.086  -40.595 0.6666666865
175303  -29.705  6.217  -39.254 0.1111111119
175336  -26.183  -1.737  -40.685 0.7777777910
176105  -23.484  7.158  -40.646 0.6666666865
176232  -22.732  17.578  -49.030 0.1111111119
176454  -14.862  5.540  -33.483 0.3333333433
176551  -20.799  8.291  -40.012 0.5555555820
176825  -16.485  6.621  -36.149 0.4444444478
176974  -27.230  -0.112  -41.097 0.6666666865
177309  -27.597  6.298  -46.078 0.5555555820
177402  -23.796  -16.384  -30.265 0.1111111119
177566  -26.259  8.152  -47.167 0.3333333433
177996  -20.201  4.490  -39.600 0.8888888955
178432  -27.971  -6.554  -39.129 0.4444444478
178654  -23.519  18.770  -48.027 0.1111111119
178751  -28.033  2.936  -45.165 0.5555555820
179231  -23.445  -0.484  -41.043 0.8888888955
179384  -27.791  12.258  -50.990 0.1111111119
180104  -24.266  -1.837  -39.579 1.0000000000
180207  -25.057  1.063  -41.397 0.7777777910
181201  -24.597  6.557  -40.696 0.6666666865
181927  -21.296  27.185  -43.117 0.1111111119
182083  -25.593  -4.426  -40.002 0.8888888955
182872  -21.819  7.141  -40.251 0.6666666865
183781  -19.202  3.298  -38.500 1.0000000000
184435  -24.809  14.144  -48.927 0.1111111119
184561  -21.091  -19.987  -32.385 0.1111111119
184583  -24.261  2.139  -41.200 0.7777777910
185217  -23.589  0.577  -40.911 0.8888888955
185403  -30.622  -0.092  -39.004 0.2222222239
185412  -21.061  -1.646  -38.798 1.0000000000
185815  -24.599  18.024  -45.129 0.1111111119
187847  -22.506  -1.753  -39.942 1.0000000000
188284  -23.102  -5.869  -38.354 1.0000000000
188628  -24.098  -14.646  -31.972 0.2222222239
189369  -22.192  19.671  -47.942 0.1111111119
189536  -23.334  15.104  -44.185 0.3333333433
190016  -22.952  14.989  -45.043 0.3333333433
190337  -27.574  4.368  -41.046 0.6666666865
191102  -24.402  -13.824  -33.460 0.1111111119
191154  -18.919  9.564  -38.980 0.3333333433
191194  -25.024  8.507  -40.738 0.6666666865
191503  -23.818  19.760  -41.526 0.1111111119
