#!ascii label  , from subject sub-v2s13x29122_ses-1 vox2ras=TkReg
1434
53328  15.577  -33.810  48.128 0.0000000000
53519  8.001  -34.139  31.844 0.0000000000
45248  9.311  -40.015  45.531 0.0000000000
186791  9.969  -30.858  44.485 0.0000000000
64004  6.673  -24.625  39.398 0.0000000000
49807  12.649  -37.025  50.793 0.0000000000
55445  9.853  -32.269  51.332 0.0000000000
187709  18.883  -32.135  49.570 0.0000000000
47334  15.117  -37.787  47.461 0.0000000000
44221  11.134  -41.685  44.012 0.0000000000
62815  8.013  -25.045  48.704 0.0000000000
185364  8.863  -28.245  42.397 0.0000000000
189805  8.458  -22.020  45.351 0.0000000000
46358  7.380  -38.821  40.369 0.0000000000
51024  9.197  -36.548  40.637 0.0000000000
52115  9.480  -35.118  46.424 0.0000000000
58478  9.288  -29.217  50.118 0.0000000000
55539  12.614  -32.142  38.390 0.0000000000
59741  11.931  -28.509  34.088 0.0000000000
61934  6.742  -26.019  31.999 0.0000000000
67304  9.193  -22.185  37.499 0.0000000000
52080  13.872  -35.481  49.727 0.0000000000
53323  12.876  -33.837  49.187 0.0000000000
54437  17.248  -32.613  49.804 0.0000000000
50925  17.803  -35.280  48.729 0.0000000000
188381  16.412  -35.528  49.995 0.0000000000
182229  13.785  -38.133  49.892 0.0000000000
64953  7.670  -23.560  46.644 0.0000000000
46335  8.797  -39.280  42.686 0.0000000000
178611  9.216  -37.570  42.763 0.0000000000
172227  9.509  -37.554  45.546 0.0000000000
57449  10.955  -30.015  50.298 0.0000000000
56451  8.941  -31.060  50.720 0.0000000000
42147  9.760  -42.492  45.016 0.0000000000
43179  9.911  -42.397  42.665 0.0000000000
183028  9.195  -41.574  43.295 0.0000000000
159164  7.560  -41.043  40.933 0.0000000000
189584  11.379  -34.404  43.912 0.0000000000
53401  11.694  -34.217  40.346 0.0000000000
161770  11.322  -31.586  42.319 0.0000000000
61836  7.466  -27.071  40.408 0.0000000000
59673  10.569  -28.431  38.601 0.0000000000
183083  8.564  -27.580  36.207 0.0000000000
60825  8.952  -27.370  32.721 0.0000000000
61884  6.759  -26.582  35.126 0.0000000000
45214  10.292  -39.246  48.265 0.0000000000
48546  9.386  -36.564  48.634 0.0000000000
173035  10.923  -34.148  50.896 0.0000000000
55456  11.574  -31.874  50.163 0.0000000000
56473  19.369  -31.660  46.494 0.0000000000
54473  18.707  -32.958  44.615 0.0000000000
52101  18.374  -34.119  46.042 0.0000000000
49864  16.836  -35.763  45.488 0.0000000000
45246  12.963  -39.385  46.050 0.0000000000
44183  12.111  -40.299  47.692 0.0000000000
59577  8.655  -28.285  46.383 0.0000000000
58593  9.382  -29.513  43.533 0.0000000000
61763  8.291  -27.048  45.088 0.0000000000
172630  7.573  -25.299  44.042 0.0000000000
66111  7.187  -23.061  42.409 0.0000000000
57480  17.060  -30.427  47.048 0.0000000000
57505  23.149  -29.243  44.810 0.0000000000
58488  23.703  -28.587  48.359 0.0000000000
58493  19.484  -29.273  50.377 0.0000000000
58494  17.795  -29.195  49.799 0.0000000000
46392  6.782  -39.054  38.227 0.0000000000
47472  6.981  -37.282  38.200 0.0000000000
181256  8.074  -37.570  40.101 0.0000000000
178845  9.770  -36.476  43.446 0.0000000000
54475  10.196  -33.651  45.733 0.0000000000
169442  8.478  -34.120  48.946 0.0000000000
55469  8.660  -32.290  48.022 0.0000000000
186352  8.882  -30.247  47.818 0.0000000000
60622  8.791  -27.666  49.445 0.0000000000
188047  8.182  -35.349  37.490 0.0000000000
53469  9.494  -34.238  36.445 0.0000000000
54598  11.224  -33.074  34.678 0.0000000000
57603  11.247  -29.877  40.563 0.0000000000
57660  13.065  -30.153  35.944 0.0000000000
55636  10.990  -31.461  32.105 0.0000000000
56668  9.905  -29.863  30.037 0.0000000000
60882  7.720  -27.620  28.997 0.0000000000
68357  10.237  -21.071  43.963 0.0000000000
188539  8.014  -21.194  40.991 0.0000000000
168614  9.227  -20.112  39.202 0.0000000000
66171  7.319  -22.872  37.737 0.0000000000
64065  7.134  -24.643  35.111 0.0000000000
52086  15.162  -34.817  49.168 0.0000000000
53330  14.245  -33.782  47.883 0.0000000000
53329  15.007  -33.877  47.903 0.0000000000
53320  16.488  -33.408  49.670 0.0000000000
52070  16.863  -34.314  49.829 0.0000000000
52078  15.884  -34.997  49.679 0.0000000000
50920  15.483  -35.698  50.008 0.0000000000
52324  7.291  -34.552  31.031 0.0000000000
54644  7.450  -33.140  30.886 0.0000000000
191166  9.354  -39.271  44.211 0.0000000000
47385  9.394  -38.625  44.065 0.0000000000
172309  9.435  -38.395  45.290 0.0000000000
56494  19.810  -30.628  43.957 0.0000000000
183658  9.419  -41.186  45.733 0.0000000000
43167  9.366  -41.753  44.046 0.0000000000
44215  9.254  -40.803  44.460 0.0000000000
44231  8.818  -40.808  42.796 0.0000000000
55484  10.534  -32.062  44.419 0.0000000000
54481  11.439  -32.533  43.215 0.0000000000
56496  10.262  -31.093  43.774 0.0000000000
172916  6.903  -26.047  39.844 0.0000000000
60744  7.903  -27.445  38.394 0.0000000000
61856  7.114  -26.629  38.176 0.0000000000
60781  7.663  -27.337  35.704 0.0000000000
172043  6.782  -26.148  36.730 0.0000000000
47308  11.623  -37.857  50.292 0.0000000000
48532  10.231  -36.885  50.249 0.0000000000
171276  11.280  -36.160  50.661 0.0000000000
54446  12.170  -32.443  49.658 0.0000000000
57469  11.984  -30.020  48.494 0.0000000000
175841  19.155  -32.272  48.356 0.0000000000
54467  18.865  -33.121  46.131 0.0000000000
53333  18.704  -33.620  47.351 0.0000000000
49837  16.978  -36.213  47.882 0.0000000000
49854  17.393  -35.565  46.555 0.0000000000
48574  15.857  -37.028  46.284 0.0000000000
46291  13.954  -38.445  46.805 0.0000000000
47306  13.462  -37.673  50.530 0.0000000000
45201  13.002  -38.770  49.094 0.0000000000
164434  12.488  -38.371  49.892 0.0000000000
44175  10.877  -39.877  48.101 0.0000000000
61728  8.375  -26.870  47.885 0.0000000000
60648  8.512  -27.727  45.719 0.0000000000
182866  8.203  -26.344  46.355 0.0000000000
67224  7.990  -22.662  46.099 0.0000000000
172849  7.725  -24.249  45.153 0.0000000000
64964  7.654  -23.530  44.989 0.0000000000
162826  7.322  -24.481  43.185 0.0000000000
66103  7.654  -22.651  44.103 0.0000000000
58514  20.428  -29.105  48.621 0.0000000000
46373  7.164  -38.761  39.493 0.0000000000
47435  7.107  -38.079  39.025 0.0000000000
47422  7.733  -38.320  40.782 0.0000000000
49874  9.683  -36.671  44.405 0.0000000000
179131  9.640  -36.678  43.531 0.0000000000
50973  9.899  -35.588  45.130 0.0000000000
52127  10.112  -35.236  45.071 0.0000000000
53339  9.805  -34.096  46.209 0.0000000000
52068  9.145  -34.555  50.714 0.0000000000
50926  8.833  -35.383  48.764 0.0000000000
173351  8.572  -33.252  50.279 0.0000000000
57446  9.245  -29.917  50.258 0.0000000000
55461  8.480  -31.814  49.286 0.0000000000
172766  8.666  -30.476  49.067 0.0000000000
56471  8.812  -30.925  47.894 0.0000000000
57470  8.748  -29.923  48.597 0.0000000000
172850  8.693  -29.186  48.368 0.0000000000
59558  8.895  -28.394  49.665 0.0000000000
53349  18.243  -33.862  44.344 0.0000000000
53357  18.517  -33.380  43.318 0.0000000000
45273  11.870  -40.289  43.964 0.0000000000
45307  11.339  -40.612  41.809 0.0000000000
189107  10.806  -41.630  42.729 0.0000000000
43192  9.550  -42.385  41.980 0.0000000000
43205  9.570  -42.430  41.336 0.0000000000
182245  7.607  -40.343  41.059 0.0000000000
44255  6.807  -40.500  39.531 0.0000000000
49930  8.081  -36.980  39.177 0.0000000000
51058  7.427  -36.387  38.040 0.0000000000
51056  8.414  -36.099  38.719 0.0000000000
53414  11.993  -33.608  39.048 0.0000000000
53429  10.796  -34.353  38.013 0.0000000000
54546  11.901  -33.361  37.359 0.0000000000
183214  10.816  -33.716  35.723 0.0000000000
54580  12.006  -32.878  35.858 0.0000000000
188115  9.227  -29.099  43.145 0.0000000000
57575  10.257  -30.070  42.036 0.0000000000
58628  9.748  -28.793  41.179 0.0000000000
59717  11.009  -28.338  36.196 0.0000000000
58673  11.934  -29.181  37.310 0.0000000000
58694  12.518  -29.117  35.395 0.0000000000
56619  12.811  -30.826  33.806 0.0000000000
57704  12.280  -29.893  32.798 0.0000000000
56662  10.704  -30.448  31.027 0.0000000000
58749  11.512  -29.094  31.915 0.0000000000
60846  7.647  -26.841  32.380 0.0000000000
60861  8.928  -27.025  30.850 0.0000000000
61948  7.416  -26.406  30.692 0.0000000000
69499  10.743  -20.564  42.665 0.0000000000
68381  9.092  -21.181  42.247 0.0000000000
69516  9.938  -20.775  41.523 0.0000000000
69591  9.469  -20.388  37.688 0.0000000000
68438  8.454  -21.068  38.355 0.0000000000
68439  8.015  -21.269  38.654 0.0000000000
66170  8.390  -22.717  37.390 0.0000000000
65047  7.504  -23.790  36.674 0.0000000000
186080  8.220  -23.913  36.280 0.0000000000
50917  13.238  -36.371  50.428 0.0000000000
52072  12.628  -35.511  50.272 0.0000000000
52088  13.326  -34.707  49.357 0.0000000000
54435  18.057  -32.397  49.992 0.0000000000
53327  18.384  -33.660  49.112 0.0000000000
52077  17.705  -34.296  49.751 0.0000000000
49820  17.087  -35.511  49.877 0.0000000000
48544  16.385  -36.697  49.300 0.0000000000
47329  14.511  -38.217  47.932 0.0000000000
48533  15.396  -36.940  50.293 0.0000000000
49815  14.249  -36.831  50.412 0.0000000000
64930  8.823  -24.066  49.478 0.0000000000
63929  7.825  -24.510  47.934 0.0000000000
66064  9.099  -23.043  48.765 0.0000000000
67212  8.832  -22.446  47.213 0.0000000000
68312  9.980  -21.673  46.609 0.0000000000
45293  8.286  -39.329  41.984 0.0000000000
47413  8.053  -38.550  41.538 0.0000000000
47401  9.098  -38.674  42.984 0.0000000000
171489  9.581  -37.064  44.987 0.0000000000
49856  9.408  -36.157  46.311 0.0000000000
188135  10.736  -31.023  51.013 0.0000000000
55450  9.636  -31.728  51.376 0.0000000000
181387  10.369  -30.237  50.739 0.0000000000
58467  10.337  -29.140  50.434 0.0000000000
59524  9.905  -28.373  50.535 0.0000000000
60589  9.495  -28.107  50.306 0.0000000000
42145  10.740  -42.543  44.735 0.0000000000
43164  10.289  -42.362  43.413 0.0000000000
43165  9.870  -42.547  43.561 0.0000000000
43180  9.648  -42.299  42.694 0.0000000000
43193  8.980  -42.149  41.890 0.0000000000
43194  8.138  -41.630  41.460 0.0000000000
44242  8.562  -41.287  42.102 0.0000000000
44232  8.366  -40.299  42.111 0.0000000000
52146  10.494  -35.593  42.325 0.0000000000
52174  10.254  -35.512  40.406 0.0000000000
52160  11.214  -34.819  41.895 0.0000000000
53372  11.950  -33.205  41.582 0.0000000000
55517  12.304  -32.004  40.343 0.0000000000
60713  7.792  -27.118  41.504 0.0000000000
59662  9.473  -28.406  40.479 0.0000000000
59676  8.728  -27.896  39.084 0.0000000000
59703  9.100  -27.810  37.661 0.0000000000
184394  10.440  -28.011  35.123 0.0000000000
59760  10.523  -27.901  33.354 0.0000000000
59744  8.976  -27.659  34.640 0.0000000000
60793  7.944  -27.562  34.086 0.0000000000
61906  6.909  -26.732  33.702 0.0000000000
66169  10.759  -22.485  37.103 0.0000000000
159830  10.233  -23.693  36.413 0.0000000000
65060  11.402  -23.755  35.828 0.0000000000
45232  9.539  -40.008  46.838 0.0000000000
46287  9.493  -38.681  47.133 0.0000000000
46264  9.706  -37.716  48.669 0.0000000000
49811  9.285  -35.882  50.458 0.0000000000
53303  10.220  -33.539  51.002 0.0000000000
53309  11.676  -33.661  50.727 0.0000000000
54439  11.251  -32.941  50.850 0.0000000000
55448  11.107  -32.089  50.816 0.0000000000
56454  11.272  -30.667  50.270 0.0000000000
56472  19.555  -30.938  46.069 0.0000000000
170582  19.132  -31.956  44.788 0.0000000000
177072  18.960  -32.546  45.144 0.0000000000
50938  18.069  -34.878  47.267 0.0000000000
50962  17.639  -34.928  45.478 0.0000000000
50972  17.057  -35.110  44.605 0.0000000000
45272  12.430  -39.646  44.399 0.0000000000
44207  12.238  -40.151  45.365 0.0000000000
46280  13.340  -38.908  48.012 0.0000000000
44192  12.322  -40.333  46.844 0.0000000000
43137  11.539  -41.699  45.243 0.0000000000
178370  10.852  -41.848  46.936 0.0000000000
44201  9.833  -41.116  46.799 0.0000000000
57513  9.382  -29.990  45.387 0.0000000000
57546  9.648  -30.088  43.773 0.0000000000
59602  8.860  -28.768  44.800 0.0000000000
171707  8.787  -28.484  44.284 0.0000000000
60672  8.291  -27.261  43.821 0.0000000000
62846  7.920  -25.076  46.073 0.0000000000
62873  7.818  -26.015  44.141 0.0000000000
61793  7.772  -26.481  42.824 0.0000000000
62892  7.424  -25.824  42.548 0.0000000000
62907  7.059  -25.346  41.564 0.0000000000
180819  6.800  -24.316  40.821 0.0000000000
54453  16.250  -32.796  47.967 0.0000000000
187530  21.352  -29.411  44.789 0.0000000000
57464  25.450  -29.557  47.832 0.0000000000
167098  24.447  -28.657  48.815 0.0000000000
58527  24.506  -29.338  47.240 0.0000000000
58548  23.238  -29.167  46.189 0.0000000000
57490  21.656  -29.204  45.903 0.0000000000
57491  20.781  -29.524  46.146 0.0000000000
57479  19.592  -30.478  48.070 0.0000000000
186124  19.020  -30.865  50.092 0.0000000000
58475  18.636  -28.776  50.811 0.0000000000
176213  18.160  -30.464  50.775 0.0000000000
56458  17.486  -30.975  49.931 0.0000000000
56462  16.989  -31.335  48.448 0.0000000000
48690  7.861  -37.483  39.439 0.0000000000
51025  8.943  -36.840  40.718 0.0000000000
48634  8.782  -37.670  41.803 0.0000000000
49890  8.976  -37.195  41.604 0.0000000000
50993  9.824  -36.288  42.504 0.0000000000
52136  10.453  -35.610  43.387 0.0000000000
52125  10.540  -33.803  45.232 0.0000000000
162554  10.186  -32.410  45.505 0.0000000000
173018  9.387  -37.356  47.171 0.0000000000
49847  9.288  -36.081  46.952 0.0000000000
187103  9.127  -34.839  47.326 0.0000000000
54447  8.402  -32.569  49.720 0.0000000000
53332  8.714  -33.566  48.069 0.0000000000
172128  9.235  -34.192  47.066 0.0000000000
54470  9.527  -32.644  46.704 0.0000000000
55478  9.697  -31.774  46.222 0.0000000000
57495  9.475  -30.536  45.949 0.0000000000
58554  9.030  -29.433  46.704 0.0000000000
59570  8.572  -28.397  48.154 0.0000000000
61711  8.611  -26.723  48.988 0.0000000000
190645  9.376  -27.105  50.254 0.0000000000
62803  9.157  -25.475  49.999 0.0000000000
63909  8.906  -24.680  49.820 0.0000000000
45324  11.257  -40.472  41.021 0.0000000000
43178  10.178  -42.059  42.214 0.0000000000
52204  9.538  -35.154  38.583 0.0000000000
53451  8.692  -34.755  37.019 0.0000000000
54612  9.608  -33.546  33.328 0.0000000000
56504  10.189  -30.711  43.095 0.0000000000
55507  11.635  -31.049  41.358 0.0000000000
56535  12.550  -30.912  38.990 0.0000000000
58651  11.024  -28.828  39.125 0.0000000000
182854  12.352  -30.058  38.342 0.0000000000
55538  12.843  -31.339  37.794 0.0000000000
55599  12.564  -31.950  34.689 0.0000000000
55615  10.789  -32.370  33.250 0.0000000000
180512  9.136  -32.890  31.911 0.0000000000
55645  9.249  -31.875  31.061 0.0000000000
59805  10.448  -28.387  30.890 0.0000000000
59831  9.145  -28.616  29.485 0.0000000000
68343  10.430  -21.189  45.544 0.0000000000
69456  10.941  -20.726  45.120 0.0000000000
68358  9.606  -21.422  44.492 0.0000000000
67241  8.108  -21.656  43.304 0.0000000000
67258  7.286  -21.824  41.661 0.0000000000
66141  6.820  -22.663  40.135 0.0000000000
69551  8.692  -20.690  40.126 0.0000000000
67279  7.271  -21.639  39.478 0.0000000000
164049  6.740  -23.399  38.650 0.0000000000
64042  6.611  -24.741  36.805 0.0000000000
64066  6.650  -25.168  35.228 0.0000000000
64097  6.856  -25.174  33.210 0.0000000000
170103  7.720  -24.682  33.390 0.0000000000
52091  15.387  -34.316  48.607 0.0000000000
53334  15.337  -33.498  47.409 0.0000000000
54454  16.123  -33.339  48.669 0.0000000000
53315  16.388  -34.169  49.638 0.0000000000
53321  15.930  -34.041  49.009 0.0000000000
52085  15.754  -34.543  49.268 0.0000000000
51157  7.757  -35.019  31.685 0.0000000000
52314  7.682  -34.209  31.542 0.0000000000
171471  7.373  -33.959  31.089 0.0000000000
53532  7.702  -33.684  31.323 0.0000000000
172231  9.319  -39.592  44.844 0.0000000000
46316  9.371  -39.013  44.807 0.0000000000
171732  9.346  -39.253  45.684 0.0000000000
57541  20.065  -30.370  44.361 0.0000000000
183211  20.628  -30.028  43.960 0.0000000000
44209  9.314  -40.703  45.307 0.0000000000
181975  9.276  -40.188  44.833 0.0000000000
45259  9.269  -39.954  44.045 0.0000000000
55480  10.292  -31.933  44.858 0.0000000000
55485  10.189  -31.269  44.397 0.0000000000
62950  6.765  -25.518  39.237 0.0000000000
61847  6.995  -26.365  39.064 0.0000000000
62961  6.813  -25.803  38.450 0.0000000000
61864  7.134  -26.763  37.230 0.0000000000
181308  6.605  -25.291  37.911 0.0000000000
48529  12.382  -37.506  50.589 0.0000000000
48530  11.794  -37.058  50.680 0.0000000000
49808  12.107  -36.532  50.615 0.0000000000
55458  19.097  -31.813  49.281 0.0000000000
54452  18.925  -33.045  48.085 0.0000000000
54448  18.903  -32.557  49.120 0.0000000000
48560  16.484  -36.770  47.419 0.0000000000
48573  16.415  -36.618  46.603 0.0000000000
48561  15.733  -37.289  46.942 0.0000000000
47345  15.261  -37.527  46.333 0.0000000000
164317  15.003  -37.784  46.819 0.0000000000
47346  14.541  -38.032  46.412 0.0000000000
47335  14.466  -38.148  47.130 0.0000000000
48528  12.985  -37.538  50.638 0.0000000000
47307  13.102  -38.218  50.170 0.0000000000
47302  12.751  -37.702  50.550 0.0000000000
46258  11.787  -38.286  50.004 0.0000000000
62824  8.412  -25.965  48.216 0.0000000000
162798  8.324  -26.973  46.903 0.0000000000
62833  8.052  -25.326  47.617 0.0000000000
67223  8.338  -22.286  45.950 0.0000000000
66089  7.742  -22.913  45.543 0.0000000000
67230  7.990  -22.319  45.294 0.0000000000
67229  8.284  -21.933  44.735 0.0000000000
50974  9.686  -36.001  45.346 0.0000000000
50963  9.714  -35.350  45.797 0.0000000000
177373  9.933  -35.023  45.615 0.0000000000
52114  9.732  -34.806  46.080 0.0000000000
53304  9.475  -33.688  50.898 0.0000000000
53305  8.776  -33.816  50.504 0.0000000000
54434  9.048  -33.044  50.777 0.0000000000
57450  8.783  -30.364  49.798 0.0000000000
163997  8.968  -29.676  49.783 0.0000000000
57459  8.741  -29.975  49.338 0.0000000000
172240  8.759  -29.456  49.208 0.0000000000
58497  8.939  -29.044  49.743 0.0000000000
44214  11.552  -40.981  44.380 0.0000000000
44220  11.334  -41.064  43.615 0.0000000000
44230  10.847  -41.807  43.301 0.0000000000
42162  9.070  -42.472  41.390 0.0000000000
45325  7.466  -39.669  40.752 0.0000000000
44254  7.184  -40.401  40.391 0.0000000000
45326  7.128  -39.629  39.910 0.0000000000
45342  6.906  -39.670  39.168 0.0000000000
158840  8.744  -36.768  39.998 0.0000000000
161589  8.446  -36.562  39.169 0.0000000000
51038  8.970  -36.354  39.611 0.0000000000
54525  12.371  -32.727  38.808 0.0000000000
53428  11.839  -33.677  38.158 0.0000000000
165301  12.334  -32.725  37.951 0.0000000000
54564  11.965  -33.097  36.623 0.0000000000
55552  12.389  -32.511  37.211 0.0000000000
58607  9.183  -28.802  42.615 0.0000000000
58617  9.459  -28.988  42.058 0.0000000000
59640  9.014  -28.383  41.871 0.0000000000
59728  11.892  -28.570  34.941 0.0000000000
58695  11.781  -28.674  35.792 0.0000000000
58705  12.475  -29.014  34.494 0.0000000000
58714  12.824  -29.555  34.064 0.0000000000
58729  12.183  -29.204  32.994 0.0000000000
58748  11.943  -29.435  32.348 0.0000000000
58730  11.773  -28.785  32.542 0.0000000000
60827  7.146  -26.696  32.691 0.0000000000
61932  7.753  -26.507  31.497 0.0000000000
61933  7.136  -26.368  31.784 0.0000000000
70527  11.866  -19.295  43.205 0.0000000000
69514  11.218  -20.002  42.233 0.0000000000
69515  10.625  -20.449  41.829 0.0000000000
171717  9.386  -21.386  37.619 0.0000000000
68437  9.056  -20.820  37.985 0.0000000000
67305  8.689  -21.496  37.849 0.0000000000
186297  8.341  -22.054  37.695 0.0000000000
178992  8.386  -23.393  36.927 0.0000000000
65033  9.325  -22.984  37.163 0.0000000000
50922  13.548  -35.909  50.172 0.0000000000
55447  17.679  -32.154  49.955 0.0000000000
54444  17.846  -33.099  49.799 0.0000000000
54436  17.451  -32.921  49.828 0.0000000000
186177  16.847  -35.096  49.990 0.0000000000
49821  16.729  -36.076  49.655 0.0000000000
49822  16.082  -36.491  50.018 0.0000000000
48539  15.696  -37.073  49.709 0.0000000000
49814  15.610  -36.323  50.241 0.0000000000
50921  14.539  -35.970  50.086 0.0000000000
50915  15.013  -36.295  50.247 0.0000000000
50916  14.085  -36.492  50.332 0.0000000000
64939  8.791  -23.608  49.017 0.0000000000
67200  9.288  -22.483  48.155 0.0000000000
67199  10.134  -21.942  47.899 0.0000000000
67210  9.648  -21.989  47.243 0.0000000000
68311  10.511  -21.518  47.075 0.0000000000
47402  8.547  -38.669  42.228 0.0000000000
47371  9.481  -37.810  44.526 0.0000000000
48590  9.468  -36.826  45.933 0.0000000000
162972  10.820  -30.518  50.750 0.0000000000
56449  10.310  -30.845  51.077 0.0000000000
58468  9.912  -29.043  50.533 0.0000000000
59523  10.185  -28.457  50.469 0.0000000000
60587  10.088  -27.824  50.547 0.0000000000
42153  10.166  -42.794  44.685 0.0000000000
43151  10.384  -42.679  44.109 0.0000000000
42154  9.837  -42.655  44.323 0.0000000000
178744  9.615  -42.206  43.381 0.0000000000
43181  9.155  -41.880  42.679 0.0000000000
45274  9.006  -39.967  43.142 0.0000000000
45292  8.626  -39.896  42.552 0.0000000000
45308  7.915  -39.877  41.485 0.0000000000
52145  11.273  -34.794  43.124 0.0000000000
158454  11.662  -32.170  42.411 0.0000000000
54490  11.819  -32.987  42.486 0.0000000000
54489  11.953  -32.406  41.712 0.0000000000
54501  12.131  -32.569  40.920 0.0000000000
55506  12.055  -31.831  41.102 0.0000000000
181185  7.927  -27.411  40.866 0.0000000000
59651  8.347  -27.800  40.594 0.0000000000
60722  7.909  -27.489  40.061 0.0000000000
60756  7.951  -27.419  37.432 0.0000000000
59704  8.382  -27.579  37.563 0.0000000000
59720  8.497  -27.583  36.911 0.0000000000
59718  10.124  -28.059  36.534 0.0000000000
59731  9.369  -27.745  36.006 0.0000000000
164482  9.590  -27.772  35.263 0.0000000000
180384  8.504  -27.584  35.371 0.0000000000
179196  6.941  -26.873  35.367 0.0000000000
60794  7.463  -27.367  34.580 0.0000000000
60795  7.152  -27.236  34.431 0.0000000000
60810  7.186  -27.203  33.943 0.0000000000
61895  6.842  -26.793  34.568 0.0000000000
67315  10.657  -21.570  37.061 0.0000000000
66178  11.072  -23.005  36.734 0.0000000000
177004  11.421  -22.655  36.692 0.0000000000
45225  9.852  -39.343  47.657 0.0000000000
46281  9.648  -38.652  47.775 0.0000000000
46263  10.033  -38.464  48.642 0.0000000000
49809  10.535  -35.947  50.806 0.0000000000
177267  9.719  -36.349  50.404 0.0000000000
50911  10.206  -35.204  50.871 0.0000000000
52067  9.874  -34.431  50.939 0.0000000000
52066  10.639  -34.317  50.888 0.0000000000
53316  12.584  -34.231  49.883 0.0000000000
52082  12.144  -34.460  50.416 0.0000000000
188640  12.088  -33.721  50.382 0.0000000000
54438  11.676  -32.632  50.319 0.0000000000
56448  11.079  -31.236  50.706 0.0000000000
56453  11.544  -31.243  50.035 0.0000000000
56466  19.637  -30.774  46.709 0.0000000000
56480  19.297  -31.622  45.477 0.0000000000
53337  18.688  -33.623  46.445 0.0000000000
180382  18.578  -33.538  45.662 0.0000000000
52084  18.212  -34.463  48.867 0.0000000000
52090  18.392  -34.191  48.243 0.0000000000
50930  18.128  -34.807  48.149 0.0000000000
49855  16.908  -35.963  46.201 0.0000000000
49863  17.350  -35.401  45.772 0.0000000000
49871  17.284  -35.183  45.095 0.0000000000
49872  16.726  -35.582  44.875 0.0000000000
49873  16.011  -35.982  44.635 0.0000000000
48613  14.643  -37.238  44.069 0.0000000000
46304  13.474  -38.847  45.810 0.0000000000
45257  12.560  -39.690  45.091 0.0000000000
45258  12.039  -40.260  44.764 0.0000000000
179113  12.461  -39.998  45.874 0.0000000000
47322  14.550  -38.119  48.885 0.0000000000
46279  13.905  -38.517  48.417 0.0000000000
46270  13.876  -38.337  49.280 0.0000000000
44172  12.591  -39.733  47.990 0.0000000000
45223  12.770  -39.425  47.950 0.0000000000
44193  11.965  -40.910  46.944 0.0000000000
44200  11.977  -40.984  46.543 0.0000000000
164243  11.681  -41.289  46.910 0.0000000000
43124  11.035  -42.106  46.350 0.0000000000
164024  11.241  -41.650  46.959 0.0000000000
44164  10.791  -39.497  48.469 0.0000000000
43103  10.472  -40.934  47.167 0.0000000000
44186  10.236  -40.313  47.432 0.0000000000
44202  9.667  -40.653  46.868 0.0000000000
58569  9.168  -29.456  45.768 0.0000000000
58581  9.192  -29.469  44.856 0.0000000000
182809  8.943  -29.011  45.386 0.0000000000
60660  8.570  -27.970  44.828 0.0000000000
60661  8.365  -27.377  44.418 0.0000000000
60671  8.542  -27.934  44.072 0.0000000000
64946  7.728  -24.003  47.346 0.0000000000
160101  7.862  -24.786  47.019 0.0000000000
63936  7.720  -24.309  46.596 0.0000000000
63950  7.643  -24.811  44.591 0.0000000000
172476  7.749  -25.520  44.692 0.0000000000
61781  7.960  -26.560  43.600 0.0000000000
62883  7.615  -25.779  43.374 0.0000000000
171426  7.445  -25.062  43.501 0.0000000000
64977  7.224  -23.795  42.769 0.0000000000
63969  7.144  -24.513  42.476 0.0000000000
64987  7.033  -23.763  42.059 0.0000000000
182361  6.990  -24.577  41.604 0.0000000000
180863  16.859  -31.293  47.421 0.0000000000
55471  16.453  -32.019  46.840 0.0000000000
56474  16.666  -31.329  46.457 0.0000000000
57521  23.354  -29.251  43.908 0.0000000000
57522  22.222  -29.249  44.449 0.0000000000
57506  22.014  -29.236  45.123 0.0000000000
59551  23.563  -28.195  49.129 0.0000000000
187137  24.183  -28.239  49.218 0.0000000000
58510  24.448  -29.060  48.043 0.0000000000
167110  23.782  -28.942  47.582 0.0000000000
58547  23.895  -29.233  46.709 0.0000000000
58528  22.936  -28.858  47.147 0.0000000000
58550  21.298  -29.180  46.770 0.0000000000
57453  19.845  -29.533  49.314 0.0000000000
57465  19.957  -29.829  48.315 0.0000000000
57466  19.573  -30.360  48.904 0.0000000000
57454  19.428  -30.215  49.826 0.0000000000
59541  18.356  -28.594  50.234 0.0000000000
58476  18.091  -29.372  50.556 0.0000000000
58466  18.214  -29.602  50.858 0.0000000000
172876  17.860  -29.933  50.644 0.0000000000
57448  17.645  -30.477  50.393 0.0000000000
56457  17.502  -30.364  49.936 0.0000000000
57468  17.187  -30.588  48.125 0.0000000000
55462  16.698  -32.114  48.876 0.0000000000
46404  6.617  -39.306  37.685 0.0000000000
48674  7.829  -37.559  39.736 0.0000000000
183301  7.219  -38.070  39.176 0.0000000000
49917  8.219  -37.308  39.709 0.0000000000
49904  8.366  -37.421  40.398 0.0000000000
171748  8.916  -38.126  42.452 0.0000000000
48635  8.363  -38.295  41.664 0.0000000000
50995  9.276  -36.855  42.465 0.0000000000
50994  9.468  -36.628  42.468 0.0000000000
51010  9.102  -36.917  41.558 0.0000000000
50983  10.084  -36.052  43.501 0.0000000000
53343  10.195  -34.531  45.502 0.0000000000
52126  10.515  -34.708  44.949 0.0000000000
54474  10.423  -32.793  45.141 0.0000000000
168725  9.475  -37.015  48.381 0.0000000000
47336  9.477  -38.013  47.555 0.0000000000
48553  9.340  -36.578  48.160 0.0000000000
52093  8.666  -34.745  48.555 0.0000000000
50932  8.951  -35.332  48.180 0.0000000000
50940  9.105  -35.249  47.490 0.0000000000
180612  8.879  -34.755  47.900 0.0000000000
56450  9.558  -31.008  51.168 0.0000000000
55451  9.004  -31.712  51.019 0.0000000000
55457  8.572  -31.800  50.291 0.0000000000
55465  8.480  -32.327  48.680 0.0000000000
168353  8.387  -32.748  49.110 0.0000000000
54458  8.526  -32.897  48.420 0.0000000000
53336  9.040  -33.639  47.415 0.0000000000
54466  8.808  -32.981  47.752 0.0000000000
54471  9.182  -33.093  47.244 0.0000000000
54465  9.005  -32.476  47.381 0.0000000000
56470  9.032  -31.379  47.341 0.0000000000
56477  9.455  -31.193  46.510 0.0000000000
56478  9.216  -30.595  47.005 0.0000000000
57496  9.284  -29.983  46.298 0.0000000000
185133  9.090  -29.952  47.118 0.0000000000
180903  8.672  -28.232  49.041 0.0000000000
60629  8.534  -27.619  48.523 0.0000000000
60606  9.590  -27.500  50.407 0.0000000000
55479  18.875  -32.628  44.755 0.0000000000
55482  18.954  -32.263  44.423 0.0000000000
54476  18.712  -32.801  44.176 0.0000000000
184042  10.410  -42.005  42.761 0.0000000000
45349  6.744  -39.783  38.608 0.0000000000
45350  6.613  -39.951  38.164 0.0000000000
52222  7.913  -35.778  38.001 0.0000000000
49986  7.037  -36.444  37.292 0.0000000000
52240  7.464  -35.838  37.094 0.0000000000
52250  7.632  -35.564  36.869 0.0000000000
52187  10.897  -34.875  39.958 0.0000000000
52188  9.875  -35.358  39.516 0.0000000000
52203  10.502  -34.876  39.207 0.0000000000
160177  9.919  -34.392  37.442 0.0000000000
53431  9.025  -34.697  37.418 0.0000000000
53450  9.225  -34.467  36.973 0.0000000000
53471  8.430  -34.865  36.662 0.0000000000
53481  9.153  -34.307  36.042 0.0000000000
54582  10.579  -33.634  35.149 0.0000000000
53491  9.613  -33.934  35.062 0.0000000000
53502  9.712  -33.774  34.147 0.0000000000
53503  9.187  -34.044  33.896 0.0000000000
54611  10.271  -33.118  33.666 0.0000000000
56505  9.899  -30.390  43.459 0.0000000000
57560  9.624  -29.890  43.182 0.0000000000
57591  10.614  -29.648  41.193 0.0000000000
57590  11.027  -30.293  41.315 0.0000000000
56528  11.739  -30.526  40.614 0.0000000000
164503  11.738  -30.110  40.003 0.0000000000
59661  9.867  -28.397  39.734 0.0000000000
180124  10.438  -28.485  39.274 0.0000000000
57646  12.838  -29.981  36.755 0.0000000000
58661  11.853  -29.285  37.977 0.0000000000
57633  12.460  -29.650  37.499 0.0000000000
56559  12.846  -30.599  37.495 0.0000000000
56573  13.017  -30.836  36.511 0.0000000000
55565  12.924  -31.590  36.078 0.0000000000
56586  13.077  -30.905  35.625 0.0000000000
55626  12.034  -31.400  32.942 0.0000000000
55613  12.413  -31.482  33.550 0.0000000000
55627  11.326  -31.774  32.748 0.0000000000
55628  10.502  -32.096  32.524 0.0000000000
55637  9.347  -32.397  31.662 0.0000000000
162760  10.141  -31.803  31.716 0.0000000000
57738  10.540  -29.833  30.634 0.0000000000
57745  9.105  -29.832  29.525 0.0000000000
59775  9.731  -27.571  33.055 0.0000000000
59774  10.616  -27.958  32.543 0.0000000000
60824  9.989  -27.541  32.180 0.0000000000
60870  8.302  -27.344  29.584 0.0000000000
188929  9.220  -28.160  29.685 0.0000000000
59822  8.557  -28.074  29.316 0.0000000000
59832  7.681  -28.383  28.702 0.0000000000
69469  11.397  -20.094  44.692 0.0000000000
69470  10.857  -20.663  44.340 0.0000000000
164764  10.335  -21.108  44.788 0.0000000000
68371  8.587  -21.542  43.695 0.0000000000
68370  9.397  -21.336  43.654 0.0000000000
172510  8.278  -21.255  41.638 0.0000000000
68382  7.675  -21.605  42.026 0.0000000000
68392  7.542  -21.416  41.329 0.0000000000
67259  7.007  -22.255  41.353 0.0000000000
67271  7.134  -21.702  40.887 0.0000000000
70607  9.639  -19.653  38.875 0.0000000000
70584  9.803  -19.778  39.533 0.0000000000
69550  9.290  -20.258  39.863 0.0000000000
69549  10.064  -20.044  40.261 0.0000000000
69564  8.710  -20.475  39.445 0.0000000000
187088  7.673  -22.051  38.210 0.0000000000
67298  7.595  -21.734  38.668 0.0000000000
182653  7.184  -22.091  38.880 0.0000000000
66164  6.951  -22.674  38.731 0.0000000000
66172  7.006  -23.114  38.010 0.0000000000
64030  6.588  -24.556  37.708 0.0000000000
65034  6.840  -23.988  37.276 0.0000000000
65064  7.334  -24.244  35.981 0.0000000000
65065  6.886  -24.676  35.772 0.0000000000
64082  6.784  -25.299  34.250 0.0000000000
65062  9.713  -24.106  35.940 0.0000000000
52079  14.911  -35.445  49.684 0.0000000000
52087  14.269  -34.928  49.121 0.0000000000
52092  14.657  -34.374  48.472 0.0000000000
53335  14.621  -33.334  47.226 0.0000000000
54445  16.977  -32.812  49.810 0.0000000000
53307  16.908  -33.128  49.737 0.0000000000
53314  16.686  -33.445  49.721 0.0000000000
53308  16.580  -34.202  49.645 0.0000000000
52071  16.326  -35.149  49.867 0.0000000000
50914  15.896  -35.834  50.145 0.0000000000
53545  7.238  -33.573  30.852 0.0000000000
46325  9.215  -39.279  43.458 0.0000000000
47359  9.469  -37.979  46.085 0.0000000000
43139  9.545  -41.843  45.575 0.0000000000
43152  9.566  -42.226  44.630 0.0000000000
43153  9.358  -41.479  44.978 0.0000000000
44222  9.136  -40.792  43.613 0.0000000000
54478  10.752  -33.067  44.787 0.0000000000
53359  11.628  -33.677  43.505 0.0000000000
54477  11.126  -32.836  44.133 0.0000000000
55483  10.793  -31.871  43.654 0.0000000000
55489  11.092  -31.732  42.916 0.0000000000
61828  7.112  -26.424  40.474 0.0000000000
60723  7.550  -27.218  39.660 0.0000000000
60735  7.439  -27.111  38.865 0.0000000000
60745  7.560  -27.172  37.805 0.0000000000
60767  7.790  -27.347  36.463 0.0000000000
59721  8.144  -27.496  36.203 0.0000000000
60757  7.511  -27.184  36.806 0.0000000000
179201  7.012  -26.775  36.269 0.0000000000
61874  6.730  -26.359  35.851 0.0000000000
186840  10.884  -38.179  49.726 0.0000000000
46260  10.401  -38.259  49.291 0.0000000000
47305  10.683  -37.437  50.146 0.0000000000
178498  11.068  -36.652  50.575 0.0000000000
168018  10.877  -35.266  50.792 0.0000000000
53324  12.260  -33.266  49.920 0.0000000000
55464  12.462  -31.465  48.681 0.0000000000
55460  12.078  -31.666  49.485 0.0000000000
56459  11.822  -30.880  49.491 0.0000000000
56464  12.208  -30.721  48.521 0.0000000000
55466  19.270  -31.947  47.480 0.0000000000
55470  19.177  -32.593  46.715 0.0000000000
181112  19.099  -32.658  47.520 0.0000000000
54459  18.936  -33.153  47.014 0.0000000000
52094  18.501  -34.154  46.807 0.0000000000
49836  17.400  -35.747  48.311 0.0000000000
49845  17.388  -35.665  47.410 0.0000000000
49846  16.958  -36.119  47.000 0.0000000000
48587  16.326  -36.463  45.915 0.0000000000
46303  13.960  -38.425  46.144 0.0000000000
46292  13.480  -38.853  46.455 0.0000000000
46255  14.130  -37.897  50.157 0.0000000000
46261  13.373  -38.451  49.499 0.0000000000
185616  13.065  -38.507  49.577 0.0000000000
45202  12.995  -38.867  49.086 0.0000000000
44161  12.100  -39.894  48.337 0.0000000000
44174  11.857  -40.048  48.124 0.0000000000
45204  11.854  -39.106  49.001 0.0000000000
45205  11.081  -38.938  49.100 0.0000000000
60642  8.503  -27.640  46.598 0.0000000000
61755  8.311  -27.026  46.013 0.0000000000
61764  8.076  -26.378  45.583 0.0000000000
66085  7.955  -22.975  46.810 0.0000000000
64957  7.653  -23.571  45.742 0.0000000000
173232  7.627  -24.148  44.558 0.0000000000
64970  7.587  -23.476  44.182 0.0000000000
64976  7.411  -23.742  43.431 0.0000000000
177110  7.341  -23.179  42.990 0.0000000000
57489  23.476  -29.312  45.461 0.0000000000
58489  22.810  -28.343  48.674 0.0000000000
58531  20.345  -29.520  47.758 0.0000000000
58492  20.231  -28.710  49.725 0.0000000000
57455  17.407  -29.830  49.294 0.0000000000
46391  6.946  -38.854  38.799 0.0000000000
47423  7.478  -38.112  39.901 0.0000000000
48673  7.893  -37.921  40.530 0.0000000000
48615  9.489  -37.362  43.867 0.0000000000
49882  9.381  -37.213  43.095 0.0000000000
50985  9.877  -36.223  44.391 0.0000000000
50984  10.036  -35.909  44.368 0.0000000000
184736  9.990  -34.487  45.861 0.0000000000
50918  8.691  -35.338  49.754 0.0000000000
49823  9.149  -36.079  48.987 0.0000000000
52083  8.469  -34.712  49.524 0.0000000000
181216  8.371  -34.207  49.321 0.0000000000
53318  8.308  -33.616  49.362 0.0000000000
175597  8.953  -30.547  50.374 0.0000000000
56455  8.654  -31.084  50.037 0.0000000000
56460  8.589  -30.971  49.389 0.0000000000
56465  8.592  -31.151  48.664 0.0000000000
164388  8.690  -31.600  47.987 0.0000000000
177863  8.710  -30.537  48.437 0.0000000000
58534  8.848  -29.579  47.683 0.0000000000
59565  8.707  -28.820  49.095 0.0000000000
53348  18.516  -33.375  44.480 0.0000000000
163237  18.477  -33.437  43.918 0.0000000000
53358  18.270  -33.906  43.750 0.0000000000
178206  11.660  -40.321  43.156 0.0000000000
44229  11.203  -41.043  42.727 0.0000000000
44241  10.770  -41.492  42.126 0.0000000000
43191  9.854  -42.256  41.843 0.0000000000
43207  7.044  -41.194  40.160 0.0000000000
44263  6.642  -40.438  38.937 0.0000000000
49931  7.753  -37.077  38.936 0.0000000000
49954  7.187  -36.536  37.944 0.0000000000
51039  8.189  -36.443  38.765 0.0000000000
162224  8.218  -36.124  38.530 0.0000000000
52206  8.295  -35.676  38.178 0.0000000000
53400  12.038  -33.533  39.854 0.0000000000
53415  11.468  -34.382  39.367 0.0000000000
170593  11.484  -34.245  38.622 0.0000000000
53449  11.024  -34.046  37.448 0.0000000000
179957  10.186  -34.155  36.918 0.0000000000
53480  9.965  -33.917  35.770 0.0000000000
171026  11.235  -33.770  36.783 0.0000000000
54565  11.389  -33.518  36.101 0.0000000000
54581  11.389  -33.307  35.404 0.0000000000
58606  9.428  -29.366  42.885 0.0000000000
58616  9.982  -29.379  41.691 0.0000000000
57604  10.875  -29.337  40.486 0.0000000000
59701  10.831  -28.368  37.031 0.0000000000
58674  11.367  -28.813  37.526 0.0000000000
58682  11.647  -28.828  36.694 0.0000000000
163940  12.242  -29.101  36.148 0.0000000000
58693  12.989  -29.667  35.486 0.0000000000
57672  13.095  -30.227  35.156 0.0000000000
57685  13.009  -30.199  34.362 0.0000000000
56639  12.605  -30.359  33.229 0.0000000000
56640  12.171  -30.647  32.645 0.0000000000
56654  10.788  -31.018  31.531 0.0000000000
171140  11.251  -30.393  31.542 0.0000000000
57737  11.066  -29.833  31.213 0.0000000000
58767  10.824  -29.210  30.958 0.0000000000
158334  8.293  -27.121  32.501 0.0000000000
60844  9.263  -27.208  31.720 0.0000000000
60845  8.387  -26.792  31.657 0.0000000000
61955  8.324  -26.874  30.225 0.0000000000
60871  7.448  -26.785  29.605 0.0000000000
69498  11.336  -20.003  43.153 0.0000000000
69484  10.801  -20.625  43.522 0.0000000000
178099  9.549  -21.208  42.864 0.0000000000
68380  10.042  -20.985  42.279 0.0000000000
190424  9.618  -21.001  41.874 0.0000000000
68391  9.189  -20.998  41.463 0.0000000000
69563  9.206  -20.071  38.667 0.0000000000
189713  8.855  -20.413  38.956 0.0000000000
68426  8.365  -20.800  38.967 0.0000000000
67297  8.042  -21.705  38.161 0.0000000000
67306  7.758  -22.404  37.802 0.0000000000
174471  7.148  -23.733  37.045 0.0000000000
66180  7.596  -23.208  37.321 0.0000000000
190280  8.070  -24.336  35.557 0.0000000000
49817  12.947  -36.847  50.639 0.0000000000
49818  12.268  -35.860  50.478 0.0000000000
52081  12.926  -35.134  49.963 0.0000000000
55453  18.385  -31.823  50.056 0.0000000000
54449  18.581  -32.907  49.350 0.0000000000
54443  18.241  -32.972  49.647 0.0000000000
52076  18.113  -34.229  49.458 0.0000000000
50924  17.938  -34.839  49.353 0.0000000000
52069  17.233  -34.329  49.924 0.0000000000
50919  17.417  -34.925  49.852 0.0000000000
171247  17.553  -35.296  49.468 0.0000000000
49827  16.935  -36.228  48.811 0.0000000000
48551  16.502  -36.786  48.355 0.0000000000
48552  15.860  -37.307  47.867 0.0000000000
47328  15.192  -37.757  48.364 0.0000000000
47321  15.141  -37.585  49.325 0.0000000000
47313  14.426  -37.870  49.855 0.0000000000
176816  14.874  -36.793  50.365 0.0000000000
48535  13.657  -37.284  50.533 0.0000000000
49816  13.604  -36.944  50.544 0.0000000000
63910  8.397  -24.486  49.225 0.0000000000
173189  8.408  -23.911  48.862 0.0000000000
172649  8.335  -23.577  48.416 0.0000000000
66066  7.980  -23.376  47.623 0.0000000000
162499  9.968  -22.302  48.758 0.0000000000
67201  8.730  -22.874  47.971 0.0000000000
66076  8.336  -22.931  47.434 0.0000000000
158522  8.698  -22.240  46.440 0.0000000000
67222  9.029  -21.905  45.789 0.0000000000
46345  7.744  -39.037  41.212 0.0000000000
176269  9.335  -38.017  43.415 0.0000000000
49865  9.581  -36.351  45.535 0.0000000000
50964  9.517  -35.676  46.099 0.0000000000
55449  10.223  -31.940  51.332 0.0000000000
169097  10.062  -31.377  51.394 0.0000000000
57445  9.925  -30.319  50.829 0.0000000000
57443  10.568  -29.818  50.490 0.0000000000
57444  10.146  -29.712  50.566 0.0000000000
177740  9.392  -30.435  50.679 0.0000000000
165964  9.703  -29.783  50.549 0.0000000000
58469  9.567  -29.329  50.368 0.0000000000
59543  9.249  -28.558  50.084 0.0000000000
59525  9.602  -28.655  50.373 0.0000000000
43150  10.995  -42.199  44.330 0.0000000000
184840  10.746  -42.199  43.830 0.0000000000
43166  9.665  -42.461  43.993 0.0000000000
42163  8.328  -42.271  41.223 0.0000000000
44243  8.030  -40.746  41.557 0.0000000000
51008  9.897  -36.141  41.552 0.0000000000
51023  9.710  -36.076  40.794 0.0000000000
52161  10.434  -35.556  41.330 0.0000000000
52173  11.118  -34.839  40.881 0.0000000000
53385  11.752  -34.087  41.295 0.0000000000
53373  11.735  -33.952  42.339 0.0000000000
53384  12.038  -33.360  40.689 0.0000000000
175734  12.240  -32.742  40.156 0.0000000000
54513  12.478  -32.266  39.610 0.0000000000
187126  8.438  -27.745  41.679 0.0000000000
59639  9.209  -28.446  41.204 0.0000000000
59650  8.755  -28.121  41.134 0.0000000000
159117  9.202  -28.204  39.751 0.0000000000
59675  9.358  -28.171  39.195 0.0000000000
59677  8.221  -27.632  38.900 0.0000000000
59689  8.697  -27.749  38.216 0.0000000000
59687  9.915  -28.182  38.148 0.0000000000
59702  9.983  -28.098  37.345 0.0000000000
59729  11.130  -28.284  35.390 0.0000000000
59742  11.083  -28.170  34.547 0.0000000000
59759  11.275  -28.209  33.679 0.0000000000
171398  10.495  -27.947  34.027 0.0000000000
59761  9.516  -27.698  33.905 0.0000000000
60807  8.663  -27.538  33.487 0.0000000000
59746  8.047  -27.562  34.877 0.0000000000
59762  8.404  -27.618  34.092 0.0000000000
60808  7.968  -27.505  33.773 0.0000000000
60826  8.011  -27.381  33.212 0.0000000000
60828  7.192  -27.003  33.399 0.0000000000
175157  6.863  -26.421  33.005 0.0000000000
67303  10.033  -21.930  37.394 0.0000000000
178402  9.994  -22.601  37.301 0.0000000000
66179  10.300  -23.160  36.911 0.0000000000
65044  11.702  -23.126  36.316 0.0000000000
52301  8.241  -34.422  32.220 0.0000000000
45240  9.376  -39.844  46.225 0.0000000000
177551  9.431  -39.318  46.638 0.0000000000
168224  9.649  -39.367  47.287 0.0000000000
172456  9.583  -37.958  48.036 0.0000000000
47323  9.545  -37.107  48.673 0.0000000000
47311  9.817  -37.225  49.429 0.0000000000
48537  9.731  -36.769  49.895 0.0000000000
49812  8.948  -35.836  50.012 0.0000000000
50913  8.935  -35.310  50.371 0.0000000000
54432  10.403  -32.713  51.146 0.0000000000
52064  11.663  -34.999  50.685 0.0000000000
52074  11.547  -34.252  50.743 0.0000000000
53317  12.001  -33.050  50.436 0.0000000000
53310  11.185  -33.526  50.874 0.0000000000
54431  10.867  -32.979  51.035 0.0000000000
54440  10.728  -32.348  51.152 0.0000000000
159124  10.603  -31.520  51.225 0.0000000000
57458  11.360  -30.202  49.837 0.0000000000
57457  11.774  -30.323  49.198 0.0000000000
56479  19.761  -30.556  45.506 0.0000000000
56487  19.550  -30.956  44.855 0.0000000000
179020  18.754  -33.049  45.179 0.0000000000
55474  19.078  -32.509  45.841 0.0000000000
177744  18.770  -33.079  45.426 0.0000000000
180989  18.565  -33.328  44.788 0.0000000000
52123  18.372  -33.658  44.775 0.0000000000
50980  17.613  -34.532  44.500 0.0000000000
53326  18.632  -33.624  48.232 0.0000000000
52089  18.512  -34.026  47.611 0.0000000000
52102  18.253  -34.578  46.833 0.0000000000
50939  17.765  -35.219  46.934 0.0000000000
163842  18.029  -34.828  46.510 0.0000000000
50951  17.950  -34.679  45.805 0.0000000000
167812  17.595  -34.805  45.168 0.0000000000
166940  17.443  -34.790  44.729 0.0000000000
50982  16.834  -35.121  44.261 0.0000000000
48612  15.266  -36.530  44.238 0.0000000000
46324  12.912  -39.019  43.988 0.0000000000
162769  11.811  -40.922  45.126 0.0000000000
46285  13.933  -38.540  47.565 0.0000000000
45238  13.051  -39.290  46.799 0.0000000000
46271  13.374  -38.702  48.829 0.0000000000
45230  13.067  -39.233  47.460 0.0000000000
45239  12.624  -39.863  46.486 0.0000000000
185674  12.109  -40.528  45.657 0.0000000000
43149  11.384  -41.620  44.648 0.0000000000
170897  11.221  -42.119  44.839 0.0000000000
181664  10.487  -42.374  45.901 0.0000000000
42139  9.912  -42.220  45.795 0.0000000000
43102  10.996  -40.980  47.257 0.0000000000
43114  10.170  -41.321  46.860 0.0000000000
43126  9.804  -41.634  46.403 0.0000000000
43127  9.603  -41.175  46.341 0.0000000000
173010  9.431  -40.535  46.185 0.0000000000
57512  9.610  -30.457  45.113 0.0000000000
57530  9.700  -30.366  44.405 0.0000000000
57531  9.462  -30.020  44.720 0.0000000000
58580  9.425  -29.779  44.184 0.0000000000
158599  9.135  -29.101  44.100 0.0000000000
59589  8.712  -28.444  45.523 0.0000000000
59613  8.864  -28.516  43.734 0.0000000000
59627  8.930  -28.513  43.081 0.0000000000
60704  8.546  -27.767  42.675 0.0000000000
61756  8.132  -25.592  46.661 0.0000000000
184332  8.006  -25.843  45.971 0.0000000000
171130  7.773  -24.290  45.887 0.0000000000
62861  7.883  -25.694  45.371 0.0000000000
168652  7.955  -26.232  44.852 0.0000000000
61772  8.118  -26.730  44.315 0.0000000000
60689  8.203  -27.161  43.113 0.0000000000
60705  8.020  -27.125  42.304 0.0000000000
61827  7.404  -26.713  41.110 0.0000000000
63968  7.335  -25.167  42.904 0.0000000000
180060  7.226  -25.773  41.919 0.0000000000
61813  7.081  -25.970  41.213 0.0000000000
187990  6.912  -25.778  40.488 0.0000000000
62938  6.770  -25.270  40.010 0.0000000000
63990  6.721  -24.521  40.191 0.0000000000
170886  15.778  -33.382  47.764 0.0000000000
54461  15.745  -33.038  47.191 0.0000000000
54460  16.240  -32.569  47.174 0.0000000000
55475  16.194  -31.961  46.074 0.0000000000
57524  20.428  -30.004  44.927 0.0000000000
58509  25.070  -29.203  48.381 0.0000000000
58565  22.648  -29.167  45.638 0.0000000000
57507  21.068  -29.487  45.387 0.0000000000
57508  20.391  -29.939  45.633 0.0000000000
57492  20.072  -30.204  46.324 0.0000000000
57478  19.923  -30.161  47.351 0.0000000000
56467  19.470  -31.025  47.409 0.0000000000
56461  19.339  -31.276  48.433 0.0000000000
56456  19.275  -31.034  49.426 0.0000000000
187622  19.057  -31.396  49.698 0.0000000000
60603  19.723  -27.712  50.299 0.0000000000
58473  19.645  -28.346  50.441 0.0000000000
59539  19.133  -28.101  50.621 0.0000000000
58474  19.076  -28.729  50.791 0.0000000000
57447  19.088  -30.057  50.497 0.0000000000
56445  18.614  -30.327  50.705 0.0000000000
56446  18.412  -31.079  50.371 0.0000000000
55446  18.007  -31.608  50.244 0.0000000000
55454  17.773  -31.519  50.114 0.0000000000
55455  17.470  -32.046  49.870 0.0000000000
57456  17.295  -30.638  49.175 0.0000000000
184819  17.215  -31.400  49.331 0.0000000000
55459  17.239  -31.925  49.765 0.0000000000
187327  16.388  -32.719  48.793 0.0000000000
165875  7.216  -37.453  38.808 0.0000000000
187409  7.355  -37.131  38.597 0.0000000000
184046  7.958  -37.171  39.177 0.0000000000
49916  8.575  -36.929  39.853 0.0000000000
181644  7.993  -38.156  41.004 0.0000000000
48655  8.308  -37.749  40.934 0.0000000000
170185  9.066  -37.264  42.090 0.0000000000
48654  8.669  -37.461  41.157 0.0000000000
49903  8.913  -37.007  40.920 0.0000000000
51009  9.332  -36.637  41.625 0.0000000000
52135  10.944  -34.916  44.157 0.0000000000
52137  10.402  -35.452  44.258 0.0000000000
53350  11.129  -33.963  44.555 0.0000000000
55481  10.110  -31.440  44.916 0.0000000000
46293  9.430  -38.612  46.304 0.0000000000
47347  9.443  -38.012  46.817 0.0000000000
172228  9.433  -37.385  46.390 0.0000000000
49828  9.173  -35.961  48.458 0.0000000000
48562  9.297  -36.670  47.472 0.0000000000
48575  9.339  -36.719  46.702 0.0000000000
169427  9.361  -35.638  46.616 0.0000000000
54441  9.281  -32.323  51.121 0.0000000000
169401  8.348  -33.157  49.811 0.0000000000
181544  8.292  -33.149  49.405 0.0000000000
53325  8.429  -33.462  48.869 0.0000000000
52096  8.968  -34.278  47.571 0.0000000000
52104  9.271  -34.723  46.967 0.0000000000
52103  9.480  -34.486  46.578 0.0000000000
54472  9.917  -33.167  46.191 0.0000000000
180537  8.860  -31.939  47.542 0.0000000000
55468  9.286  -31.901  46.972 0.0000000000
186251  9.927  -32.320  46.031 0.0000000000
56486  9.730  -31.049  45.676 0.0000000000
56493  9.869  -30.921  44.970 0.0000000000
172307  8.704  -28.851  47.235 0.0000000000
172013  8.583  -28.172  47.168 0.0000000000
60636  8.465  -27.637  47.527 0.0000000000
171297  8.480  -25.765  49.053 0.0000000000
177033  9.204  -27.790  50.058 0.0000000000
61689  8.990  -26.979  49.865 0.0000000000
178382  9.351  -26.369  50.119 0.0000000000
164686  8.866  -26.081  49.626 0.0000000000
62814  8.459  -25.213  49.545 0.0000000000
54462  15.170  -33.016  46.798 0.0000000000
56488  19.387  -31.304  44.386 0.0000000000
56495  19.295  -31.548  44.028 0.0000000000
55488  19.192  -31.751  43.502 0.0000000000
173384  18.759  -32.635  43.575 0.0000000000
43190  10.343  -41.802  41.554 0.0000000000
48731  6.848  -36.824  37.491 0.0000000000
51037  9.384  -36.071  39.973 0.0000000000
52189  8.983  -35.882  39.020 0.0000000000
177678  8.286  -35.386  37.785 0.0000000000
53416  10.600  -34.642  38.614 0.0000000000
52221  8.789  -35.041  37.852 0.0000000000
52237  8.506  -35.056  37.384 0.0000000000
52249  8.064  -35.168  36.787 0.0000000000
51111  7.702  -35.442  36.181 0.0000000000
162349  9.021  -34.322  35.439 0.0000000000
53517  8.955  -33.841  32.842 0.0000000000
56497  9.929  -30.625  44.018 0.0000000000
55490  10.543  -31.260  43.228 0.0000000000
56503  10.757  -31.074  42.591 0.0000000000
57559  9.939  -30.193  42.841 0.0000000000
57574  10.828  -30.687  41.982 0.0000000000
167707  11.270  -31.227  41.997 0.0000000000
56527  12.169  -31.249  40.521 0.0000000000
171133  12.477  -31.473  39.741 0.0000000000
55527  12.647  -31.814  39.005 0.0000000000
58639  10.016  -28.661  40.485 0.0000000000
58638  10.623  -28.793  39.997 0.0000000000
57616  11.355  -29.453  39.749 0.0000000000
58662  11.212  -28.823  38.307 0.0000000000
58650  11.666  -29.387  38.797 0.0000000000
57615  12.011  -30.089  39.285 0.0000000000
56547  12.731  -30.865  38.204 0.0000000000
185539  12.663  -31.973  37.803 0.0000000000
55566  12.469  -32.314  36.417 0.0000000000
55581  12.539  -32.172  35.567 0.0000000000
54597  12.006  -32.687  35.048 0.0000000000
55598  12.710  -31.479  34.115 0.0000000000
170842  12.293  -31.912  33.998 0.0000000000
54610  11.026  -32.751  33.946 0.0000000000
54622  10.047  -32.826  32.945 0.0000000000
54623  9.343  -33.270  32.560 0.0000000000
54624  8.771  -33.492  32.142 0.0000000000
54631  8.328  -33.242  31.622 0.0000000000
54643  7.922  -32.913  31.110 0.0000000000
55646  8.222  -32.235  30.842 0.0000000000
59773  11.287  -28.297  32.883 0.0000000000
59786  11.085  -28.743  31.433 0.0000000000
58779  10.276  -29.137  30.317 0.0000000000
60860  9.766  -27.596  30.726 0.0000000000
59821  9.780  -28.336  30.030 0.0000000000
58780  9.619  -29.157  29.724 0.0000000000
58788  8.915  -29.231  29.309 0.0000000000
68330  9.864  -21.617  45.988 0.0000000000
68344  9.743  -21.530  45.260 0.0000000000
67228  8.956  -21.728  44.991 0.0000000000
166230  8.146  -21.809  44.025 0.0000000000
67242  7.733  -22.130  43.576 0.0000000000
66110  7.388  -22.418  42.805 0.0000000000
159681  8.781  -21.373  43.073 0.0000000000
67251  7.723  -21.851  42.741 0.0000000000
66119  7.188  -22.359  42.049 0.0000000000
66120  7.001  -22.974  41.695 0.0000000000
65008  6.742  -23.638  40.232 0.0000000000
187021  6.679  -24.150  39.796 0.0000000000
69534  9.449  -20.587  40.712 0.0000000000
68404  8.074  -21.024  40.355 0.0000000000
68416  8.179  -20.872  39.657 0.0000000000
68417  7.659  -21.241  39.923 0.0000000000
68406  7.262  -21.512  40.219 0.0000000000
67290  6.926  -22.291  39.442 0.0000000000
66153  6.741  -23.054  39.415 0.0000000000
167820  6.652  -24.158  38.586 0.0000000000
62970  6.558  -25.315  37.160 0.0000000000
62979  6.583  -25.523  36.314 0.0000000000
65048  6.909  -24.295  36.500 0.0000000000
64052  6.618  -24.987  36.002 0.0000000000
62988  6.608  -25.769  35.527 0.0000000000
178432  6.698  -26.346  34.155 0.0000000000
63006  6.674  -25.949  33.493 0.0000000000
63016  6.725  -25.646  32.636 0.0000000000
65046  9.334  -23.645  36.573 0.0000000000
65063  8.862  -24.147  35.938 0.0000000000
64096  7.193  -24.832  33.679 0.0000000000
63026  6.587  -25.309  31.743 0.0000000000
42146  10.297  -42.607  45.263 0.0000000000
43091  11.061  -40.396  47.609 0.0000000000
43100  11.549  -41.049  47.350 0.0000000000
43101  11.452  -40.787  47.421 0.0000000000
43112  11.078  -41.374  47.144 0.0000000000
43113  10.689  -41.517  46.988 0.0000000000
43123  11.613  -41.609  46.405 0.0000000000
43125  10.338  -41.952  46.553 0.0000000000
43138  11.049  -42.274  45.425 0.0000000000
44162  11.763  -39.544  48.603 0.0000000000
44163  11.420  -39.516  48.517 0.0000000000
44173  11.996  -39.962  48.078 0.0000000000
44182  12.343  -40.088  47.551 0.0000000000
44184  11.830  -40.548  47.548 0.0000000000
44185  10.760  -40.446  47.521 0.0000000000
44187  9.832  -40.064  47.336 0.0000000000
44194  9.995  -40.768  47.116 0.0000000000
44199  12.229  -40.475  46.179 0.0000000000
44208  11.857  -41.174  45.820 0.0000000000
45196  12.646  -38.636  49.489 0.0000000000
45197  12.231  -38.669  49.461 0.0000000000
45198  11.660  -38.685  49.489 0.0000000000
45199  11.026  -38.599  49.417 0.0000000000
45200  10.592  -38.915  48.856 0.0000000000
45203  12.158  -39.079  49.121 0.0000000000
45212  12.942  -39.005  48.776 0.0000000000
45213  12.505  -39.080  48.873 0.0000000000
45215  9.929  -38.927  48.061 0.0000000000
45222  13.185  -38.989  48.434 0.0000000000
45224  10.096  -39.644  47.755 0.0000000000
45231  12.697  -39.712  47.203 0.0000000000
45247  12.648  -39.687  45.569 0.0000000000
45356  6.473  -40.138  37.826 0.0000000000
46253  12.493  -38.024  50.271 0.0000000000
46254  12.005  -38.018  50.205 0.0000000000
46256  13.382  -38.158  50.084 0.0000000000
46257  12.799  -38.192  50.108 0.0000000000
46259  11.472  -38.231  49.922 0.0000000000
46262  13.251  -38.426  49.826 0.0000000000
46272  9.741  -38.204  48.274 0.0000000000
46286  13.473  -38.865  47.179 0.0000000000
46305  13.021  -39.259  45.429 0.0000000000
47301  13.063  -37.648  50.589 0.0000000000
47303  12.240  -37.755  50.427 0.0000000000
47304  11.724  -37.536  50.473 0.0000000000
47309  10.889  -38.071  49.949 0.0000000000
47310  10.530  -37.813  49.760 0.0000000000
47312  15.057  -37.365  50.016 0.0000000000
47314  9.913  -37.791  49.077 0.0000000000
47315  9.644  -37.166  49.011 0.0000000000
47330  9.578  -37.555  48.356 0.0000000000
48531  10.961  -37.116  50.422 0.0000000000
48534  14.537  -37.327  50.334 0.0000000000
48536  12.987  -36.946  51.093 0.0000000000
48538  9.443  -36.581  49.363 0.0000000000
48540  9.447  -36.687  48.927 0.0000000000
48545  15.840  -37.232  48.834 0.0000000000
48691  7.564  -37.429  39.107 0.0000000000
49810  10.323  -36.446  50.579 0.0000000000
49813  16.382  -35.812  50.093 0.0000000000
49819  9.271  -36.257  49.939 0.0000000000
49826  17.296  -35.720  49.189 0.0000000000
49942  7.755  -36.635  38.535 0.0000000000
49969  7.086  -36.433  37.640 0.0000000000
50910  11.508  -35.548  50.653 0.0000000000
50912  9.509  -35.274  50.769 0.0000000000
50923  8.740  -35.391  49.238 0.0000000000
50931  17.779  -35.270  47.794 0.0000000000
50952  17.725  -35.098  46.139 0.0000000000
50953  9.297  -35.208  46.888 0.0000000000
50961  17.852  -34.534  45.268 0.0000000000
50981  17.261  -34.767  44.301 0.0000000000
51057  7.925  -36.015  38.210 0.0000000000
51071  7.363  -36.121  37.739 0.0000000000
51082  7.694  -35.729  37.704 0.0000000000
51083  7.223  -36.221  37.314 0.0000000000
51095  7.239  -36.154  36.771 0.0000000000
52065  11.203  -34.646  50.750 0.0000000000
52073  12.000  -34.967  50.532 0.0000000000
52075  8.616  -34.620  50.132 0.0000000000
52095  18.318  -34.461  47.469 0.0000000000
52143  17.935  -34.251  43.869 0.0000000000
52205  8.596  -35.524  38.287 0.0000000000
52207  8.114  -35.663  38.010 0.0000000000
52238  8.206  -35.161  37.040 0.0000000000
52239  7.952  -35.419  37.307 0.0000000000
52262  8.314  -34.911  36.319 0.0000000000
52263  7.943  -35.222  36.540 0.0000000000
53302  10.786  -33.463  50.973 0.0000000000
53306  17.096  -33.635  49.864 0.0000000000
53311  8.382  -33.888  49.837 0.0000000000
53312  17.976  -33.671  49.677 0.0000000000
53313  17.525  -33.657  49.827 0.0000000000
53319  18.723  -33.156  48.853 0.0000000000
53331  13.020  -33.362  48.523 0.0000000000
53338  9.460  -33.654  46.776 0.0000000000
53430  9.701  -34.690  37.952 0.0000000000
53452  8.432  -34.912  36.900 0.0000000000
53468  10.539  -33.899  36.283 0.0000000000
53470  8.734  -34.629  36.586 0.0000000000
53531  8.319  -33.723  31.906 0.0000000000
54433  9.734  -32.883  51.130 0.0000000000
54442  18.620  -32.352  49.717 0.0000000000
54450  16.617  -32.714  49.502 0.0000000000
54599  10.392  -33.430  34.398 0.0000000000
54632  7.891  -33.361  31.339 0.0000000000
55452  18.831  -31.679  49.855 0.0000000000
55498  11.721  -31.724  41.800 0.0000000000
55551  12.843  -31.631  37.060 0.0000000000
55580  12.920  -31.546  35.334 0.0000000000
55600  11.862  -32.454  34.272 0.0000000000
55614  11.731  -32.064  33.488 0.0000000000
55629  9.729  -32.563  32.242 0.0000000000
55638  8.647  -32.671  31.349 0.0000000000
55647  7.550  -32.535  30.612 0.0000000000
56447  17.875  -30.882  50.488 0.0000000000
56452  17.639  -31.241  50.086 0.0000000000
56513  10.306  -30.523  42.529 0.0000000000
56601  12.981  -31.034  34.709 0.0000000000
56641  11.661  -31.144  32.346 0.0000000000
56653  11.718  -30.495  32.044 0.0000000000
57440  18.758  -29.502  50.928 0.0000000000
57441  18.277  -29.979  50.907 0.0000000000
57442  17.922  -30.186  50.754 0.0000000000
57576  9.736  -29.668  42.501 0.0000000000
57602  12.175  -30.713  39.859 0.0000000000
57647  12.354  -29.357  36.778 0.0000000000
57686  12.587  -29.673  33.401 0.0000000000
57720  11.966  -30.059  32.297 0.0000000000
57721  11.589  -29.798  31.787 0.0000000000
58477  10.692  -29.319  50.251 0.0000000000
58496  11.039  -29.525  49.945 0.0000000000
58526  24.960  -29.420  47.726 0.0000000000
58594  9.149  -28.998  43.511 0.0000000000
58627  10.306  -29.087  40.860 0.0000000000
58681  12.796  -29.510  36.097 0.0000000000
58715  12.365  -29.055  33.707 0.0000000000
58766  11.240  -29.331  31.445 0.0000000000
59540  18.848  -27.943  50.471 0.0000000000
59663  8.318  -27.738  39.673 0.0000000000
59674  9.896  -28.289  38.903 0.0000000000
59686  10.682  -28.381  37.835 0.0000000000
59688  9.260  -28.024  38.535 0.0000000000
59690  8.284  -27.602  38.237 0.0000000000
59705  8.182  -27.494  36.949 0.0000000000
59719  9.232  -27.777  36.799 0.0000000000
59730  10.293  -28.025  35.762 0.0000000000
59732  8.052  -27.503  35.528 0.0000000000
59743  10.015  -27.849  34.595 0.0000000000
59745  8.172  -27.586  34.617 0.0000000000
59758  11.895  -28.597  33.286 0.0000000000
59787  10.651  -28.135  31.722 0.0000000000
60588  9.770  -27.945  50.495 0.0000000000
60688  8.570  -27.869  43.417 0.0000000000
60734  7.894  -27.475  39.244 0.0000000000
60768  7.322  -27.156  35.927 0.0000000000
60782  7.257  -27.255  34.889 0.0000000000
60809  7.550  -27.335  33.732 0.0000000000
60843  10.147  -27.668  31.402 0.0000000000
60869  9.097  -27.596  29.984 0.0000000000
61688  9.672  -26.741  50.459 0.0000000000
61742  8.332  -26.168  47.226 0.0000000000
61812  7.492  -26.445  41.947 0.0000000000
61837  7.189  -26.771  39.726 0.0000000000
61947  8.214  -26.637  30.959 0.0000000000
62924  6.874  -25.119  40.848 0.0000000000
62998  6.616  -26.009  34.792 0.0000000000
63921  8.004  -24.310  48.615 0.0000000000
63943  7.782  -24.968  45.264 0.0000000000
63959  7.485  -24.466  43.931 0.0000000000
63979  7.166  -25.222  42.196 0.0000000000
64017  6.656  -24.975  38.563 0.0000000000
64111  7.301  -24.730  32.806 0.0000000000
64940  7.907  -23.965  48.080 0.0000000000
64996  6.907  -23.696  41.222 0.0000000000
65018  6.674  -23.823  39.345 0.0000000000
65024  6.776  -23.770  37.937 0.0000000000
66065  8.490  -23.254  48.234 0.0000000000
66084  8.313  -22.606  46.656 0.0000000000
66096  7.717  -22.775  44.774 0.0000000000
66130  6.872  -22.897  40.899 0.0000000000
66163  7.327  -22.380  38.241 0.0000000000
67211  9.320  -21.962  46.543 0.0000000000
67234  8.792  -21.616  44.283 0.0000000000
67235  7.891  -22.193  44.429 0.0000000000
67250  8.199  -21.460  42.527 0.0000000000
67280  6.996  -21.976  40.112 0.0000000000
68329  10.510  -21.308  46.265 0.0000000000
68369  10.188  -21.040  43.122 0.0000000000
68403  8.605  -20.985  40.862 0.0000000000
68405  7.549  -21.332  40.627 0.0000000000
68427  7.822  -21.230  39.215 0.0000000000
68450  9.917  -20.985  37.381 0.0000000000
69577  8.835  -20.532  38.537 0.0000000000
158636  12.802  -31.505  38.382 0.0000000000
159359  13.944  -37.433  50.446 0.0000000000
159542  17.672  -29.909  50.221 0.0000000000
159713  10.500  -39.869  47.896 0.0000000000
161549  11.491  -41.844  45.821 0.0000000000
162012  6.919  -22.256  40.692 0.0000000000
162139  7.409  -27.367  34.182 0.0000000000
162308  9.994  -31.616  45.540 0.0000000000
164127  8.826  -28.102  40.271 0.0000000000
165557  8.662  -34.152  48.348 0.0000000000
166207  8.644  -32.553  50.506 0.0000000000
166443  7.117  -23.393  37.480 0.0000000000
166482  11.891  -36.972  50.637 0.0000000000
167106  7.551  -27.349  35.097 0.0000000000
167732  6.953  -36.815  37.869 0.0000000000
167883  12.272  -39.448  48.475 0.0000000000
168200  8.545  -34.730  49.029 0.0000000000
169859  10.160  -37.305  49.828 0.0000000000
169891  7.751  -23.068  46.205 0.0000000000
170203  9.004  -35.940  49.496 0.0000000000
170950  9.441  -37.326  47.923 0.0000000000
171713  6.830  -26.006  37.612 0.0000000000
172467  9.249  -35.580  47.083 0.0000000000
172901  8.854  -28.908  46.151 0.0000000000
173229  9.851  -35.913  50.809 0.0000000000
173324  11.565  -39.934  48.084 0.0000000000
174629  11.223  -28.494  32.116 0.0000000000
174967  7.501  -22.914  43.521 0.0000000000
175426  12.450  -30.957  33.211 0.0000000000
176818  12.946  -29.572  34.815 0.0000000000
178478  13.236  -37.495  50.621 0.0000000000
179466  7.432  -36.760  38.358 0.0000000000
179519  12.248  -32.940  39.501 0.0000000000
180117  14.255  -37.133  50.410 0.0000000000
181652  9.180  -35.918  47.719 0.0000000000
182210  7.281  -24.711  34.353 0.0000000000
182783  9.419  -20.875  37.633 0.0000000000
182944  7.521  -27.111  33.119 0.0000000000
183045  16.741  -33.604  49.685 0.0000000000
183959  11.222  -37.575  50.308 0.0000000000
184062  6.946  -23.555  37.639 0.0000000000
184327  6.829  -26.887  34.877 0.0000000000
185108  18.233  -34.436  46.206 0.0000000000
185125  10.134  -37.696  49.457 0.0000000000
185300  8.274  -27.529  35.828 0.0000000000
186250  7.367  -27.247  35.335 0.0000000000
186522  12.824  -30.111  33.750 0.0000000000
186724  16.591  -32.035  47.753 0.0000000000
186941  9.414  -35.399  46.519 0.0000000000
187927  7.766  -37.739  40.165 0.0000000000
188242  7.070  -37.040  38.166 0.0000000000
188584  12.918  -38.152  50.400 0.0000000000
188792  8.226  -35.371  37.632 0.0000000000
189766  7.455  -21.983  42.241 0.0000000000
190017  12.996  -39.213  48.281 0.0000000000
190332  7.631  -27.104  40.985 0.0000000000
190455  8.525  -31.838  48.508 0.0000000000
190573  7.800  -27.144  32.881 0.0000000000
190772  18.066  -34.889  48.772 0.0000000000
190968  11.311  -30.893  31.899 0.0000000000
191562  6.931  -26.967  34.157 0.0000000000
