#!ascii label  , from subject sub-v2s13x29115_ses-1 vox2ras=TkReg
1031
72559  -22.588  -13.182  -34.931 0.5555555820
72571  -23.015  -13.035  -35.436 0.6666666865
73542  -23.678  -12.496  -36.250 0.7777777910
73560  -24.240  -12.310  -36.623 0.7777777910
74601  -24.600  -11.191  -37.607 0.8888888955
75583  -26.195  -10.426  -37.538 0.8888888955
71469  -22.230  -13.852  -34.021 0.5555555820
73529  -22.080  -12.571  -34.533 0.5555555820
74566  -22.459  -11.881  -35.743 0.6666666865
74583  -22.864  -11.527  -36.377 0.8888888955
73561  -24.979  -12.268  -36.730 0.8888888955
74602  -25.378  -11.243  -37.635 0.8888888955
75588  -26.051  -10.063  -38.265 1.0000000000
76526  -26.656  -9.808  -37.005 0.8888888955
77437  -26.551  -8.868  -38.145 1.0000000000
74565  -22.020  -11.356  -35.350 0.7777777910
75558  -22.267  -10.389  -36.431 1.0000000000
76546  -22.342  -8.969  -37.048 1.0000000000
76548  -23.532  -9.750  -37.836 1.0000000000
151561  -23.723  -8.746  -38.504 1.0000000000
76547  -22.808  -9.320  -37.469 1.0000000000
77448  -25.203  -9.155  -38.969 1.0000000000
77446  -23.152  -8.303  -38.245 1.0000000000
77457  -24.785  -8.407  -39.256 1.0000000000
77458  -25.689  -8.541  -39.215 1.0000000000
78345  -26.326  -7.777  -38.818 1.0000000000
78352  -25.298  -7.801  -39.421 1.0000000000
78353  -26.053  -7.876  -39.162 1.0000000000
79279  -26.568  -7.057  -38.416 1.0000000000
161111  -26.388  -6.104  -38.779 1.0000000000
147060  -26.558  -5.751  -38.479 0.7777777910
78319  -21.674  -7.674  -36.550 0.8888888955
77435  -22.606  -8.473  -37.532 1.0000000000
78350  -23.623  -7.523  -39.039 1.0000000000
78332  -22.642  -7.692  -37.874 1.0000000000
79278  -23.145  -7.042  -38.723 1.0000000000
138260  -24.463  -6.300  -39.468 1.0000000000
137610  -25.356  -6.329  -39.375 1.0000000000
80268  -26.059  -5.584  -38.964 1.0000000000
81240  -26.782  -5.214  -37.854 0.8888888955
141747  -26.273  -5.039  -38.522 1.0000000000
82145  -26.824  -4.433  -37.278 0.7777777910
80233  -21.273  -6.400  -36.378 0.5555555820
148755  -21.830  -4.631  -37.607 0.7777777910
80254  -22.174  -6.034  -37.812 0.8888888955
140402  -23.723  -6.177  -39.211 1.0000000000
79285  -23.876  -6.928  -39.327 1.0000000000
81250  -22.771  -5.086  -38.601 0.8888888955
80265  -24.070  -5.480  -39.283 1.0000000000
80266  -24.967  -5.664  -39.593 1.0000000000
81261  -25.826  -4.633  -39.153 1.0000000000
82162  -26.135  -4.150  -38.828 0.8888888955
82179  -25.937  -3.817  -39.796 1.0000000000
140118  -26.414  -3.587  -38.273 0.8888888955
84003  -26.815  -2.230  -36.949 0.7777777910
83987  -27.281  -2.568  -36.275 0.6666666865
84983  -27.214  -1.755  -36.289 0.6666666865
82129  -20.501  -4.346  -35.647 0.4444444478
81239  -21.321  -4.770  -36.960 0.7777777910
83050  -21.459  -3.292  -37.596 0.6666666865
82176  -22.963  -3.616  -39.121 0.7777777910
82161  -22.897  -4.314  -38.854 0.8888888955
82177  -23.566  -4.126  -39.632 0.8888888955
81268  -25.281  -4.351  -40.085 1.0000000000
82200  -24.520  -3.472  -40.721 1.0000000000
82201  -25.098  -3.442  -40.766 1.0000000000
83074  -26.147  -3.287  -39.335 1.0000000000
84031  -25.888  -2.377  -39.069 0.8888888955
157526  -26.457  -2.328  -37.692 0.7777777910
83974  -27.561  -2.153  -35.671 0.5555555820
85002  -26.811  -1.319  -36.901 0.7777777910
138720  -27.154  -0.922  -36.271 0.6666666865
84014  -21.607  -2.539  -37.902 0.6666666865
148783  -21.140  -2.657  -37.185 0.6666666865
83070  -22.489  -3.136  -38.656 0.7777777910
143187  -22.102  -2.695  -38.390 0.7777777910
83071  -23.076  -3.012  -39.098 0.8888888955
83090  -24.184  -3.303  -40.452 0.8888888955
83072  -23.848  -2.781  -39.452 1.0000000000
84045  -25.002  -2.371  -40.144 1.0000000000
84046  -25.249  -2.413  -40.136 1.0000000000
83073  -25.681  -2.790  -39.923 0.8888888955
85020  -26.155  -1.192  -38.382 0.8888888955
85001  -26.480  -0.847  -37.616 0.8888888955
84002  -26.464  -1.646  -37.595 0.7777777910
86019  -25.825  -0.761  -39.358 0.8888888955
86005  -26.171  -0.442  -38.436 0.7777777910
85996  -26.407  -0.034  -37.646 0.7777777910
84982  -26.767  -0.473  -36.896 0.7777777910
85990  -27.173  -0.102  -36.279 0.6666666865
84001  -21.251  -2.060  -37.455 0.6666666865
83986  -20.869  -1.905  -36.739 0.5555555820
84015  -22.046  -2.104  -38.364 0.7777777910
136094  -22.599  -1.775  -38.821 0.8888888955
84029  -23.807  -2.143  -39.565 0.8888888955
85041  -24.104  -1.594  -39.974 1.0000000000
85042  -24.699  -1.356  -40.274 1.0000000000
85031  -25.325  -1.089  -40.309 1.0000000000
85032  -25.705  -1.563  -39.103 0.8888888955
139865  -26.383  0.858  -37.810 0.7777777910
87015  -27.285  0.690  -36.268 0.6666666865
87016  -27.664  0.904  -35.724 0.5555555820
85019  -22.007  -1.366  -38.402 0.7777777910
154034  -21.521  -1.005  -37.874 0.6666666865
86026  -24.130  -0.916  -40.549 1.0000000000
86027  -25.045  -0.545  -41.109 1.0000000000
86018  -25.472  -0.134  -40.254 0.8888888955
151529  -25.852  -0.096  -39.164 0.8888888955
88065  -25.748  1.192  -39.354 0.8888888955
87024  -26.110  0.286  -38.499 0.8888888955
88040  -26.499  1.749  -37.735 0.7777777910
89095  -27.024  2.152  -37.091 0.7777777910
88034  -27.515  1.436  -36.110 0.5555555820
89094  -26.631  2.507  -37.783 0.7777777910
89088  -27.475  2.539  -36.545 0.5555555820
89089  -27.825  2.204  -35.962 0.5555555820
90092  -27.130  2.872  -37.115 0.6666666865
87020  -21.279  0.497  -37.022 0.4444444478
86003  -21.438  -0.121  -37.656 0.5555555820
87035  -23.139  0.144  -39.401 0.7777777910
86017  -24.037  -0.139  -40.147 1.0000000000
86016  -23.279  -0.626  -39.565 0.8888888955
87050  -24.740  0.348  -40.850 1.0000000000
87052  -25.164  0.235  -41.417 0.8888888955
88064  -25.401  1.558  -40.003 0.8888888955
87037  -25.443  0.768  -40.311 0.8888888955
88051  -26.087  1.459  -38.520 0.8888888955
90083  -27.581  3.201  -36.505 0.5555555820
88050  -22.767  1.971  -38.823 0.6666666865
88062  -22.612  1.281  -38.762 0.6666666865
89123  -24.472  2.000  -39.956 0.7777777910
88075  -24.971  1.522  -40.398 0.8888888955
89125  -25.175  1.915  -40.168 0.7777777910
161964  -25.536  2.833  -39.639 0.7777777910
89116  -25.774  1.874  -39.185 0.8888888955
90111  -25.826  3.020  -39.424 0.7777777910
156646  -25.980  2.470  -39.108 0.7777777910
142786  -26.314  2.917  -38.642 0.6666666865
161688  -26.027  4.100  -39.595 0.6666666865
161147  -26.654  4.580  -37.897 0.6666666865
91042  -26.687  3.960  -37.779 0.6666666865
90091  -26.697  3.233  -37.752 0.5555555820
92008  -26.448  4.999  -38.448 0.6666666865
91999  -26.934  5.142  -37.663 0.5555555820
91043  -27.071  4.496  -37.260 0.5555555820
158100  -27.715  3.799  -36.411 0.4444444478
90089  -22.976  3.669  -38.024 0.3333333433
160577  -23.133  3.720  -38.341 0.3333333433
90102  -23.384  3.309  -38.800 0.5555555820
90110  -24.085  2.722  -39.404 0.6666666865
138438  -24.067  3.460  -39.316 0.5555555820
90120  -25.184  3.311  -39.932 0.7777777910
91072  -25.335  4.051  -40.094 0.6666666865
90121  -25.459  3.296  -39.760 0.6666666865
91060  -25.704  3.780  -39.737 0.6666666865
92019  -26.108  4.698  -39.487 0.6666666865
92952  -26.137  5.481  -39.162 0.6666666865
92009  -26.760  5.671  -38.315 0.6666666865
140412  -27.407  5.790  -37.583 0.5555555820
93907  -27.781  6.343  -37.538 0.5555555820
93916  -27.320  6.413  -38.309 0.6666666865
161102  -23.340  4.229  -38.314 0.4444444478
91997  -23.260  3.972  -37.379 0.4444444478
92017  -23.664  4.743  -38.764 0.5555555820
91050  -23.691  4.043  -38.933 0.5555555820
92027  -24.976  4.497  -40.306 0.6666666865
91071  -25.043  3.867  -40.027 0.6666666865
92028  -25.273  4.752  -40.537 0.6666666865
92018  -25.572  4.470  -40.223 0.6666666865
92964  -25.698  5.171  -40.236 0.6666666865
93930  -27.032  6.832  -39.316 0.6666666865
94902  -27.579  7.069  -38.610 0.5555555820
93917  -27.905  6.909  -37.889 0.6666666865
92951  -23.735  5.225  -38.698 0.4444444478
150483  -25.090  5.118  -40.818 0.6666666865
149700  -25.235  5.095  -40.852 0.6666666865
92966  -26.566  6.124  -39.177 0.6666666865
74584  -23.485  -11.220  -37.007 0.8888888955
74582  -22.212  -11.056  -36.007 1.0000000000
75559  -22.852  -10.458  -36.993 1.0000000000
76549  -24.533  -10.276  -38.075 1.0000000000
76561  -26.205  -9.375  -38.597 1.0000000000
83040  -21.046  -3.395  -36.845 0.5555555820
84030  -25.337  -1.955  -39.643 0.8888888955
85000  -21.193  -1.421  -37.356 0.5555555820
85995  -21.622  0.829  -37.544 0.5555555820
85029  -22.543  -0.981  -38.982 0.7777777910
156598  -24.765  -0.330  -41.016 1.0000000000
150818  -26.011  0.869  -38.686 0.8888888955
151579  -21.372  1.479  -35.635 0.2222222239
143832  -27.239  3.692  -37.050 0.6666666865
143626  -25.284  2.700  -39.844 0.7777777910
91036  -27.604  4.371  -36.631 0.4444444478
92026  -24.216  4.634  -39.547 0.6666666865
92963  -24.645  5.850  -40.462 0.6666666865
149790  -20.716  -2.725  -36.371 0.4444444478
93908  -28.234  6.657  -37.058 0.5555555820
91988  -23.676  4.436  -37.320 0.2222222239
92007  -23.458  4.499  -38.375 0.3333333433
94903  -28.019  7.665  -38.330 0.5555555820
71459  -22.605  -14.451  -34.076 0.5555555820
70444  -23.298  -14.650  -34.484 0.5555555820
71485  -23.303  -13.613  -35.261 0.6666666865
72572  -23.732  -13.159  -35.788 0.5555555820
72573  -24.554  -13.360  -35.766 0.5555555820
74587  -26.323  -11.190  -36.413 0.7777777910
74604  -26.106  -10.985  -37.056 0.8888888955
71458  -22.042  -14.206  -33.556 0.5555555820
72588  -24.417  -12.788  -36.243 0.6666666865
74586  -25.667  -11.613  -36.962 0.8888888955
75560  -26.493  -10.505  -36.675 0.7777777910
77438  -26.839  -8.263  -37.415 0.8888888955
71444  -21.645  -13.920  -32.923 0.4444444478
74539  -21.686  -11.759  -33.905 0.5555555820
78333  -26.579  -7.984  -38.264 1.0000000000
75536  -21.457  -10.398  -34.617 0.2222222239
75545  -21.947  -10.397  -35.852 0.6666666865
142208  -27.096  -6.521  -37.219 0.8888888955
80246  -27.128  -5.970  -37.361 0.6666666865
137974  -27.156  -4.963  -36.985 0.7777777910
82131  -27.205  -4.173  -36.442 0.6666666865
77404  -21.476  -8.870  -35.825 0.5555555820
145692  -27.460  -3.747  -35.830 0.6666666865
78301  -20.816  -7.271  -35.290 0.4444444478
83029  -27.614  -3.018  -35.633 0.5555555820
84966  -27.874  -1.747  -35.123 0.5555555820
81209  -20.343  -5.025  -35.148 0.2222222239
84965  -27.502  -1.340  -35.682 0.5555555820
83039  -20.592  -3.502  -35.998 0.4444444478
87002  -27.588  0.251  -35.734 0.5555555820
84946  -20.099  -1.654  -34.942 0.3333333433
137896  -28.019  0.668  -35.296 0.5555555820
85987  -21.074  -0.214  -36.858 0.4444444478
89080  -28.343  2.213  -35.496 0.4444444478
90084  -28.264  2.800  -35.688 0.5555555820
91037  -28.123  4.216  -36.152 0.4444444478
90088  -22.284  2.892  -37.684 0.3333333433
90100  -22.093  2.770  -37.632 0.3333333433
89103  -22.327  2.528  -38.126 0.4444444478
91991  -27.634  5.131  -36.958 0.4444444478
92945  -28.003  5.877  -37.001 0.4444444478
94895  -28.239  7.345  -37.490 0.2222222239
92962  -23.988  5.420  -39.365 0.6666666865
92978  -25.279  5.936  -41.079 0.6666666865
155861  -25.404  5.625  -40.903 0.6666666865
93929  -26.374  6.530  -40.333 0.6666666865
93939  -26.769  7.271  -40.378 0.6666666865
94909  -27.501  7.503  -39.337 0.6666666865
95844  -28.468  8.135  -37.380 0.3333333433
72558  -22.152  -13.285  -34.253 0.5555555820
71470  -22.806  -13.908  -34.597 0.5555555820
71486  -24.063  -13.813  -35.416 0.6666666865
73541  -23.033  -12.558  -35.815 0.6666666865
158258  -23.085  -12.095  -36.192 0.7777777910
73559  -23.602  -11.942  -36.626 0.8888888955
135857  -24.379  -11.854  -37.058 0.8888888955
75580  -23.643  -10.484  -37.499 1.0000000000
74585  -25.070  -11.742  -37.326 0.8888888955
74603  -25.812  -10.999  -37.451 0.8888888955
72535  -21.801  -13.407  -33.465 0.4444444478
73518  -21.782  -12.625  -33.684 0.5555555820
73530  -22.474  -12.539  -35.267 0.6666666865
73540  -22.036  -11.891  -34.936 0.5555555820
75582  -25.717  -10.667  -37.908 1.0000000000
76550  -26.416  -9.633  -37.880 1.0000000000
75587  -25.440  -10.272  -38.325 1.0000000000
76560  -25.787  -9.664  -38.688 1.0000000000
76551  -26.809  -9.085  -37.294 1.0000000000
77450  -26.253  -8.573  -38.861 1.0000000000
74555  -21.708  -11.154  -34.633 0.5555555820
75537  -21.808  -10.745  -35.316 0.6666666865
149693  -22.676  -10.937  -36.589 1.0000000000
76505  -21.863  -9.688  -36.025 0.8888888955
76525  -22.383  -9.698  -36.873 0.8888888955
147961  -21.948  -8.979  -36.482 0.8888888955
77434  -22.054  -8.332  -36.833 1.0000000000
77436  -23.265  -9.017  -38.045 1.0000000000
76558  -24.214  -9.385  -38.433 1.0000000000
77449  -25.957  -9.135  -38.994 1.0000000000
78344  -23.140  -7.659  -38.510 1.0000000000
78334  -26.883  -7.254  -37.494 0.8888888955
146014  -26.274  -7.268  -38.932 1.0000000000
79286  -24.837  -7.070  -39.559 1.0000000000
79287  -25.819  -7.028  -39.247 1.0000000000
80256  -26.644  -6.252  -38.482 1.0000000000
79266  -26.889  -6.422  -37.906 0.8888888955
147275  -27.098  -5.493  -37.451 0.7777777910
78331  -22.136  -7.676  -37.217 1.0000000000
79256  -21.280  -7.101  -36.151 0.5555555820
77423  -21.587  -8.278  -36.231 0.6666666865
78318  -21.296  -7.689  -35.988 0.5555555820
79265  -22.733  -7.165  -38.186 1.0000000000
79276  -22.224  -6.904  -37.623 0.8888888955
79284  -23.169  -6.380  -38.869 1.0000000000
80267  -25.637  -5.645  -39.403 1.0000000000
81260  -25.550  -4.954  -39.547 1.0000000000
138912  -26.592  -3.859  -37.546 0.8888888955
83052  -26.810  -3.652  -36.894 0.7777777910
83041  -27.215  -3.342  -36.282 0.6666666865
80218  -20.841  -5.955  -35.776 0.5555555820
146275  -20.945  -6.604  -35.728 0.5555555820
80244  -21.218  -5.541  -36.528 0.6666666865
79257  -21.704  -6.992  -36.848 0.7777777910
80234  -21.715  -6.212  -37.097 0.7777777910
80245  -21.756  -5.402  -37.331 0.7777777910
82142  -21.381  -4.028  -37.283 0.6666666865
154897  -22.339  -4.479  -38.225 0.8888888955
145640  -22.233  -5.243  -38.006 0.8888888955
79277  -22.656  -6.558  -38.272 0.8888888955
80255  -22.678  -5.832  -38.421 1.0000000000
81257  -23.374  -4.921  -39.135 0.8888888955
81259  -24.594  -4.968  -39.751 1.0000000000
83061  -26.301  -2.771  -38.344 0.8888888955
83051  -26.596  -3.058  -37.452 0.7777777910
150328  -26.920  -2.960  -36.730 0.7777777910
82130  -20.960  -4.150  -36.519 0.5555555820
83025  -20.153  -3.539  -35.126 0.3333333433
81225  -20.925  -4.815  -36.300 0.4444444478
83060  -21.973  -3.215  -38.159 0.6666666865
82189  -23.575  -3.492  -39.836 0.8888888955
82191  -24.793  -3.924  -40.559 1.0000000000
83091  -24.839  -3.084  -40.563 1.0000000000
84016  -26.119  -1.968  -38.296 0.7777777910
85976  -27.514  -0.533  -35.711 0.5555555820
84027  -22.520  -2.513  -38.756 0.8888888955
85043  -24.959  -1.624  -40.044 1.0000000000
85989  -26.774  0.380  -36.929 0.7777777910
83985  -20.390  -2.054  -35.898 0.4444444478
85030  -23.363  -1.445  -39.508 0.8888888955
152576  -25.135  -0.926  -40.868 1.0000000000
86028  -25.107  -0.453  -41.337 0.8888888955
88041  -26.966  1.321  -36.913 0.6666666865
88021  -28.087  1.504  -35.492 0.5555555820
156963  -21.204  -0.755  -37.301 0.5555555820
86004  -21.937  -0.573  -38.413 0.6666666865
87038  -25.783  0.503  -39.373 0.8888888955
88033  -27.362  1.943  -36.513 0.6666666865
89105  -26.218  2.167  -38.504 0.8888888955
161220  -27.851  2.846  -36.119 0.5555555820
87023  -21.939  0.267  -38.318 0.5555555820
87036  -23.771  0.642  -39.851 0.7777777910
87034  -22.486  0.551  -38.826 0.7777777910
88076  -25.133  0.979  -40.743 0.8888888955
149793  -24.984  0.856  -40.828 0.7777777910
141881  -28.096  3.480  -35.951 0.5555555820
88049  -22.206  1.889  -38.156 0.5555555820
89104  -23.071  2.628  -38.791 0.4444444478
89114  -23.636  1.999  -39.462 0.6666666865
88063  -23.322  1.343  -39.398 0.7777777910
140774  -22.060  1.166  -38.074 0.6666666865
89124  -24.953  2.459  -39.934 0.7777777910
88074  -24.311  1.283  -40.207 0.7777777910
89115  -25.526  2.350  -39.633 0.7777777910
91061  -26.145  3.578  -39.167 0.6666666865
91051  -26.438  3.566  -38.400 0.6666666865
145392  -26.358  4.210  -38.672 0.6666666865
91992  -28.056  4.778  -36.397 0.4444444478
90101  -22.655  3.139  -38.100 0.4444444478
90119  -24.743  3.296  -39.774 0.6666666865
92977  -24.613  5.075  -40.219 0.6666666865
92965  -26.014  5.909  -40.094 0.6666666865
146016  -20.487  -0.884  -36.033 0.4444444478
153591  -21.726  1.525  -37.400 0.3333333433
149619  -20.299  -2.818  -35.507 0.4444444478
84960  -20.245  -1.357  -35.490 0.4444444478
94886  -28.551  7.434  -36.804 0.3333333433
95854  -28.249  8.570  -38.257 0.3333333433
70435  -22.351  -14.900  -33.621 0.5555555820
81210  -20.695  -5.225  -35.769 0.3333333433
161198  -20.469  -5.665  -35.258 0.3333333433
80217  -20.229  -5.828  -34.806 0.1111111119
141160  -20.151  -4.107  -34.902 0.1111111119
83969  -20.126  -2.159  -35.107 0.4444444478
85986  -20.748  -0.331  -36.213 0.3333333433
89102  -21.947  2.411  -37.573 0.3333333433
94910  -27.885  8.262  -39.269 0.4444444478
142522  -26.212  -14.181  -32.907 0.4444444478
71430  -27.318  -13.831  -32.035 0.2222222239
70437  -23.755  -15.132  -34.219 0.4444444478
70438  -24.511  -14.868  -34.217 0.4444444478
70445  -23.952  -14.701  -34.629 0.4444444478
71472  -24.446  -14.303  -34.926 0.4444444478
71473  -25.651  -13.746  -34.321 0.4444444478
72548  -26.589  -12.849  -34.098 0.4444444478
72536  -27.532  -12.706  -33.010 0.2222222239
71488  -25.142  -13.396  -35.450 0.4444444478
72560  -25.620  -13.315  -34.905 0.4444444478
72561  -26.160  -12.728  -34.912 0.4444444478
73520  -27.937  -11.940  -33.242 0.1111111119
74525  -28.549  -11.665  -32.762 0.1111111119
73532  -27.293  -11.708  -34.329 0.3333333433
72574  -25.591  -12.953  -35.411 0.4444444478
73531  -26.792  -12.180  -34.542 0.3333333433
74557  -27.455  -11.069  -34.435 0.3333333433
74541  -28.261  -11.169  -33.366 0.2222222239
73543  -26.433  -12.023  -35.294 0.4444444478
74556  -26.994  -11.529  -34.901 0.3333333433
72589  -25.190  -12.834  -36.005 0.5555555820
72575  -25.840  -12.443  -35.688 0.4444444478
75538  -27.670  -10.279  -34.573 0.2222222239
75539  -28.152  -10.138  -34.012 0.1111111119
76482  -28.764  -9.269  -33.381 0.1111111119
74568  -27.140  -10.820  -35.120 0.3333333433
75547  -27.308  -10.111  -35.386 0.3333333433
75561  -26.974  -9.949  -36.170 0.4444444478
76527  -27.091  -9.255  -36.454 0.5555555820
77405  -27.330  -8.649  -35.873 0.6666666865
78294  -27.754  -8.218  -34.771 0.4444444478
159680  -27.211  -8.234  -36.188 0.6666666865
79229  -28.078  -6.602  -34.678 0.3333333433
78320  -27.118  -7.767  -36.559 0.6666666865
79241  -27.459  -6.516  -35.900 0.5555555820
79258  -27.208  -6.902  -36.607 0.6666666865
80219  -27.521  -5.757  -35.951 0.5555555820
81213  -27.831  -5.403  -35.261 0.5555555820
80220  -27.724  -6.168  -35.244 0.4444444478
82122  -27.929  -4.655  -35.135 0.3333333433
80235  -27.296  -6.180  -36.633 0.5555555820
155095  -27.749  -3.614  -35.343 0.4444444478
138800  -27.673  -4.167  -35.502 0.4444444478
83975  -27.945  -2.513  -35.126 0.4444444478
92979  -25.672  6.281  -41.081 0.5555555820
93937  -25.475  6.820  -41.489 0.5555555820
93938  -26.035  6.869  -41.291 0.5555555820
94920  -26.252  7.295  -41.169 0.5555555820
95873  -27.555  8.510  -40.011 0.5555555820
71445  -25.508  -14.721  -33.147 0.4444444478
71446  -27.165  -13.390  -32.716 0.2222222239
71471  -23.674  -14.253  -34.973 0.4444444478
74540  -27.704  -11.466  -33.848 0.2222222239
74558  -27.915  -10.714  -33.912 0.2222222239
75522  -28.529  -10.408  -33.480 0.1111111119
76495  -27.680  -9.542  -34.928 0.4444444478
77395  -27.945  -8.934  -34.529 0.3333333433
76506  -27.369  -9.406  -35.654 0.4444444478
144640  -27.325  -7.961  -35.798 0.6666666865
78302  -27.597  -7.648  -35.219 0.4444444478
83030  -28.032  -3.963  -34.977 0.3333333433
149940  -28.061  -3.218  -34.960 0.4444444478
84949  -27.882  -0.929  -35.168 0.4444444478
93944  -25.743  7.084  -41.545 0.5555555820
94926  -25.629  7.361  -41.337 0.5555555820
71487  -24.657  -13.775  -35.335 0.4444444478
78295  -28.084  -7.435  -34.582 0.2222222239
95863  -27.343  7.957  -40.121 0.5555555820
69325  -24.832  -15.928  -32.334 0.4444444478
69344  -25.216  -15.318  -32.734 0.4444444478
70410  -25.899  -14.882  -32.397 0.4444444478
70411  -26.624  -14.442  -32.041 0.2222222239
70412  -27.170  -14.367  -31.551 0.2222222239
70398  -27.741  -14.091  -31.372 0.1111111119
69356  -22.785  -15.512  -33.539 0.4444444478
139771  -23.932  -15.844  -33.338 0.4444444478
72523  -27.761  -13.116  -32.339 0.1111111119
73506  -28.186  -12.410  -32.610 0.1111111119
71431  -28.060  -13.507  -31.722 0.1111111119
74526  -29.271  -11.536  -32.327 0.1111111119
75509  -29.183  -10.308  -33.059 0.1111111119
77368  -29.303  -8.848  -33.028 0.1111111119
77388  -28.689  -8.383  -33.475 0.1111111119
78285  -28.500  -7.606  -33.874 0.2222222239
80209  -28.095  -5.899  -34.684 0.1111111119
79221  -28.446  -6.904  -34.131 0.2222222239
82108  -28.306  -4.454  -34.529 0.2222222239
83014  -28.390  -3.721  -34.467 0.2222222239
84950  -28.272  -1.320  -34.626 0.3333333433
85958  -28.321  -0.497  -34.712 0.3333333433
85977  -27.958  -0.122  -35.239 0.4444444478
86986  -28.392  0.314  -34.775 0.3333333433
161221  -21.895  1.847  -37.618 0.4444444478
92938  -28.298  5.339  -36.440 0.3333333433
145021  -23.832  5.916  -38.869 0.4444444478
93936  -24.970  6.838  -41.229 0.5555555820
94921  -26.711  7.801  -40.710 0.5555555820
95889  -27.147  8.422  -40.527 0.5555555820
158927  -24.866  7.380  -40.811 0.5555555820
70436  -23.030  -15.113  -34.035 0.4444444478
73562  -25.549  -12.223  -36.336 0.5555555820
73563  -26.101  -11.835  -36.097 0.5555555820
75546  -26.787  -10.641  -35.872 0.6666666865
77424  -27.081  -8.561  -36.640 0.6666666865
81226  -27.340  -5.514  -36.759 0.5555555820
156945  -27.514  -4.852  -35.986 0.5555555820
160302  -27.460  -4.229  -35.928 0.4444444478
93897  -28.490  6.037  -36.432 0.3333333433
74567  -26.628  -11.340  -35.615 0.3333333433
71461  -25.647  -14.181  -33.675 0.4444444478
156095  -26.676  -13.628  -33.027 0.4444444478
71462  -26.286  -13.579  -33.685 0.4444444478
152983  -26.793  -13.893  -32.532 0.3333333433
69357  -23.511  -15.593  -33.762 0.4444444478
69358  -24.213  -15.448  -33.748 0.4444444478
70426  -24.850  -15.117  -33.455 0.4444444478
70439  -25.142  -14.660  -33.783 0.4444444478
142209  -25.110  -13.843  -34.927 0.4444444478
71460  -25.095  -14.296  -34.339 0.4444444478
71474  -26.076  -13.244  -34.380 0.4444444478
72549  -26.910  -13.073  -33.368 0.4444444478
73519  -27.264  -12.279  -33.780 0.4444444478
73493  -28.779  -12.192  -32.195 0.1111111119
76496  -28.086  -9.629  -34.313 0.2222222239
149775  -28.348  -9.046  -33.925 0.1111111119
76481  -28.480  -9.748  -33.763 0.1111111119
77394  -27.609  -8.842  -35.156 0.4444444478
148655  -27.493  -8.250  -35.327 0.4444444478
77387  -28.200  -8.270  -34.168 0.3333333433
161951  -28.352  -6.317  -34.263 0.1111111119
78303  -27.720  -6.919  -35.225 0.4444444478
135775  -27.383  -7.262  -35.861 0.5555555820
81200  -28.191  -5.188  -34.614 0.3333333433
160313  -28.203  -2.725  -34.782 0.4444444478
75523  -28.844  -9.892  -33.337 0.1111111119
94919  -25.131  7.404  -41.291 0.5555555820
69343  -24.531  -15.685  -33.085 0.4444444478
69327  -26.202  -15.142  -31.657 0.4444444478
70397  -26.822  -14.867  -31.321 0.2222222239
69342  -23.267  -16.054  -33.199 0.4444444478
69341  -22.532  -15.819  -33.105 0.4444444478
72524  -28.430  -12.870  -32.006 0.1111111119
75508  -28.909  -10.961  -32.953 0.1111111119
62943  -24.978  -21.339  -28.887 0.1111111119
65055  -22.763  -19.870  -30.181 0.3333333433
148613  -23.962  -19.973  -29.266 0.2222222239
137549  -25.110  -20.645  -28.880 0.2222222239
64029  -25.917  -20.339  -28.691 0.1111111119
66005  -21.677  -18.347  -31.035 0.3333333433
65054  -21.584  -19.117  -30.811 0.3333333433
148921  -21.902  -19.895  -30.615 0.3333333433
65988  -23.858  -18.718  -29.897 0.3333333433
65046  -24.558  -19.355  -28.951 0.2222222239
65989  -24.494  -18.225  -29.558 0.2222222239
64028  -25.132  -19.807  -28.617 0.2222222239
156013  -25.760  -19.314  -28.460 0.1111111119
65026  -25.107  -19.121  -28.576 0.2222222239
68162  -20.924  -16.350  -31.203 0.2222222239
147123  -21.127  -17.131  -31.145 0.2222222239
67040  -21.047  -17.697  -30.843 0.2222222239
136949  -22.379  -18.286  -31.406 0.3333333433
66007  -22.806  -18.635  -30.994 0.3333333433
65987  -23.133  -19.074  -30.410 0.3333333433
65974  -24.885  -18.540  -28.895 0.1111111119
68178  -21.469  -16.221  -31.895 0.2222222239
68163  -21.727  -17.008  -31.703 0.3333333433
149685  -21.897  -16.118  -32.371 0.3333333433
67071  -22.542  -17.168  -32.073 0.3333333433
68196  -22.590  -16.295  -32.713 0.3333333433
68180  -22.941  -16.870  -32.372 0.3333333433
67051  -22.487  -17.694  -31.790 0.3333333433
67072  -23.142  -17.359  -31.964 0.3333333433
67074  -24.411  -17.124  -31.135 0.3333333433
67073  -23.769  -17.273  -31.617 0.3333333433
67054  -24.452  -17.493  -30.573 0.3333333433
153721  -24.911  -16.654  -31.206 0.3333333433
68164  -25.052  -17.043  -30.531 0.3333333433
67043  -25.372  -17.259  -29.699 0.1111111119
68150  -25.812  -16.638  -30.102 0.2222222239
70408  -21.295  -14.975  -31.969 0.2222222239
69324  -21.495  -15.633  -32.211 0.2222222239
69340  -21.986  -15.739  -32.724 0.3333333433
68181  -23.634  -16.870  -32.262 0.3333333433
144181  -24.029  -16.284  -32.744 0.3333333433
68182  -24.411  -16.634  -31.873 0.3333333433
68165  -25.495  -16.374  -30.890 0.3333333433
70409  -21.615  -15.146  -32.638 0.3333333433
68183  -25.174  -16.127  -31.584 0.3333333433
69326  -25.548  -15.524  -31.990 0.3333333433
149620  -28.465  -2.956  -34.400 0.2222222239
83960  -28.287  -2.196  -34.595 0.2222222239
88010  -28.709  1.909  -35.087 0.3333333433
147523  -28.502  1.132  -34.877 0.2222222239
65056  -23.501  -19.486  -29.784 0.3333333433
149976  -24.613  -20.134  -28.927 0.2222222239
65949  -25.413  -18.685  -28.516 0.1111111119
67052  -23.179  -17.957  -31.413 0.3333333433
67053  -23.904  -17.703  -30.966 0.3333333433
67041  -24.134  -17.990  -30.252 0.3333333433
67042  -24.755  -17.624  -29.957 0.3333333433
68179  -22.174  -16.641  -32.216 0.3333333433
69310  -25.831  -15.751  -31.272 0.3333333433
62942  -24.464  -21.758  -28.836 0.1111111119
61840  -25.261  -22.047  -28.715 0.1111111119
65053  -20.997  -19.748  -30.357 0.3333333433
64056  -22.128  -20.613  -30.316 0.3333333433
64057  -22.833  -20.640  -29.797 0.3333333433
64045  -23.500  -20.718  -29.358 0.3333333433
64046  -24.309  -20.875  -29.028 0.3333333433
60827  -25.755  -22.687  -28.398 0.1111111119
62945  -26.474  -21.110  -28.712 0.1111111119
65027  -26.546  -19.070  -28.368 0.1111111119
67026  -25.719  -17.515  -29.075 0.1111111119
156726  -25.913  -17.015  -29.451 0.1111111119
69323  -21.123  -15.582  -31.562 0.2222222239
146285  -26.412  -16.236  -30.070 0.1111111119
68166  -26.117  -16.019  -30.610 0.1111111119
147617  -21.267  -14.146  -31.629 0.1111111119
85942  -28.667  -0.851  -34.143 0.2222222239
89069  -28.754  2.657  -35.224 0.2222222239
149379  -21.484  -13.156  -32.655 0.2222222239
75544  -21.656  -10.063  -35.309 0.5555555820
72547  -21.557  -12.717  -33.006 0.3333333433
70425  -21.821  -14.671  -33.089 0.3333333433
147965  -22.098  -15.316  -33.169 0.4444444478
70424  -21.449  -14.425  -32.439 0.2222222239
85959  -28.789  -0.075  -34.250 0.2222222239
61841  -26.246  -21.970  -28.638 0.1111111119
65074  -22.418  -19.293  -30.793 0.3333333433
64058  -23.306  -20.111  -29.634 0.3333333433
67050  -21.735  -17.705  -31.332 0.3333333433
66006  -22.208  -18.769  -31.058 0.3333333433
65045  -24.015  -19.239  -29.403 0.3333333433
66008  -23.505  -18.373  -30.710 0.3333333433
65973  -24.325  -18.776  -29.286 0.2222222239
65975  -25.502  -18.097  -28.682 0.1111111119
67025  -25.076  -17.826  -29.238 0.1111111119
68197  -23.331  -16.569  -32.745 0.3333333433
69311  -26.471  -15.456  -30.992 0.1111111119
61839  -23.980  -22.288  -28.702 0.1111111119
64055  -21.485  -20.506  -30.528 0.3333333433
62975  -22.275  -21.406  -29.891 0.3333333433
157330  -22.999  -21.235  -29.472 0.3333333433
65986  -20.951  -18.353  -30.575 0.2222222239
147708  -28.675  -1.680  -33.988 0.1111111119
83950  -29.021  -2.273  -33.616 0.1111111119
85931  -29.535  -0.931  -33.109 0.1111111119
138177  -29.038  -1.102  -33.661 0.1111111119
86969  -29.344  0.287  -33.798 0.1111111119
85944  -29.741  -0.130  -33.254 0.1111111119
86970  -29.964  0.575  -33.447 0.1111111119
86987  -28.941  0.713  -34.353 0.1111111119
87997  -29.542  1.012  -33.923 0.1111111119
91027  -28.626  4.058  -35.678 0.2222222239
88011  -29.182  1.575  -34.464 0.1111111119
162741  -29.749  1.614  -33.976 0.1111111119
160576  -29.006  4.958  -35.680 0.1111111119
91981  -28.581  4.772  -35.939 0.2222222239
91982  -29.107  4.528  -35.534 0.1111111119
92929  -29.508  5.937  -35.514 0.1111111119
93898  -28.701  6.771  -36.322 0.1111111119
93915  -24.073  6.957  -39.062 0.4444444478
93928  -24.348  6.647  -40.015 0.4444444478
95836  -28.825  8.067  -36.626 0.1111111119
94927  -26.199  7.567  -41.066 0.4444444478
95864  -28.102  8.941  -38.890 0.3333333433
96741  -28.619  9.051  -37.542 0.1111111119
95845  -28.966  8.703  -36.849 0.1111111119
95872  -25.658  8.008  -40.578 0.4444444478
96783  -26.475  9.296  -40.426 0.4444444478
95888  -26.691  8.271  -40.683 0.4444444478
96785  -27.073  9.051  -40.629 0.4444444478
96771  -27.438  9.061  -40.302 0.4444444478
96772  -27.944  9.635  -39.976 0.4444444478
97691  -28.344  10.255  -39.413 0.2222222239
96760  -28.223  9.549  -39.103 0.2222222239
97692  -28.843  10.749  -38.897 0.2222222239
97678  -29.168  10.476  -38.129 0.2222222239
101301  -28.827  14.013  -42.642 0.1111111119
160695  -29.231  12.884  -40.937 0.1111111119
98524  -29.942  11.734  -38.784 0.1111111119
94901  -24.444  7.582  -38.692 0.4444444478
138706  -24.799  8.073  -39.113 0.4444444478
95861  -25.062  7.936  -40.158 0.4444444478
150859  -25.105  8.564  -39.352 0.3333333433
141157  -26.019  8.751  -40.310 0.4444444478
149054  -26.853  9.916  -40.621 0.4444444478
97719  -27.161  10.368  -40.986 0.4444444478
151750  -27.081  9.691  -40.625 0.4444444478
96786  -27.436  9.834  -40.601 0.4444444478
97730  -26.929  10.775  -41.417 0.3333333433
97720  -27.642  10.657  -41.167 0.3333333433
98537  -28.285  11.084  -40.627 0.1111111119
98538  -28.931  11.542  -40.088 0.1111111119
98523  -29.230  11.359  -39.267 0.1111111119
99493  -29.200  12.193  -40.329 0.1111111119
95862  -25.585  8.791  -39.842 0.3333333433
96770  -26.129  9.543  -40.062 0.3333333433
98560  -27.390  11.345  -42.080 0.2222222239
97732  -27.636  11.081  -41.801 0.2222222239
98549  -28.046  11.264  -41.487 0.2222222239
99506  -28.621  11.743  -40.898 0.1111111119
98570  -27.483  11.720  -42.452 0.1111111119
98561  -27.828  11.506  -42.185 0.1111111119
99516  -28.068  12.009  -42.331 0.1111111119
144879  -28.906  12.423  -41.104 0.1111111119
99527  -27.713  11.972  -42.683 0.1111111119
99517  -28.495  12.503  -41.927 0.1111111119
95853  -25.338  9.223  -38.986 0.3333333433
140051  -25.645  9.940  -38.873 0.3333333433
97690  -25.985  10.513  -39.195 0.3333333433
97717  -26.522  10.160  -40.390 0.3333333433
97718  -26.724  10.549  -40.910 0.3333333433
98559  -26.980  11.258  -41.876 0.2222222239
98569  -27.169  11.734  -42.404 0.1111111119
100474  -27.598  12.833  -43.526 0.1111111119
100456  -28.683  13.212  -42.232 0.1111111119
102122  -28.451  15.066  -43.926 0.1111111119
96731  -25.360  10.433  -36.412 0.1111111119
97668  -25.642  10.708  -37.352 0.1111111119
97676  -25.721  10.529  -38.305 0.2222222239
98508  -26.049  11.229  -38.775 0.2222222239
98521  -26.417  11.827  -39.536 0.2222222239
98535  -26.406  10.865  -40.429 0.3333333433
98536  -26.379  11.536  -40.270 0.3333333433
99504  -26.509  11.898  -40.780 0.2222222239
100454  -26.703  12.924  -41.770 0.1111111119
142734  -26.735  12.192  -42.173 0.1111111119
100466  -26.762  12.773  -42.733 0.1111111119
99526  -27.338  12.119  -42.811 0.1111111119
100473  -27.134  13.154  -43.894 0.1111111119
101309  -27.124  13.739  -44.238 0.1111111119
101300  -28.178  13.245  -43.329 0.1111111119
102114  -28.882  14.743  -43.092 0.1111111119
102103  -29.493  14.825  -42.308 0.1111111119
98498  -25.744  11.076  -36.628 0.1111111119
98499  -26.111  11.613  -36.393 0.1111111119
98501  -25.951  11.307  -37.951 0.1111111119
99458  -26.186  11.802  -37.719 0.1111111119
100408  -26.817  12.338  -38.325 0.1111111119
100417  -26.884  12.383  -38.939 0.1111111119
99492  -26.560  12.076  -39.993 0.2222222239
100428  -26.876  12.480  -39.630 0.1111111119
140450  -26.751  12.504  -40.377 0.1111111119
101275  -27.218  13.878  -40.996 0.1111111119
101287  -26.725  13.487  -42.280 0.1111111119
101288  -27.070  14.139  -41.795 0.1111111119
101298  -26.733  13.380  -43.285 0.1111111119
161777  -26.714  12.217  -36.747 0.1111111119
99454  -26.875  12.289  -36.550 0.1111111119
162409  -27.023  12.440  -37.383 0.1111111119
142692  -27.257  12.536  -38.412 0.1111111119
154667  -27.906  13.072  -38.841 0.1111111119
100418  -27.286  12.774  -39.228 0.1111111119
101255  -27.623  13.350  -39.599 0.1111111119
102079  -27.649  14.294  -40.600 0.1111111119
100401  -27.855  12.301  -37.231 0.1111111119
159533  -28.027  12.301  -36.676 0.1111111119
141053  -27.918  12.616  -38.035 0.1111111119
84940  -29.217  -1.632  -33.345 0.1111111119
85943  -29.178  -0.449  -33.687 0.1111111119
89070  -29.225  2.397  -34.751 0.1111111119
89057  -29.725  2.187  -34.255 0.1111111119
90070  -29.336  3.192  -34.955 0.1111111119
93888  -28.945  6.183  -35.966 0.1111111119
94908  -24.522  7.361  -39.885 0.4444444478
95874  -27.871  8.978  -39.610 0.4444444478
96749  -28.415  9.356  -38.305 0.2222222239
96750  -28.857  9.798  -37.783 0.1111111119
95887  -26.257  8.239  -40.681 0.4444444478
99494  -29.811  12.581  -39.838 0.1111111119
145976  -26.614  12.374  -41.262 0.1111111119
99460  -26.805  12.331  -37.196 0.1111111119
160005  -27.299  14.678  -41.744 0.1111111119
101247  -28.495  13.694  -38.776 0.1111111119
154498  -28.588  12.854  -37.502 0.1111111119
84930  -30.621  -0.875  -32.211 0.1111111119
85932  -30.190  -0.524  -32.744 0.1111111119
96784  -26.785  9.061  -40.620 0.4444444478
98495  -26.115  11.659  -35.573 0.1111111119
99446  -26.505  11.971  -35.335 0.1111111119
99455  -27.453  12.268  -36.399 0.1111111119
100400  -27.257  12.446  -37.665 0.1111111119
84929  -30.103  -1.228  -32.587 0.1111111119
83949  -28.644  -2.402  -34.096 0.1111111119
84928  -29.651  -1.586  -32.870 0.1111111119
85923  -31.211  -0.608  -31.905 0.1111111119
86957  -30.979  0.452  -32.656 0.1111111119
87999  -30.821  1.627  -33.290 0.1111111119
137273  -30.243  1.960  -33.800 0.1111111119
90071  -30.038  3.294  -34.604 0.1111111119
89071  -29.718  2.773  -34.547 0.1111111119
91019  -29.821  3.822  -34.924 0.1111111119
92915  -29.985  5.415  -35.244 0.1111111119
93890  -29.967  6.715  -35.392 0.1111111119
93927  -23.974  6.259  -39.346 0.4444444478
93889  -29.273  6.768  -35.793 0.1111111119
161753  -29.514  7.896  -35.899 0.1111111119
97669  -29.558  10.141  -37.401 0.1111111119
96732  -29.534  9.035  -36.518 0.1111111119
93906  -24.104  7.193  -38.484 0.4444444478
98503  -30.711  11.195  -37.607 0.1111111119
99468  -30.531  12.139  -38.662 0.1111111119
95843  -24.794  8.365  -38.341 0.2222222239
95852  -24.993  8.662  -38.768 0.3333333433
96747  -25.077  9.047  -38.340 0.2222222239
101265  -30.444  13.753  -40.361 0.1111111119
96730  -25.166  9.812  -36.724 0.1111111119
160408  -25.539  10.195  -37.768 0.2222222239
102104  -30.082  14.816  -41.785 0.1111111119
102115  -30.232  15.271  -42.199 0.1111111119
97663  -25.028  10.213  -35.823 0.1111111119
97660  -24.809  10.578  -35.208 0.1111111119
98490  -26.023  11.725  -34.789 0.1111111119
102862  -29.511  15.483  -42.946 0.1111111119
141469  -26.018  11.836  -34.027 0.1111111119
137344  -26.633  12.126  -34.027 0.1111111119
150346  -27.113  14.690  -42.347 0.1111111119
138359  -27.063  14.800  -44.324 0.1111111119
156200  -27.360  15.038  -44.620 0.1111111119
158154  -27.548  16.196  -45.064 0.1111111119
99433  -27.003  12.229  -34.811 0.1111111119
99448  -27.608  12.328  -35.445 0.1111111119
101264  -27.903  14.026  -39.962 0.1111111119
102089  -27.909  15.054  -40.921 0.1111111119
100410  -28.545  13.275  -38.231 0.1111111119
90069  -28.696  3.365  -35.428 0.1111111119
92928  -28.873  5.467  -35.878 0.2222222239
85945  -30.363  0.178  -32.924 0.1111111119
87998  -30.156  1.267  -33.595 0.1111111119
91018  -29.224  3.902  -35.290 0.1111111119
141769  -29.468  5.072  -35.441 0.1111111119
95837  -29.406  8.350  -36.215 0.1111111119
96742  -29.241  9.416  -37.088 0.1111111119
97708  -28.037  10.360  -40.323 0.2222222239
98522  -28.555  10.935  -39.741 0.1111111119
98509  -29.499  11.110  -38.491 0.2222222239
156305  -29.095  13.771  -41.990 0.1111111119
156900  -29.439  12.787  -40.488 0.1111111119
100442  -29.031  12.982  -41.410 0.1111111119
101276  -29.306  13.609  -41.483 0.1111111119
101277  -29.994  14.001  -40.999 0.1111111119
98510  -30.606  11.747  -38.223 0.1111111119
158229  -30.110  11.328  -38.180 0.1111111119
97731  -27.265  10.910  -41.619 0.3333333433
99481  -29.533  11.987  -39.575 0.2222222239
96759  -25.832  9.727  -39.526 0.3333333433
99505  -28.326  11.890  -41.679 0.1111111119
100455  -28.059  12.507  -42.828 0.1111111119
96748  -25.402  9.713  -38.160 0.1111111119
97707  -26.241  10.357  -39.906 0.3333333433
98548  -26.595  11.197  -41.110 0.2222222239
98568  -26.933  11.744  -42.263 0.1111111119
99525  -27.051  12.245  -42.831 0.1111111119
99537  -27.207  12.641  -43.310 0.1111111119
101310  -27.598  13.409  -44.047 0.1111111119
102113  -28.160  14.031  -43.878 0.1111111119
102121  -27.609  14.528  -44.501 0.1111111119
102868  -27.852  15.335  -44.822 0.1111111119
96740  -25.374  9.946  -37.309 0.1111111119
97661  -25.107  10.762  -35.439 0.1111111119
98520  -26.258  11.179  -39.622 0.3333333433
99466  -26.255  11.797  -38.366 0.1111111119
99515  -26.663  11.684  -41.654 0.1111111119
100441  -26.939  13.129  -40.818 0.1111111119
101308  -26.869  13.443  -44.028 0.1111111119
102126  -27.175  14.338  -44.447 0.1111111119
102120  -26.920  14.090  -44.228 0.1111111119
98502  -25.993  11.475  -37.169 0.1111111119
98494  -25.699  11.113  -35.887 0.1111111119
99459  -26.446  12.038  -37.037 0.1111111119
99467  -26.574  12.184  -37.869 0.1111111119
99480  -26.550  12.072  -38.782 0.1111111119
146513  -26.632  12.150  -39.377 0.1111111119
101263  -27.389  13.612  -40.285 0.1111111119
101274  -26.881  13.531  -41.481 0.1111111119
102088  -27.422  14.558  -41.261 0.1111111119
101299  -26.808  14.054  -42.807 0.1111111119
102112  -26.873  14.621  -43.505 0.1111111119
102111  -26.772  13.903  -43.680 0.1111111119
144188  -26.579  12.033  -36.187 0.1111111119
99447  -26.912  12.213  -35.696 0.1111111119
99461  -27.141  12.365  -37.058 0.1111111119
101256  -28.180  13.795  -39.326 0.1111111119
83937  -29.527  -2.264  -32.985 0.1111111119
99482  -30.196  12.331  -39.184 0.1111111119
100419  -30.525  12.919  -39.451 0.1111111119
102102  -27.522  15.309  -41.794 0.1111111119
101257  -28.779  14.312  -39.024 0.1111111119
85933  -30.808  -0.215  -32.445 0.1111111119
99432  -26.490  12.013  -34.686 0.1111111119
91973  -29.685  4.404  -35.206 0.1111111119
97679  -29.873  10.811  -37.807 0.1111111119
99483  -30.917  12.547  -38.906 0.1111111119
101278  -30.843  14.258  -40.724 0.1111111119
140916  -24.294  8.971  -35.731 0.1111111119
102090  -30.398  14.562  -41.279 0.1111111119
102861  -27.064  15.583  -43.611 0.1111111119
102080  -28.200  14.771  -40.251 0.1111111119
102840  -28.447  15.633  -40.453 0.1111111119
62960  -21.562  -21.859  -30.018 0.2222222239
147396  -20.880  -7.977  -34.935 0.2222222239
76504  -21.402  -9.388  -35.274 0.3333333433
77422  -21.179  -8.123  -35.598 0.4444444478
148793  -23.845  5.878  -37.705 0.2222222239
93895  -24.327  7.003  -36.845 0.1111111119
94894  -24.470  7.672  -38.252 0.1111111119
89092  -21.997  2.581  -37.446 0.2222222239
88038  -21.880  2.088  -37.268 0.1111111119
151213  -21.363  -9.776  -34.735 0.2222222239
91024  -23.161  3.674  -37.014 0.1111111119
146374  -23.686  3.972  -37.112 0.1111111119
151533  -24.427  5.638  -36.722 0.1111111119
93896  -24.664  6.538  -36.301 0.1111111119
94885  -24.391  7.735  -36.435 0.1111111119
73517  -21.404  -11.989  -32.918 0.2222222239
137022  -23.806  5.202  -37.489 0.1111111119
83010  -20.031  -2.877  -34.809 0.3333333433
93914  -23.910  6.593  -38.754 0.3333333433
93905  -24.067  6.419  -37.358 0.3333333433
76494  -21.110  -9.168  -34.507 0.2222222239
92944  -24.090  5.754  -37.156 0.1111111119
92936  -24.395  6.235  -36.756 0.1111111119
161691  -24.067  4.462  -37.028 0.1111111119
91998  -24.154  5.059  -37.001 0.1111111119
91989  -24.702  5.138  -36.475 0.1111111119
156254  -28.908  -7.641  -33.405 0.1111111119
61856  -22.769  -21.849  -29.260 0.1111111119
62940  -19.726  -21.090  -28.909 0.1111111119
62959  -20.953  -21.539  -29.936 0.1111111119
64044  -20.877  -20.659  -30.149 0.1111111119
65985  -20.255  -18.345  -30.052 0.1111111119
148796  -20.786  -18.939  -30.353 0.1111111119
73505  -21.222  -11.787  -32.064 0.1111111119
78293  -20.442  -7.553  -34.437 0.1111111119
77403  -21.119  -8.651  -35.088 0.1111111119
85970  -20.405  -0.606  -35.667 0.2222222239
87009  -20.698  -0.077  -35.964 0.2222222239
86995  -20.481  0.941  -34.760 0.2222222239
86996  -20.959  1.234  -34.641 0.2222222239
64043  -20.101  -20.801  -29.512 0.1111111119
79228  -20.177  -6.885  -34.445 0.1111111119
61836  -19.763  -21.520  -28.563 0.1111111119
61854  -21.239  -22.226  -29.418 0.1111111119
61855  -21.980  -22.162  -29.438 0.1111111119
64027  -19.445  -20.417  -28.844 0.1111111119
153564  -19.694  -20.010  -29.280 0.1111111119
65043  -19.680  -19.307  -29.332 0.1111111119
65052  -20.191  -19.113  -29.926 0.1111111119
67039  -20.421  -17.669  -30.281 0.1111111119
68149  -20.529  -16.940  -30.601 0.1111111119
150983  -21.219  -12.228  -31.809 0.1111111119
74524  -21.135  -11.286  -32.357 0.1111111119
136383  -21.179  -9.852  -33.937 0.1111111119
78281  -20.384  -7.807  -33.962 0.1111111119
86964  -20.291  0.430  -33.924 0.2222222239
86997  -21.404  1.362  -35.251 0.2222222239
87010  -21.571  1.782  -35.818 0.1111111119
61857  -23.628  -21.596  -29.105 0.1111111119
61824  -20.906  -22.404  -28.433 0.1111111119
88026  -21.590  1.302  -37.100 0.1111111119
74554  -21.229  -10.801  -33.697 0.1111111119
85953  -20.141  -1.114  -35.197 0.2222222239
79240  -20.459  -6.354  -35.040 0.1111111119
69309  -20.810  -15.458  -30.797 0.1111111119
72522  -21.278  -12.832  -31.933 0.1111111119
72534  -21.295  -12.450  -32.404 0.1111111119
62974  -21.527  -21.229  -30.398 0.1111111119
65044  -20.212  -19.937  -29.791 0.1111111119
77393  -20.769  -8.337  -34.262 0.1111111119
74538  -21.279  -11.328  -33.102 0.1111111119
76480  -20.943  -9.042  -33.741 0.1111111119
62941  -20.378  -21.711  -29.080 0.1111111119
73492  -21.204  -11.772  -31.506 0.1111111119
86966  -20.461  1.079  -33.742 0.1111111119
65972  -19.716  -18.430  -29.379 0.1111111119
139843  -21.040  -10.795  -32.710 0.1111111119
86998  -22.078  0.769  -35.550 0.1111111119
87011  -21.772  1.607  -35.817 0.1111111119
89084  -22.260  2.963  -36.656 0.1111111119
156395  -19.617  -1.600  -33.759 0.1111111119
88027  -21.903  2.575  -36.588 0.1111111119
91041  -22.897  3.540  -37.062 0.1111111119
61838  -23.242  -22.301  -28.788 0.1111111119
62944  -25.680  -21.270  -28.838 0.1111111119
65950  -25.997  -18.513  -28.414 0.1111111119
75579  -22.988  -9.954  -37.367 1.0000000000
75581  -25.189  -10.822  -38.008 1.0000000000
76559  -25.067  -9.789  -38.554 1.0000000000
77447  -24.325  -8.815  -38.893 1.0000000000
78351  -24.341  -7.705  -39.499 1.0000000000
80257  -26.875  -5.846  -37.992 0.7777777910
80264  -23.246  -5.660  -38.940 1.0000000000
80272  -25.246  -5.027  -39.813 1.0000000000
81258  -23.932  -4.784  -39.605 1.0000000000
81266  -24.221  -4.309  -40.119 0.8888888955
81267  -24.849  -4.471  -40.065 1.0000000000
82143  -21.871  -3.897  -37.906 0.6666666865
82144  -26.457  -4.438  -38.020 0.8888888955
82175  -22.426  -3.761  -38.468 0.7777777910
82178  -25.628  -4.243  -39.808 1.0000000000
82190  -24.024  -3.680  -40.484 1.0000000000
82192  -25.604  -3.687  -40.481 1.0000000000
82193  -25.844  -3.375  -40.172 1.0000000000
83092  -25.408  -3.093  -40.499 1.0000000000
83945  -19.854  -1.283  -33.463 0.1111111119
84028  -23.178  -2.293  -39.133 0.8888888955
84044  -24.497  -2.387  -39.957 1.0000000000
84920  -30.549  -1.562  -32.098 0.1111111119
84936  -19.615  -0.954  -33.778 0.1111111119
84980  -20.520  -1.418  -36.171 0.4444444478
84981  -20.870  -0.978  -36.668 0.4444444478
85018  -21.557  -1.754  -37.927 0.7777777910
85937  -20.042  -0.332  -33.938 0.2222222239
85938  -20.469  0.148  -33.524 0.2222222239
85939  -20.465  0.365  -33.498 0.2222222239
85954  -21.083  0.279  -33.866 0.1111111119
86015  -22.438  -0.214  -39.001 0.7777777910
86965  -20.405  0.938  -33.466 0.2222222239
86981  -20.219  0.093  -34.584 0.2222222239
87051  -25.168  0.368  -41.252 0.8888888955
87993  -20.477  1.254  -33.648 0.1111111119
87994  -20.558  1.369  -33.885 0.1111111119
88008  -20.352  0.906  -34.256 0.2222222239
88018  -20.589  1.378  -34.038 0.2222222239
90079  -22.779  3.327  -36.840 0.1111111119
91031  -23.072  3.553  -36.942 0.1111111119
91032  -23.223  3.611  -36.948 0.1111111119
91033  -24.242  3.983  -36.992 0.1111111119
91070  -24.491  3.957  -39.692 0.5555555820
91987  -23.273  3.782  -37.112 0.1111111119
93943  -25.344  7.089  -41.652 0.5555555820
94887  -29.092  7.552  -36.149 0.1111111119
97677  -28.578  10.080  -38.545 0.2222222239
98489  -25.505  11.354  -35.054 0.1111111119
99479  -26.285  11.689  -39.046 0.2222222239
99538  -27.560  12.381  -43.087 0.1111111119
100409  -26.902  12.432  -37.768 0.1111111119
100429  -27.154  12.972  -39.950 0.1111111119
100430  -30.102  13.167  -40.084 0.1111111119
100431  -30.905  13.447  -39.791 0.1111111119
100443  -29.609  13.340  -40.779 0.1111111119
100472  -26.952  12.892  -43.523 0.1111111119
101289  -29.550  14.276  -41.707 0.1111111119
101315  -27.472  13.961  -44.335 0.1111111119
137072  -27.166  15.226  -42.734 0.1111111119
140363  -26.079  -6.219  -39.125 1.0000000000
145682  -20.979  0.117  -36.422 0.4444444478
150219  -23.829  -8.192  -38.939 1.0000000000
150842  -25.139  -0.097  -41.471 1.0000000000
152408  -26.375  -6.623  -38.869 1.0000000000
155085  -20.458  1.217  -33.673 0.2222222239
155749  -26.737  12.106  -35.138 0.1111111119
158784  -23.067  0.782  -39.201 0.7777777910
