#!ascii label  , from subject sub-v2s13x29115_ses-1 vox2ras=TkReg
1743
140417  24.655  -45.491  -19.853 0.8999999762
33038  24.699  -46.059  -20.063 0.8000000119
33060  25.042  -46.237  -20.763 0.8000000119
30864  24.903  -47.644  -21.354 0.6999999881
31981  25.378  -46.696  -22.322 0.8000000119
33039  24.170  -45.838  -19.473 0.8999999762
34110  25.053  -45.480  -20.509 1.0000000000
34109  25.406  -45.031  -21.138 1.0000000000
33059  25.351  -45.755  -21.312 0.8999999762
33085  25.472  -45.990  -22.122 0.8000000119
32003  25.359  -46.974  -23.068 0.8000000119
34151  25.556  -45.492  -22.778 0.8999999762
149266  25.294  -47.226  -23.749 0.8000000119
33117  25.247  -46.726  -24.227 0.6999999881
143855  25.186  -47.319  -24.439 0.6999999881
34074  22.770  -45.100  -19.318 0.8000000119
34073  23.634  -45.116  -19.280 0.8999999762
36186  24.080  -43.869  -19.331 0.8999999762
35147  23.100  -44.234  -19.242 0.8999999762
35164  21.597  -44.400  -19.886 0.8999999762
34089  25.204  -44.798  -20.525 0.8999999762
35161  25.467  -44.303  -20.928 1.0000000000
138036  25.672  -44.756  -22.568 0.8999999762
35216  25.735  -44.221  -23.155 1.0000000000
137297  25.583  -44.945  -23.487 0.8999999762
34167  25.456  -45.742  -23.574 0.8999999762
33116  25.371  -46.479  -23.673 0.8000000119
149296  24.924  -46.611  -25.508 0.6999999881
36185  24.573  -43.311  -19.515 0.8999999762
140659  24.018  -43.177  -19.315 0.8999999762
36187  23.386  -43.329  -19.206 0.8999999762
36188  22.593  -43.354  -19.336 0.8999999762
154740  21.606  -43.699  -19.913 0.8999999762
36203  24.734  -43.867  -19.646 0.8999999762
35162  25.111  -44.189  -20.157 0.8999999762
36231  26.052  -43.356  -22.097 1.0000000000
136746  25.482  -44.732  -24.285 0.8000000119
34179  25.294  -45.259  -24.730 0.8000000119
34191  24.894  -45.396  -25.880 0.8000000119
138342  24.658  -45.377  -26.501 0.8000000119
34214  24.406  -45.866  -26.910 0.8000000119
148863  23.909  -44.948  -27.636 0.8000000119
37180  22.882  -42.644  -19.316 0.8999999762
149272  21.389  -43.150  -20.232 0.8999999762
142849  21.010  -43.238  -20.903 0.8999999762
38085  24.674  -42.104  -19.465 0.8999999762
38098  21.826  -41.671  -19.920 0.8999999762
37197  20.984  -42.048  -21.366 0.8000000119
37198  20.657  -43.262  -21.622 0.8000000119
37188  25.463  -42.763  -20.145 0.8999999762
38111  21.071  -41.259  -21.313 0.6999999881
37213  20.575  -42.485  -22.074 0.6999999881
37234  20.149  -42.653  -22.876 0.6999999881
37196  25.925  -42.598  -20.698 0.8999999762
38143  20.259  -41.895  -22.736 0.6999999881
157034  19.282  -42.010  -23.768 0.6999999881
37195  26.374  -42.224  -21.370 1.0000000000
39052  19.699  -40.939  -23.245 0.6000000238
37211  26.291  -42.774  -21.929 1.0000000000
37232  26.282  -42.899  -22.673 1.0000000000
36252  25.965  -43.541  -22.938 1.0000000000
36266  25.757  -43.729  -23.745 1.0000000000
35234  25.615  -44.327  -23.830 0.8999999762
37233  26.087  -42.970  -23.657 1.0000000000
36278  25.707  -43.322  -24.433 0.8999999762
142932  25.544  -44.036  -24.414 0.8000000119
35253  25.322  -44.506  -25.053 0.8000000119
35264  24.822  -44.650  -26.343 0.8000000119
144462  24.614  -44.314  -26.977 0.8000000119
35275  24.404  -45.031  -27.066 0.8000000119
36331  23.930  -43.813  -27.984 0.8000000119
36318  24.528  -43.744  -27.355 0.8000000119
147933  23.608  -43.264  -28.380 0.8000000119
37179  23.619  -42.621  -19.272 0.8999999762
37181  22.254  -42.721  -19.501 0.8999999762
139424  24.212  -41.458  -19.325 0.8999999762
38087  23.183  -41.959  -19.297 0.8999999762
38088  22.366  -41.944  -19.494 0.8999999762
39003  21.708  -41.197  -20.138 0.8999999762
138034  25.727  -42.178  -20.239 0.8999999762
38124  20.685  -41.572  -22.074 0.6999999881
38110  26.152  -41.858  -20.582 0.8999999762
39031  20.759  -40.779  -21.974 0.6000000238
39032  20.269  -41.034  -22.694 0.6000000238
38109  26.599  -41.290  -21.042 1.0000000000
40103  18.929  -40.223  -24.067 0.5000000000
134542  26.531  -42.278  -22.297 1.0000000000
40111  18.743  -39.657  -24.671 0.5000000000
150977  26.807  -41.730  -22.801 1.0000000000
37247  26.475  -42.343  -23.183 1.0000000000
37260  26.344  -42.303  -23.945 1.0000000000
155805  25.645  -43.050  -25.068 0.8999999762
36305  25.173  -44.001  -25.803 0.8000000119
37274  25.794  -42.555  -25.466 0.8999999762
36304  25.421  -43.195  -25.748 0.8000000119
36317  24.927  -43.775  -26.587 0.8000000119
145624  25.781  -41.793  -26.730 0.8999999762
37295  25.287  -42.420  -27.025 0.8000000119
38206  25.436  -41.733  -27.313 0.8999999762
37307  24.397  -42.163  -28.078 0.8000000119
37308  23.611  -42.456  -28.572 0.8000000119
39124  23.651  -41.102  -28.979 0.8000000119
38224  23.255  -41.710  -29.070 0.8000000119
38988  22.150  -41.150  -19.667 0.8999999762
38084  24.973  -41.469  -19.513 0.8999999762
38985  24.430  -40.828  -19.351 0.8999999762
40032  21.562  -40.179  -20.596 0.6999999881
39016  21.142  -40.506  -21.244 0.8000000119
38095  26.241  -41.226  -20.368 0.8999999762
38984  25.249  -40.775  -19.528 0.8999999762
40068  20.404  -40.139  -22.441 0.6999999881
40085  19.929  -40.407  -22.974 0.6000000238
40086  19.453  -40.260  -23.456 0.6000000238
41040  20.401  -39.342  -22.510 0.6999999881
41059  19.844  -39.617  -23.042 0.6000000238
41082  19.253  -39.432  -23.851 0.5000000000
38123  26.781  -41.603  -21.922 1.0000000000
42000  19.390  -38.644  -24.009 0.5000000000
41094  19.047  -38.902  -24.650 0.5000000000
38122  27.183  -41.098  -22.445 1.0000000000
38157  26.687  -41.765  -23.659 1.0000000000
39067  26.941  -41.158  -24.121 1.0000000000
38170  26.485  -41.799  -24.527 1.0000000000
38171  26.208  -42.000  -25.221 0.8999999762
39066  27.378  -40.526  -23.729 1.0000000000
39078  26.772  -41.087  -24.957 0.8999999762
150212  26.477  -41.588  -25.095 0.8999999762
38196  26.203  -41.453  -26.323 0.8999999762
38183  26.442  -41.388  -25.657 0.8999999762
39103  26.089  -40.640  -27.123 0.8999999762
39105  25.245  -41.246  -27.730 0.8999999762
38217  24.652  -41.405  -28.161 0.8999999762
40135  26.384  -40.011  -26.848 0.8999999762
39115  25.565  -40.577  -27.619 0.8999999762
39117  24.219  -40.861  -28.615 0.8999999762
41132  25.232  -39.116  -28.107 0.8999999762
38986  23.687  -40.932  -19.276 0.8999999762
38987  22.899  -41.164  -19.348 0.8999999762
144530  21.885  -40.598  -20.053 0.8999999762
40012  22.461  -40.445  -19.532 0.8999999762
40031  22.144  -39.792  -20.036 1.0000000000
40046  21.725  -39.576  -20.636 0.8000000119
40009  24.581  -40.038  -19.368 0.8999999762
136884  20.882  -40.158  -21.809 0.6999999881
39002  25.979  -40.732  -19.943 0.8999999762
41020  21.218  -39.092  -21.630 0.6999999881
41963  20.587  -38.659  -22.567 0.6999999881
41081  19.717  -38.804  -23.409 0.5000000000
39030  27.104  -40.896  -21.661 1.0000000000
41999  19.854  -38.011  -23.844 0.5000000000
42014  19.371  -38.177  -24.542 0.5000000000
39029  27.467  -40.453  -22.151 1.0000000000
39050  27.483  -40.519  -22.910 1.0000000000
41079  28.147  -38.950  -23.290 1.0000000000
40102  27.809  -39.816  -23.339 1.0000000000
39077  27.221  -40.516  -24.511 1.0000000000
40110  27.581  -39.877  -24.173 1.0000000000
41080  27.916  -39.305  -23.908 1.0000000000
41103  27.390  -39.282  -25.388 0.8999999762
40127  26.776  -40.060  -26.194 0.8999999762
146480  26.244  -39.107  -27.133 0.8999999762
41182  22.190  -38.919  -32.541 0.6999999881
42103  21.515  -38.233  -32.249 0.8000000119
42095  21.020  -38.527  -31.692 0.8000000119
156757  21.280  -37.735  -31.784 0.8000000119
40008  25.539  -40.048  -19.602 0.8999999762
40993  24.191  -39.238  -19.418 1.0000000000
41007  23.238  -38.523  -19.903 1.0000000000
41009  22.112  -39.067  -20.452 0.6999999881
41019  21.655  -39.106  -21.033 0.6999999881
39015  26.950  -40.504  -21.010 0.8999999762
146188  26.473  -39.516  -20.147 0.8999999762
41962  21.222  -38.411  -22.050 0.6999999881
40066  27.671  -39.869  -21.905 1.0000000000
39014  27.346  -40.236  -21.506 0.8999999762
40028  26.738  -39.982  -20.525 0.8999999762
42026  19.379  -37.650  -25.103 0.4000000060
40084  27.800  -39.951  -22.547 1.0000000000
147098  27.894  -38.411  -24.653 1.0000000000
142391  27.586  -38.536  -25.232 1.0000000000
42070  22.521  -37.734  -30.124 0.8999999762
136420  24.296  -38.139  -32.197 0.6000000238
137797  22.584  -38.168  -32.594 0.6000000238
149917  21.987  -37.423  -32.365 0.8000000119
42081  21.455  -38.257  -31.047 0.8999999762
156198  22.420  -38.491  -30.117 0.8999999762
41005  26.390  -38.866  -20.025 0.8999999762
40992  25.083  -39.297  -19.489 0.8999999762
41942  22.500  -37.910  -20.975 0.8000000119
41944  21.617  -38.627  -21.440 0.6999999881
42910  21.572  -37.572  -22.323 0.6999999881
42941  20.565  -37.491  -23.408 0.6000000238
42956  19.795  -37.010  -24.808 0.4000000060
41039  27.779  -39.329  -21.652 1.0000000000
41017  27.417  -39.257  -21.143 0.8999999762
41058  28.185  -38.910  -22.511 1.0000000000
41998  28.243  -38.106  -23.544 1.0000000000
42011  28.118  -37.909  -24.278 1.0000000000
42012  27.746  -37.761  -25.014 1.0000000000
42954  27.700  -37.027  -25.190 1.0000000000
42068  23.706  -37.935  -29.244 0.8999999762
44107  23.528  -36.520  -29.177 0.8999999762
148488  23.162  -37.148  -29.548 0.8999999762
44118  21.651  -36.280  -30.731 0.8999999762
43009  22.211  -36.940  -30.247 0.8999999762
42101  25.646  -37.811  -31.932 0.6000000238
42102  25.010  -37.801  -32.019 0.6000000238
152152  23.448  -38.177  -32.511 0.6000000238
43035  23.088  -36.887  -32.273 0.8000000119
43036  22.050  -36.577  -32.269 0.8000000119
43017  21.572  -37.060  -31.178 0.8999999762
41917  24.579  -38.596  -19.598 0.8999999762
153252  23.855  -38.683  -19.626 0.8999999762
41933  23.116  -37.888  -20.365 0.6999999881
41931  24.810  -37.904  -19.862 0.8999999762
41932  23.927  -38.019  -19.928 0.8999999762
157150  22.007  -37.477  -21.940 0.6000000238
41941  26.915  -38.473  -20.381 1.0000000000
143173  26.902  -37.864  -20.324 1.0000000000
41930  26.330  -38.086  -20.053 1.0000000000
42909  22.151  -36.990  -22.181 0.6000000238
42922  21.649  -36.922  -22.782 0.6000000238
42940  21.123  -36.869  -23.316 0.5000000000
41960  27.752  -38.637  -21.404 1.0000000000
147136  27.306  -38.734  -20.849 1.0000000000
41939  27.905  -37.813  -21.466 1.0000000000
41959  28.142  -38.295  -22.055 1.0000000000
41977  28.269  -38.272  -22.803 1.0000000000
42921  28.326  -37.512  -22.994 1.0000000000
42939  28.280  -37.273  -23.750 1.0000000000
42953  28.060  -37.161  -24.549 1.0000000000
44050  27.984  -36.438  -24.855 1.0000000000
44073  27.348  -36.271  -26.053 1.0000000000
149111  27.164  -36.775  -26.395 1.0000000000
42978  26.864  -36.835  -26.901 1.0000000000
42985  26.483  -36.772  -27.351 1.0000000000
44086  26.239  -36.289  -27.642 1.0000000000
44092  25.659  -36.441  -28.049 0.8999999762
42986  26.054  -37.028  -27.758 0.8999999762
43008  24.044  -37.224  -28.984 0.8999999762
44108  22.582  -36.418  -29.820 0.8999999762
44130  21.364  -36.120  -31.573 0.8999999762
139685  26.858  -37.121  -32.433 0.6000000238
43032  26.157  -37.479  -32.055 0.6000000238
43033  25.280  -37.319  -31.992 0.6000000238
43034  24.280  -37.437  -32.140 0.6000000238
44142  22.437  -36.075  -32.360 0.8000000119
44143  21.751  -36.011  -32.102 0.8000000119
42878  25.553  -37.534  -19.979 0.8999999762
144500  23.655  -37.314  -20.387 0.6999999881
136172  22.361  -37.390  -21.567 0.6000000238
42908  22.674  -36.817  -21.655 0.6000000238
42877  26.529  -37.285  -20.203 0.8999999762
44020  22.033  -36.345  -22.576 0.6000000238
44021  21.497  -36.299  -23.055 0.5000000000
41940  27.385  -38.036  -20.838 1.0000000000
142422  28.156  -37.627  -21.978 1.0000000000
42890  27.576  -37.245  -20.990 0.8999999762
42907  28.305  -37.217  -22.336 1.0000000000
140632  28.400  -36.832  -22.856 1.0000000000
44033  28.436  -36.611  -23.430 1.0000000000
44049  28.274  -36.511  -24.147 1.0000000000
45082  28.242  -35.686  -24.568 1.0000000000
45097  27.957  -35.092  -25.289 1.0000000000
45098  27.594  -35.680  -25.717 1.0000000000
44074  27.068  -36.203  -26.635 1.0000000000
45119  26.434  -35.593  -27.431 1.0000000000
45125  25.222  -35.788  -28.255 1.0000000000
45126  24.499  -35.875  -28.559 0.8999999762
45141  23.840  -35.982  -28.894 0.8999999762
45142  22.886  -35.700  -29.417 0.8999999762
155327  21.616  -34.448  -30.489 0.8999999762
150454  26.767  -36.470  -32.506 0.6000000238
145473  26.380  -35.915  -32.146 0.6000000238
45173  25.430  -35.815  -31.725 0.6000000238
45163  24.924  -35.135  -31.464 0.6999999881
45164  23.986  -35.069  -31.751 0.6999999881
45165  21.629  -35.322  -31.861 0.8000000119
46200  21.763  -34.427  -31.820 0.8999999762
44139  27.568  -36.799  -32.735 0.6000000238
46199  23.176  -34.608  -32.046 0.6999999881
46208  22.138  -34.829  -32.229 0.8000000119
47187  22.432  -34.028  -32.172 0.8999999762
146219  23.065  -36.629  -21.257 0.6999999881
44007  22.489  -36.335  -22.087 0.6000000238
144881  25.819  -36.696  -20.156 0.8999999762
42879  24.910  -36.851  -20.186 0.8000000119
43976  24.509  -36.159  -20.472 0.6999999881
42891  27.158  -37.453  -20.509 0.8999999762
157234  26.577  -36.550  -20.271 0.8000000119
42889  28.084  -36.984  -21.617 1.0000000000
43988  27.686  -36.335  -20.981 0.8000000119
149728  28.489  -35.865  -22.141 0.8999999762
154561  28.203  -36.087  -21.591 0.8000000119
44019  28.592  -36.052  -22.857 1.0000000000
141275  28.533  -35.877  -23.713 1.0000000000
155090  28.298  -34.909  -24.687 1.0000000000
46143  27.506  -34.913  -25.984 1.0000000000
144306  27.112  -34.848  -26.632 1.0000000000
45108  26.910  -35.549  -26.923 1.0000000000
45120  25.874  -35.687  -27.886 1.0000000000
46163  24.674  -35.134  -28.350 0.8999999762
45127  23.748  -35.192  -28.793 0.8999999762
46181  22.008  -33.875  -30.236 0.8999999762
46189  21.549  -34.058  -31.197 0.8999999762
46214  28.347  -35.426  -33.520 0.6000000238
45171  27.308  -35.997  -32.715 0.6000000238
46198  24.233  -34.481  -31.611 0.6999999881
161081  22.904  -33.666  -32.149 0.6999999881
42892  23.508  -36.699  -20.823 0.6999999881
44006  22.893  -36.234  -21.632 0.6000000238
45008  26.158  -35.883  -20.279 0.8000000119
43975  25.241  -36.102  -20.296 0.8000000119
45010  24.220  -35.540  -20.724 0.6999999881
43991  23.324  -36.137  -21.208 0.6999999881
43974  27.051  -36.069  -20.423 0.6999999881
45021  27.945  -35.487  -21.157 0.6999999881
45034  28.387  -35.325  -21.721 0.6999999881
46091  28.916  -34.607  -22.784 0.8000000119
152600  29.011  -34.012  -23.031 0.8000000119
45067  28.812  -35.240  -23.247 0.8000000119
46109  28.884  -34.377  -23.637 0.8000000119
134362  28.591  -35.085  -24.053 0.8999999762
46122  28.536  -34.348  -24.429 0.8999999762
46136  27.749  -34.259  -25.626 1.0000000000
141993  27.267  -34.036  -26.266 1.0000000000
46155  26.245  -34.204  -27.376 1.0000000000
46156  25.587  -34.307  -27.746 1.0000000000
47132  26.861  -33.513  -26.652 1.0000000000
46144  26.809  -34.158  -26.912 1.0000000000
46162  24.904  -34.408  -28.115 1.0000000000
47155  24.424  -33.705  -28.288 1.0000000000
46164  24.194  -34.469  -28.514 0.8999999762
160979  23.771  -33.948  -28.672 0.8999999762
46180  23.010  -33.778  -29.241 0.8999999762
47170  22.459  -33.174  -30.034 0.8999999762
46206  27.561  -35.124  -32.617 0.6000000238
45172  26.879  -35.391  -32.102 0.6000000238
45162  26.044  -35.139  -31.482 0.6000000238
46197  25.247  -34.438  -31.151 0.6999999881
47173  21.905  -33.398  -31.066 0.8999999762
47178  21.989  -33.716  -31.732 0.8999999762
136099  25.200  -33.048  -31.046 0.6999999881
144476  23.390  -33.928  -32.035 0.6999999881
48212  22.653  -33.468  -31.995 0.8999999762
48203  23.035  -32.704  -31.901 0.8999999762
139380  25.402  -35.409  -20.374 0.6999999881
45009  24.793  -35.635  -20.485 0.6000000238
46061  23.958  -34.868  -20.981 0.6000000238
45024  23.060  -35.625  -21.549 0.6000000238
45007  26.862  -35.233  -20.424 0.6999999881
46046  25.575  -34.700  -20.438 0.6000000238
155610  27.537  -34.951  -20.809 0.6999999881
46059  28.160  -34.598  -21.285 0.6999999881
47057  28.613  -33.911  -21.676 0.6999999881
47087  28.993  -33.489  -23.534 0.8000000119
47088  28.752  -33.767  -24.182 0.8000000119
159388  28.262  -32.837  -24.837 0.8000000119
160361  27.944  -33.727  -25.311 0.8000000119
47118  27.578  -33.471  -25.745 1.0000000000
47143  26.419  -33.497  -27.084 1.0000000000
47144  25.715  -33.461  -27.509 1.0000000000
47154  25.099  -33.775  -27.880 1.0000000000
48166  26.102  -32.885  -27.195 1.0000000000
48179  24.416  -32.346  -28.202 1.0000000000
49192  23.966  -31.770  -28.567 1.0000000000
161437  23.302  -32.497  -29.185 1.0000000000
47169  23.187  -32.973  -29.233 0.8999999762
46207  26.848  -34.656  -31.706 0.6000000238
48194  22.378  -32.704  -30.836 0.8999999762
47191  28.010  -34.490  -32.995 0.6000000238
47185  27.418  -34.042  -31.973 0.6000000238
156859  26.786  -33.963  -31.291 0.6999999881
49216  22.640  -32.189  -31.525 0.8999999762
134582  26.223  -33.377  -30.880 0.6999999881
137426  24.898  -32.104  -31.312 0.6999999881
49215  23.586  -32.007  -31.921 0.8999999762
47041  23.689  -34.132  -21.159 0.5000000000
46045  26.402  -34.476  -20.424 0.6000000238
47029  25.105  -34.161  -20.639 0.5000000000
47039  27.436  -33.612  -20.805 0.6999999881
46044  26.973  -33.952  -20.559 0.6999999881
47038  28.075  -33.661  -21.150 0.6999999881
153766  28.562  -33.297  -21.520 0.6999999881
48092  29.077  -32.929  -22.897 0.6999999881
158703  28.785  -32.546  -24.156 0.8000000119
140608  28.492  -32.280  -24.566 0.8000000119
49146  28.249  -31.502  -25.010 0.8000000119
48139  27.946  -32.321  -25.182 0.8000000119
153861  27.578  -31.693  -25.740 0.8000000119
48154  27.085  -32.218  -26.250 0.8999999762
48155  26.619  -32.741  -26.745 1.0000000000
50090  27.065  -31.373  -26.336 0.8000000119
49170  26.594  -31.793  -26.713 0.8999999762
49179  26.086  -32.161  -27.113 1.0000000000
49181  25.080  -31.475  -27.794 1.0000000000
48168  25.013  -32.123  -27.801 1.0000000000
50113  23.442  -31.100  -29.083 1.0000000000
49200  22.851  -31.587  -29.772 0.8999999762
48188  22.794  -32.403  -29.782 0.8999999762
49207  22.571  -31.930  -30.683 0.8999999762
147720  22.560  -31.290  -30.528 0.8999999762
147671  22.386  -31.349  -31.434 0.8999999762
47184  27.967  -33.571  -32.553 0.6000000238
48211  27.527  -33.129  -31.672 0.6000000238
138839  25.881  -32.573  -30.835 0.6999999881
50133  24.095  -31.305  -31.913 0.8000000119
49224  23.077  -31.235  -32.134 0.8999999762
156145  28.341  -34.002  -33.488 0.6000000238
48201  26.821  -32.626  -30.874 0.6999999881
49214  26.103  -31.766  -30.899 0.6999999881
50134  22.542  -31.055  -31.997 0.8999999762
50132  25.248  -31.233  -31.366 0.6999999881
50145  23.390  -30.587  -32.345 0.8999999762
47028  25.782  -34.093  -20.492 0.5000000000
47040  24.709  -33.571  -20.841 0.5000000000
47026  26.888  -33.210  -20.653 0.6999999881
48059  25.684  -32.705  -20.781 0.5000000000
137703  27.629  -33.050  -20.947 0.6999999881
48078  28.716  -32.723  -21.668 0.6999999881
48056  28.238  -32.917  -21.277 0.6999999881
48077  29.040  -32.449  -22.245 0.6999999881
50044  29.044  -31.319  -23.725 0.6999999881
48107  28.980  -32.704  -23.670 0.6999999881
49145  28.737  -31.659  -24.376 0.8000000119
50078  27.437  -30.962  -26.063 0.8000000119
50099  26.094  -31.233  -27.162 0.8999999762
50100  25.415  -31.008  -27.612 1.0000000000
50101  24.814  -30.953  -28.001 1.0000000000
50112  24.174  -31.007  -28.427 1.0000000000
51046  26.489  -30.473  -27.027 0.8000000119
51048  25.167  -30.384  -27.902 0.8999999762
143817  24.266  -29.994  -28.771 1.0000000000
51060  23.844  -30.399  -28.820 1.0000000000
52113  24.962  -29.832  -28.481 0.8999999762
51068  23.197  -30.259  -29.481 1.0000000000
50118  22.761  -30.810  -29.912 1.0000000000
51074  22.332  -30.034  -31.158 1.0000000000
50147  22.425  -30.296  -32.166 0.8999999762
47186  27.022  -33.441  -31.207 0.6999999881
51082  22.325  -29.950  -31.785 0.8999999762
51094  22.826  -29.932  -32.399 0.8999999762
146202  27.549  -32.294  -31.460 0.6999999881
161907  25.953  -31.149  -31.114 0.6999999881
50144  24.529  -30.580  -31.989 0.6999999881
51081  25.651  -30.554  -31.506 0.6999999881
51093  23.760  -29.702  -32.565 0.8000000119
52152  23.788  -28.700  -32.818 0.8999999762
51092  24.853  -30.004  -32.165 0.6999999881
48058  26.414  -32.601  -20.780 0.5000000000
141646  27.861  -32.399  -21.126 0.6999999881
48057  27.143  -32.515  -20.901 0.5000000000
49098  29.057  -31.639  -22.288 0.6999999881
49099  28.773  -32.028  -21.750 0.6999999881
50027  29.156  -31.155  -22.901 0.6999999881
50011  29.045  -30.862  -22.283 0.6999999881
140048  29.233  -30.532  -23.376 0.6999999881
139624  29.074  -30.610  -23.987 0.6999999881
50065  28.795  -31.025  -24.468 0.6999999881
51006  28.561  -30.027  -25.108 0.8000000119
50077  27.896  -30.889  -25.599 0.8000000119
51021  27.609  -30.360  -26.059 0.8000000119
51045  26.986  -29.813  -26.928 0.8000000119
52092  28.003  -29.017  -26.246 0.8000000119
141624  27.297  -29.215  -27.093 0.8000000119
52104  26.350  -29.858  -27.465 0.8000000119
141608  25.650  -29.469  -28.509 0.8999999762
52124  24.393  -29.525  -29.182 0.8999999762
51067  23.720  -29.837  -29.307 1.0000000000
53118  27.449  -28.766  -27.613 0.8000000119
52111  26.977  -28.962  -28.110 0.8000000119
52133  22.652  -29.589  -30.748 1.0000000000
134404  23.731  -29.269  -29.937 1.0000000000
49232  28.339  -32.324  -32.778 0.6000000238
52140  22.483  -29.399  -31.471 1.0000000000
49223  27.527  -31.445  -31.334 0.6999999881
50143  27.357  -30.594  -31.453 0.6999999881
52153  23.072  -28.904  -32.464 0.8999999762
52139  22.866  -28.825  -31.902 1.0000000000
51080  26.498  -30.230  -31.588 0.6999999881
156126  26.360  -29.636  -32.088 0.8000000119
52151  24.662  -29.311  -32.645 0.8000000119
50963  29.055  -30.138  -22.368 0.6999999881
149432  29.199  -30.486  -22.775 0.6999999881
50990  29.260  -29.837  -23.916 0.6999999881
52059  29.399  -29.018  -24.313 0.6999999881
52075  29.026  -28.817  -25.094 0.6999999881
52076  28.449  -29.417  -25.560 0.8000000119
51020  28.119  -30.172  -25.585 0.8000000119
53109  27.702  -28.794  -26.859 0.8000000119
53108  28.254  -28.376  -26.592 0.8000000119
53128  27.932  -28.242  -28.122 0.8000000119
52122  26.026  -29.085  -29.039 0.8999999762
52123  25.202  -29.307  -29.148 0.8999999762
53130  26.809  -28.766  -28.819 0.8000000119
53141  25.488  -28.797  -29.936 0.8999999762
52131  24.597  -29.059  -29.876 0.8999999762
139716  28.433  -31.587  -32.583 0.6000000238
53149  26.021  -28.255  -30.399 0.8999999762
160899  24.676  -28.603  -30.487 0.8999999762
52132  23.025  -29.033  -30.926 1.0000000000
49231  28.857  -31.440  -33.210 0.6000000238
53162  23.321  -28.336  -31.591 0.8999999762
52148  27.701  -29.524  -32.222 0.6999999881
53172  23.722  -27.895  -32.503 0.8999999762
52150  25.625  -29.172  -32.650 0.8000000119
52167  24.702  -28.553  -33.012 0.8999999762
53189  24.022  -28.092  -32.898 0.8000000119
136567  29.326  -29.749  -23.013 0.6999999881
53091  28.588  -28.582  -25.884 0.6999999881
53090  29.217  -28.057  -25.458 0.6999999881
53107  28.831  -27.885  -26.283 0.6999999881
158822  27.278  -28.454  -28.916 0.8000000119
53140  26.408  -28.605  -29.620 0.8000000119
53139  27.148  -28.330  -29.465 0.8000000119
53148  27.142  -27.998  -30.096 0.8000000119
153984  23.866  -28.708  -30.665 0.8999999762
50142  28.046  -31.074  -31.883 0.6000000238
156649  26.703  -28.218  -30.055 0.8000000119
54216  26.119  -27.303  -31.379 0.8999999762
54205  24.601  -27.688  -31.663 0.8999999762
53151  24.160  -28.166  -31.207 0.8999999762
50152  28.558  -30.706  -32.507 0.6000000238
140119  27.923  -30.219  -31.890 0.6999999881
54226  24.330  -27.522  -32.285 0.8999999762
160051  27.504  -28.964  -32.687 0.6999999881
54240  24.427  -27.648  -32.733 0.8000000119
147073  26.837  -28.430  -33.227 0.6999999881
53187  25.962  -27.909  -33.633 0.8000000119
53068  29.653  -28.325  -23.538 0.6999999881
54136  29.745  -27.537  -24.962 0.6999999881
53138  27.758  -28.166  -28.966 0.8000000119
54195  27.679  -27.905  -29.760 0.8000000119
55254  27.007  -27.183  -31.232 0.8000000119
53160  25.594  -27.689  -31.160 0.8999999762
55256  25.275  -27.182  -31.983 0.8999999762
140669  28.900  -29.963  -32.749 0.6000000238
139275  28.326  -29.226  -32.610 0.6999999881
53186  28.582  -28.671  -32.924 0.6999999881
155832  25.026  -27.164  -32.586 0.8999999762
53203  27.425  -27.981  -33.615 0.6999999881
54239  25.137  -27.243  -33.114 0.8000000119
54254  26.991  -27.473  -34.100 0.6999999881
54255  26.245  -27.381  -33.986 0.8000000119
54256  25.590  -27.334  -33.637 0.8000000119
54269  27.277  -27.062  -34.406 0.8000000119
53077  29.846  -27.816  -24.137 0.6999999881
54135  29.953  -27.037  -24.518 0.6000000238
52182  29.396  -29.975  -33.371 0.6000000238
160135  26.940  -26.672  -31.770 0.8000000119
55268  26.503  -26.355  -32.221 0.8999999762
55269  25.729  -26.577  -32.520 0.8999999762
155356  29.549  -28.755  -33.317 0.6000000238
56278  25.872  -26.182  -33.031 0.8999999762
147642  27.859  -28.550  -33.036 0.8000000119
55282  25.486  -26.698  -33.034 0.8999999762
55292  25.903  -26.755  -34.020 0.8000000119
147072  27.897  -27.462  -34.010 0.6999999881
54270  26.584  -26.910  -34.361 0.8000000119
55304  26.346  -26.186  -34.385 0.8000000119
155975  29.007  -28.492  -33.122 0.6999999881
54252  29.845  -27.530  -33.632 0.5000000000
53202  28.364  -28.080  -33.385 0.6000000238
54253  28.860  -27.116  -34.043 0.6000000238
56286  26.026  -25.922  -33.532 0.8000000119
55301  29.239  -26.400  -34.518 0.6000000238
55302  28.445  -26.497  -34.728 0.6000000238
56297  27.700  -26.134  -35.134 0.6999999881
56311  27.206  -25.260  -35.189 0.8000000119
55305  25.959  -26.187  -33.956 0.8000000119
56309  28.906  -25.402  -35.542 0.6000000238
56264  26.794  -25.911  -32.576 0.8000000119
56276  26.972  -25.334  -33.085 0.8000000119
148502  26.421  -25.470  -33.570 0.8999999762
55291  29.889  -26.818  -33.906 0.6000000238
56285  26.422  -25.429  -34.224 0.8000000119
56310  28.023  -25.489  -35.545 0.6000000238
57214  27.349  -24.695  -33.529 0.8000000119
57218  26.802  -24.918  -33.743 0.8000000119
153118  30.345  -25.578  -34.642 0.6000000238
56295  29.491  -25.778  -34.922 0.6000000238
149162  26.749  -24.871  -34.462 0.8000000119
151102  26.989  -24.253  -34.935 0.6999999881
58222  27.334  -23.511  -34.687 0.8000000119
58247  28.790  -23.632  -36.575 0.6000000238
58234  27.490  -24.167  -35.825 0.6000000238
58249  27.420  -23.483  -35.638 0.6999999881
57235  30.010  -24.593  -35.763 0.6000000238
58232  29.385  -24.198  -36.301 0.6000000238
57213  28.204  -24.608  -33.265 0.8000000119
58210  27.761  -24.091  -33.756 0.8000000119
57223  31.525  -24.831  -34.899 0.5000000000
149347  27.161  -24.099  -34.106 0.8000000119
57234  30.955  -24.308  -35.567 0.6000000238
153532  30.628  -24.962  -35.074 0.6000000238
59280  27.316  -23.085  -35.189 0.6000000238
58231  31.543  -23.858  -35.721 0.5000000000
151491  30.216  -23.985  -36.166 0.6000000238
59297  28.212  -22.937  -36.521 0.6000000238
155828  30.380  -23.436  -36.455 0.6000000238
58246  29.666  -23.558  -36.618 0.6000000238
59296  29.142  -22.853  -36.894 0.6000000238
60253  28.380  -22.255  -36.822 0.6000000238
58217  28.137  -23.444  -33.903 0.8000000119
161690  27.531  -23.696  -34.062 0.8000000119
59264  28.118  -22.618  -34.169 0.8000000119
60224  28.025  -21.865  -34.435 0.6999999881
145265  27.635  -22.342  -34.605 0.6999999881
58245  30.962  -23.668  -36.098 0.6000000238
59298  27.498  -22.816  -35.864 0.6000000238
137057  27.312  -21.937  -35.853 0.6000000238
60237  27.323  -22.322  -35.276 0.6999999881
60250  31.422  -22.165  -36.678 0.5000000000
61128  27.693  -21.550  -36.535 0.6000000238
60251  30.607  -22.227  -36.874 0.5000000000
60252  29.766  -22.227  -37.072 0.6000000238
156744  29.059  -22.113  -37.064 0.6000000238
60264  31.045  -21.579  -37.003 0.5000000000
61106  28.585  -21.256  -34.372 0.6999999881
60225  27.531  -21.733  -34.736 0.6000000238
61116  27.256  -21.529  -35.333 0.6000000238
60230  27.396  -21.955  -34.923 0.6000000238
61129  27.177  -21.127  -35.905 0.6000000238
61112  27.354  -21.290  -34.992 0.6000000238
61141  30.717  -20.904  -37.143 0.5000000000
60266  29.413  -21.536  -37.170 0.6000000238
61143  28.921  -20.928  -37.217 0.6000000238
60267  28.556  -21.563  -37.029 0.6000000238
62048  27.411  -20.655  -36.460 0.6000000238
62035  27.230  -19.963  -35.810 0.6000000238
61142  29.837  -20.802  -37.255 0.6000000238
62062  29.168  -20.360  -37.345 0.6000000238
62061  31.153  -20.287  -37.216 0.5000000000
62988  30.649  -19.578  -37.339 0.5000000000
146203  31.341  -18.868  -37.340 0.4000000060
63949  30.306  -18.640  -37.630 0.5000000000
61107  27.757  -21.222  -34.688 0.6000000238
62020  27.509  -20.609  -34.977 0.6000000238
62063  28.488  -20.382  -37.275 0.6000000238
62028  27.426  -20.014  -35.355 0.6000000238
62990  28.748  -19.677  -37.566 0.6000000238
63951  28.294  -18.810  -37.795 0.6000000238
62989  29.781  -19.373  -37.616 0.5000000000
63950  29.229  -18.850  -37.910 0.6000000238
63957  29.500  -18.068  -38.147 0.5000000000
136889  31.072  -17.320  -37.618 0.4000000060
64924  30.360  -17.727  -37.906 0.4000000060
62976  27.340  -19.269  -36.858 0.6000000238
62961  27.319  -19.322  -36.252 0.5000000000
62952  27.711  -19.500  -35.305 0.5000000000
62027  27.874  -19.968  -34.942 0.5000000000
62064  27.735  -20.014  -37.027 0.6000000238
63936  27.334  -18.638  -36.725 0.5000000000
63958  28.741  -18.273  -38.135 0.6000000238
64931  29.678  -17.331  -38.400 0.4000000060
62951  28.438  -19.277  -34.991 0.4000000060
63952  27.513  -18.541  -37.398 0.6000000238
64925  27.392  -17.835  -37.745 0.5000000000
64932  28.704  -17.517  -38.572 0.4000000060
63959  27.993  -18.092  -38.064 0.6000000238
64933  27.700  -17.417  -38.294 0.6000000238
134446  27.376  -17.918  -37.195 0.4000000060
159080  29.257  -17.060  -38.699 0.4000000060
67080  28.472  -16.116  -39.108 0.4000000060
64911  27.389  -17.396  -37.042 0.4000000060
65993  27.987  -16.792  -38.834 0.4000000060
64926  27.268  -17.146  -37.708 0.4000000060
67079  30.063  -15.864  -38.719 0.4000000060
65995  27.402  -16.453  -38.660 0.4000000060
64892  29.248  -18.019  -35.163 0.4000000060
64904  28.292  -17.504  -35.915 0.4000000060
65986  27.236  -16.488  -37.683 0.4000000060
146804  28.886  -15.519  -39.264 0.4000000060
67083  27.631  -16.057  -38.967 0.4000000060
149628  27.385  -15.360  -38.846 0.4000000060
65994  27.215  -16.449  -38.139 0.4000000060
65965  28.925  -16.976  -35.830 0.4000000060
65966  28.266  -16.867  -36.291 0.4000000060
65974  27.656  -16.817  -36.820 0.4000000060
68206  27.623  -14.594  -39.277 0.3000000119
67076  27.188  -15.810  -37.913 0.4000000060
144586  27.529  -16.136  -37.265 0.4000000060
148680  28.939  -16.277  -36.213 0.4000000060
67052  28.219  -16.162  -36.686 0.4000000060
41157  21.186  -39.113  -31.262 0.8000000119
41145  22.023  -39.157  -30.394 0.8999999762
41144  23.062  -39.016  -29.708 0.8999999762
148274  22.191  -39.885  -30.230 0.8999999762
40156  22.939  -39.705  -29.779 0.8999999762
41104  27.072  -39.416  -26.048 0.8999999762
42034  27.014  -38.247  -26.306 1.0000000000
42025  27.345  -37.882  -25.742 1.0000000000
40145  24.794  -39.712  -28.374 0.8999999762
40136  25.901  -39.922  -27.395 0.8999999762
140064  26.170  -38.280  -27.357 0.8999999762
149280  26.992  -37.511  -26.476 1.0000000000
40154  24.191  -39.583  -28.894 0.8999999762
150424  25.686  -39.325  -27.647 0.8999999762
42054  25.054  -38.162  -28.296 0.8999999762
42035  26.590  -38.261  -26.844 1.0000000000
41143  23.858  -38.822  -29.150 0.8999999762
42992  25.407  -37.232  -28.148 0.8999999762
63926  27.449  -18.735  -36.167 0.4000000060
63935  27.424  -18.062  -36.618 0.4000000060
63912  27.896  -18.805  -35.554 0.4000000060
63911  28.643  -18.584  -35.224 0.4000000060
34090  24.840  -44.929  -19.989 0.8999999762
147858  25.824  -44.037  -22.319 1.0000000000
34180  25.063  -45.869  -25.208 0.8000000119
35148  22.295  -44.551  -19.445 0.8999999762
36201  25.592  -43.453  -20.638 1.0000000000
34190  25.115  -45.141  -25.311 0.8000000119
38096  25.730  -41.508  -19.950 0.8999999762
37261  26.012  -42.575  -24.620 0.8999999762
36292  25.471  -43.678  -25.093 0.8000000119
142723  24.879  -43.117  -27.139 0.8000000119
37297  24.296  -43.022  -27.899 0.8000000119
39051  27.127  -41.170  -23.281 1.0000000000
38207  24.991  -41.931  -27.670 0.8999999762
38218  23.969  -41.615  -28.560 0.8000000119
40155  23.638  -40.293  -29.201 0.8999999762
39087  26.793  -40.640  -25.644 0.8999999762
41133  24.600  -38.962  -28.583 0.8999999762
40010  23.678  -39.799  -19.340 0.8999999762
40030  22.898  -39.752  -19.528 1.0000000000
41978  20.895  -37.962  -22.746 0.6000000238
42013  19.687  -37.588  -24.481 0.4000000060
42955  20.140  -37.255  -24.117 0.4000000060
41093  27.716  -39.142  -24.627 1.0000000000
145554  26.804  -38.876  -26.495 0.8999999762
41168  21.046  -39.191  -31.647 0.6999999881
43025  21.689  -36.783  -31.852 0.8000000119
41916  25.548  -38.520  -19.721 0.8999999762
42069  23.167  -38.401  -29.618 0.8999999762
41181  23.571  -38.753  -32.478 0.6000000238
42893  22.969  -37.229  -20.986 0.6999999881
141126  20.624  -36.816  -23.841 0.4000000060
42055  24.368  -38.346  -28.798 0.8999999762
148906  21.992  -35.835  -30.174 0.8999999762
141273  21.409  -35.561  -31.058 0.8999999762
147989  24.539  -36.796  -32.018 0.6999999881
44141  23.720  -36.203  -32.045 0.6999999881
137657  24.373  -37.367  -20.108 0.8000000119
45107  27.272  -35.574  -26.327 1.0000000000
42045  25.834  -37.827  -27.782 0.8999999762
44093  25.009  -36.547  -28.409 0.8999999762
42993  24.740  -37.275  -28.548 0.8999999762
45143  21.834  -35.155  -30.258 0.8999999762
43989  27.150  -36.821  -20.495 0.8000000119
45036  22.349  -35.734  -22.335 0.5000000000
44005  28.380  -36.516  -22.215 1.0000000000
139595  22.615  -34.664  -29.522 0.8999999762
45022  27.456  -35.613  -20.724 0.6999999881
46075  28.680  -34.629  -21.994 0.8000000119
45050  28.730  -35.303  -22.432 0.8999999762
47176  25.495  -33.759  -31.013 0.6999999881
48204  22.354  -33.047  -31.606 0.8999999762
149461  23.368  -33.362  -32.073 0.8000000119
45023  23.594  -35.518  -21.129 0.6000000238
143634  26.092  -35.137  -20.321 0.8000000119
46047  24.740  -34.940  -20.607 0.6000000238
46074  28.953  -34.007  -22.358 0.6999999881
47072  29.047  -33.548  -22.780 0.6999999881
47131  27.160  -33.106  -26.242 1.0000000000
47156  23.737  -33.335  -28.696 1.0000000000
46060  24.373  -34.215  -20.866 0.6000000238
46062  23.208  -34.825  -21.415 0.5000000000
47056  28.933  -33.274  -22.105 0.6999999881
48140  27.511  -32.638  -25.730 0.8999999762
156666  24.097  -33.649  -21.023 0.5000000000
150232  29.104  -32.054  -23.078 0.6999999881
50135  22.220  -30.582  -31.703 0.8999999762
49083  25.926  -32.064  -20.892 0.5000000000
139671  28.394  -32.358  -21.413 0.6999999881
51047  25.844  -30.443  -27.473 0.8999999762
52093  27.510  -29.397  -26.591 0.8000000119
52103  26.886  -29.316  -27.539 0.8000000119
52168  23.449  -28.258  -32.641 0.8999999762
49082  26.631  -31.983  -20.953 0.5000000000
49080  28.178  -31.703  -21.407 0.6999999881
52060  28.992  -29.584  -24.772 0.6999999881
52112  26.335  -29.313  -28.171 0.8999999762
52149  26.722  -29.155  -32.540 0.8000000119
52166  25.746  -28.496  -33.161 0.8000000119
52043  29.498  -29.043  -23.606 0.6999999881
151640  29.545  -28.286  -24.631 0.6999999881
54194  28.371  -27.709  -28.591 0.8000000119
158341  29.638  -28.490  -24.015 0.6999999881
55255  26.227  -26.856  -31.871 0.8999999762
53067  29.748  -27.743  -23.571 0.6000000238
54268  27.855  -26.826  -34.590 0.6999999881
56265  26.228  -26.122  -32.661 0.8999999762
161956  27.483  -24.837  -35.579 0.6999999881
57237  28.240  -24.895  -35.908 0.6000000238
58233  28.458  -24.287  -36.268 0.6000000238
58235  27.199  -23.680  -35.218 0.8000000119
60254  27.777  -22.308  -36.325 0.6000000238
59271  27.467  -22.725  -34.807 0.6999999881
59295  30.090  -22.903  -36.775 0.6000000238
61144  28.019  -20.876  -37.004 0.6000000238
60265  30.246  -21.548  -37.108 0.6000000238
62049  27.249  -19.934  -36.381 0.6000000238
63924  28.425  -18.094  -35.568 0.4000000060
63925  27.762  -18.104  -36.018 0.4000000060
64902  29.564  -17.248  -35.402 0.4000000060
150763  27.107  -15.354  -38.395 0.4000000060
135848  23.603  -39.488  -29.356 0.8999999762
25097  23.136  -53.472  -20.121 0.4000000060
26040  22.057  -52.921  -19.536 0.4000000060
25084  20.872  -53.507  -19.323 0.4000000060
26059  24.025  -52.385  -20.887 0.4000000060
135867  21.700  -52.160  -19.464 0.4000000060
137185  20.928  -52.085  -19.446 0.4000000060
142007  24.453  -51.147  -21.356 0.3000000119
27021  22.928  -51.842  -19.886 0.4000000060
157744  24.986  -50.820  -22.302 0.4000000060
27985  25.341  -50.774  -22.921 0.4000000060
28927  25.505  -49.727  -23.753 0.4000000060
28947  25.843  -49.346  -24.983 0.4000000060
137546  21.340  -51.437  -19.476 0.5000000000
135522  20.513  -51.429  -19.647 0.4000000060
154742  23.433  -51.416  -20.114 0.4000000060
27003  22.794  -51.043  -19.693 0.4000000060
27973  24.683  -50.519  -21.760 0.5000000000
143532  25.021  -50.189  -22.502 0.4000000060
28928  25.274  -49.308  -23.446 0.4000000060
158649  25.473  -48.596  -25.027 0.5000000000
143805  25.182  -47.934  -25.418 0.5000000000
32053  24.710  -47.226  -26.493 0.6000000238
30943  24.820  -47.817  -26.901 0.5000000000
30954  24.573  -47.934  -27.585 0.6000000238
32075  23.782  -47.232  -27.886 0.4000000060
138364  21.628  -50.338  -19.448 0.5000000000
27951  20.361  -50.803  -19.874 0.5000000000
27967  19.903  -50.590  -20.384 0.5000000000
27975  19.317  -50.741  -20.910 0.5000000000
27965  23.635  -50.714  -20.137 0.6000000238
27966  23.069  -50.415  -19.633 0.6000000238
28895  24.052  -49.992  -20.434 0.5000000000
29854  24.364  -49.310  -20.686 0.6000000238
28908  24.478  -49.906  -21.235 0.5000000000
29865  24.881  -49.040  -22.325 0.5000000000
29871  25.085  -48.897  -23.058 0.4000000060
29900  25.353  -48.477  -24.310 0.6000000238
32027  25.033  -47.316  -25.203 0.6000000238
32041  24.880  -47.187  -25.853 0.6000000238
33160  24.511  -46.593  -26.730 0.6000000238
33161  24.071  -46.546  -27.351 0.6000000238
34226  23.508  -45.152  -28.007 0.6000000238
32066  24.366  -47.320  -27.257 0.6000000238
33173  23.481  -46.505  -27.999 0.6000000238
34237  22.408  -45.682  -28.783 0.6000000238
28880  21.938  -49.701  -19.398 0.5000000000
28882  20.485  -50.205  -19.902 0.5000000000
28898  20.084  -49.707  -20.454 0.5000000000
28910  19.093  -50.175  -21.358 0.5000000000
28896  23.540  -49.954  -19.779 0.6000000238
28879  22.844  -49.824  -19.461 0.6000000238
136167  24.639  -49.199  -21.506 0.6000000238
29841  24.251  -48.602  -20.169 0.6000000238
29853  24.558  -48.719  -20.939 0.6000000238
30885  25.022  -48.404  -22.642 0.6000000238
30904  25.256  -47.978  -23.904 0.6000000238
34202  24.699  -45.983  -26.320 0.6000000238
35286  22.892  -44.883  -28.489 0.6000000238
154521  22.428  -44.309  -28.962 0.6999999881
28897  20.700  -49.510  -19.848 0.6000000238
28909  19.550  -49.579  -21.105 0.5000000000
28915  19.108  -49.474  -21.649 0.5000000000
29843  23.376  -49.262  -19.506 0.6000000238
29829  22.650  -49.090  -19.344 0.6000000238
142455  21.293  -49.387  -19.542 0.6000000238
29866  19.130  -48.915  -21.903 0.5000000000
30867  18.948  -48.450  -22.409 0.5000000000
30843  23.272  -48.469  -19.352 0.6000000238
139693  25.075  -47.798  -22.190 0.6000000238
36332  23.110  -43.927  -28.538 0.6999999881
30832  21.314  -48.324  -19.633 0.6000000238
30844  20.789  -48.273  -20.053 0.6000000238
30845  20.296  -48.278  -20.580 0.6000000238
155501  22.520  -48.419  -19.289 0.6000000238
142921  20.597  -47.632  -20.328 0.6000000238
135329  20.196  -47.648  -20.931 0.6000000238
30865  19.836  -47.699  -21.591 0.6000000238
30886  19.102  -47.729  -22.917 0.6000000238
31936  22.410  -47.144  -19.342 0.6000000238
30905  18.169  -47.778  -23.594 0.5000000000
30841  24.335  -47.891  -19.965 0.6000000238
32018  18.566  -47.324  -24.094 0.6000000238
36342  22.304  -43.625  -29.229 0.6999999881
149692  21.159  -47.693  -19.828 0.6000000238
31966  20.120  -47.009  -21.322 0.6000000238
33026  22.856  -46.483  -19.291 0.6000000238
31937  21.579  -47.087  -19.614 0.6000000238
31949  20.471  -47.000  -20.672 0.6000000238
31983  19.779  -47.093  -22.004 0.6000000238
31984  19.470  -47.172  -22.676 0.6000000238
31935  23.282  -47.201  -19.245 0.6000000238
33105  19.511  -46.607  -23.025 0.6000000238
31946  24.025  -47.371  -19.532 0.6000000238
31965  24.947  -46.990  -20.947 0.6000000238
37314  22.749  -42.349  -29.265 0.6999999881
38225  22.437  -41.665  -29.668 0.6999999881
33025  23.730  -46.565  -19.339 0.6000000238
34093  21.051  -45.819  -20.307 0.6999999881
33041  20.392  -46.365  -21.028 0.6999999881
39126  22.082  -41.024  -30.058 0.6999999881
34076  21.645  -45.781  -19.787 0.6999999881
140712  23.278  -45.814  -19.247 0.6999999881
139729  22.408  -45.781  -19.388 0.6999999881
34111  20.789  -45.298  -20.744 0.6999999881
34112  20.404  -45.655  -21.273 0.6999999881
33087  19.715  -46.615  -22.415 0.6000000238
33104  19.768  -45.927  -22.633 0.6999999881
34152  19.891  -45.084  -22.736 0.6000000238
34153  19.551  -45.480  -23.295 0.5000000000
41146  21.448  -39.786  -30.892 0.8000000119
34075  21.975  -45.123  -19.604 0.6999999881
34092  21.307  -45.158  -20.134 0.6999999881
35179  20.997  -44.558  -20.609 0.6999999881
35180  20.493  -44.756  -21.402 0.6999999881
35244  18.898  -45.032  -24.593 0.5000000000
36232  20.406  -43.952  -21.894 0.6999999881
134479  20.129  -43.935  -22.656 0.6000000238
36254  19.824  -44.022  -23.352 0.6000000238
54214  27.932  -27.159  -30.824 0.6999999881
54175  28.579  -27.793  -27.037 0.6999999881
53117  28.060  -28.289  -27.320 0.6999999881
140780  28.264  -27.627  -29.369 0.6999999881
54164  29.095  -27.283  -26.752 0.6000000238
153439  28.663  -27.247  -29.722 0.6999999881
55253  28.494  -26.659  -31.066 0.6999999881
156922  27.672  -26.707  -31.476 0.6999999881
55267  27.297  -26.259  -32.054 0.6999999881
54148  29.462  -27.249  -25.883 0.6000000238
54174  28.963  -27.276  -27.507 0.6000000238
54184  28.894  -27.259  -28.271 0.6999999881
55244  29.181  -26.743  -29.663 0.6999999881
55185  29.885  -26.473  -25.929 0.6000000238
55266  28.282  -26.161  -31.798 0.6999999881
56275  27.879  -25.198  -32.954 0.6999999881
55204  29.537  -26.763  -26.515 0.6000000238
55216  29.389  -26.709  -27.173 0.6000000238
55225  29.696  -26.204  -28.329 0.6000000238
140094  29.174  -26.479  -30.570 0.6999999881
157841  29.133  -25.338  -32.293 0.6999999881
56274  28.730  -25.066  -32.774 0.6999999881
55203  29.936  -26.044  -26.657 0.6000000238
55215  29.761  -26.178  -27.564 0.6000000238
56235  30.066  -25.625  -28.676 0.5000000000
55234  29.684  -26.179  -29.142 0.6000000238
56260  30.007  -25.391  -31.398 0.5000000000
145637  29.672  -25.291  -32.007 0.6999999881
57211  29.949  -24.445  -32.795 0.6999999881
58216  28.991  -23.527  -33.646 0.6999999881
160853  30.619  -13.242  -38.653 0.3000000119
69282  30.383  -13.749  -38.793 0.3000000119
145118  29.321  -16.021  -39.025 0.3000000119
25098  22.463  -53.622  -19.698 0.4000000060
155157  20.524  -54.192  -19.269 0.3000000119
146570  19.837  -54.249  -19.326 0.4000000060
25104  23.999  -53.186  -20.949 0.3000000119
25099  19.375  -53.196  -19.702 0.4000000060
27043  25.150  -51.420  -22.443 0.4000000060
26043  19.842  -52.662  -19.637 0.4000000060
145663  25.717  -51.115  -23.482 0.4000000060
161505  26.230  -49.945  -25.046 0.4000000060
29907  26.270  -49.603  -25.637 0.4000000060
30930  25.415  -48.353  -25.884 0.5000000000
30963  24.251  -48.203  -28.235 0.4000000060
27024  18.646  -52.081  -20.826 0.4000000060
32076  23.117  -47.247  -28.402 0.5000000000
143762  18.487  -51.169  -21.433 0.5000000000
35297  22.015  -44.923  -29.122 0.6000000238
28916  18.705  -49.877  -21.832 0.5000000000
29867  18.621  -49.272  -22.156 0.5000000000
29873  17.470  -49.216  -22.858 0.5000000000
150188  21.675  -44.178  -29.546 0.6000000238
30888  17.767  -48.419  -23.140 0.5000000000
30920  17.149  -47.774  -24.185 0.4000000060
150306  22.120  -42.876  -29.552 0.6999999881
158271  18.969  -46.787  -24.639 0.5000000000
38226  21.536  -41.606  -30.332 0.6999999881
34181  19.007  -45.836  -24.489 0.5000000000
39139  21.268  -40.993  -30.713 0.8000000119
40168  21.163  -40.382  -31.090 0.6999999881
148965  18.274  -45.008  -25.099 0.5000000000
140687  19.299  -44.300  -24.037 0.6000000238
50012  28.751  -31.278  -21.837 0.6000000238
148452  28.743  -30.550  -21.974 0.6000000238
54147  29.949  -26.782  -25.236 0.6000000238
157396  30.067  -25.616  -27.252 0.5000000000
56230  30.070  -25.628  -27.912 0.5000000000
57184  30.603  -24.944  -29.773 0.5000000000
56250  30.247  -25.403  -30.474 0.5000000000
143340  30.630  -24.153  -32.430 0.5000000000
58208  30.276  -23.787  -33.043 0.5000000000
157922  29.669  -22.494  -33.783 0.5000000000
161601  30.647  -12.629  -38.787 0.3000000119
70317  30.249  -13.054  -39.036 0.3000000119
68204  29.433  -14.417  -39.301 0.3000000119
138585  24.743  -46.640  -20.289 0.6000000238
159853  24.764  -47.480  -20.796 0.6000000238
139552  24.811  -48.413  -21.681 0.6000000238
36216  20.784  -43.930  -21.143 0.8000000119
35285  23.617  -44.519  -28.051 0.6999999881
37309  22.953  -43.092  -28.914 0.6999999881
39125  22.993  -41.027  -29.436 0.6999999881
56263  27.610  -25.745  -32.482 0.6999999881
59263  28.932  -22.886  -33.845 0.6000000238
68202  29.605  -15.199  -39.160 0.3000000119
40157  21.752  -40.411  -30.449 0.8000000119
39152  21.012  -40.944  -31.162 0.6999999881
54193  28.817  -27.239  -29.058 0.6999999881
26053  23.083  -52.610  -20.032 0.4000000060
27020  23.553  -52.095  -20.330 0.4000000060
27028  24.506  -51.912  -21.465 0.3000000119
27974  24.243  -50.622  -20.928 0.5000000000
27005  19.782  -51.887  -19.978 0.5000000000
145253  25.752  -48.764  -27.104 0.3000000119
30964  23.511  -47.866  -28.377 0.4000000060
27031  18.273  -51.858  -21.312 0.5000000000
35218  19.655  -44.740  -23.390 0.6000000238
55252  29.011  -26.222  -31.241 0.6999999881
55226  29.291  -26.715  -27.931 0.6999999881
55235  29.263  -26.728  -28.725 0.6999999881
55243  29.691  -26.060  -30.026 0.6999999881
56243  30.128  -25.570  -29.504 0.5000000000
56251  29.602  -25.893  -30.902 0.6999999881
57202  29.498  -24.958  -32.527 0.6999999881
57212  29.099  -24.551  -33.060 0.6999999881
57175  30.509  -25.024  -28.975 0.5000000000
57201  30.232  -24.802  -32.016 0.5000000000
58215  29.840  -23.211  -33.568 0.5000000000
144196  29.507  -23.993  -33.358 0.6999999881
56224  30.193  -25.320  -26.769 0.5000000000
150307  30.754  -24.772  -30.468 0.5000000000
57192  31.114  -24.161  -30.852 0.5000000000
59258  30.633  -23.080  -33.115 0.5000000000
37316  21.113  -42.174  -30.540 0.6000000238
38235  21.046  -41.605  -30.925 0.6000000238
40191  22.447  -40.161  -32.372 0.5000000000
38247  20.939  -41.661  -31.322 0.6000000238
39163  21.130  -40.897  -31.561 0.6000000238
143305  24.322  -39.517  -32.068 0.5000000000
144869  23.132  -39.531  -32.433 0.5000000000
40192  21.552  -39.502  -32.146 0.6000000238
38160  18.851  -41.560  -23.997 0.5000000000
41183  21.279  -38.826  -32.073 0.6000000238
143758  25.374  -39.511  -31.870 0.5000000000
41179  25.819  -38.879  -31.837 0.5000000000
39068  19.161  -40.896  -23.732 0.4000000060
38172  18.342  -41.465  -24.668 0.4000000060
153832  18.582  -40.291  -24.661 0.4000000060
41180  24.826  -38.844  -32.029 0.5000000000
42100  26.270  -38.212  -31.901 0.5000000000
136507  25.341  -38.279  -31.927 0.5000000000
40112  18.429  -40.044  -25.370 0.4000000060
41095  18.612  -39.196  -25.625 0.4000000060
45051  21.830  -35.678  -22.787 0.4000000060
45052  21.257  -35.669  -23.234 0.4000000060
44034  20.958  -36.259  -23.564 0.4000000060
44035  20.446  -36.205  -24.083 0.3000000119
134853  24.472  -32.478  -21.060 0.4000000060
48061  24.249  -33.065  -21.025 0.4000000060
46076  22.613  -34.475  -21.849 0.4000000060
46077  22.139  -34.958  -22.408 0.4000000060
49085  24.240  -31.810  -21.240 0.4000000060
47058  22.460  -33.652  -21.755 0.4000000060
141924  21.495  -35.043  -22.927 0.4000000060
137139  22.130  -34.206  -22.162 0.4000000060
156459  20.973  -35.116  -23.345 0.4000000060
45068  20.696  -35.590  -23.720 0.4000000060
48062  23.481  -33.293  -21.262 0.4000000060
47042  23.054  -33.973  -21.460 0.4000000060
49084  25.092  -32.095  -20.964 0.4000000060
141063  23.845  -32.524  -21.228 0.4000000060
153954  23.229  -32.574  -21.402 0.4000000060
48079  22.784  -32.991  -21.530 0.4000000060
49100  22.647  -32.152  -21.648 0.4000000060
152435  22.048  -32.833  -21.921 0.4000000060
46092  21.626  -34.324  -22.602 0.4000000060
49101  21.857  -31.901  -22.005 0.4000000060
48093  20.958  -32.741  -22.678 0.4000000060
46093  21.024  -34.475  -23.121 0.4000000060
49081  27.356  -31.843  -21.119 0.4000000060
50001  24.864  -31.317  -21.190 0.4000000060
50002  24.304  -31.115  -21.386 0.4000000060
50003  23.716  -31.259  -21.523 0.4000000060
49999  26.739  -31.328  -21.154 0.4000000060
157001  26.175  -31.544  -21.034 0.4000000060
148000  25.316  -30.902  -21.242 0.4000000060
50957  24.006  -30.647  -21.624 0.4000000060
50958  23.411  -30.757  -21.743 0.4000000060
50013  22.925  -31.316  -21.715 0.4000000060
159455  22.377  -31.594  -21.824 0.4000000060
50014  22.116  -31.047  -21.973 0.4000000060
49102  21.158  -32.007  -22.397 0.4000000060
49997  28.195  -30.879  -21.654 0.5000000000
50954  26.767  -30.633  -21.423 0.5000000000
50955  25.467  -30.340  -21.460 0.4000000060
52002  24.966  -29.828  -21.731 0.4000000060
50966  24.309  -30.119  -21.736 0.4000000060
50953  27.492  -30.307  -21.674 0.5000000000
147893  26.162  -30.191  -21.540 0.4000000060
51999  27.127  -29.574  -21.868 0.4000000060
52012  26.651  -28.973  -22.034 0.4000000060
52013  25.775  -29.090  -21.984 0.4000000060
160266  25.350  -29.443  -21.851 0.4000000060
53040  24.358  -28.619  -22.315 0.4000000060
53037  26.935  -28.322  -22.271 0.4000000060
54105  26.642  -27.176  -22.791 0.4000000060
140887  26.406  -27.812  -22.513 0.4000000060
54090  25.773  -27.943  -22.497 0.4000000060
54107  24.973  -27.368  -22.844 0.4000000060
52009  29.050  -29.395  -22.496 0.5000000000
53036  28.334  -28.422  -22.398 0.5000000000
152934  27.619  -28.215  -22.371 0.4000000060
55143  26.071  -26.685  -23.090 0.4000000060
54106  25.767  -27.357  -22.784 0.4000000060
56151  24.811  -26.261  -23.389 0.3000000119
52029  29.359  -28.847  -22.998 0.5000000000
52011  27.609  -28.899  -22.133 0.5000000000
53038  26.137  -28.413  -22.251 0.4000000060
53039  25.288  -28.399  -22.311 0.4000000060
54092  24.722  -27.927  -22.608 0.4000000060
54091  25.296  -27.787  -22.617 0.4000000060
54087  28.833  -27.901  -22.681 0.5000000000
54088  28.029  -27.744  -22.589 0.5000000000
54089  27.196  -27.709  -22.545 0.4000000060
55142  26.876  -26.543  -23.068 0.4000000060
55144  25.265  -26.794  -23.111 0.3000000119
54102  29.559  -27.314  -23.378 0.5000000000
54104  28.527  -27.214  -22.836 0.5000000000
143890  27.575  -27.035  -22.835 0.4000000060
56149  26.358  -26.104  -23.422 0.4000000060
56150  25.578  -26.202  -23.432 0.3000000119
55159  29.661  -26.678  -23.712 0.5000000000
54123  29.850  -27.216  -23.912 0.4000000060
56147  27.928  -25.969  -23.350 0.3000000119
158501  27.541  -26.405  -23.123 0.4000000060
56173  26.680  -25.524  -23.723 0.4000000060
56174  25.885  -25.613  -23.752 0.3000000119
57104  24.677  -25.114  -23.986 0.3000000119
56176  24.381  -25.688  -23.645 0.3000000119
55160  29.318  -26.213  -23.639 0.3000000119
155237  29.935  -26.636  -24.197 0.4000000060
55173  30.022  -26.235  -24.773 0.4000000060
140274  30.096  -25.893  -25.882 0.4000000060
56172  27.519  -25.465  -23.676 0.3000000119
57103  25.433  -25.082  -24.060 0.3000000119
56175  25.127  -25.674  -23.722 0.3000000119
57105  23.848  -25.106  -23.856 0.3000000119
161177  23.272  -24.906  -23.867 0.3000000119
56146  28.736  -26.050  -23.377 0.3000000119
57125  25.015  -24.633  -24.433 0.3000000119
57126  24.279  -24.620  -24.353 0.3000000119
152960  23.462  -24.451  -24.275 0.3000000119
56169  29.788  -26.005  -24.123 0.3000000119
56199  30.104  -25.526  -25.350 0.3000000119
56213  30.190  -25.348  -26.127 0.4000000060
57156  30.384  -24.955  -27.325 0.4000000060
57165  30.453  -25.022  -28.196 0.4000000060
57174  30.950  -24.388  -29.251 0.4000000060
57193  30.584  -24.837  -31.156 0.4000000060
57106  22.680  -24.682  -23.850 0.3000000119
57099  28.897  -24.997  -24.044 0.3000000119
56171  28.390  -25.475  -23.664 0.3000000119
56170  29.174  -25.634  -23.825 0.3000000119
57098  29.586  -25.259  -24.350 0.3000000119
151668  29.913  -24.853  -24.991 0.3000000119
57145  30.316  -24.716  -26.499 0.3000000119
57155  30.759  -24.284  -27.749 0.4000000060
58161  30.853  -23.515  -27.449 0.3000000119
147696  31.111  -23.885  -28.823 0.4000000060
57183  31.065  -24.307  -30.008 0.4000000060
58182  31.633  -23.302  -30.877 0.4000000060
59247  31.521  -23.132  -31.721 0.4000000060
58197  31.078  -23.657  -32.082 0.4000000060
58207  30.814  -23.558  -32.661 0.4000000060
58169  31.026  -23.701  -28.193 0.3000000119
141168  31.303  -23.277  -28.708 0.3000000119
58183  31.415  -23.727  -30.241 0.4000000060
59238  31.860  -22.556  -31.329 0.4000000060
59257  31.204  -22.942  -32.498 0.4000000060
61103  30.977  -21.021  -33.156 0.4000000060
60221  30.668  -21.744  -33.348 0.4000000060
61105  29.504  -21.231  -34.029 0.4000000060
60223  28.984  -22.021  -34.039 0.5000000000
59216  31.100  -22.891  -27.992 0.3000000119
59226  31.606  -22.877  -29.240 0.3000000119
59225  31.708  -23.093  -30.005 0.3000000119
59233  31.951  -22.525  -30.520 0.4000000060
60198  31.873  -21.882  -31.723 0.4000000060
61093  31.830  -21.324  -32.006 0.4000000060
60210  31.669  -21.763  -32.324 0.4000000060
61094  31.605  -20.976  -32.525 0.3000000119
62016  30.625  -20.374  -33.562 0.4000000060
62017  29.884  -20.518  -33.996 0.3000000119
62018  29.064  -20.603  -34.341 0.3000000119
62950  29.321  -19.439  -34.545 0.3000000119
62026  28.695  -19.976  -34.631 0.3000000119
60171  31.621  -22.180  -29.020 0.3000000119
60170  31.815  -21.648  -29.502 0.3000000119
60183  31.978  -21.793  -30.229 0.3000000119
61086  31.981  -21.270  -31.436 0.3000000119
148022  31.886  -20.726  -31.878 0.3000000119
62005  31.789  -20.041  -32.305 0.3000000119
62936  31.533  -19.481  -32.869 0.3000000119
62945  30.961  -19.607  -33.446 0.3000000119
62946  30.128  -19.685  -33.998 0.3000000119
63910  29.964  -18.904  -34.389 0.3000000119
63901  30.678  -18.940  -33.875 0.3000000119
61053  31.651  -20.974  -29.350 0.3000000119
61080  32.015  -21.190  -30.716 0.3000000119
155482  31.942  -20.133  -31.619 0.3000000119
62935  31.815  -19.288  -32.340 0.3000000119
156416  31.704  -18.786  -32.719 0.3000000119
63889  31.318  -18.885  -33.324 0.3000000119
63900  31.109  -18.249  -33.734 0.3000000119
150110  29.830  -18.311  -34.722 0.3000000119
141381  29.240  -18.747  -34.845 0.3000000119
63909  30.474  -18.284  -34.303 0.3000000119
65964  29.692  -16.402  -35.713 0.3000000119
50965  27.962  -29.677  -21.956 0.5000000000
50964  28.694  -29.867  -22.099 0.5000000000
139252  21.428  -42.665  -30.160 0.6000000238
36351  20.796  -42.839  -30.737 0.5000000000
37324  20.798  -42.303  -31.017 0.5000000000
154863  22.359  -42.174  -32.229 0.5000000000
156208  21.395  -42.085  -31.908 0.5000000000
40188  25.890  -40.157  -31.847 0.5000000000
38259  23.936  -41.458  -31.983 0.5000000000
38260  22.786  -41.557  -32.206 0.5000000000
36253  19.991  -43.343  -23.104 0.6000000238
36268  19.497  -43.381  -23.757 0.6000000238
37248  19.384  -42.593  -23.781 0.6000000238
37262  18.960  -42.981  -24.182 0.5000000000
37264  17.995  -42.641  -24.828 0.5000000000
38173  17.874  -41.935  -25.156 0.5000000000
38185  17.951  -41.219  -25.527 0.4000000060
39088  18.112  -40.555  -25.951 0.4000000060
40121  18.271  -39.873  -26.367 0.4000000060
41114  18.368  -39.183  -26.810 0.4000000060
44051  20.012  -36.292  -24.664 0.3000000119
45084  20.132  -35.475  -24.367 0.4000000060
47074  20.507  -33.244  -23.149 0.4000000060
46110  20.459  -34.755  -23.734 0.4000000060
144581  20.617  -32.106  -22.830 0.4000000060
50967  23.583  -30.044  -21.890 0.4000000060
138152  21.280  -31.261  -22.251 0.4000000060
158108  20.711  -31.130  -22.566 0.4000000060
50968  22.815  -30.505  -21.901 0.4000000060
50969  22.110  -30.192  -22.121 0.4000000060
52015  23.500  -29.110  -22.209 0.4000000060
52017  22.029  -29.337  -22.344 0.4000000060
54108  24.396  -27.501  -22.830 0.4000000060
55145  24.432  -26.904  -23.072 0.4000000060
54093  24.063  -27.957  -22.649 0.4000000060
56152  24.082  -26.257  -23.323 0.3000000119
153426  23.757  -25.722  -23.530 0.3000000119
56177  23.110  -25.416  -23.548 0.3000000119
143669  26.256  -39.516  -31.851 0.5000000000
42036  19.057  -37.770  -25.896 0.4000000060
48094  20.423  -32.644  -23.124 0.4000000060
49116  20.376  -31.504  -22.936 0.4000000060
52016  22.790  -29.703  -22.105 0.4000000060
41105  19.015  -38.351  -25.340 0.4000000060
158868  22.306  -39.523  -32.504 0.5000000000
55184  30.075  -26.166  -25.414 0.5000000000
50000  25.560  -31.462  -21.062 0.4000000060
53053  29.385  -28.020  -23.084 0.5000000000
57164  30.852  -24.401  -28.520 0.4000000060
60222  30.335  -22.459  -33.479 0.4000000060
60212  30.952  -22.355  -33.013 0.4000000060
38261  21.679  -41.556  -31.975 0.6000000238
40190  23.831  -40.306  -32.124 0.5000000000
40189  24.944  -40.211  -31.865 0.5000000000
47059  21.795  -33.618  -22.229 0.4000000060
47060  21.462  -33.063  -22.335 0.4000000060
47073  21.124  -33.630  -22.767 0.4000000060
46094  20.546  -33.942  -23.368 0.4000000060
49998  27.470  -31.110  -21.364 0.5000000000
150849  26.020  -30.896  -21.243 0.4000000060
50015  21.560  -30.612  -22.205 0.4000000060
49115  20.805  -31.594  -22.550 0.4000000060
155333  26.764  -30.047  -21.660 0.4000000060
154382  24.999  -29.134  -22.015 0.4000000060
53035  28.990  -28.628  -22.621 0.5000000000
52010  28.546  -29.153  -22.231 0.5000000000
55140  29.091  -26.751  -23.217 0.5000000000
54103  29.137  -27.438  -23.009 0.5000000000
55141  28.244  -26.544  -23.073 0.4000000060
56190  29.931  -25.562  -24.703 0.3000000119
58175  31.357  -23.669  -29.459 0.4000000060
58107  29.628  -24.237  -24.960 0.3000000119
59246  31.665  -22.435  -32.062 0.4000000060
156865  31.414  -22.656  -28.631 0.3000000119
62006  31.290  -20.252  -32.992 0.3000000119
61104  30.303  -21.124  -33.652 0.4000000060
151294  31.854  -22.363  -29.733 0.3000000119
61997  31.984  -20.613  -31.189 0.3000000119
146033  31.941  -19.893  -30.979 0.3000000119
65955  30.357  -16.803  -35.146 0.3000000119
32028  18.625  -46.979  -24.794 0.4000000060
33127  18.790  -46.539  -25.005 0.4000000060
33139  17.857  -46.575  -26.258 0.4000000060
34193  17.763  -45.918  -26.032 0.3000000119
34182  18.605  -45.792  -25.074 0.4000000060
35255  17.590  -45.129  -25.679 0.3000000119
34238  21.499  -45.656  -29.365 0.5000000000
148983  18.661  -44.212  -24.664 0.5000000000
148409  17.175  -44.289  -25.626 0.3000000119
35298  21.077  -44.861  -29.800 0.5000000000
36344  20.772  -44.017  -30.391 0.5000000000
34239  20.413  -45.641  -30.128 0.5000000000
36279  19.002  -43.626  -24.303 0.5000000000
36280  18.373  -43.346  -24.612 0.4000000060
36343  21.371  -43.339  -30.023 0.5000000000
35299  20.306  -44.785  -30.491 0.5000000000
35311  20.148  -44.277  -31.130 0.3000000119
159982  20.765  -43.351  -30.592 0.5000000000
149171  20.472  -43.452  -31.029 0.4000000060
36364  20.498  -42.978  -31.179 0.4000000060
34270  20.543  -44.624  -32.004 0.3000000119
35324  20.207  -44.205  -31.556 0.3000000119
35332  21.337  -44.226  -32.475 0.3000000119
135610  20.879  -43.309  -31.916 0.3000000119
36373  23.062  -42.903  -32.112 0.3000000119
36374  22.165  -43.514  -32.367 0.3000000119
37350  21.725  -42.702  -32.194 0.4000000060
37338  20.844  -42.471  -31.466 0.4000000060
39089  17.683  -41.049  -26.468 0.3000000119
37349  24.442  -42.129  -31.685 0.4000000060
159043  23.974  -42.661  -31.739 0.4000000060
39097  17.848  -40.409  -26.962 0.3000000119
42027  18.684  -38.479  -26.276 0.3000000119
46123  19.922  -34.608  -24.388 0.3000000119
47089  20.103  -34.014  -23.940 0.3000000119
157237  20.204  -33.500  -23.603 0.3000000119
48126  19.818  -33.362  -24.039 0.3000000119
49129  20.064  -32.152  -23.425 0.3000000119
50029  20.293  -30.722  -22.940 0.3000000119
50982  21.407  -29.984  -22.362 0.3000000119
50983  20.673  -29.948  -22.645 0.3000000119
50991  20.045  -29.948  -23.166 0.3000000119
50045  19.625  -30.594  -23.689 0.3000000119
53041  23.684  -28.418  -22.471 0.3000000119
53042  23.080  -28.512  -22.483 0.3000000119
52030  21.162  -29.235  -22.561 0.3000000119
54094  23.419  -27.940  -22.671 0.3000000119
53055  22.014  -28.031  -22.702 0.3000000119
53044  21.640  -28.608  -22.570 0.3000000119
53056  20.845  -28.330  -22.746 0.3000000119
54111  22.401  -27.404  -22.831 0.3000000119
54112  21.433  -27.453  -22.822 0.3000000119
54109  23.799  -27.369  -22.875 0.3000000119
158508  23.409  -27.095  -22.943 0.3000000119
54110  23.130  -27.435  -22.836 0.3000000119
55148  22.072  -26.706  -22.948 0.3000000119
33188  21.981  -46.449  -29.106 0.5000000000
142292  23.445  -42.169  -32.018 0.4000000060
40128  17.948  -39.761  -27.369 0.3000000119
53043  22.375  -28.590  -22.521 0.3000000119
53054  22.738  -27.984  -22.673 0.3000000119
36293  17.238  -43.494  -25.578 0.3000000119
37275  17.450  -42.592  -25.625 0.3000000119
38186  17.545  -41.738  -26.042 0.3000000119
26060  18.264  -52.563  -20.943 0.4000000060
26065  17.455  -52.457  -21.966 0.4000000060
27038  17.422  -51.776  -22.282 0.4000000060
136936  16.506  -51.214  -23.746 0.4000000060
27992  16.152  -50.546  -23.799 0.3000000119
27981  17.805  -50.565  -22.239 0.4000000060
27986  17.214  -50.614  -22.709 0.4000000060
28923  16.988  -49.941  -22.923 0.4000000060
30953  25.133  -48.267  -27.341 0.3000000119
28922  17.618  -49.947  -22.551 0.4000000060
29889  15.778  -49.151  -24.109 0.3000000119
30921  16.565  -47.776  -24.531 0.3000000119
29874  16.786  -49.357  -23.149 0.4000000060
32045  15.588  -47.420  -25.828 0.3000000119
30932  15.465  -48.043  -25.174 0.3000000119
32044  16.762  -47.024  -26.285 0.3000000119
30906  17.427  -48.056  -23.702 0.4000000060
32029  17.325  -47.437  -24.687 0.3000000119
32043  17.775  -46.833  -26.119 0.3000000119
26066  17.058  -52.384  -22.587 0.4000000060
27039  16.942  -51.472  -22.987 0.4000000060
33149  17.219  -46.689  -27.055 0.3000000119
26056  18.701  -52.603  -20.470 0.3000000119
32055  16.793  -46.458  -27.078 0.3000000119
24107  22.122  -54.308  -19.641 0.4000000060
24110  19.413  -54.737  -19.421 0.4000000060
25083  21.701  -53.578  -19.442 0.4000000060
25096  23.639  -53.558  -20.577 0.3000000119
25103  24.426  -52.806  -21.424 0.3000000119
26041  21.287  -52.823  -19.396 0.4000000060
26042  20.520  -52.772  -19.423 0.4000000060
26052  23.610  -52.894  -20.450 0.4000000060
26054  22.445  -52.342  -19.679 0.4000000060
26055  19.250  -52.601  -20.046 0.4000000060
26061  17.839  -52.513  -21.417 0.4000000060
26076  16.807  -52.320  -23.173 0.4000000060
27004  22.171  -51.591  -19.576 0.4000000060
27022  19.501  -51.294  -20.475 0.5000000000
27023  19.121  -51.969  -20.454 0.4000000060
27029  23.983  -51.458  -20.751 0.4000000060
27030  18.899  -51.413  -20.971 0.5000000000
27032  17.786  -51.979  -21.757 0.4000000060
27036  24.922  -51.861  -22.051 0.4000000060
27037  17.944  -51.280  -21.867 0.4000000060
27949  21.859  -50.906  -19.481 0.5000000000
27950  21.012  -50.708  -19.566 0.5000000000
27976  18.856  -50.801  -21.290 0.5000000000
27980  18.449  -50.532  -21.755 0.5000000000
27987  16.654  -50.619  -23.225 0.4000000060
27991  25.631  -50.389  -23.627 0.4000000060
28881  21.147  -49.979  -19.578 0.5000000000
28914  24.784  -49.726  -22.052 0.5000000000
28917  18.211  -49.935  -22.172 0.5000000000
28920  25.300  -49.953  -23.164 0.4000000060
28921  25.031  -49.513  -22.783 0.4000000060
28929  16.400  -49.908  -23.364 0.4000000060
28937  25.868  -49.994  -24.364 0.4000000060
29830  21.795  -48.827  -19.402 0.6000000238
29831  21.033  -48.879  -19.745 0.6000000238
29842  23.911  -49.331  -19.999 0.6000000238
29844  20.453  -48.921  -20.235 0.6000000238
29855  19.958  -48.966  -20.841 0.6000000238
29856  19.499  -48.945  -21.420 0.5000000000
29868  18.036  -49.438  -22.481 0.5000000000
29872  18.227  -48.821  -22.677 0.5000000000
29885  25.523  -49.145  -24.216 0.5000000000
29886  25.260  -48.696  -23.713 0.4000000060
29887  17.041  -48.730  -23.350 0.4000000060
29888  16.295  -49.086  -23.613 0.3000000119
29908  25.805  -48.966  -25.716 0.4000000060
29920  25.692  -48.718  -26.366 0.5000000000
30831  22.848  -47.816  -19.281 0.6000000238
30842  23.900  -48.143  -19.599 0.6000000238
30855  24.623  -48.011  -20.699 0.6000000238
30856  19.875  -48.313  -21.193 0.6000000238
30866  19.457  -48.348  -21.797 0.5000000000
30887  18.510  -48.112  -23.018 0.6000000238
30907  16.702  -48.291  -23.875 0.4000000060
30908  16.026  -48.479  -24.150 0.3000000119
30919  25.236  -47.949  -24.708 0.6000000238
30922  15.893  -48.075  -24.693 0.3000000119
30931  25.009  -47.774  -26.118 0.6000000238
30942  25.315  -48.266  -26.638 0.5000000000
30955  24.077  -47.724  -27.871 0.6000000238
30962  24.858  -48.309  -27.884 0.3000000119
31945  24.580  -47.291  -20.206 0.6000000238
31947  23.512  -47.799  -19.334 0.6000000238
31948  20.962  -47.029  -20.133 0.6000000238
31982  25.177  -47.160  -21.803 0.8000000119
32004  25.228  -47.755  -23.079 0.8000000119
32005  19.213  -47.134  -23.377 0.6000000238
32006  18.811  -47.507  -23.544 0.5000000000
32017  19.010  -47.001  -24.144 0.6000000238
32019  17.900  -47.458  -24.305 0.4000000060
32030  16.148  -47.488  -25.224 0.3000000119
32042  18.339  -46.755  -25.611 0.4000000060
32054  17.406  -46.483  -26.712 0.3000000119
32067  15.947  -46.378  -27.467 0.3000000119
33027  22.008  -46.438  -19.503 0.6000000238
33028  21.306  -46.417  -19.944 0.6999999881
33040  20.770  -46.409  -20.461 0.6999999881
33061  20.047  -46.285  -21.794 0.6000000238
33086  25.296  -46.480  -21.522 0.8000000119
33103  25.458  -46.229  -22.933 0.8000000119
33118  19.325  -46.602  -23.716 0.6000000238
33124  25.300  -46.000  -24.356 0.8000000119
33125  25.102  -46.635  -24.833 0.6999999881
33126  19.124  -46.537  -24.376 0.5000000000
33138  24.862  -46.088  -25.808 0.6000000238
33148  24.759  -46.611  -26.117 0.6000000238
33174  22.768  -46.499  -28.563 0.5000000000
34091  24.358  -45.085  -19.519 0.8999999762
34138  25.546  -45.266  -21.930 0.8999999762
34139  20.137  -45.376  -22.000 0.6999999881
34168  19.292  -45.949  -23.850 0.5000000000
34192  18.128  -45.854  -25.635 0.3000000119
34215  23.874  -45.683  -27.572 0.6000000238
34227  23.169  -45.731  -28.224 0.6000000238
35146  23.984  -44.569  -19.338 0.8999999762
35163  24.567  -44.443  -19.591 0.8999999762
35199  25.632  -44.534  -21.718 1.0000000000
35200  20.172  -44.589  -22.252 0.6000000238
35217  19.955  -44.463  -22.887 0.6000000238
35235  19.298  -45.202  -23.957 0.6000000238
35245  17.831  -44.094  -25.116 0.3000000119
35254  25.055  -44.727  -25.673 0.8000000119
35276  24.190  -44.392  -27.534 0.8000000119
35333  20.539  -43.991  -31.896 0.3000000119
36202  25.112  -43.406  -19.928 0.8999999762
36214  25.775  -43.788  -21.488 1.0000000000
36215  21.201  -43.826  -20.422 0.8999999762
36267  19.799  -42.817  -23.410 0.6000000238
36281  17.718  -43.214  -25.068 0.3000000119
36365  20.214  -43.632  -31.418 0.3000000119
37178  24.339  -42.679  -19.376 0.8999999762
37189  24.959  -42.753  -19.674 0.8999999762
37190  21.707  -42.406  -19.960 0.8999999762
37191  21.192  -42.541  -20.703 0.8999999762
37212  26.034  -43.043  -21.340 1.0000000000
37249  18.866  -42.275  -24.141 0.5000000000
37263  18.527  -42.683  -24.446 0.5000000000
37283  25.595  -42.518  -26.232 0.8000000119
37284  25.228  -43.100  -26.471 0.8000000119
37296  24.787  -42.538  -27.570 0.8000000119
37315  21.897  -42.221  -29.921 0.6999999881
38086  23.930  -42.032  -19.308 0.8999999762
38097  25.307  -42.147  -19.797 0.8999999762
38099  21.371  -41.714  -20.550 0.8999999762
38144  19.914  -41.496  -23.133 0.6999999881
38158  19.794  -42.127  -23.369 0.6000000238
38159  19.446  -41.505  -23.525 0.6999999881
38184  26.011  -41.969  -25.938 0.8999999762
39001  26.498  -40.650  -20.464 0.8999999762
39004  21.428  -40.900  -20.615 0.6999999881
39069  18.646  -40.854  -24.306 0.4000000060
39079  18.327  -40.728  -25.059 0.4000000060
39086  27.108  -40.445  -25.127 0.8999999762
39095  26.438  -40.789  -26.390 0.8999999762
39096  26.106  -41.199  -26.821 0.8999999762
39104  25.748  -41.213  -27.271 0.8999999762
39116  24.902  -40.552  -28.152 0.8999999762
39161  23.170  -40.907  -32.221 0.5000000000
39162  22.021  -40.913  -32.145 0.5000000000
40011  23.209  -40.386  -19.302 0.8999999762
40029  26.238  -40.067  -20.027 0.8999999762
40044  27.499  -39.719  -21.425 0.8999999762
40045  27.162  -39.834  -21.019 0.8999999762
40047  21.254  -39.747  -21.244 0.6999999881
40065  27.986  -39.430  -22.215 1.0000000000
40067  20.811  -39.592  -21.971 0.6999999881
40083  28.039  -39.430  -22.777 1.0000000000
40119  27.380  -39.885  -24.900 1.0000000000
40120  27.129  -39.969  -25.559 0.8999999762
40144  25.370  -39.866  -27.901 0.8999999762
40146  24.379  -40.201  -28.653 0.8999999762
40177  20.988  -40.300  -31.373 0.6999999881
40994  23.402  -39.147  -19.535 1.0000000000
41006  25.906  -39.382  -19.736 0.8999999762
41008  22.700  -39.097  -19.921 1.0000000000
41018  26.943  -39.245  -20.558 0.8999999762
41038  28.020  -38.937  -21.959 1.0000000000
41092  28.069  -38.653  -24.063 1.0000000000
41112  27.245  -38.712  -25.890 1.0000000000
41113  26.679  -39.500  -26.586 0.8999999762
41123  25.694  -38.641  -27.710 0.8999999762
41934  22.594  -38.475  -20.381 0.6999999881
41943  22.056  -38.515  -20.959 0.8000000119
41961  21.922  -37.990  -21.623 0.6000000238
41979  20.255  -38.295  -23.124 0.5000000000
42044  26.458  -37.511  -27.237 1.0000000000
42880  24.125  -36.742  -20.422 0.6999999881
42923  21.162  -37.349  -22.933 0.6000000238
42966  27.379  -37.034  -25.823 1.0000000000
43990  23.883  -36.132  -20.803 0.6999999881
44062  27.631  -36.381  -25.469 1.0000000000
44085  26.691  -36.206  -27.162 1.0000000000
44106  24.324  -36.584  -28.750 0.8999999762
44140  25.794  -36.623  -32.086 0.6000000238
45035  22.717  -35.834  -21.946 0.6000000238
45083  27.892  -35.857  -25.190 1.0000000000
45152  21.396  -34.764  -31.229 0.8999999762
45174  24.359  -35.673  -31.761 0.6999999881
45175  23.042  -35.423  -32.112 0.6999999881
45176  22.018  -35.505  -32.280 0.8000000119
46135  28.140  -34.320  -25.041 0.8000000119
46196  26.143  -34.228  -31.131 0.6999999881
47027  26.307  -33.709  -20.525 0.6000000238
47106  28.324  -33.578  -24.791 0.8000000119
47177  24.448  -33.688  -31.463 0.6999999881
48049  26.177  -33.127  -20.630 0.5000000000
48050  25.530  -33.462  -20.673 0.5000000000
48060  24.951  -32.894  -20.875 0.5000000000
48080  21.490  -32.499  -22.252 0.4000000060
48108  28.700  -33.033  -24.292 0.8000000119
48109  20.096  -32.927  -23.561 0.3000000119
48167  25.558  -32.564  -27.468 1.0000000000
48178  24.912  -32.998  -27.886 1.0000000000
48180  23.759  -32.568  -28.714 1.0000000000
48200  26.978  -31.802  -30.903 0.6999999881
48202  24.076  -32.816  -31.682 0.8000000119
48210  28.011  -32.734  -32.243 0.6000000238
49086  23.428  -31.933  -21.442 0.4000000060
49128  28.903  -32.102  -23.943 0.6999999881
49180  25.544  -31.755  -27.475 1.0000000000
49191  24.590  -31.608  -28.122 1.0000000000
49193  23.379  -31.996  -29.145 1.0000000000
49222  28.049  -31.926  -32.013 0.6000000238
50028  20.952  -30.604  -22.430 0.4000000060
50066  28.389  -30.649  -25.042 0.8000000119
50091  26.652  -31.069  -26.740 0.8000000119
50125  22.326  -30.704  -30.874 1.0000000000
50131  26.618  -31.051  -31.092 0.6999999881
50146  22.685  -30.645  -32.348 0.8999999762
50956  24.736  -30.596  -21.451 0.4000000060
51005  28.902  -30.301  -24.555 0.6999999881
51033  27.071  -30.555  -26.504 0.8000000119
51058  25.705  -29.881  -27.956 0.8999999762
51059  24.495  -30.399  -28.322 1.0000000000
51069  22.661  -30.131  -30.302 1.0000000000
51089  28.324  -29.908  -32.316 0.6999999881
51090  27.136  -29.862  -31.869 0.6999999881
51091  25.635  -29.819  -32.082 0.6999999881
52000  26.349  -29.590  -21.789 0.4000000060
52001  25.672  -29.737  -21.714 0.4000000060
52014  24.281  -29.476  -21.983 0.4000000060
52077  27.813  -29.700  -26.076 0.8000000119
52125  23.090  -29.635  -30.039 1.0000000000
52154  22.554  -29.506  -32.119 0.8999999762
52165  29.110  -29.197  -32.994 0.6000000238
53129  27.366  -28.557  -28.417 0.8000000119
53150  25.118  -28.226  -30.817 0.8999999762
53159  26.596  -27.772  -30.700 0.8000000119
53161  23.755  -27.880  -32.037 0.8999999762
53173  23.285  -28.251  -32.290 0.8999999762
53188  24.978  -27.889  -33.315 0.8000000119
54185  28.464  -27.747  -27.798 0.6999999881
54204  28.125  -27.452  -30.109 0.8000000119
54215  27.427  -27.602  -30.481 0.6999999881
55146  23.689  -26.764  -23.068 0.3000000119
55293  25.743  -26.396  -33.523 0.8999999762
55303  27.105  -26.503  -34.675 0.8000000119
56148  27.137  -25.990  -23.372 0.3000000119
56261  29.215  -25.727  -31.728 0.6999999881
56262  28.476  -25.552  -32.355 0.6999999881
56277  26.345  -25.760  -33.030 0.8999999762
56296  28.632  -25.990  -35.159 0.6000000238
56298  26.869  -25.747  -34.778 0.8000000119
56308  29.755  -25.197  -35.348 0.6000000238
57233  31.883  -24.279  -35.329 0.5000000000
57236  29.138  -24.799  -35.913 0.6000000238
58189  31.278  -23.732  -31.448 0.4000000060
58190  30.885  -24.273  -31.694 0.4000000060
58209  28.592  -24.053  -33.517 0.6999999881
58244  31.696  -23.332  -36.058 0.5000000000
58248  27.900  -23.585  -36.188 0.6000000238
59256  31.404  -22.239  -32.576 0.4000000060
59294  31.013  -22.920  -36.474 0.5000000000
60191  31.988  -21.882  -30.995 0.4000000060
60211  31.244  -21.678  -32.829 0.4000000060
61069  31.903  -21.088  -29.993 0.3000000119
62019  28.211  -20.595  -34.654 0.5000000000
62025  29.431  -20.047  -34.324 0.3000000119
62953  27.415  -19.399  -35.726 0.4000000060
62991  27.838  -19.270  -37.360 0.6000000238
63948  31.162  -18.075  -37.450 0.4000000060
64891  30.191  -17.627  -34.804 0.3000000119
64903  28.885  -17.568  -35.568 0.4000000060
64910  27.724  -17.464  -36.431 0.4000000060
64930  30.417  -16.975  -38.163 0.4000000060
64934  27.423  -16.884  -38.379 0.4000000060
65975  27.376  -16.822  -37.335 0.4000000060
65991  29.733  -16.606  -38.630 0.4000000060
65992  28.901  -16.739  -38.939 0.4000000060
67081  27.155  -15.943  -38.563 0.4000000060
67082  28.083  -15.417  -39.222 0.4000000060
68201  30.057  -14.433  -38.925 0.3000000119
68203  27.122  -14.719  -38.632 0.4000000060
71326  30.885  -12.027  -38.711 0.3000000119
135589  17.127  -47.239  -25.361 0.3000000119
135925  27.586  -23.224  -34.362 0.8000000119
136419  23.246  -37.681  -32.466 0.6000000238
137153  21.418  -40.249  -31.858 0.6000000238
137418  28.651  -27.006  -30.353 0.6999999881
137665  24.255  -32.992  -28.329 1.0000000000
138630  28.280  -37.792  -22.425 1.0000000000
138650  19.993  -53.494  -19.400 0.4000000060
140091  27.290  -20.702  -35.458 0.6000000238
140176  22.341  -50.383  -19.473 0.6000000238
140193  20.300  -52.150  -19.595 0.4000000060
140909  20.326  -43.269  -22.381 0.6000000238
141601  24.385  -46.638  -19.719 0.6000000238
142254  22.664  -53.004  -19.782 0.4000000060
142467  17.964  -47.119  -25.225 0.4000000060
142604  29.194  -27.933  -33.433 0.5000000000
143597  23.565  -41.486  -19.277 0.8999999762
143781  25.405  -35.047  -28.009 1.0000000000
143885  27.914  -33.082  -25.275 0.8000000119
144209  17.446  -51.132  -22.421 0.4000000060
144304  26.059  -34.951  -27.624 1.0000000000
144305  26.638  -34.880  -27.185 1.0000000000
144607  23.779  -48.761  -19.649 0.6000000238
144673  30.081  -26.186  -34.270 0.6000000238
144859  19.474  -46.103  -23.285 0.5000000000
145270  24.775  -51.270  -21.897 0.4000000060
145490  27.572  -34.221  -20.826 0.6999999881
146675  21.328  -54.229  -19.377 0.3000000119
147415  22.683  -35.240  -21.934 0.4000000060
147953  29.954  -21.841  -33.735 0.4000000060
147964  19.447  -47.759  -22.243 0.6000000238
148207  23.902  -40.380  -19.291 0.8999999762
148607  29.798  -20.019  -37.410 0.6000000238
148795  18.374  -42.152  -24.566 0.5000000000
149606  22.150  -43.912  -19.514 0.8999999762
149721  22.675  -40.390  -29.851 0.6999999881
150037  21.907  -43.211  -19.690 0.8999999762
150527  21.117  -39.748  -31.336 0.6999999881
151085  21.925  -47.893  -19.430 0.6000000238
151400  27.157  -20.458  -35.963 0.6000000238
152160  25.276  -47.304  -22.515 0.6000000238
152231  24.823  -36.246  -31.851 0.6000000238
152375  24.557  -40.889  -31.882 0.5000000000
152592  25.441  -45.334  -24.106 0.8000000119
153258  26.667  -27.853  -33.775 0.6999999881
153471  23.466  -34.421  -28.872 0.8999999762
153774  20.133  -38.947  -22.921 0.5000000000
154621  20.241  -36.732  -24.326 0.4000000060
154714  20.830  -39.031  -22.149 0.6999999881
154808  24.974  -47.570  -25.645 0.6000000238
156477  28.230  -30.268  -21.854 0.5000000000
156572  27.385  -29.953  -26.431 0.8000000119
156574  25.146  -48.362  -23.302 0.6000000238
157050  22.752  -29.048  -22.325 0.3000000119
157224  24.422  -37.801  -28.754 0.8999999762
157342  20.010  -51.195  -20.081 0.5000000000
157557  19.600  -50.160  -20.865 0.5000000000
157563  22.862  -31.795  -31.941 0.8999999762
157777  18.605  -41.877  -24.317 0.5000000000
158010  20.643  -45.898  -20.750 0.6999999881
158031  20.897  -42.715  -21.346 0.8000000119
158180  27.527  -37.419  -25.447 1.0000000000
158263  18.374  -46.430  -25.558 0.4000000060
158505  23.922  -40.906  -32.055 0.5000000000
158530  27.090  -34.559  -20.563 0.6999999881
158807  22.620  -31.585  -31.759 0.8999999762
159227  21.482  -28.112  -22.719 0.3000000119
160023  25.199  -43.520  -26.150 0.8000000119
160180  24.899  -37.414  -20.029 0.8000000119
160303  22.937  -33.474  -21.470 0.4000000060
160484  21.104  -39.756  -31.584 0.6999999881
160683  28.571  -27.619  -33.697 0.6999999881
161061  26.145  -25.792  -33.991 0.8000000119
161155  29.607  -29.419  -33.467 0.6000000238
161273  30.451  -20.306  -37.251 0.5000000000
161438  28.373  -37.063  -23.257 1.0000000000
162263  25.509  -26.853  -33.496 0.8000000119
