#!ascii label  , from subject sub-v2s13x29115_ses-1 vox2ras=TkReg
255
81993  22.488  -1.984  -38.950 0.0000000000
73286  22.928  -10.510  -35.417 0.0000000000
87960  21.497  2.600  -41.055 0.0000000000
150813  17.757  9.286  -47.766 0.0000000000
70279  21.588  -12.693  -35.021 0.0000000000
90816  22.458  5.663  -40.269 0.0000000000
92708  22.132  7.647  -42.068 0.0000000000
79171  21.812  -4.885  -40.501 0.0000000000
77129  22.545  -6.613  -38.239 0.0000000000
80104  23.992  -3.878  -37.427 0.0000000000
84901  23.534  0.682  -37.876 0.0000000000
82946  24.841  -1.253  -36.807 0.0000000000
139164  21.783  -0.222  -40.085 0.0000000000
87938  22.864  3.222  -39.144 0.0000000000
152367  20.326  7.954  -45.538 0.0000000000
95673  21.327  9.831  -43.632 0.0000000000
75178  23.887  -8.583  -35.279 0.0000000000
91759  21.758  6.572  -42.236 0.0000000000
92714  21.682  7.346  -43.379 0.0000000000
81055  21.689  -3.468  -39.513 0.0000000000
79156  22.318  -4.712  -38.802 0.0000000000
81042  23.187  -2.805  -38.207 0.0000000000
145884  22.635  -11.887  -34.927 0.0000000000
85894  21.294  0.904  -41.271 0.0000000000
85862  22.216  1.189  -39.420 0.0000000000
86914  21.874  2.328  -40.215 0.0000000000
142201  22.997  7.296  -40.215 0.0000000000
90808  22.973  5.564  -39.654 0.0000000000
94653  17.669  8.732  -46.077 0.0000000000
153447  19.232  7.599  -45.977 0.0000000000
94659  19.440  8.446  -46.675 0.0000000000
147930  20.176  13.181  -45.268 0.0000000000
97634  20.936  12.112  -43.976 0.0000000000
96684  21.073  10.516  -44.042 0.0000000000
96683  21.282  11.494  -43.464 0.0000000000
95661  21.746  10.419  -42.737 0.0000000000
77118  23.670  -6.269  -36.715 0.0000000000
76128  22.953  -7.596  -36.816 0.0000000000
69243  21.538  -13.746  -34.519 0.0000000000
88912  21.625  3.528  -40.969 0.0000000000
89873  21.795  4.954  -41.104 0.0000000000
153327  22.187  6.751  -41.182 0.0000000000
92707  22.492  8.071  -41.295 0.0000000000
76160  21.679  -7.611  -39.369 0.0000000000
78150  22.409  -5.957  -38.753 0.0000000000
78137  22.930  -5.699  -37.868 0.0000000000
79120  24.605  -5.155  -36.504 0.0000000000
83975  23.060  -0.652  -38.394 0.0000000000
82976  23.648  -1.528  -37.910 0.0000000000
83956  24.122  -0.633  -37.321 0.0000000000
81065  21.376  -2.808  -40.020 0.0000000000
82999  21.042  -1.588  -41.224 0.0000000000
83986  21.984  -0.814  -39.725 0.0000000000
84920  22.551  0.594  -38.998 0.0000000000
85852  23.094  1.647  -38.436 0.0000000000
88882  23.930  3.790  -38.340 0.0000000000
88902  22.555  4.213  -39.769 0.0000000000
89845  23.715  4.957  -38.845 0.0000000000
92726  20.940  7.772  -44.721 0.0000000000
150706  19.798  10.125  -46.137 0.0000000000
154500  20.721  9.434  -45.247 0.0000000000
94645  21.260  9.064  -44.277 0.0000000000
93660  21.541  8.541  -43.824 0.0000000000
147151  21.824  8.934  -42.922 0.0000000000
154815  22.181  9.111  -42.088 0.0000000000
74265  22.121  -9.725  -36.659 0.0000000000
76137  22.266  -8.024  -38.205 0.0000000000
81029  24.408  -3.157  -37.232 0.0000000000
80093  25.004  -3.885  -36.595 0.0000000000
91761  21.622  6.601  -43.023 0.0000000000
149778  22.101  -2.675  -39.219 0.0000000000
81054  22.490  -3.324  -38.720 0.0000000000
149542  22.724  -2.541  -38.679 0.0000000000
68140  21.146  -15.239  -33.910 0.0000000000
68155  21.482  -14.435  -34.213 0.0000000000
72303  22.684  -11.294  -35.277 0.0000000000
86927  21.429  1.757  -41.170 0.0000000000
85877  21.765  1.483  -40.256 0.0000000000
92701  22.910  8.009  -40.442 0.0000000000
92688  23.356  7.861  -39.843 0.0000000000
94661  17.580  8.773  -47.248 0.0000000000
155750  17.983  8.295  -45.762 0.0000000000
93672  18.547  7.839  -46.910 0.0000000000
94660  17.980  8.357  -47.512 0.0000000000
97615  21.876  12.147  -42.765 0.0000000000
77106  24.219  -6.276  -36.198 0.0000000000
77099  24.347  -6.951  -35.834 0.0000000000
154429  21.304  -11.542  -36.003 0.0000000000
88922  21.515  4.285  -41.474 0.0000000000
89880  21.444  4.834  -41.809 0.0000000000
148703  22.034  6.950  -41.804 0.0000000000
91753  21.863  6.227  -41.514 0.0000000000
92702  22.330  7.327  -41.290 0.0000000000
95687  17.787  9.645  -46.025 0.0000000000
78161  22.079  -6.041  -39.604 0.0000000000
140104  22.084  -5.445  -40.151 0.0000000000
79144  22.812  -4.535  -38.191 0.0000000000
153803  23.036  -4.989  -37.897 0.0000000000
79131  23.425  -5.066  -37.436 0.0000000000
79121  24.015  -5.097  -36.979 0.0000000000
144367  23.886  -4.582  -37.298 0.0000000000
70265  21.964  -13.168  -34.579 0.0000000000
69230  22.029  -13.871  -34.181 0.0000000000
141999  23.305  0.051  -38.093 0.0000000000
83974  23.595  -0.714  -37.839 0.0000000000
84886  23.916  0.141  -37.505 0.0000000000
80136  21.257  -3.607  -40.419 0.0000000000
84010  21.339  -0.388  -41.120 0.0000000000
83999  21.407  -0.953  -40.700 0.0000000000
82998  21.563  -1.500  -40.203 0.0000000000
153382  22.268  -0.113  -39.265 0.0000000000
84921  22.073  0.410  -39.558 0.0000000000
141902  22.757  2.572  -39.064 0.0000000000
86893  22.711  1.865  -38.955 0.0000000000
86877  23.135  2.375  -38.580 0.0000000000
87918  23.642  2.948  -38.344 0.0000000000
88883  23.341  3.510  -38.741 0.0000000000
88903  22.020  4.411  -40.505 0.0000000000
153636  22.117  3.760  -40.157 0.0000000000
89864  22.542  4.955  -39.971 0.0000000000
90807  23.438  5.442  -39.164 0.0000000000
147200  23.934  4.498  -38.489 0.0000000000
92728  19.453  7.237  -45.225 0.0000000000
92727  20.140  7.256  -45.147 0.0000000000
98539  20.308  12.576  -45.017 0.0000000000
98548  19.873  12.503  -45.731 0.0000000000
96694  20.230  11.023  -45.309 0.0000000000
95685  20.533  10.205  -45.026 0.0000000000
95674  20.989  9.632  -44.543 0.0000000000
94644  21.490  9.111  -43.577 0.0000000000
93655  21.791  8.312  -43.173 0.0000000000
138011  21.642  9.579  -43.021 0.0000000000
95648  22.177  10.736  -42.026 0.0000000000
142243  22.074  9.823  -42.242 0.0000000000
95647  22.558  10.449  -41.478 0.0000000000
94623  22.504  9.648  -41.481 0.0000000000
73313  21.592  -10.034  -37.088 0.0000000000
76147  22.181  -7.479  -38.657 0.0000000000
149794  21.934  -8.061  -38.911 0.0000000000
76146  22.681  -7.290  -37.651 0.0000000000
75187  23.980  -7.837  -35.638 0.0000000000
75188  23.229  -8.024  -36.200 0.0000000000
75179  23.427  -8.544  -35.745 0.0000000000
74256  23.086  -9.254  -35.752 0.0000000000
82963  24.084  -1.760  -37.497 0.0000000000
81981  23.713  -2.266  -37.862 0.0000000000
144300  24.577  -1.872  -37.090 0.0000000000
89881  21.335  5.153  -42.273 0.0000000000
90831  21.502  5.879  -42.399 0.0000000000
141465  21.897  7.178  -42.598 0.0000000000
137941  21.737  -4.245  -40.090 0.0000000000
79157  22.057  -4.820  -39.658 0.0000000000
80126  22.048  -4.121  -39.147 0.0000000000
80125  22.497  -4.092  -38.515 0.0000000000
80115  23.225  -3.726  -38.091 0.0000000000
71279  22.223  -12.399  -34.900 0.0000000000
70264  22.536  -12.804  -34.428 0.0000000000
71266  22.803  -12.229  -34.437 0.0000000000
71265  23.340  -11.936  -33.819 0.0000000000
85851  23.516  1.366  -37.962 0.0000000000
85835  23.961  1.031  -37.475 0.0000000000
84958  21.255  0.141  -41.487 0.0000000000
84940  21.631  0.513  -40.392 0.0000000000
86894  22.252  2.076  -39.504 0.0000000000
87939  22.358  2.833  -39.566 0.0000000000
91742  22.883  6.419  -40.036 0.0000000000
91741  23.518  7.043  -39.555 0.0000000000
93671  19.624  7.957  -46.389 0.0000000000
98538  20.736  12.717  -44.359 0.0000000000
97635  20.439  11.886  -44.688 0.0000000000
96693  20.736  11.202  -44.363 0.0000000000
141850  21.400  10.702  -43.298 0.0000000000
96674  21.797  11.310  -42.681 0.0000000000
77119  23.081  -6.396  -37.381 0.0000000000
157616  23.830  -6.734  -36.326 0.0000000000
76127  23.607  -7.320  -36.232 0.0000000000
69244  21.025  -13.821  -34.523 0.0000000000
70266  21.250  -13.226  -34.833 0.0000000000
71293  21.616  -12.081  -35.461 0.0000000000
71292  22.275  -11.842  -35.314 0.0000000000
72304  22.011  -11.425  -35.734 0.0000000000
73287  22.387  -10.820  -35.951 0.0000000000
86928  21.274  2.024  -42.171 0.0000000000
89865  22.160  5.121  -40.521 0.0000000000
144514  21.636  5.447  -41.628 0.0000000000
90824  22.014  5.618  -40.924 0.0000000000
90823  22.280  6.282  -40.720 0.0000000000
91752  22.582  6.934  -40.696 0.0000000000
156599  22.679  7.522  -40.783 0.0000000000
93635  22.859  8.717  -40.696 0.0000000000
140851  18.248  9.475  -44.995 0.0000000000
77130  22.074  -6.776  -39.107 0.0000000000
78160  22.404  -5.406  -39.350 0.0000000000
78136  23.517  -5.687  -37.133 0.0000000000
78123  24.118  -5.699  -36.593 0.0000000000
78122  24.667  -5.778  -36.167 0.0000000000
82986  22.826  -1.325  -38.701 0.0000000000
81982  23.155  -1.958  -38.368 0.0000000000
82977  23.265  -1.232  -38.235 0.0000000000
160972  23.939  -1.175  -37.533 0.0000000000
83955  24.573  -0.736  -36.986 0.0000000000
85834  24.466  0.643  -37.033 0.0000000000
84885  24.508  -0.123  -37.022 0.0000000000
141518  25.041  -0.481  -36.595 0.0000000000
82003  21.814  -2.074  -39.687 0.0000000000
82004  21.138  -2.163  -40.619 0.0000000000
82987  22.215  -1.392  -39.320 0.0000000000
83985  22.569  -0.716  -38.988 0.0000000000
141984  22.791  0.002  -38.656 0.0000000000
84902  23.072  0.801  -38.397 0.0000000000
85861  22.750  1.223  -38.835 0.0000000000
86876  23.567  2.142  -38.113 0.0000000000
159950  24.174  3.210  -38.016 0.0000000000
87952  21.985  3.106  -40.200 0.0000000000
87951  22.509  3.505  -39.653 0.0000000000
88893  22.978  3.908  -39.209 0.0000000000
89854  23.079  4.757  -39.302 0.0000000000
89846  23.503  4.229  -38.818 0.0000000000
150230  20.834  7.053  -44.534 0.0000000000
149937  18.773  10.078  -47.177 0.0000000000
95692  18.974  9.181  -47.045 0.0000000000
95686  20.133  9.422  -45.993 0.0000000000
94652  20.478  9.020  -45.723 0.0000000000
94651  20.961  9.061  -45.075 0.0000000000
93665  21.090  8.487  -44.767 0.0000000000
146158  21.427  8.108  -44.199 0.0000000000
92720  21.377  7.538  -44.071 0.0000000000
92719  21.693  7.988  -43.630 0.0000000000
92713  21.909  7.841  -42.916 0.0000000000
93649  22.114  8.381  -42.320 0.0000000000
93648  22.503  8.878  -41.461 0.0000000000
94610  22.868  9.447  -40.843 0.0000000000
73297  21.946  -10.366  -36.460 0.0000000000
73296  22.612  -10.034  -36.032 0.0000000000
75199  22.141  -8.637  -37.589 0.0000000000
76136  22.554  -7.963  -37.427 0.0000000000
75198  22.620  -8.290  -36.799 0.0000000000
74277  22.302  -9.004  -36.778 0.0000000000
74264  22.570  -9.354  -36.270 0.0000000000
81041  23.822  -3.054  -37.719 0.0000000000
150769  24.775  -2.557  -36.957 0.0000000000
81028  24.908  -3.224  -36.771 0.0000000000
80103  24.577  -3.725  -36.996 0.0000000000
80094  24.499  -4.430  -36.894 0.0000000000
77105  24.722  -6.321  -35.869 0.0000000000
77107  23.258  -6.904  -36.809 0.0000000000
78149  22.660  -5.233  -38.452 0.0000000000
79109  25.071  -5.332  -36.113 0.0000000000
79132  23.385  -4.445  -37.699 0.0000000000
81971  24.246  -2.453  -37.407 0.0000000000
87919  23.156  2.944  -38.756 0.0000000000
93666  20.424  8.542  -45.712 0.0000000000
96662  22.279  11.403  -42.068 0.0000000000
156339  24.346  -1.234  -37.193 0.0000000000
160886  21.983  10.980  -42.361 0.0000000000
