#!ascii label  , from subject sub-v2s13x29114_ses-1 vox2ras=TkReg
1693
58089  -44.612  -26.457  36.662 0.0000000000
52200  -31.778  -30.625  50.865 0.0000000000
161874  -48.891  -15.909  26.585 0.0000000000
60408  -39.790  -24.840  28.633 0.0000000000
153143  -46.627  -19.538  32.114 0.0000000000
53362  -38.831  -30.215  44.019 0.0000000000
50229  -32.360  -33.373  39.559 0.0000000000
55696  -34.655  -28.434  33.737 0.0000000000
55481  -24.694  -28.289  51.415 0.0000000000
172334  -57.280  -11.536  27.017 0.0000000000
44614  -32.842  -36.728  38.965 0.0000000000
58155  -42.434  -25.958  32.440 0.0000000000
61426  -43.619  -23.818  30.399 0.0000000000
166545  -46.089  -23.079  33.802 0.0000000000
55594  -42.315  -28.453  39.734 0.0000000000
54512  -36.095  -28.704  38.609 0.0000000000
55685  -39.308  -28.018  34.793 0.0000000000
58162  -37.149  -26.824  30.752 0.0000000000
149118  -58.142  -9.638  23.121 0.0000000000
51165  -28.140  -31.734  52.375 0.0000000000
49104  -27.617  -33.735  42.524 0.0000000000
44519  -30.377  -37.219  45.255 0.0000000000
69842  -47.179  -16.560  29.583 0.0000000000
53314  -35.621  -30.197  47.185 0.0000000000
163352  -29.989  -32.743  44.470 0.0000000000
53390  -33.469  -30.052  41.970 0.0000000000
53432  -31.729  -30.272  37.104 0.0000000000
52175  -21.468  -30.893  51.652 0.0000000000
150581  -50.445  -14.084  33.984 0.0000000000
72060  -52.205  -14.794  30.667 0.0000000000
75459  -55.726  -12.273  29.566 0.0000000000
72100  -53.562  -14.396  27.592 0.0000000000
72138  -56.079  -14.683  24.990 0.0000000000
154148  -23.835  -31.042  42.686 0.0000000000
44536  -36.705  -36.787  43.924 0.0000000000
58123  -43.505  -26.254  33.988 0.0000000000
60354  -44.517  -24.907  32.750 0.0000000000
166308  -45.493  -24.824  34.630 0.0000000000
55646  -43.325  -27.825  37.988 0.0000000000
147061  -40.285  -28.254  37.220 0.0000000000
158758  -41.803  -27.703  35.609 0.0000000000
56888  -40.712  -26.912  33.269 0.0000000000
68856  -48.764  -17.020  24.481 0.0000000000
151206  -50.659  -15.680  24.935 0.0000000000
51177  -30.191  -31.703  51.943 0.0000000000
47989  -28.718  -35.250  49.334 0.0000000000
50128  -29.912  -33.554  49.399 0.0000000000
60435  -41.590  -24.415  27.405 0.0000000000
64658  -45.123  -21.502  31.510 0.0000000000
64671  -43.695  -21.082  29.649 0.0000000000
66906  -45.325  -19.402  30.224 0.0000000000
67853  -45.789  -18.084  29.432 0.0000000000
68780  -46.767  -17.346  30.901 0.0000000000
145609  -37.334  -30.185  45.768 0.0000000000
163205  -34.062  -30.066  44.894 0.0000000000
53376  -35.495  -29.986  42.853 0.0000000000
55651  -35.370  -28.494  36.387 0.0000000000
163677  -33.770  -29.019  38.374 0.0000000000
54532  -33.140  -28.957  35.343 0.0000000000
59356  -38.355  -25.788  29.618 0.0000000000
72022  -51.801  -14.480  32.580 0.0000000000
73302  -55.712  -13.745  28.945 0.0000000000
73314  -56.813  -13.052  27.807 0.0000000000
147787  -55.377  -14.364  25.753 0.0000000000
74438  -57.235  -12.895  26.293 0.0000000000
76600  -57.463  -11.041  22.690 0.0000000000
146926  -22.743  -28.961  51.357 0.0000000000
52229  -22.212  -30.790  47.244 0.0000000000
53268  -23.827  -29.771  47.702 0.0000000000
47046  -29.586  -35.923  40.029 0.0000000000
48148  -28.366  -34.443  38.197 0.0000000000
47083  -30.857  -35.849  36.928 0.0000000000
49111  -31.157  -33.414  42.042 0.0000000000
46998  -32.454  -35.329  44.196 0.0000000000
154515  -34.396  -34.888  42.044 0.0000000000
59359  -40.989  -25.481  30.617 0.0000000000
60411  -42.197  -24.721  29.210 0.0000000000
60387  -43.240  -24.866  30.774 0.0000000000
62385  -44.996  -22.969  32.111 0.0000000000
146599  -46.513  -21.165  33.054 0.0000000000
167593  -40.839  -29.286  41.787 0.0000000000
54452  -37.273  -29.239  41.078 0.0000000000
55610  -39.166  -28.424  39.005 0.0000000000
144133  -37.776  -28.323  36.796 0.0000000000
55682  -36.691  -28.261  34.409 0.0000000000
55725  -35.286  -27.919  32.094 0.0000000000
56902  -38.177  -27.437  32.542 0.0000000000
58151  -39.182  -26.684  31.867 0.0000000000
77578  -58.091  -9.955  24.838 0.0000000000
160137  -58.445  -6.962  24.216 0.0000000000
53213  -27.047  -30.078  51.913 0.0000000000
52232  -26.442  -31.272  47.312 0.0000000000
50144  -27.269  -33.059  47.403 0.0000000000
161717  -28.769  -35.916  43.669 0.0000000000
44587  -31.591  -37.029  41.370 0.0000000000
61453  -42.710  -23.739  28.451 0.0000000000
68812  -46.078  -17.350  27.493 0.0000000000
70944  -48.589  -15.825  28.073 0.0000000000
53256  -33.635  -30.064  48.965 0.0000000000
52233  -30.239  -31.458  47.375 0.0000000000
156137  -32.344  -29.922  46.014 0.0000000000
52291  -31.079  -30.455  42.964 0.0000000000
52314  -30.846  -31.144  40.831 0.0000000000
54465  -34.647  -29.447  40.251 0.0000000000
53428  -32.234  -29.772  39.398 0.0000000000
51320  -31.444  -32.028  38.779 0.0000000000
60262  -47.197  -24.520  37.532 0.0000000000
53228  -34.106  -29.692  50.545 0.0000000000
53279  -37.578  -29.747  47.411 0.0000000000
53320  -39.441  -29.696  45.908 0.0000000000
61332  -47.667  -23.099  36.065 0.0000000000
64601  -48.212  -21.024  34.885 0.0000000000
67814  -48.730  -18.837  34.473 0.0000000000
70866  -49.159  -15.528  35.358 0.0000000000
69778  -48.227  -16.937  33.846 0.0000000000
70903  -48.765  -15.621  31.872 0.0000000000
70923  -49.701  -15.263  29.953 0.0000000000
70947  -50.256  -15.129  28.796 0.0000000000
73275  -54.581  -13.688  31.221 0.0000000000
72088  -52.852  -14.657  28.970 0.0000000000
72097  -51.311  -15.090  26.859 0.0000000000
72123  -52.801  -14.852  25.205 0.0000000000
74459  -57.704  -12.288  24.214 0.0000000000
50142  -21.100  -32.951  47.457 0.0000000000
51337  -23.959  -31.866  37.508 0.0000000000
51271  -26.101  -31.999  42.146 0.0000000000
50269  -26.490  -32.479  37.427 0.0000000000
48021  -30.639  -35.568  46.633 0.0000000000
44533  -33.397  -37.415  44.217 0.0000000000
44590  -34.319  -37.258  40.556 0.0000000000
44608  -37.445  -36.956  40.685 0.0000000000
58099  -43.900  -26.498  35.327 0.0000000000
59295  -44.723  -25.558  34.510 0.0000000000
59288  -45.367  -25.421  35.644 0.0000000000
56839  -44.189  -26.966  37.079 0.0000000000
56849  -42.870  -27.599  36.445 0.0000000000
145434  -43.229  -27.255  35.957 0.0000000000
166934  -42.674  -27.135  34.975 0.0000000000
171776  -48.400  -16.167  26.312 0.0000000000
69894  -48.733  -16.520  24.988 0.0000000000
69909  -49.432  -16.586  24.503 0.0000000000
70983  -50.131  -15.689  25.555 0.0000000000
52187  -31.046  -31.137  51.320 0.0000000000
166293  -29.638  -33.201  50.664 0.0000000000
171904  -30.364  -31.644  50.476 0.0000000000
60419  -39.492  -24.689  27.878 0.0000000000
60420  -40.311  -24.590  27.999 0.0000000000
65835  -45.684  -20.218  31.344 0.0000000000
65844  -45.109  -20.204  30.636 0.0000000000
66895  -45.703  -19.575  30.904 0.0000000000
67834  -46.270  -18.510  30.893 0.0000000000
66886  -46.551  -18.890  31.597 0.0000000000
144340  -38.275  -30.203  44.705 0.0000000000
167697  -36.895  -30.159  44.418 0.0000000000
144677  -37.046  -30.004  43.413 0.0000000000
55680  -34.590  -28.516  34.569 0.0000000000
55649  -33.792  -28.723  35.782 0.0000000000
54545  -33.208  -28.913  34.580 0.0000000000
54544  -32.623  -29.249  34.236 0.0000000000
59370  -39.116  -25.419  29.414 0.0000000000
59381  -37.439  -25.570  28.304 0.0000000000
60418  -38.716  -24.857  27.751 0.0000000000
74404  -56.860  -12.642  28.376 0.0000000000
74415  -57.112  -12.621  27.665 0.0000000000
73326  -57.011  -13.007  27.083 0.0000000000
74426  -57.515  -12.325  26.337 0.0000000000
55491  -23.272  -28.702  51.057 0.0000000000
54370  -23.193  -29.437  49.151 0.0000000000
54359  -24.480  -28.972  49.503 0.0000000000
45922  -31.389  -36.423  39.108 0.0000000000
47074  -30.610  -35.899  37.986 0.0000000000
165325  -32.028  -36.425  37.770 0.0000000000
44654  -32.657  -36.716  36.574 0.0000000000
44625  -33.725  -36.894  37.846 0.0000000000
49117  -31.914  -33.628  41.048 0.0000000000
49113  -32.401  -34.142  41.594 0.0000000000
49119  -33.624  -34.243  40.783 0.0000000000
59332  -41.453  -25.868  31.635 0.0000000000
156627  -42.280  -25.349  30.940 0.0000000000
153919  -43.134  -25.411  31.617 0.0000000000
61354  -45.347  -24.042  33.365 0.0000000000
60371  -44.488  -24.512  32.170 0.0000000000
153970  -45.314  -23.544  32.948 0.0000000000
63501  -45.920  -21.877  32.780 0.0000000000
63494  -46.516  -21.877  33.552 0.0000000000
169463  -41.453  -29.005  41.263 0.0000000000
54486  -40.086  -28.732  40.397 0.0000000000
55592  -40.487  -28.556  39.774 0.0000000000
55667  -40.062  -28.121  35.726 0.0000000000
168772  -39.204  -28.299  37.173 0.0000000000
145096  -38.876  -28.247  36.053 0.0000000000
55664  -37.531  -28.277  35.230 0.0000000000
55684  -38.124  -28.194  34.616 0.0000000000
166430  -37.650  -28.047  33.592 0.0000000000
56886  -39.042  -27.708  33.729 0.0000000000
58137  -41.140  -26.487  32.690 0.0000000000
58136  -40.377  -26.675  32.602 0.0000000000
58153  -40.837  -26.238  31.958 0.0000000000
58167  -40.325  -26.114  31.453 0.0000000000
53214  -27.455  -30.618  52.450 0.0000000000
51190  -27.244  -31.779  49.541 0.0000000000
50121  -27.929  -33.205  50.081 0.0000000000
45818  -29.035  -36.477  46.912 0.0000000000
46980  -28.598  -35.785  45.481 0.0000000000
45846  -29.348  -36.459  44.058 0.0000000000
45863  -29.871  -36.498  41.898 0.0000000000
44540  -31.062  -37.109  42.650 0.0000000000
61425  -43.239  -24.167  29.900 0.0000000000
60423  -42.613  -24.351  28.834 0.0000000000
61442  -43.269  -23.457  29.744 0.0000000000
64684  -43.890  -20.217  29.244 0.0000000000
64682  -42.891  -21.435  28.506 0.0000000000
64698  -43.113  -20.745  28.195 0.0000000000
69830  -46.647  -17.042  29.548 0.0000000000
68804  -46.094  -17.398  28.335 0.0000000000
69852  -46.573  -16.955  28.776 0.0000000000
69863  -47.176  -16.537  27.659 0.0000000000
69843  -47.580  -16.225  29.077 0.0000000000
169231  -34.871  -30.136  48.228 0.0000000000
53292  -32.546  -29.927  47.304 0.0000000000
162650  -33.688  -29.925  46.819 0.0000000000
144339  -33.536  -30.091  43.450 0.0000000000
53357  -32.268  -30.108  43.706 0.0000000000
53372  -32.207  -30.140  42.532 0.0000000000
53388  -31.181  -30.510  42.125 0.0000000000
168295  -31.814  -30.227  41.818 0.0000000000
168098  -36.988  -28.820  39.690 0.0000000000
54467  -36.443  -29.292  40.833 0.0000000000
172641  -35.609  -29.107  39.790 0.0000000000
166049  -32.646  -29.264  37.609 0.0000000000
148533  -33.179  -29.254  38.815 0.0000000000
147914  -31.929  -29.882  38.672 0.0000000000
52324  -31.212  -30.734  39.278 0.0000000000
157833  -36.440  -27.447  31.532 0.0000000000
159146  -38.663  -29.748  46.758 0.0000000000
54435  -42.201  -28.671  43.149 0.0000000000
61317  -47.352  -23.752  36.388 0.0000000000
65777  -49.274  -20.198  36.029 0.0000000000
66850  -49.509  -19.081  35.779 0.0000000000
65801  -48.713  -19.579  34.616 0.0000000000
67807  -49.203  -18.445  35.154 0.0000000000
72002  -49.580  -14.557  35.063 0.0000000000
69766  -48.866  -16.157  34.860 0.0000000000
70880  -48.750  -15.732  33.984 0.0000000000
70890  -48.332  -15.899  32.510 0.0000000000
70892  -49.427  -15.114  32.658 0.0000000000
72032  -52.134  -14.692  31.874 0.0000000000
70916  -50.819  -14.983  31.022 0.0000000000
72059  -51.298  -14.937  30.521 0.0000000000
70933  -50.494  -15.081  29.565 0.0000000000
72073  -51.481  -14.941  29.785 0.0000000000
74366  -55.284  -13.034  30.485 0.0000000000
73311  -55.130  -13.967  28.469 0.0000000000
72077  -54.197  -14.126  29.511 0.0000000000
72089  -53.672  -14.306  28.636 0.0000000000
72098  -52.211  -14.853  27.981 0.0000000000
72099  -52.794  -14.705  27.265 0.0000000000
72109  -51.757  -15.015  26.276 0.0000000000
72111  -53.427  -14.493  26.653 0.0000000000
72126  -55.996  -14.288  25.628 0.0000000000
72136  -54.789  -14.889  25.072 0.0000000000
72137  -55.578  -14.897  25.112 0.0000000000
77589  -58.140  -10.151  24.153 0.0000000000
76556  -58.011  -10.874  24.418 0.0000000000
76565  -57.974  -10.771  23.757 0.0000000000
52250  -22.627  -30.926  45.217 0.0000000000
51237  -21.908  -31.557  45.259 0.0000000000
51269  -22.609  -31.556  42.511 0.0000000000
51307  -22.994  -31.911  40.202 0.0000000000
51308  -23.739  -31.676  39.847 0.0000000000
50171  -26.866  -32.619  45.157 0.0000000000
51238  -26.062  -31.438  45.175 0.0000000000
50201  -27.118  -33.076  42.090 0.0000000000
49197  -27.526  -33.519  37.497 0.0000000000
45980  -29.736  -36.002  34.023 0.0000000000
52244  -30.180  -31.186  46.092 0.0000000000
50155  -29.989  -32.906  46.755 0.0000000000
167255  -30.131  -33.740  45.403 0.0000000000
46993  -34.909  -36.073  44.381 0.0000000000
164444  -33.906  -36.738  45.451 0.0000000000
145910  -35.355  -37.105  44.407 0.0000000000
44565  -34.174  -37.423  42.484 0.0000000000
44566  -35.102  -37.424  42.397 0.0000000000
44617  -36.703  -36.988  39.575 0.0000000000
58140  -43.265  -26.026  33.291 0.0000000000
59318  -43.711  -25.591  32.673 0.0000000000
59304  -43.963  -25.735  33.470 0.0000000000
59306  -45.092  -25.037  34.083 0.0000000000
60326  -45.565  -24.376  34.140 0.0000000000
55613  -43.020  -28.209  39.256 0.0000000000
55631  -41.093  -28.309  38.458 0.0000000000
55644  -41.831  -28.151  37.426 0.0000000000
55669  -41.477  -27.998  36.138 0.0000000000
55687  -40.650  -27.906  35.313 0.0000000000
56870  -39.664  -27.753  34.277 0.0000000000
56872  -41.651  -27.268  34.504 0.0000000000
56889  -41.882  -26.866  33.928 0.0000000000
70995  -50.988  -15.910  24.212 0.0000000000
153734  -29.236  -32.377  52.101 0.0000000000
49017  -28.411  -33.748  50.600 0.0000000000
49019  -29.057  -34.085  50.618 0.0000000000
47990  -29.253  -35.285  49.301 0.0000000000
46959  -29.972  -36.464  48.236 0.0000000000
62407  -44.223  -22.642  31.023 0.0000000000
63524  -43.590  -21.925  29.961 0.0000000000
148956  -44.133  -21.422  30.359 0.0000000000
64672  -44.335  -20.603  30.088 0.0000000000
65843  -44.629  -19.792  29.820 0.0000000000
67852  -44.650  -18.888  28.434 0.0000000000
67843  -45.533  -18.729  29.823 0.0000000000
67844  -46.079  -18.166  30.182 0.0000000000
161572  -47.072  -16.786  30.262 0.0000000000
152974  -36.395  -30.213  46.479 0.0000000000
164955  -35.026  -30.158  46.477 0.0000000000
163217  -35.461  -30.138  44.955 0.0000000000
169468  -34.903  -30.077  43.868 0.0000000000
53375  -34.735  -30.046  42.747 0.0000000000
153802  -36.084  -28.529  37.840 0.0000000000
54511  -35.240  -28.855  38.816 0.0000000000
145032  -34.721  -28.608  36.961 0.0000000000
167945  -33.748  -28.765  36.745 0.0000000000
155709  -32.326  -29.459  36.397 0.0000000000
148049  -31.767  -30.375  36.024 0.0000000000
54530  -32.108  -29.745  35.202 0.0000000000
58174  -37.430  -26.457  30.236 0.0000000000
59368  -36.987  -25.997  28.966 0.0000000000
74335  -51.536  -12.930  34.512 0.0000000000
72021  -50.893  -14.561  32.696 0.0000000000
73251  -52.462  -13.808  33.289 0.0000000000
173234  -53.106  -13.882  32.950 0.0000000000
72034  -53.394  -14.321  31.778 0.0000000000
75466  -55.821  -12.051  28.855 0.0000000000
74379  -56.054  -12.865  29.517 0.0000000000
74392  -56.428  -12.850  28.936 0.0000000000
73303  -56.234  -13.409  28.652 0.0000000000
73323  -55.145  -13.988  27.569 0.0000000000
73335  -55.210  -14.061  26.624 0.0000000000
73324  -55.906  -13.841  27.295 0.0000000000
73337  -56.490  -13.811  26.147 0.0000000000
73338  -56.916  -13.512  25.829 0.0000000000
78686  -58.005  -9.308  22.546 0.0000000000
77612  -57.796  -10.356  22.911 0.0000000000
172190  -57.570  -9.493  22.116 0.0000000000
53212  -21.827  -30.023  51.798 0.0000000000
52195  -21.843  -30.615  49.728 0.0000000000
53235  -22.264  -30.080  49.598 0.0000000000
52230  -22.688  -30.357  47.179 0.0000000000
147252  -23.732  -30.634  44.849 0.0000000000
47026  -28.618  -35.264  40.655 0.0000000000
48104  -27.809  -34.297  40.483 0.0000000000
47063  -29.068  -35.302  39.141 0.0000000000
47081  -29.485  -35.135  37.437 0.0000000000
47091  -30.371  -35.546  36.241 0.0000000000
45966  -30.684  -36.247  34.908 0.0000000000
45958  -31.417  -36.409  35.737 0.0000000000
155033  -30.092  -32.260  43.431 0.0000000000
49084  -30.447  -33.985  44.268 0.0000000000
48067  -31.767  -34.430  42.976 0.0000000000
147950  -33.573  -35.147  42.991 0.0000000000
160737  -35.371  -35.681  43.495 0.0000000000
152370  -40.438  -25.315  30.087 0.0000000000
60409  -40.596  -24.755  28.798 0.0000000000
171067  -41.118  -25.170  30.066 0.0000000000
60400  -43.022  -24.657  30.149 0.0000000000
60401  -43.509  -24.434  30.513 0.0000000000
60370  -43.959  -24.889  31.730 0.0000000000
172012  -44.106  -24.506  31.487 0.0000000000
61427  -44.026  -23.481  30.984 0.0000000000
63513  -44.773  -22.381  31.565 0.0000000000
154377  -45.610  -21.485  32.104 0.0000000000
65814  -46.793  -20.031  32.631 0.0000000000
164295  -39.974  -29.909  43.008 0.0000000000
53394  -38.270  -29.619  42.242 0.0000000000
54454  -39.432  -29.334  41.694 0.0000000000
54484  -38.395  -28.780  40.317 0.0000000000
55609  -37.929  -28.451  38.696 0.0000000000
148438  -39.731  -28.337  38.438 0.0000000000
55629  -38.303  -28.348  38.076 0.0000000000
55628  -37.562  -28.399  38.065 0.0000000000
55653  -37.039  -28.341  36.620 0.0000000000
144329  -36.267  -28.347  35.023 0.0000000000
55697  -35.575  -28.246  33.553 0.0000000000
157810  -34.983  -28.258  33.131 0.0000000000
55713  -36.269  -28.027  32.997 0.0000000000
56900  -36.768  -27.771  32.581 0.0000000000
158483  -37.872  -27.257  32.007 0.0000000000
143854  -39.282  -27.362  33.136 0.0000000000
56903  -38.878  -27.206  32.538 0.0000000000
56915  -38.049  -26.892  31.508 0.0000000000
58176  -38.774  -26.163  30.660 0.0000000000
59358  -39.652  -25.556  30.085 0.0000000000
160357  -57.854  -10.894  25.763 0.0000000000
79696  -57.769  -8.871  25.269 0.0000000000
79703  -58.379  -8.271  24.678 0.0000000000
79712  -58.659  -8.330  24.062 0.0000000000
80929  -58.800  -7.420  23.002 0.0000000000
80938  -58.224  -7.476  21.406 0.0000000000
54337  -26.182  -28.986  51.605 0.0000000000
53237  -25.830  -29.580  49.321 0.0000000000
53253  -26.403  -30.319  49.144 0.0000000000
50153  -26.928  -32.537  46.867 0.0000000000
49082  -27.673  -33.825  44.666 0.0000000000
47999  -27.949  -34.558  47.879 0.0000000000
48035  -27.969  -34.433  45.183 0.0000000000
48065  -28.404  -35.209  42.966 0.0000000000
45881  -29.379  -36.129  41.515 0.0000000000
45883  -30.663  -36.590  40.764 0.0000000000
44603  -32.273  -36.907  40.373 0.0000000000
152291  -42.072  -24.566  28.542 0.0000000000
154624  -42.040  -24.332  27.903 0.0000000000
63539  -42.777  -22.237  28.811 0.0000000000
69864  -47.782  -16.283  27.289 0.0000000000
70959  -48.888  -15.796  27.375 0.0000000000
167631  -32.304  -30.200  49.575 0.0000000000
52210  -30.887  -30.912  49.388 0.0000000000
53273  -32.110  -30.071  47.987 0.0000000000
53290  -30.942  -30.429  46.929 0.0000000000
52256  -30.364  -30.788  45.342 0.0000000000
53333  -32.651  -30.002  45.237 0.0000000000
53343  -31.123  -30.254  44.700 0.0000000000
52279  -30.230  -31.104  43.901 0.0000000000
51288  -30.298  -31.387  42.370 0.0000000000
146205  -30.686  -32.228  41.368 0.0000000000
50227  -31.167  -32.484  40.297 0.0000000000
149632  -36.881  -29.692  42.429 0.0000000000
151714  -35.119  -29.757  41.530 0.0000000000
143544  -33.788  -29.911  41.216 0.0000000000
163705  -34.352  -29.261  39.579 0.0000000000
54480  -33.835  -29.470  39.932 0.0000000000
53405  -32.447  -29.959  40.692 0.0000000000
53426  -31.367  -30.419  39.830 0.0000000000
51319  -31.105  -31.528  39.354 0.0000000000
55724  -34.334  -28.126  31.939 0.0000000000
155573  -45.286  -26.358  37.951 0.0000000000
59266  -45.739  -25.671  37.094 0.0000000000
163325  -22.370  -28.933  52.945 0.0000000000
55466  -24.858  -27.984  52.860 0.0000000000
171431  -26.425  -28.742  53.240 0.0000000000
54324  -27.316  -29.658  53.287 0.0000000000
53205  -30.033  -30.552  52.945 0.0000000000
52178  -31.415  -30.732  52.161 0.0000000000
53215  -32.399  -30.110  51.465 0.0000000000
53226  -33.076  -29.950  51.020 0.0000000000
53241  -34.132  -29.949  50.186 0.0000000000
53258  -35.172  -29.990  48.913 0.0000000000
144346  -35.613  -29.982  48.355 0.0000000000
54382  -36.556  -29.714  48.107 0.0000000000
53296  -36.382  -30.040  47.524 0.0000000000
53317  -37.331  -30.011  46.830 0.0000000000
53334  -38.457  -30.026  46.061 0.0000000000
53347  -39.483  -30.027  45.195 0.0000000000
53364  -40.257  -29.968  43.860 0.0000000000
145986  -41.395  -29.444  43.246 0.0000000000
54457  -42.043  -28.986  41.893 0.0000000000
56823  -44.735  -26.965  38.476 0.0000000000
147093  -46.430  -24.737  36.365 0.0000000000
61330  -46.454  -23.997  35.284 0.0000000000
61343  -46.701  -23.359  34.989 0.0000000000
64572  -49.001  -21.305  36.603 0.0000000000
63476  -48.355  -21.531  35.546 0.0000000000
63495  -47.072  -21.963  34.244 0.0000000000
64629  -47.171  -21.134  33.763 0.0000000000
65816  -47.890  -19.633  33.589 0.0000000000
66877  -47.590  -19.329  33.161 0.0000000000
156107  -49.022  -17.004  35.194 0.0000000000
68751  -48.394  -17.675  34.118 0.0000000000
68759  -47.410  -17.916  32.673 0.0000000000
68771  -47.516  -17.063  32.477 0.0000000000
69820  -47.747  -16.289  31.306 0.0000000000
70913  -48.234  -15.900  30.771 0.0000000000
72030  -50.221  -14.905  32.213 0.0000000000
70914  -48.916  -15.571  31.191 0.0000000000
166223  -48.288  -15.845  30.055 0.0000000000
70931  -48.874  -15.617  29.487 0.0000000000
70945  -49.143  -15.626  27.963 0.0000000000
145679  -49.464  -15.564  27.565 0.0000000000
73265  -54.310  -13.551  31.805 0.0000000000
72047  -53.460  -14.303  31.120 0.0000000000
73290  -54.861  -13.897  29.955 0.0000000000
72076  -53.702  -14.238  29.959 0.0000000000
72074  -52.457  -14.746  29.818 0.0000000000
147975  -51.902  -14.902  28.930 0.0000000000
164239  -50.898  -15.131  27.442 0.0000000000
70961  -50.663  -15.303  26.758 0.0000000000
70984  -50.879  -15.458  25.589 0.0000000000
70985  -51.320  -15.469  24.903 0.0000000000
147391  -51.904  -15.574  24.280 0.0000000000
72124  -53.569  -14.573  25.700 0.0000000000
70996  -53.717  -14.971  24.777 0.0000000000
71009  -53.464  -15.684  24.169 0.0000000000
155868  -57.863  -11.917  25.284 0.0000000000
74449  -57.708  -12.402  24.988 0.0000000000
74458  -57.372  -13.034  24.616 0.0000000000
75550  -57.812  -11.297  23.472 0.0000000000
74466  -57.343  -13.010  23.754 0.0000000000
73354  -57.051  -13.779  24.212 0.0000000000
51207  -21.540  -31.660  48.024 0.0000000000
53289  -25.299  -30.128  47.262 0.0000000000
146670  -25.135  -30.992  44.546 0.0000000000
52278  -25.085  -31.215  43.003 0.0000000000
50219  -26.977  -33.138  40.409 0.0000000000
50225  -26.437  -32.541  39.954 0.0000000000
51309  -25.257  -31.760  39.687 0.0000000000
51339  -25.623  -31.935  37.281 0.0000000000
50136  -30.022  -32.969  48.467 0.0000000000
49056  -30.097  -34.495  48.005 0.0000000000
45821  -31.225  -36.823  46.668 0.0000000000
162925  -31.371  -35.364  45.017 0.0000000000
45831  -32.809  -36.822  46.086 0.0000000000
44521  -32.116  -37.350  45.165 0.0000000000
155672  -32.510  -37.314  42.544 0.0000000000
44588  -32.797  -37.153  41.045 0.0000000000
164268  -33.738  -37.119  40.124 0.0000000000
48071  -36.593  -35.536  42.719 0.0000000000
47003  -37.098  -36.278  43.345 0.0000000000
153088  -36.876  -37.234  42.067 0.0000000000
145614  -35.709  -37.306  40.804 0.0000000000
144359  -35.019  -37.094  39.211 0.0000000000
147463  -34.214  -36.980  38.646 0.0000000000
58088  -44.377  -26.323  35.809 0.0000000000
59287  -44.837  -25.733  35.309 0.0000000000
58090  -44.992  -25.917  36.142 0.0000000000
151182  -43.594  -27.262  36.635 0.0000000000
56851  -44.115  -26.772  36.417 0.0000000000
56850  -43.752  -26.837  35.900 0.0000000000
70972  -48.802  -16.110  25.782 0.0000000000
70982  -49.389  -16.063  25.172 0.0000000000
70973  -49.441  -15.805  26.078 0.0000000000
51193  -30.371  -31.706  50.987 0.0000000000
52199  -30.865  -31.094  50.435 0.0000000000
149738  -46.148  -19.604  31.512 0.0000000000
167689  -37.545  -30.161  44.252 0.0000000000
53361  -37.987  -30.096  43.674 0.0000000000
55661  -33.847  -28.687  34.963 0.0000000000
171009  -39.457  -25.071  29.032 0.0000000000
59383  -39.029  -25.069  28.610 0.0000000000
75491  -57.189  -12.091  27.336 0.0000000000
74425  -57.320  -12.523  26.949 0.0000000000
75492  -57.489  -11.941  26.700 0.0000000000
55492  -24.035  -28.523  50.837 0.0000000000
55502  -24.255  -28.696  50.143 0.0000000000
45923  -32.103  -36.565  39.061 0.0000000000
45938  -31.741  -36.401  38.401 0.0000000000
45939  -32.385  -36.554  38.313 0.0000000000
45953  -32.573  -36.584  37.473 0.0000000000
44624  -33.026  -36.721  38.078 0.0000000000
49127  -32.127  -33.488  40.309 0.0000000000
49118  -32.665  -33.974  40.863 0.0000000000
49128  -32.930  -33.785  40.105 0.0000000000
58154  -41.666  -26.085  32.197 0.0000000000
59333  -42.332  -25.634  31.647 0.0000000000
59317  -43.095  -25.658  32.151 0.0000000000
61355  -45.865  -23.669  33.930 0.0000000000
61366  -45.676  -23.304  33.372 0.0000000000
62368  -46.025  -22.592  33.384 0.0000000000
54488  -41.869  -28.729  40.496 0.0000000000
54487  -40.973  -28.775  40.453 0.0000000000
55593  -41.355  -28.545  39.790 0.0000000000
55666  -39.262  -28.157  35.455 0.0000000000
55655  -39.495  -28.237  36.213 0.0000000000
55665  -38.352  -28.240  35.517 0.0000000000
147306  -38.775  -28.153  34.929 0.0000000000
55700  -38.275  -27.982  33.781 0.0000000000
55701  -38.871  -28.013  34.338 0.0000000000
58138  -41.875  -26.342  32.835 0.0000000000
52167  -27.846  -31.075  52.739 0.0000000000
51182  -27.846  -32.286  51.120 0.0000000000
51174  -27.820  -31.844  51.835 0.0000000000
44506  -30.113  -37.028  46.529 0.0000000000
45830  -29.526  -36.802  45.921 0.0000000000
45838  -29.877  -36.900  44.609 0.0000000000
45847  -29.845  -36.748  43.653 0.0000000000
145893  -30.494  -37.181  44.287 0.0000000000
61441  -42.944  -23.922  29.249 0.0000000000
65853  -43.483  -20.337  28.565 0.0000000000
162280  -47.008  -16.654  29.102 0.0000000000
69853  -47.117  -16.550  28.473 0.0000000000
53294  -35.376  -30.154  47.798 0.0000000000
53293  -34.430  -30.076  47.479 0.0000000000
169476  -34.958  -30.156  47.085 0.0000000000
53373  -33.020  -30.094  42.738 0.0000000000
162716  -32.642  -30.086  41.954 0.0000000000
54501  -36.394  -28.813  39.312 0.0000000000
54482  -36.170  -29.090  40.024 0.0000000000
54500  -35.756  -28.935  39.362 0.0000000000
54514  -32.115  -29.625  37.219 0.0000000000
54508  -32.247  -29.528  38.064 0.0000000000
53430  -31.699  -30.161  37.864 0.0000000000
52328  -31.547  -30.862  37.341 0.0000000000
56925  -36.625  -27.118  30.885 0.0000000000
56932  -36.106  -27.058  30.351 0.0000000000
66861  -49.439  -18.627  35.567 0.0000000000
73238  -50.301  -13.943  34.553 0.0000000000
72010  -49.123  -15.202  34.494 0.0000000000
72019  -49.247  -15.070  33.558 0.0000000000
72020  -50.030  -14.711  33.067 0.0000000000
167117  -52.397  -14.726  31.375 0.0000000000
72045  -51.701  -14.853  31.204 0.0000000000
169361  -50.952  -14.990  30.054 0.0000000000
74391  -55.010  -12.202  28.902 0.0000000000
75458  -55.009  -12.250  29.789 0.0000000000
75448  -54.821  -12.312  30.458 0.0000000000
75449  -55.468  -12.533  30.162 0.0000000000
72101  -54.375  -14.113  27.996 0.0000000000
72127  -56.503  -14.075  25.401 0.0000000000
78673  -58.316  -9.564  23.837 0.0000000000
77601  -58.064  -10.203  23.480 0.0000000000
51181  -21.216  -31.971  50.751 0.0000000000
52276  -23.609  -30.936  43.500 0.0000000000
52275  -22.881  -31.115  43.738 0.0000000000
52297  -23.195  -31.246  42.242 0.0000000000
52311  -23.285  -31.337  41.630 0.0000000000
52312  -23.812  -31.315  41.174 0.0000000000
173324  -27.195  -33.000  43.612 0.0000000000
161837  -26.900  -32.660  44.260 0.0000000000
151671  -27.202  -33.030  42.921 0.0000000000
48183  -28.987  -34.944  34.070 0.0000000000
52255  -30.026  -31.500  45.474 0.0000000000
51230  -29.966  -32.097  46.162 0.0000000000
163866  -29.972  -33.033  45.117 0.0000000000
45841  -35.574  -36.538  44.417 0.0000000000
45840  -34.929  -36.756  44.935 0.0000000000
44535  -36.114  -36.924  44.280 0.0000000000
44543  -34.835  -37.394  43.460 0.0000000000
44544  -35.699  -37.283  43.525 0.0000000000
58124  -44.151  -25.879  34.223 0.0000000000
59296  -45.227  -25.271  34.871 0.0000000000
60325  -45.930  -24.450  34.894 0.0000000000
55634  -43.530  -27.869  38.780 0.0000000000
55633  -42.862  -28.112  38.471 0.0000000000
55645  -42.654  -28.045  37.707 0.0000000000
56848  -42.167  -27.814  36.240 0.0000000000
169597  -41.206  -27.886  35.607 0.0000000000
56859  -41.306  -27.617  35.027 0.0000000000
146470  -42.073  -27.398  35.027 0.0000000000
58107  -43.044  -26.718  34.541 0.0000000000
56873  -42.344  -27.008  34.470 0.0000000000
58122  -42.681  -26.535  33.811 0.0000000000
69908  -48.150  -16.947  24.863 0.0000000000
70994  -50.103  -16.024  24.621 0.0000000000
171513  -29.830  -31.718  52.360 0.0000000000
50101  -28.976  -32.994  51.884 0.0000000000
50102  -29.327  -32.689  51.576 0.0000000000
165056  -29.852  -33.190  50.070 0.0000000000
49031  -29.514  -34.036  50.127 0.0000000000
167223  -29.495  -35.180  49.330 0.0000000000
46951  -29.559  -36.166  48.444 0.0000000000
49048  -30.072  -34.863  48.893 0.0000000000
60434  -40.834  -24.449  27.329 0.0000000000
63512  -44.492  -21.842  30.988 0.0000000000
63525  -43.988  -22.120  30.568 0.0000000000
64657  -44.739  -21.047  30.815 0.0000000000
66905  -45.003  -19.174  29.585 0.0000000000
68779  -46.408  -17.868  30.712 0.0000000000
68788  -46.504  -17.448  30.223 0.0000000000
145611  -35.944  -30.229  45.720 0.0000000000
145610  -36.655  -30.230  45.783 0.0000000000
53360  -36.069  -30.070  43.703 0.0000000000
144343  -35.417  -30.101  44.207 0.0000000000
53359  -35.151  -30.062  43.451 0.0000000000
55638  -35.597  -28.522  37.240 0.0000000000
54521  -33.016  -29.021  36.143 0.0000000000
54515  -32.827  -29.142  36.952 0.0000000000
54520  -32.506  -29.357  35.651 0.0000000000
54519  -32.029  -29.852  35.876 0.0000000000
58187  -37.701  -26.085  29.704 0.0000000000
58186  -37.116  -26.311  29.624 0.0000000000
172910  -37.390  -26.038  29.348 0.0000000000
74336  -52.112  -12.205  34.366 0.0000000000
73240  -51.942  -13.297  33.947 0.0000000000
74345  -53.430  -12.567  33.106 0.0000000000
73252  -53.143  -13.193  33.309 0.0000000000
73253  -53.553  -13.484  32.915 0.0000000000
73263  -53.300  -14.202  32.457 0.0000000000
73264  -53.907  -13.748  32.288 0.0000000000
75476  -56.447  -11.644  27.924 0.0000000000
76526  -56.253  -11.341  27.393 0.0000000000
75467  -56.387  -12.071  28.504 0.0000000000
75460  -56.186  -12.437  29.173 0.0000000000
74393  -56.597  -12.433  28.750 0.0000000000
73304  -56.582  -13.077  28.380 0.0000000000
73313  -56.389  -13.465  27.934 0.0000000000
73312  -55.823  -13.793  28.165 0.0000000000
73325  -56.534  -13.521  27.043 0.0000000000
151920  -56.854  -13.365  26.507 0.0000000000
79731  -57.704  -8.928  21.968 0.0000000000
54335  -22.304  -29.315  51.577 0.0000000000
53222  -22.151  -29.731  50.937 0.0000000000
53236  -22.482  -29.597  50.228 0.0000000000
54380  -23.443  -29.585  48.414 0.0000000000
53267  -22.829  -29.846  48.605 0.0000000000
53287  -23.450  -30.069  46.939 0.0000000000
53307  -23.389  -30.290  46.094 0.0000000000
53330  -24.013  -30.411  45.555 0.0000000000
47045  -29.090  -35.639  40.384 0.0000000000
47044  -28.767  -35.243  39.910 0.0000000000
47064  -29.589  -35.743  39.338 0.0000000000
161723  -29.851  -35.519  38.045 0.0000000000
47082  -30.155  -35.491  37.184 0.0000000000
47090  -29.720  -35.088  36.517 0.0000000000
47092  -30.953  -35.991  36.050 0.0000000000
45951  -31.444  -36.245  36.570 0.0000000000
143931  -33.348  -37.139  36.215 0.0000000000
50203  -30.651  -32.885  42.401 0.0000000000
49105  -31.004  -33.717  42.838 0.0000000000
49106  -31.552  -33.931  42.382 0.0000000000
48078  -33.675  -34.776  42.147 0.0000000000
48077  -32.924  -34.600  42.237 0.0000000000
167326  -34.219  -35.152  42.641 0.0000000000
47008  -34.499  -35.462  43.355 0.0000000000
48069  -34.926  -35.280  42.716 0.0000000000
59348  -42.884  -25.241  31.122 0.0000000000
59361  -42.631  -25.026  30.530 0.0000000000
167009  -43.713  -24.670  31.140 0.0000000000
59319  -44.324  -25.311  33.015 0.0000000000
59334  -43.646  -25.309  31.956 0.0000000000
59335  -44.169  -25.131  32.342 0.0000000000
61378  -44.720  -23.711  32.108 0.0000000000
60389  -44.323  -24.003  31.523 0.0000000000
62384  -44.511  -23.210  31.553 0.0000000000
64642  -46.064  -21.041  32.383 0.0000000000
64628  -46.510  -20.600  32.651 0.0000000000
54455  -40.213  -29.613  42.286 0.0000000000
53395  -39.214  -29.740  42.475 0.0000000000
54470  -40.123  -29.244  41.566 0.0000000000
55591  -39.632  -28.544  39.730 0.0000000000
54485  -39.209  -28.731  40.383 0.0000000000
55590  -38.815  -28.578  39.730 0.0000000000
54503  -38.172  -28.645  39.758 0.0000000000
144770  -38.385  -28.500  39.199 0.0000000000
55643  -41.027  -28.230  37.650 0.0000000000
165442  -40.391  -28.325  38.648 0.0000000000
144608  -40.329  -28.282  37.999 0.0000000000
171783  -38.359  -28.304  36.957 0.0000000000
55642  -38.760  -28.302  37.455 0.0000000000
55641  -38.007  -28.324  37.447 0.0000000000
55640  -37.281  -28.360  37.361 0.0000000000
144605  -36.932  -28.298  34.978 0.0000000000
55663  -36.792  -28.327  35.738 0.0000000000
55681  -35.926  -28.309  34.317 0.0000000000
55698  -36.463  -28.178  33.722 0.0000000000
55715  -37.878  -27.797  33.104 0.0000000000
55714  -37.109  -27.962  33.179 0.0000000000
56901  -37.423  -27.573  32.429 0.0000000000
144889  -40.277  -27.364  33.828 0.0000000000
56887  -39.638  -27.476  33.643 0.0000000000
56904  -39.980  -27.141  33.176 0.0000000000
58152  -40.009  -26.468  31.953 0.0000000000
58135  -39.615  -26.904  32.551 0.0000000000
56916  -38.456  -27.055  32.003 0.0000000000
58150  -38.625  -26.693  31.509 0.0000000000
58164  -38.401  -26.490  31.005 0.0000000000
58165  -39.015  -26.371  31.165 0.0000000000
59346  -40.187  -25.785  30.788 0.0000000000
80902  -58.009  -7.803  24.646 0.0000000000
80912  -58.445  -7.645  24.491 0.0000000000
78665  -58.541  -8.920  24.309 0.0000000000
80939  -58.785  -6.896  22.100 0.0000000000
79732  -58.550  -7.886  22.307 0.0000000000
54349  -26.550  -29.522  51.336 0.0000000000
54361  -26.372  -29.590  50.616 0.0000000000
53223  -26.852  -30.164  51.035 0.0000000000
51209  -27.375  -32.717  48.655 0.0000000000
51198  -27.088  -31.951  48.603 0.0000000000
50143  -27.036  -32.448  47.543 0.0000000000
50162  -27.174  -33.079  45.754 0.0000000000
50154  -27.195  -33.125  46.611 0.0000000000
49039  -28.432  -34.581  49.659 0.0000000000
47988  -28.156  -34.613  48.824 0.0000000000
48000  -28.472  -35.384  48.570 0.0000000000
46989  -28.646  -35.770  44.580 0.0000000000
48036  -28.226  -35.148  45.755 0.0000000000
48048  -28.303  -35.117  44.866 0.0000000000
48047  -28.065  -34.436  44.352 0.0000000000
47006  -28.577  -35.478  42.229 0.0000000000
47007  -28.836  -35.875  42.687 0.0000000000
44562  -31.044  -36.969  41.826 0.0000000000
44561  -30.497  -36.701  41.494 0.0000000000
44586  -31.051  -36.834  41.194 0.0000000000
45884  -31.473  -36.789  40.618 0.0000000000
158372  -32.070  -37.036  40.987 0.0000000000
60410  -41.456  -24.773  28.981 0.0000000000
60422  -42.441  -24.243  28.293 0.0000000000
62425  -43.109  -22.517  29.572 0.0000000000
63540  -43.173  -21.656  29.251 0.0000000000
64697  -42.810  -21.260  27.736 0.0000000000
66917  -45.147  -18.645  29.026 0.0000000000
68795  -45.595  -17.939  28.668 0.0000000000
69878  -46.606  -16.898  27.134 0.0000000000
69854  -47.818  -16.144  28.145 0.0000000000
166971  -48.287  -15.998  27.568 0.0000000000
70958  -48.354  -16.067  26.954 0.0000000000
159278  -33.136  -30.116  49.725 0.0000000000
53255  -32.640  -30.065  48.857 0.0000000000
169740  -32.158  -29.949  46.650 0.0000000000
53291  -31.701  -30.114  47.134 0.0000000000
53311  -31.428  -30.124  46.241 0.0000000000
53310  -30.604  -30.523  46.149 0.0000000000
53331  -30.938  -30.311  45.467 0.0000000000
152976  -34.201  -30.038  45.787 0.0000000000
145613  -33.459  -30.023  45.237 0.0000000000
53344  -32.021  -30.090  44.524 0.0000000000
53356  -31.363  -30.213  43.841 0.0000000000
171982  -30.890  -30.371  44.196 0.0000000000
52280  -30.691  -30.556  43.745 0.0000000000
51272  -30.120  -31.580  43.264 0.0000000000
52290  -30.481  -30.962  43.108 0.0000000000
52301  -30.770  -30.976  41.759 0.0000000000
51289  -30.528  -31.611  41.495 0.0000000000
51303  -30.821  -31.995  40.828 0.0000000000
51311  -30.978  -31.777  40.106 0.0000000000
54453  -38.047  -29.290  41.477 0.0000000000
53393  -37.467  -29.497  41.931 0.0000000000
147460  -35.814  -29.342  40.637 0.0000000000
54451  -35.845  -29.534  41.332 0.0000000000
54466  -35.232  -29.524  40.830 0.0000000000
53407  -34.543  -29.750  41.055 0.0000000000
54510  -34.661  -28.828  38.246 0.0000000000
148614  -34.469  -29.044  38.963 0.0000000000
167290  -33.024  -29.499  39.517 0.0000000000
53420  -32.550  -29.796  40.028 0.0000000000
53406  -33.236  -29.763  40.465 0.0000000000
53419  -31.902  -30.107  40.094 0.0000000000
144723  -31.262  -31.217  38.669 0.0000000000
51312  -31.322  -32.292  39.535 0.0000000000
55712  -35.504  -28.079  32.751 0.0000000000
55711  -34.748  -28.171  32.513 0.0000000000
166247  -34.809  -28.020  32.013 0.0000000000
54310  -22.007  -29.418  53.315 0.0000000000
56602  -26.184  -27.579  54.144 0.0000000000
168209  -29.499  -31.196  52.918 0.0000000000
146841  -33.664  -29.867  50.647 0.0000000000
53240  -33.390  -30.049  50.479 0.0000000000
53259  -35.647  -29.738  48.879 0.0000000000
54383  -37.289  -29.389  47.984 0.0000000000
54374  -36.743  -29.193  48.399 0.0000000000
53277  -36.305  -29.932  47.862 0.0000000000
53278  -36.827  -29.838  47.694 0.0000000000
53297  -37.031  -29.950  47.286 0.0000000000
54399  -39.126  -29.490  46.415 0.0000000000
53319  -38.740  -29.863  46.361 0.0000000000
53335  -39.155  -29.922  45.775 0.0000000000
53336  -39.775  -29.803  45.378 0.0000000000
53337  -40.403  -29.643  44.964 0.0000000000
54433  -41.207  -29.398  43.951 0.0000000000
53365  -40.910  -29.688  43.745 0.0000000000
54444  -42.352  -28.792  42.495 0.0000000000
54458  -42.672  -28.642  41.806 0.0000000000
60282  -46.625  -24.912  37.176 0.0000000000
59278  -46.090  -25.279  36.765 0.0000000000
60304  -46.759  -24.173  35.997 0.0000000000
61331  -47.056  -23.550  35.671 0.0000000000
62343  -47.338  -22.863  35.358 0.0000000000
64602  -48.739  -20.667  35.307 0.0000000000
64586  -48.964  -20.906  35.956 0.0000000000
170151  -47.976  -21.517  34.979 0.0000000000
63487  -47.635  -22.065  35.004 0.0000000000
63486  -47.659  -21.406  34.516 0.0000000000
64614  -47.883  -20.690  34.264 0.0000000000
170536  -48.346  -19.373  34.086 0.0000000000
65800  -48.189  -19.981  34.121 0.0000000000
66878  -48.071  -18.944  33.620 0.0000000000
169833  -49.689  -14.276  35.664 0.0000000000
68737  -49.243  -17.248  35.669 0.0000000000
69759  -49.117  -16.488  35.589 0.0000000000
68752  -48.729  -17.281  34.631 0.0000000000
67822  -47.842  -18.326  33.299 0.0000000000
68760  -47.904  -17.552  33.363 0.0000000000
69806  -47.835  -16.367  32.102 0.0000000000
70902  -48.276  -15.921  31.612 0.0000000000
70915  -49.810  -15.213  30.861 0.0000000000
70922  -48.959  -15.548  30.380 0.0000000000
70932  -49.660  -15.311  29.113 0.0000000000
70946  -49.731  -15.375  28.230 0.0000000000
72086  -50.536  -15.129  28.147 0.0000000000
74365  -54.897  -13.037  31.019 0.0000000000
74355  -54.493  -12.968  31.527 0.0000000000
73274  -53.961  -14.022  31.533 0.0000000000
72048  -54.060  -14.064  30.897 0.0000000000
73285  -55.812  -13.315  29.764 0.0000000000
73291  -55.532  -13.671  29.612 0.0000000000
160409  -53.488  -14.345  29.412 0.0000000000
72075  -53.169  -14.480  29.892 0.0000000000
171878  -51.541  -14.991  27.471 0.0000000000
145059  -50.564  -15.454  26.146 0.0000000000
72108  -51.109  -15.261  26.229 0.0000000000
163033  -52.130  -14.975  25.651 0.0000000000
72121  -51.527  -15.208  25.615 0.0000000000
72122  -52.073  -15.166  24.956 0.0000000000
165112  -53.920  -14.328  26.260 0.0000000000
72125  -54.485  -14.345  25.901 0.0000000000
169577  -54.134  -14.669  25.307 0.0000000000
72135  -52.761  -15.254  24.431 0.0000000000
155636  -58.022  -10.548  25.039 0.0000000000
75509  -57.791  -11.740  25.930 0.0000000000
156255  -57.972  -11.279  25.155 0.0000000000
75522  -57.922  -11.695  24.648 0.0000000000
76581  -57.834  -10.839  23.226 0.0000000000
75549  -57.572  -11.507  23.025 0.0000000000
74467  -57.597  -12.089  23.434 0.0000000000
53249  -22.064  -30.622  48.570 0.0000000000
149546  -21.751  -31.154  48.493 0.0000000000
51217  -21.794  -31.353  47.264 0.0000000000
51254  -21.893  -31.916  43.615 0.0000000000
164719  -21.481  -32.113  44.834 0.0000000000
50209  -22.064  -32.610  41.461 0.0000000000
51323  -23.821  -31.851  38.252 0.0000000000
51322  -23.222  -32.124  38.606 0.0000000000
51336  -23.319  -32.217  37.772 0.0000000000
51354  -24.019  -32.105  35.961 0.0000000000
52220  -26.102  -30.570  47.594 0.0000000000
53270  -25.510  -30.009  47.939 0.0000000000
52231  -25.892  -30.660  46.893 0.0000000000
51257  -26.206  -32.021  42.986 0.0000000000
172051  -25.610  -31.202  44.813 0.0000000000
51256  -25.704  -31.576  43.449 0.0000000000
52266  -25.085  -31.109  43.791 0.0000000000
51270  -25.608  -31.604  42.600 0.0000000000
48129  -28.055  -34.430  39.382 0.0000000000
49126  -27.439  -33.771  40.105 0.0000000000
168459  -27.493  -33.826  39.574 0.0000000000
50247  -27.052  -33.051  37.909 0.0000000000
50234  -27.025  -33.143  38.723 0.0000000000
50246  -26.518  -32.570  38.305 0.0000000000
51310  -25.861  -32.064  39.459 0.0000000000
51318  -25.941  -32.097  38.660 0.0000000000
51325  -25.314  -31.780  38.141 0.0000000000
51326  -26.013  -32.113  37.964 0.0000000000
44698  -31.387  -37.220  34.832 0.0000000000
45982  -30.809  -36.858  34.569 0.0000000000
52223  -30.821  -30.822  48.382 0.0000000000
52209  -30.343  -31.428  48.852 0.0000000000
51210  -30.127  -32.044  48.121 0.0000000000
153069  -30.222  -34.277  46.291 0.0000000000
49063  -30.085  -33.818  46.969 0.0000000000
143858  -30.263  -35.029  47.362 0.0000000000
46968  -30.255  -36.244  47.551 0.0000000000
46969  -30.863  -36.594  46.880 0.0000000000
48058  -31.009  -34.448  43.959 0.0000000000
48050  -30.803  -34.727  44.757 0.0000000000
48051  -31.513  -35.136  44.332 0.0000000000
146540  -33.648  -36.843  45.607 0.0000000000
45832  -33.298  -36.767  45.754 0.0000000000
147494  -32.899  -37.086  45.631 0.0000000000
44515  -32.093  -37.077  46.020 0.0000000000
144360  -32.779  -37.391  44.718 0.0000000000
44532  -31.934  -37.415  44.105 0.0000000000
171022  -33.143  -37.420  43.260 0.0000000000
152979  -34.379  -37.370  41.486 0.0000000000
158473  -33.519  -37.310  41.672 0.0000000000
44589  -33.622  -37.216  40.825 0.0000000000
44604  -33.050  -36.994  40.141 0.0000000000
47016  -37.300  -35.699  42.684 0.0000000000
47009  -36.969  -35.889  43.192 0.0000000000
47010  -37.424  -35.805  43.130 0.0000000000
44594  -38.061  -36.703  41.608 0.0000000000
44569  -37.359  -37.019  42.407 0.0000000000
44593  -37.270  -37.086  41.632 0.0000000000
44592  -36.393  -37.316  41.467 0.0000000000
44607  -36.544  -37.188  40.658 0.0000000000
171054  -36.524  -36.938  38.714 0.0000000000
44606  -35.790  -37.152  39.860 0.0000000000
144358  -35.045  -37.057  38.290 0.0000000000
58108  -43.726  -26.389  34.715 0.0000000000
58109  -44.303  -26.041  34.975 0.0000000000
56838  -43.736  -27.403  37.498 0.0000000000
56837  -43.130  -27.746  37.203 0.0000000000
56860  -42.589  -27.434  35.632 0.0000000000
56861  -43.274  -26.921  35.275 0.0000000000
69880  -47.866  -16.388  26.508 0.0000000000
69893  -48.097  -16.512  25.631 0.0000000000
51184  -30.292  -31.710  51.557 0.0000000000
51176  -29.756  -32.324  51.574 0.0000000000
51183  -30.039  -32.302  50.953 0.0000000000
51192  -30.052  -32.335  50.425 0.0000000000
151301  -45.277  -20.772  31.209 0.0000000000
66907  -45.886  -18.941  30.498 0.0000000000
66896  -46.120  -19.112  31.080 0.0000000000
67835  -46.648  -18.047  31.324 0.0000000000
162867  -36.942  -30.213  45.204 0.0000000000
144341  -37.523  -30.214  45.024 0.0000000000
164701  -35.150  -28.497  35.722 0.0000000000
55650  -34.554  -28.590  36.156 0.0000000000
55662  -34.547  -28.551  35.359 0.0000000000
54531  -32.620  -29.296  34.931 0.0000000000
151011  -38.499  -25.487  29.029 0.0000000000
59369  -37.788  -25.755  29.069 0.0000000000
59382  -38.228  -25.325  28.405 0.0000000000
76513  -56.651  -11.821  28.018 0.0000000000
75468  -56.707  -12.257  28.386 0.0000000000
75477  -56.929  -12.188  27.955 0.0000000000
54345  -22.872  -29.130  50.634 0.0000000000
54346  -23.451  -28.876  50.354 0.0000000000
54358  -23.662  -29.065  49.660 0.0000000000
54381  -24.226  -29.470  48.302 0.0000000000
45921  -30.150  -36.091  39.567 0.0000000000
47073  -30.073  -35.846  38.780 0.0000000000
45936  -30.708  -36.181  38.973 0.0000000000
45937  -31.168  -36.235  38.432 0.0000000000
149475  -31.400  -36.225  37.585 0.0000000000
45952  -32.032  -36.434  36.989 0.0000000000
44639  -33.222  -36.814  37.188 0.0000000000
44640  -33.929  -37.036  36.974 0.0000000000
50214  -31.307  -33.260  41.316 0.0000000000
49112  -31.724  -33.776  41.760 0.0000000000
48087  -33.163  -34.419  41.497 0.0000000000
48088  -33.851  -34.580  41.536 0.0000000000
59347  -41.611  -25.566  31.083 0.0000000000
59349  -43.468  -25.072  31.374 0.0000000000
60355  -44.853  -24.533  32.974 0.0000000000
61379  -44.964  -23.993  32.690 0.0000000000
167344  -45.085  -23.428  32.541 0.0000000000
62367  -45.482  -22.849  32.756 0.0000000000
153513  -40.516  -29.000  41.074 0.0000000000
55611  -40.032  -28.416  39.132 0.0000000000
55656  -40.212  -28.204  36.457 0.0000000000
144330  -38.942  -28.285  36.729 0.0000000000
55654  -38.322  -28.282  36.353 0.0000000000
144606  -37.637  -28.293  36.046 0.0000000000
55683  -37.364  -28.245  34.530 0.0000000000
55699  -37.176  -28.165  33.911 0.0000000000
165960  -37.723  -28.175  34.074 0.0000000000
56885  -38.586  -27.614  33.136 0.0000000000
58120  -41.446  -26.698  33.343 0.0000000000
58166  -39.688  -26.232  31.313 0.0000000000
59331  -40.889  -25.844  31.260 0.0000000000
53224  -27.313  -30.761  51.613 0.0000000000
52185  -27.134  -30.859  50.708 0.0000000000
52197  -27.404  -31.644  50.456 0.0000000000
51199  -27.494  -32.560  49.383 0.0000000000
146042  -27.547  -33.293  48.640 0.0000000000
46949  -28.890  -35.952  48.259 0.0000000000
46958  -28.706  -35.977  47.397 0.0000000000
45829  -29.077  -36.403  46.189 0.0000000000
45836  -29.028  -36.279  45.237 0.0000000000
45853  -29.268  -36.339  43.165 0.0000000000
45854  -29.816  -36.620  42.741 0.0000000000
44539  -30.428  -36.825  42.278 0.0000000000
60412  -42.782  -24.469  29.518 0.0000000000
62424  -42.911  -23.139  29.020 0.0000000000
64683  -43.314  -20.876  28.922 0.0000000000
68796  -46.153  -17.491  29.097 0.0000000000
69862  -46.576  -16.883  27.998 0.0000000000
145981  -34.041  -30.056  48.207 0.0000000000
53274  -33.062  -29.961  48.109 0.0000000000
146015  -33.446  -29.924  47.417 0.0000000000
53312  -32.910  -29.863  46.675 0.0000000000
144345  -33.947  -30.087  44.095 0.0000000000
53345  -33.095  -30.067  44.313 0.0000000000
53358  -32.878  -30.095  43.449 0.0000000000
162854  -32.442  -30.118  43.098 0.0000000000
53371  -31.798  -30.181  43.094 0.0000000000
170042  -31.575  -30.269  42.492 0.0000000000
53403  -31.239  -30.512  41.328 0.0000000000
169022  -37.442  -29.044  40.594 0.0000000000
147034  -36.993  -29.068  40.388 0.0000000000
54481  -35.427  -29.283  40.184 0.0000000000
54509  -32.928  -29.216  38.209 0.0000000000
54498  -32.549  -29.470  38.780 0.0000000000
53427  -31.636  -30.184  39.308 0.0000000000
152144  -31.401  -30.439  38.621 0.0000000000
56912  -35.658  -27.619  31.545 0.0000000000
53242  -34.607  -29.714  50.037 0.0000000000
54362  -34.959  -29.061  49.899 0.0000000000
54384  -37.992  -29.298  47.620 0.0000000000
54391  -38.291  -29.635  47.165 0.0000000000
54385  -38.433  -29.196  47.293 0.0000000000
54434  -41.698  -29.065  43.554 0.0000000000
60263  -47.652  -24.082  37.847 0.0000000000
61301  -47.558  -23.944  37.126 0.0000000000
61302  -48.014  -23.526  37.485 0.0000000000
61318  -47.921  -23.338  36.770 0.0000000000
62336  -48.220  -22.656  36.460 0.0000000000
66849  -49.300  -19.680  35.627 0.0000000000
65789  -48.976  -19.925  35.173 0.0000000000
65788  -48.493  -20.306  34.720 0.0000000000
66860  -49.190  -19.143  35.194 0.0000000000
73229  -50.110  -13.784  35.396 0.0000000000
70879  -48.313  -16.133  33.490 0.0000000000
69791  -47.933  -16.610  32.984 0.0000000000
70891  -48.783  -15.527  33.099 0.0000000000
160592  -48.936  -15.480  32.362 0.0000000000
72031  -51.142  -14.817  31.829 0.0000000000
70924  -50.519  -15.059  30.335 0.0000000000
72087  -50.994  -15.008  28.896 0.0000000000
75440  -55.064  -12.631  30.680 0.0000000000
73276  -55.066  -13.520  30.773 0.0000000000
73301  -55.027  -13.934  29.254 0.0000000000
72090  -54.482  -14.092  28.798 0.0000000000
156130  -53.007  -14.638  28.083 0.0000000000
144665  -52.016  -14.900  27.009 0.0000000000
72110  -52.607  -14.750  26.240 0.0000000000
70998  -55.242  -15.456  24.589 0.0000000000
170797  -58.074  -10.366  24.550 0.0000000000
75536  -57.882  -11.474  23.964 0.0000000000
75562  -57.198  -11.773  22.446 0.0000000000
51206  -21.194  -32.409  48.004 0.0000000000
52242  -22.419  -30.708  46.551 0.0000000000
149355  -22.020  -31.174  46.599 0.0000000000
170717  -22.249  -31.204  45.272 0.0000000000
52274  -22.317  -31.370  44.042 0.0000000000
51297  -22.419  -32.019  41.395 0.0000000000
51298  -22.961  -31.678  41.043 0.0000000000
148350  -24.249  -31.649  38.637 0.0000000000
50161  -26.588  -32.133  45.588 0.0000000000
154278  -26.324  -31.572  45.878 0.0000000000
152391  -26.431  -32.054  44.735 0.0000000000
50186  -26.759  -32.523  43.368 0.0000000000
50200  -26.656  -32.499  42.526 0.0000000000
48157  -28.487  -34.344  37.377 0.0000000000
49175  -27.981  -33.971  37.861 0.0000000000
49208  -27.573  -33.454  36.694 0.0000000000
152097  -26.725  -32.658  36.738 0.0000000000
49234  -27.969  -34.059  33.890 0.0000000000
48191  -28.364  -34.720  33.674 0.0000000000
46001  -29.083  -36.251  33.598 0.0000000000
46002  -29.706  -36.736  33.903 0.0000000000
160414  -30.115  -31.559  46.704 0.0000000000
51219  -30.021  -32.264  47.202 0.0000000000
50163  -29.951  -33.142  45.944 0.0000000000
48037  -30.448  -34.622  45.577 0.0000000000
145205  -33.292  -35.657  44.363 0.0000000000
46992  -33.816  -36.178  44.877 0.0000000000
45839  -34.420  -36.547  45.015 0.0000000000
44516  -34.363  -36.831  45.306 0.0000000000
44534  -34.206  -37.252  44.723 0.0000000000
44542  -33.972  -37.432  43.575 0.0000000000
171573  -35.017  -37.402  41.622 0.0000000000
58139  -42.571  -26.232  33.069 0.0000000000
159607  -43.038  -25.891  32.720 0.0000000000
59305  -44.539  -25.418  33.746 0.0000000000
60340  -44.742  -24.977  33.339 0.0000000000
157832  -45.127  -24.620  33.564 0.0000000000
147918  -41.632  -28.386  39.102 0.0000000000
152810  -42.331  -28.292  38.888 0.0000000000
55632  -41.602  -28.247  38.063 0.0000000000
55659  -42.435  -27.949  36.954 0.0000000000
55658  -41.800  -28.051  36.697 0.0000000000
55657  -41.060  -28.172  36.778 0.0000000000
55668  -40.783  -28.082  35.987 0.0000000000
55686  -39.931  -27.955  35.012 0.0000000000
56871  -40.584  -27.610  34.575 0.0000000000
143716  -41.105  -27.182  33.997 0.0000000000
58121  -42.074  -26.535  33.382 0.0000000000
68857  -49.461  -17.219  24.179 0.0000000000
51166  -28.491  -32.012  52.446 0.0000000000
50099  -28.317  -32.718  51.547 0.0000000000
50100  -28.632  -32.873  51.674 0.0000000000
49018  -28.695  -33.871  50.794 0.0000000000
47977  -28.859  -34.878  49.864 0.0000000000
49020  -29.223  -33.686  50.668 0.0000000000
47978  -28.994  -34.894  49.782 0.0000000000
46934  -29.050  -35.292  49.333 0.0000000000
46950  -29.388  -36.111  48.415 0.0000000000
45809  -29.693  -36.703  47.698 0.0000000000
45820  -30.054  -36.757  47.317 0.0000000000
62406  -43.666  -22.858  30.341 0.0000000000
66916  -44.442  -19.367  28.994 0.0000000000
149428  -44.248  -19.279  28.241 0.0000000000
168477  -46.221  -17.627  29.709 0.0000000000
152975  -35.745  -30.214  46.474 0.0000000000
145612  -35.030  -30.116  45.544 0.0000000000
144344  -34.732  -30.083  44.434 0.0000000000
144342  -36.206  -30.191  44.870 0.0000000000
144338  -34.399  -30.085  43.508 0.0000000000
53374  -33.921  -30.088  42.710 0.0000000000
55627  -35.427  -28.674  38.070 0.0000000000
55626  -34.914  -28.680  37.627 0.0000000000
54517  -34.172  -28.775  37.595 0.0000000000
54516  -33.325  -28.968  37.589 0.0000000000
53434  -31.895  -30.048  36.535 0.0000000000
52343  -31.656  -30.807  36.554 0.0000000000
53446  -31.816  -30.315  35.415 0.0000000000
54543  -32.139  -29.638  34.561 0.0000000000
58173  -36.711  -26.715  30.149 0.0000000000
58185  -36.470  -26.469  29.403 0.0000000000
58197  -36.175  -26.212  28.688 0.0000000000
73239  -51.023  -13.665  34.058 0.0000000000
72012  -50.621  -14.250  33.468 0.0000000000
73250  -51.445  -14.034  33.301 0.0000000000
73241  -52.687  -12.783  33.793 0.0000000000
73262  -52.671  -14.384  32.542 0.0000000000
72033  -52.833  -14.543  31.877 0.0000000000
72046  -52.898  -14.560  31.252 0.0000000000
75450  -55.899  -12.571  29.731 0.0000000000
73292  -56.033  -13.342  29.282 0.0000000000
72112  -54.295  -14.151  26.920 0.0000000000
73336  -55.952  -13.986  26.409 0.0000000000
79720  -58.362  -9.034  22.995 0.0000000000
78685  -57.712  -9.904  22.490 0.0000000000
77611  -57.304  -10.549  22.266 0.0000000000
52174  -21.455  -31.090  50.916 0.0000000000
52184  -21.781  -30.355  50.965 0.0000000000
172302  -22.067  -30.441  49.153 0.0000000000
168010  -22.386  -30.151  48.879 0.0000000000
53250  -22.679  -29.727  49.390 0.0000000000
53266  -22.431  -30.344  48.016 0.0000000000
53306  -22.764  -30.641  45.939 0.0000000000
52251  -23.101  -30.764  44.827 0.0000000000
157723  -28.180  -34.725  41.532 0.0000000000
48085  -27.852  -34.282  41.208 0.0000000000
48086  -28.212  -34.782  40.905 0.0000000000
47062  -28.502  -34.858  39.345 0.0000000000
48130  -28.716  -34.858  38.591 0.0000000000
166187  -29.549  -35.545  38.698 0.0000000000
47072  -29.253  -35.197  38.265 0.0000000000
48149  -28.896  -34.777  37.784 0.0000000000
48158  -29.073  -34.694  36.921 0.0000000000
47099  -30.524  -35.807  35.450 0.0000000000
47100  -30.968  -36.205  35.440 0.0000000000
45959  -32.010  -36.594  36.106 0.0000000000
44653  -32.537  -37.141  35.660 0.0000000000
50188  -30.078  -32.640  43.835 0.0000000000
49097  -30.234  -33.279  43.990 0.0000000000
48066  -31.187  -34.262  43.381 0.0000000000
155301  -32.332  -34.972  43.471 0.0000000000
48076  -32.160  -34.281  42.310 0.0000000000
48068  -32.639  -34.810  42.942 0.0000000000
48060  -33.063  -35.289  43.659 0.0000000000
46999  -33.945  -35.636  44.006 0.0000000000
154778  -35.312  -36.083  44.110 0.0000000000
45842  -36.198  -36.449  44.048 0.0000000000
59371  -39.963  -25.087  29.388 0.0000000000
59372  -40.843  -24.967  29.517 0.0000000000
60398  -41.624  -24.934  29.683 0.0000000000
59360  -41.797  -25.199  30.399 0.0000000000
60399  -42.378  -24.851  29.897 0.0000000000
60388  -43.917  -24.213  30.985 0.0000000000
63506  -45.336  -22.179  32.119 0.0000000000
64641  -45.661  -20.877  31.754 0.0000000000
65825  -46.216  -20.277  32.038 0.0000000000
53380  -39.409  -30.069  43.442 0.0000000000
53379  -38.558  -29.965  43.074 0.0000000000
155762  -38.723  -29.398  41.785 0.0000000000
150166  -39.671  -28.995  41.027 0.0000000000
54469  -38.748  -29.062  41.066 0.0000000000
54468  -37.907  -29.031  40.779 0.0000000000
54483  -37.642  -28.843  40.139 0.0000000000
54502  -37.691  -28.621  39.392 0.0000000000
55608  -37.061  -28.594  38.827 0.0000000000
55612  -40.829  -28.412  39.157 0.0000000000
144134  -39.545  -28.305  37.621 0.0000000000
55630  -39.003  -28.338  38.200 0.0000000000
172555  -38.557  -28.397  38.629 0.0000000000
165272  -36.766  -28.469  37.997 0.0000000000
55639  -36.501  -28.413  37.262 0.0000000000
55652  -36.204  -28.400  36.502 0.0000000000
144132  -35.875  -28.421  35.734 0.0000000000
146668  -35.367  -28.428  34.989 0.0000000000
148703  -35.221  -28.401  34.227 0.0000000000
161229  -34.427  -28.366  33.078 0.0000000000
55726  -36.128  -27.777  32.224 0.0000000000
56913  -36.828  -27.561  32.055 0.0000000000
56914  -37.278  -27.201  31.508 0.0000000000
58163  -37.744  -26.658  30.891 0.0000000000
58175  -38.182  -26.198  30.319 0.0000000000
59357  -38.902  -25.835  30.133 0.0000000000
59345  -39.364  -25.965  30.697 0.0000000000
76541  -57.604  -11.249  26.468 0.0000000000
77561  -57.600  -10.593  26.246 0.0000000000
77571  -57.806  -10.039  25.640 0.0000000000
78652  -58.272  -9.456  25.141 0.0000000000
78653  -58.205  -8.823  24.889 0.0000000000
78664  -58.279  -9.443  24.541 0.0000000000
78674  -58.540  -9.015  23.581 0.0000000000
82078  -58.431  -6.329  23.940 0.0000000000
80920  -58.710  -7.613  23.825 0.0000000000
79721  -58.686  -8.356  23.175 0.0000000000
160927  -58.276  -8.667  22.454 0.0000000000
79743  -57.908  -8.209  21.714 0.0000000000
80937  -57.528  -7.841  20.867 0.0000000000
55482  -25.523  -28.501  51.450 0.0000000000
54347  -25.123  -28.756  50.035 0.0000000000
54360  -25.853  -29.288  50.011 0.0000000000
52221  -26.601  -31.230  48.072 0.0000000000
52196  -26.947  -30.974  49.785 0.0000000000
52208  -26.771  -31.132  48.896 0.0000000000
51218  -26.695  -31.931  47.065 0.0000000000
168354  -26.889  -32.588  46.146 0.0000000000
50172  -27.268  -33.195  44.905 0.0000000000
50187  -27.396  -33.346  44.132 0.0000000000
50111  -28.049  -32.902  50.946 0.0000000000
49038  -27.922  -33.901  49.095 0.0000000000
49047  -27.623  -33.717  48.158 0.0000000000
48020  -28.216  -35.221  46.677 0.0000000000
48008  -27.872  -34.502  46.935 0.0000000000
49062  -27.515  -33.772  46.322 0.0000000000
49069  -27.563  -33.780  45.472 0.0000000000
48056  -28.057  -34.372  43.476 0.0000000000
48064  -28.057  -34.420  42.676 0.0000000000
47014  -28.527  -35.287  41.496 0.0000000000
47027  -28.972  -35.716  41.128 0.0000000000
45903  -29.491  -36.036  40.753 0.0000000000
45882  -29.989  -36.381  41.120 0.0000000000
45904  -30.111  -36.272  40.348 0.0000000000
45905  -30.890  -36.441  39.885 0.0000000000
45906  -31.771  -36.639  39.796 0.0000000000
44613  -32.504  -36.753  39.662 0.0000000000
60421  -41.316  -24.601  28.132 0.0000000000
61460  -42.096  -24.159  27.063 0.0000000000
62438  -42.636  -22.862  28.257 0.0000000000
69879  -47.236  -16.618  26.798 0.0000000000
53239  -32.513  -30.264  50.366 0.0000000000
52211  -31.652  -30.538  49.942 0.0000000000
53254  -31.634  -30.361  48.845 0.0000000000
53272  -31.270  -30.391  47.783 0.0000000000
52234  -30.638  -30.838  47.529 0.0000000000
52245  -30.380  -30.931  46.788 0.0000000000
52267  -30.077  -31.323  44.733 0.0000000000
53313  -34.293  -30.016  46.608 0.0000000000
152977  -33.355  -29.915  46.030 0.0000000000
53332  -31.723  -30.077  45.360 0.0000000000
163378  -30.685  -30.444  45.004 0.0000000000
52268  -30.501  -30.617  44.509 0.0000000000
50202  -30.248  -32.172  42.766 0.0000000000
50212  -30.467  -32.138  41.986 0.0000000000
162927  -30.746  -30.858  42.454 0.0000000000
50213  -30.869  -32.780  41.664 0.0000000000
50220  -31.029  -32.656  40.992 0.0000000000
50221  -31.495  -33.090  40.610 0.0000000000
50228  -31.702  -32.930  39.866 0.0000000000
53378  -37.696  -29.827  42.771 0.0000000000
53377  -36.237  -29.894  42.795 0.0000000000
53392  -36.676  -29.475  41.604 0.0000000000
143605  -36.161  -29.679  42.066 0.0000000000
172963  -35.732  -29.851  42.353 0.0000000000
144675  -35.161  -29.928  42.198 0.0000000000
53391  -34.394  -29.986  41.913 0.0000000000
54499  -35.070  -29.103  39.574 0.0000000000
154947  -33.760  -29.247  39.193 0.0000000000
54464  -34.019  -29.679  40.588 0.0000000000
144006  -32.988  -29.994  41.276 0.0000000000
53389  -32.322  -30.074  41.344 0.0000000000
53404  -31.821  -30.229  40.960 0.0000000000
53418  -31.326  -30.478  40.506 0.0000000000
52322  -31.057  -30.980  39.973 0.0000000000
58172  -36.115  -26.805  29.797 0.0000000000
58074  -45.225  -26.082  37.053 0.0000000000
59267  -46.192  -25.509  37.628 0.0000000000
59268  -46.803  -25.061  38.001 0.0000000000
53201  -21.708  -30.113  52.873 0.0000000000
54322  -22.112  -29.368  52.403 0.0000000000
54311  -22.759  -28.421  53.165 0.0000000000
54336  -22.582  -28.777  52.217 0.0000000000
55479  -23.130  -28.529  51.782 0.0000000000
148059  -23.650  -28.193  52.122 0.0000000000
145877  -24.371  -28.088  52.097 0.0000000000
143866  -25.232  -28.225  52.142 0.0000000000
54323  -26.132  -28.734  52.394 0.0000000000
54338  -26.680  -29.432  52.185 0.0000000000
150992  -26.776  -29.310  53.024 0.0000000000
53202  -27.155  -29.953  52.758 0.0000000000
53203  -27.576  -30.371  53.047 0.0000000000
53204  -28.033  -30.745  53.149 0.0000000000
53194  -28.397  -30.288  53.439 0.0000000000
52168  -28.316  -31.450  52.779 0.0000000000
51167  -28.929  -31.859  52.643 0.0000000000
148024  -30.243  -31.089  52.632 0.0000000000
52169  -30.656  -31.193  52.264 0.0000000000
52177  -30.906  -31.138  51.861 0.0000000000
52188  -31.766  -30.598  51.581 0.0000000000
53225  -32.530  -30.211  51.031 0.0000000000
53257  -34.076  -30.065  49.749 0.0000000000
144348  -34.651  -29.966  49.544 0.0000000000
144347  -34.643  -30.082  48.918 0.0000000000
53275  -35.308  -30.070  48.401 0.0000000000
170679  -35.684  -30.057  48.043 0.0000000000
53260  -36.012  -29.886  48.240 0.0000000000
53276  -36.013  -29.988  47.976 0.0000000000
53295  -35.913  -30.142  47.668 0.0000000000
53315  -36.157  -30.169  47.122 0.0000000000
53316  -36.712  -30.105  47.010 0.0000000000
152872  -37.032  -30.155  46.426 0.0000000000
53298  -38.145  -29.820  46.889 0.0000000000
162656  -37.987  -29.941  46.601 0.0000000000
53318  -37.711  -30.055  46.268 0.0000000000
145078  -38.053  -30.149  45.593 0.0000000000
53346  -38.805  -30.105  45.428 0.0000000000
144612  -39.038  -30.164  44.810 0.0000000000
54411  -40.022  -29.469  45.440 0.0000000000
53348  -40.096  -29.908  44.784 0.0000000000
53363  -39.574  -30.135  44.395 0.0000000000
53381  -40.709  -29.781  43.116 0.0000000000
54456  -41.104  -29.490  42.502 0.0000000000
54443  -41.890  -29.041  43.024 0.0000000000
149463  -41.752  -29.189  42.553 0.0000000000
164435  -41.464  -29.231  42.002 0.0000000000
54471  -42.324  -28.782  41.206 0.0000000000
55583  -42.679  -28.545  40.567 0.0000000000
55584  -43.009  -28.486  41.206 0.0000000000
154483  -43.258  -28.322  40.688 0.0000000000
55595  -43.158  -28.303  40.049 0.0000000000
56822  -43.973  -27.475  38.267 0.0000000000
145871  -44.267  -27.095  37.779 0.0000000000
58073  -44.714  -26.649  37.511 0.0000000000
59277  -45.548  -25.575  36.435 0.0000000000
59289  -45.871  -25.079  35.998 0.0000000000
60302  -45.675  -24.939  35.253 0.0000000000
60283  -47.032  -24.376  36.741 0.0000000000
60303  -46.197  -24.578  35.607 0.0000000000
61342  -46.146  -23.863  34.585 0.0000000000
62350  -46.369  -23.215  34.332 0.0000000000
63467  -48.731  -22.100  36.850 0.0000000000
63466  -48.433  -22.060  36.178 0.0000000000
64573  -49.197  -20.684  36.429 0.0000000000
63477  -48.739  -21.592  36.231 0.0000000000
62344  -47.980  -22.398  35.758 0.0000000000
62351  -46.941  -22.681  34.657 0.0000000000
62359  -46.483  -22.561  34.012 0.0000000000
65799  -47.580  -20.300  33.647 0.0000000000
146169  -46.995  -20.519  33.130 0.0000000000
65815  -47.351  -19.876  33.116 0.0000000000
66887  -47.148  -19.430  32.673 0.0000000000
68738  -49.395  -17.637  35.811 0.0000000000
68744  -49.192  -17.755  35.292 0.0000000000
67815  -48.820  -18.098  34.631 0.0000000000
169204  -48.802  -16.758  34.784 0.0000000000
153009  -48.314  -18.280  33.947 0.0000000000
67821  -47.460  -18.782  32.815 0.0000000000
173113  -46.994  -19.015  32.243 0.0000000000
155138  -47.001  -18.355  32.089 0.0000000000
68770  -47.058  -17.408  31.776 0.0000000000
69805  -47.428  -16.728  31.744 0.0000000000
69819  -47.239  -16.761  31.092 0.0000000000
158557  -47.641  -16.305  30.598 0.0000000000
170633  -47.955  -16.048  30.325 0.0000000000
70904  -49.484  -15.267  31.771 0.0000000000
72044  -50.307  -15.026  31.504 0.0000000000
69831  -47.663  -16.195  29.909 0.0000000000
70921  -48.135  -15.924  29.470 0.0000000000
70930  -48.337  -15.876  28.816 0.0000000000
161187  -49.053  -15.601  28.620 0.0000000000
150238  -49.471  -15.659  26.916 0.0000000000
74378  -55.709  -13.042  30.067 0.0000000000
73284  -55.387  -13.546  30.232 0.0000000000
73283  -54.701  -13.845  30.589 0.0000000000
72063  -54.175  -14.075  30.289 0.0000000000
72062  -53.575  -14.283  30.493 0.0000000000
72061  -52.974  -14.552  30.569 0.0000000000
143678  -51.345  -14.991  28.144 0.0000000000
70960  -50.103  -15.371  27.360 0.0000000000
70974  -50.057  -15.545  26.481 0.0000000000
71008  -52.545  -15.883  23.989 0.0000000000
74439  -57.625  -12.407  25.725 0.0000000000
74448  -57.321  -13.005  25.436 0.0000000000
73345  -56.978  -13.665  25.043 0.0000000000
72139  -56.601  -14.328  24.669 0.0000000000
52194  -21.566  -31.240  49.548 0.0000000000
171942  -21.297  -32.087  48.434 0.0000000000
51216  -21.383  -32.102  47.196 0.0000000000
51228  -21.786  -31.585  46.053 0.0000000000
49146  -22.419  -33.382  38.693 0.0000000000
50224  -22.531  -32.576  39.794 0.0000000000
50232  -22.705  -32.666  39.018 0.0000000000
54372  -24.899  -29.300  48.875 0.0000000000
53251  -24.972  -29.602  48.259 0.0000000000
53288  -24.424  -29.951  47.055 0.0000000000
52254  -25.840  -31.037  45.782 0.0000000000
163935  -24.981  -30.528  45.778 0.0000000000
53308  -24.221  -30.172  46.302 0.0000000000
52252  -24.576  -30.698  45.008 0.0000000000
52265  -24.263  -30.835  44.162 0.0000000000
52288  -24.553  -31.079  42.686 0.0000000000
49116  -27.446  -33.739  40.833 0.0000000000
50211  -27.034  -33.075  41.235 0.0000000000
50210  -26.553  -32.495  41.685 0.0000000000
49147  -27.446  -33.692  39.053 0.0000000000
51287  -25.936  -31.992  41.312 0.0000000000
51286  -25.491  -31.610  41.809 0.0000000000
51301  -25.278  -31.574  41.048 0.0000000000
52313  -24.602  -31.351  41.024 0.0000000000
51316  -24.520  -31.643  39.372 0.0000000000
149384  -24.759  -31.678  38.619 0.0000000000
167875  -24.472  -31.728  37.331 0.0000000000
51356  -25.449  -31.932  36.406 0.0000000000
51355  -24.710  -31.865  36.189 0.0000000000
45981  -30.245  -36.466  34.338 0.0000000000
52198  -30.334  -31.555  49.841 0.0000000000
51200  -30.087  -32.421  49.321 0.0000000000
169507  -30.022  -32.620  47.827 0.0000000000
50145  -30.001  -33.274  47.665 0.0000000000
145122  -29.994  -33.992  48.665 0.0000000000
48010  -30.176  -35.795  48.152 0.0000000000
45811  -30.243  -36.618  47.307 0.0000000000
44507  -30.775  -36.953  46.772 0.0000000000
49083  -30.136  -33.463  44.677 0.0000000000
48049  -30.311  -34.101  44.907 0.0000000000
48038  -30.999  -35.374  45.644 0.0000000000
46990  -32.088  -35.581  44.954 0.0000000000
46981  -31.731  -35.963  45.729 0.0000000000
48022  -31.069  -35.875  46.320 0.0000000000
45822  -32.133  -36.858  46.278 0.0000000000
44508  -31.731  -37.132  46.319 0.0000000000
44520  -30.933  -37.321  45.276 0.0000000000
148199  -31.135  -37.257  43.612 0.0000000000
44541  -31.798  -37.304  43.070 0.0000000000
44563  -31.695  -37.181  42.142 0.0000000000
152980  -33.350  -37.371  42.527 0.0000000000
173368  -32.872  -37.268  41.848 0.0000000000
171060  -32.969  -36.853  39.547 0.0000000000
48089  -34.472  -34.586  41.299 0.0000000000
48079  -36.099  -35.099  41.875 0.0000000000
153561  -35.168  -34.978  41.958 0.0000000000
48070  -35.760  -35.395  42.711 0.0000000000
47002  -36.534  -36.161  43.627 0.0000000000
45848  -36.706  -36.600  43.823 0.0000000000
45855  -37.514  -36.338  42.947 0.0000000000
44546  -37.479  -36.718  42.945 0.0000000000
44545  -36.541  -37.072  43.593 0.0000000000
44567  -36.048  -37.365  42.673 0.0000000000
44591  -35.645  -37.400  41.694 0.0000000000
166977  -34.995  -37.351  41.042 0.0000000000
145615  -35.000  -37.223  40.192 0.0000000000
44605  -34.276  -37.123  39.686 0.0000000000
44615  -33.490  -36.964  39.390 0.0000000000
161366  -33.445  -36.839  38.594 0.0000000000
44626  -34.542  -37.047  37.642 0.0000000000
44509  -32.728  -36.769  46.040 0.0000000000
44512  -29.944  -37.046  45.573 0.0000000000
44513  -30.554  -37.240  46.097 0.0000000000
44514  -31.222  -37.194  46.111 0.0000000000
44522  -33.621  -37.155  45.201 0.0000000000
44523  -34.321  -36.939  45.272 0.0000000000
44524  -35.400  -36.851  44.680 0.0000000000
44525  -36.195  -36.800  44.268 0.0000000000
44530  -30.417  -36.985  43.183 0.0000000000
44531  -31.331  -37.365  44.642 0.0000000000
44537  -37.107  -36.640  43.440 0.0000000000
44547  -37.918  -36.389  42.523 0.0000000000
44564  -32.245  -37.187  41.623 0.0000000000
44568  -36.888  -37.144  42.788 0.0000000000
44570  -37.941  -36.916  42.130 0.0000000000
44616  -35.859  -37.017  38.758 0.0000000000
45800  -29.360  -36.390  47.960 0.0000000000
45801  -29.634  -36.499  48.107 0.0000000000
45810  -29.801  -36.596  47.789 0.0000000000
45819  -29.649  -36.853  46.906 0.0000000000
45837  -29.444  -36.631  44.960 0.0000000000
45845  -29.023  -36.208  44.467 0.0000000000
45862  -29.293  -36.242  42.305 0.0000000000
45967  -31.213  -36.592  35.096 0.0000000000
46941  -28.753  -35.789  48.933 0.0000000000
46942  -29.308  -35.717  48.833 0.0000000000
46943  -29.522  -35.644  48.902 0.0000000000
46967  -28.599  -35.891  46.426 0.0000000000
46970  -31.676  -36.702  46.435 0.0000000000
46982  -32.361  -36.603  46.025 0.0000000000
46983  -32.941  -36.484  45.659 0.0000000000
46991  -32.963  -35.963  44.995 0.0000000000
47000  -34.764  -35.850  44.047 0.0000000000
47001  -35.881  -36.107  43.863 0.0000000000
47015  -28.899  -35.812  41.895 0.0000000000
47120  -28.700  -35.454  33.523 0.0000000000
47121  -29.249  -35.573  33.879 0.0000000000
47969  -28.844  -34.449  50.278 0.0000000000
47970  -29.067  -34.386  50.230 0.0000000000
47979  -29.294  -34.798  49.717 0.0000000000
48009  -28.297  -35.310  47.632 0.0000000000
48019  -27.884  -34.455  46.042 0.0000000000
48057  -28.350  -35.161  43.968 0.0000000000
48059  -31.698  -34.808  43.672 0.0000000000
48074  -27.942  -34.296  41.946 0.0000000000
48075  -28.294  -34.913  42.136 0.0000000000
48105  -28.237  -34.739  40.078 0.0000000000
48128  -27.784  -34.214  39.826 0.0000000000
49007  -28.779  -33.415  51.227 0.0000000000
49029  -28.171  -33.900  49.901 0.0000000000
49030  -28.640  -34.365  50.314 0.0000000000
49040  -29.697  -34.546  49.458 0.0000000000
49055  -27.539  -33.774  47.200 0.0000000000
49096  -27.786  -33.887  43.996 0.0000000000
49098  -30.659  -33.801  43.582 0.0000000000
49110  -27.507  -33.712  41.635 0.0000000000
49125  -22.319  -33.373  39.448 0.0000000000
49148  -27.903  -34.111  38.738 0.0000000000
49174  -27.483  -33.610  38.319 0.0000000000
49233  -27.452  -33.544  34.257 0.0000000000
50090  -28.736  -32.462  52.196 0.0000000000
50112  -28.560  -33.336  51.219 0.0000000000
50113  -29.069  -33.296  51.159 0.0000000000
50114  -29.453  -33.000  51.144 0.0000000000
50126  -21.140  -32.672  48.809 0.0000000000
50127  -27.693  -33.271  49.289 0.0000000000
50135  -27.326  -32.916  48.068 0.0000000000
50189  -30.362  -32.989  43.239 0.0000000000
50217  -22.332  -32.423  40.684 0.0000000000
50218  -26.455  -32.495  40.822 0.0000000000
50226  -27.047  -33.237  39.562 0.0000000000
50233  -26.486  -32.585  39.113 0.0000000000
50245  -22.818  -32.757  38.271 0.0000000000
50268  -23.602  -32.165  37.003 0.0000000000
50283  -26.591  -32.625  36.081 0.0000000000
51175  -28.392  -32.350  52.081 0.0000000000
51191  -27.673  -32.443  50.259 0.0000000000
51208  -27.149  -32.376  48.105 0.0000000000
51229  -26.620  -32.027  46.346 0.0000000000
51245  -21.909  -31.708  44.450 0.0000000000
51246  -25.799  -31.467  44.345 0.0000000000
51247  -26.321  -32.036  43.868 0.0000000000
51255  -22.438  -31.472  43.266 0.0000000000
51258  -29.990  -31.952  44.105 0.0000000000
51285  -22.782  -31.621  41.808 0.0000000000
51299  -23.502  -31.558  40.540 0.0000000000
51300  -24.831  -31.578  40.275 0.0000000000
51302  -25.730  -31.937  40.362 0.0000000000
51314  -23.119  -32.031  39.394 0.0000000000
51315  -23.760  -31.782  39.009 0.0000000000
51317  -25.296  -31.781  38.986 0.0000000000
51324  -24.491  -31.682  37.994 0.0000000000
51338  -24.952  -31.714  37.524 0.0000000000
52161  -28.673  -31.078  53.138 0.0000000000
52176  -27.703  -31.328  52.149 0.0000000000
52183  -21.487  -31.190  50.184 0.0000000000
52186  -27.586  -31.492  51.336 0.0000000000
52207  -21.781  -30.936  49.062 0.0000000000
52219  -21.968  -30.956  47.919 0.0000000000
52222  -30.388  -31.279  48.027 0.0000000000
52241  -22.238  -31.107  45.842 0.0000000000
52243  -26.291  -31.288  46.500 0.0000000000
52253  -25.379  -30.947  45.177 0.0000000000
52262  -22.270  -31.276  44.779 0.0000000000
52263  -22.732  -31.037  44.469 0.0000000000
52264  -23.348  -30.803  44.236 0.0000000000
52277  -24.415  -30.997  43.299 0.0000000000
52287  -23.054  -31.173  42.976 0.0000000000
52289  -24.960  -31.248  42.215 0.0000000000
52298  -23.803  -31.160  41.930 0.0000000000
52299  -24.441  -31.178  41.676 0.0000000000
52300  -24.977  -31.344  41.546 0.0000000000
52321  -24.124  -31.463  40.469 0.0000000000
53238  -26.521  -30.111  50.073 0.0000000000
53252  -25.679  -29.816  48.610 0.0000000000
53269  -24.680  -29.772  47.733 0.0000000000
53271  -26.270  -30.466  48.338 0.0000000000
53309  -25.096  -30.264  46.558 0.0000000000
53329  -23.228  -30.534  45.395 0.0000000000
53349  -40.690  -29.698  44.364 0.0000000000
54348  -25.838  -28.933  50.771 0.0000000000
54357  -23.003  -29.293  49.898 0.0000000000
54371  -23.929  -29.255  48.969 0.0000000000
55465  -23.145  -28.251  52.556 0.0000000000
55480  -23.821  -28.363  51.517 0.0000000000
55493  -24.947  -28.497  50.721 0.0000000000
55558  -41.973  -28.604  43.737 0.0000000000
62327  -48.334  -22.869  37.169 0.0000000000
72011  -49.845  -14.494  34.002 0.0000000000
144607  -39.606  -28.278  36.896 0.0000000000
144780  -34.266  -35.879  44.406 0.0000000000
145922  -34.792  -37.136  44.928 0.0000000000
146650  -49.074  -20.261  35.622 0.0000000000
146938  -24.167  -31.850  36.757 0.0000000000
147330  -21.149  -32.831  46.687 0.0000000000
147495  -31.552  -37.316  45.514 0.0000000000
147701  -23.050  -29.978  47.808 0.0000000000
148653  -22.061  -30.129  50.289 0.0000000000
150507  -21.685  -31.640  46.685 0.0000000000
152158  -29.900  -32.233  45.129 0.0000000000
152641  -36.232  -35.770  43.326 0.0000000000
152978  -36.370  -37.354  42.106 0.0000000000
153383  -27.730  -34.071  39.327 0.0000000000
156431  -25.239  -29.103  49.504 0.0000000000
157273  -32.440  -36.099  45.480 0.0000000000
157684  -24.336  -31.076  42.228 0.0000000000
157918  -27.589  -33.613  43.382 0.0000000000
158120  -37.096  -36.849  43.499 0.0000000000
160421  -26.834  -31.888  47.775 0.0000000000
161047  -29.211  -35.576  39.774 0.0000000000
161684  -24.879  -31.746  36.904 0.0000000000
162952  -34.777  -36.849  45.081 0.0000000000
162968  -35.586  -29.753  41.882 0.0000000000
163684  -22.498  -29.331  50.936 0.0000000000
163806  -32.576  -37.425  43.620 0.0000000000
163840  -25.674  -30.711  46.282 0.0000000000
164324  -33.448  -36.479  45.395 0.0000000000
165645  -21.746  -30.639  50.398 0.0000000000
165901  -21.405  -31.738  48.965 0.0000000000
166031  -22.896  -30.396  46.541 0.0000000000
166540  -48.550  -16.481  34.307 0.0000000000
166708  -34.686  -37.292  44.307 0.0000000000
167708  -36.892  -35.392  42.197 0.0000000000
168758  -28.289  -34.541  38.872 0.0000000000
168943  -42.202  -28.218  38.190 0.0000000000
169086  -27.855  -34.019  43.015 0.0000000000
169158  -24.301  -31.554  39.985 0.0000000000
169475  -29.697  -32.184  51.912 0.0000000000
169546  -37.589  -29.889  47.040 0.0000000000
169703  -41.162  -27.426  34.535 0.0000000000
169711  -28.460  -33.614  50.817 0.0000000000
170839  -26.877  -32.605  45.668 0.0000000000
171311  -23.764  -32.142  36.508 0.0000000000
171686  -32.156  -36.933  46.225 0.0000000000
172141  -30.765  -37.304  45.748 0.0000000000
173338  -41.794  -28.295  38.550 0.0000000000
