#!ascii label  , from subject sub-v2s13x29134_ses-1 vox2ras=TkReg
411
82086  -26.674  -3.757  -34.374 0.0000000000
79808  -22.851  -5.580  -29.997 0.0000000000
79791  -28.956  -5.102  -29.733 0.0000000000
73768  -25.660  -9.628  -28.537 0.0000000000
97499  -26.637  9.831  -37.171 0.0000000000
93454  -27.920  6.908  -33.330 0.0000000000
86387  -24.824  0.681  -35.159 0.0000000000
147812  -23.568  -12.394  -25.611 0.0000000000
76136  -23.506  -7.110  -29.377 0.0000000000
74890  -22.815  -8.394  -27.439 0.0000000000
95441  -26.879  8.425  -35.744 0.0000000000
91592  -25.657  5.051  -35.534 0.0000000000
83097  -22.783  -2.289  -31.948 0.0000000000
85168  -21.057  -0.014  -32.827 0.0000000000
159500  -25.886  -1.251  -34.201 0.0000000000
87456  -26.833  1.465  -33.419 0.0000000000
86340  -27.307  0.432  -31.353 0.0000000000
84144  -27.838  -1.464  -30.546 0.0000000000
82046  -21.552  -3.705  -30.403 0.0000000000
80983  -24.303  -3.945  -31.809 0.0000000000
80964  -27.226  -5.507  -32.501 0.0000000000
161230  -25.394  -5.607  -30.055 0.0000000000
76139  -26.843  -7.624  -29.082 0.0000000000
73772  -29.194  -9.557  -28.295 0.0000000000
87479  -23.582  1.833  -35.436 0.0000000000
89667  -26.621  3.310  -34.658 0.0000000000
92447  -28.581  5.415  -31.936 0.0000000000
72458  -22.215  -10.113  -26.268 0.0000000000
71346  -24.930  -10.773  -27.279 0.0000000000
76124  -22.260  -7.046  -28.509 0.0000000000
74888  -21.412  -8.128  -27.161 0.0000000000
92498  -25.372  5.696  -35.965 0.0000000000
90649  -24.398  4.340  -35.856 0.0000000000
82083  -24.714  -3.048  -32.705 0.0000000000
83106  -23.318  -1.903  -32.527 0.0000000000
83118  -26.431  -2.350  -34.718 0.0000000000
85172  -26.515  -1.105  -33.852 0.0000000000
84178  -27.024  -2.441  -34.006 0.0000000000
85153  -27.694  -0.107  -30.836 0.0000000000
83098  -27.272  -2.820  -32.993 0.0000000000
80941  -21.915  -4.447  -30.041 0.0000000000
80959  -22.805  -4.236  -30.511 0.0000000000
79830  -23.116  -4.974  -30.342 0.0000000000
79832  -24.492  -4.868  -30.886 0.0000000000
78529  -23.524  -5.950  -30.130 0.0000000000
74915  -24.129  -7.682  -28.671 0.0000000000
76138  -25.192  -7.563  -29.172 0.0000000000
74918  -26.316  -8.393  -29.146 0.0000000000
172914  -27.980  -8.418  -28.752 0.0000000000
73770  -27.346  -9.307  -28.397 0.0000000000
95459  -24.817  8.637  -37.377 0.0000000000
97498  -24.297  9.914  -37.253 0.0000000000
97510  -25.420  9.926  -37.897 0.0000000000
98718  -26.651  11.356  -38.226 0.0000000000
97500  -27.359  10.183  -36.639 0.0000000000
94437  -27.170  7.712  -34.819 0.0000000000
85184  -23.018  0.111  -33.821 0.0000000000
87451  -22.657  1.042  -34.206 0.0000000000
87469  -24.296  1.349  -35.419 0.0000000000
88604  -25.258  2.572  -35.274 0.0000000000
87470  -25.442  1.086  -35.417 0.0000000000
155649  -27.164  3.153  -31.326 0.0000000000
89639  -26.960  3.560  -32.047 0.0000000000
154180  -29.020  4.322  -30.984 0.0000000000
79836  -27.902  -4.966  -30.727 0.0000000000
82047  -28.297  -3.361  -30.032 0.0000000000
70170  -22.076  -12.105  -25.619 0.0000000000
71328  -23.088  -11.013  -26.257 0.0000000000
72459  -22.864  -10.320  -26.462 0.0000000000
148049  -24.178  -11.578  -26.419 0.0000000000
77307  -22.692  -6.337  -29.490 0.0000000000
77326  -23.123  -6.433  -29.819 0.0000000000
76134  -22.741  -6.730  -29.186 0.0000000000
76125  -22.872  -7.266  -28.707 0.0000000000
73766  -24.267  -9.010  -27.888 0.0000000000
95451  -25.450  8.056  -37.059 0.0000000000
96414  -26.661  8.745  -36.296 0.0000000000
94461  -25.895  7.492  -36.674 0.0000000000
93488  -26.343  6.669  -35.706 0.0000000000
92484  -26.366  5.784  -34.706 0.0000000000
83085  -20.721  -2.247  -31.086 0.0000000000
84158  -21.830  -1.272  -32.330 0.0000000000
85171  -23.493  -0.717  -33.413 0.0000000000
85186  -24.862  -0.425  -34.214 0.0000000000
86389  -26.255  0.693  -34.608 0.0000000000
85188  -26.326  -0.486  -34.189 0.0000000000
86339  -27.040  0.930  -32.030 0.0000000000
87401  -27.156  1.646  -30.487 0.0000000000
87402  -28.144  1.409  -29.999 0.0000000000
67888  -24.959  -13.283  -25.223 0.0000000000
68960  -25.344  -12.847  -25.556 0.0000000000
82052  -21.322  -2.893  -30.862 0.0000000000
82054  -23.096  -3.062  -31.463 0.0000000000
82071  -25.090  -3.730  -32.641 0.0000000000
80987  -27.310  -5.475  -33.418 0.0000000000
80963  -26.808  -5.328  -32.713 0.0000000000
79834  -27.032  -4.939  -31.755 0.0000000000
78531  -26.936  -5.615  -29.996 0.0000000000
77328  -24.220  -6.063  -29.762 0.0000000000
77330  -26.048  -6.260  -29.891 0.0000000000
152200  -28.258  -6.624  -29.349 0.0000000000
76141  -29.041  -7.805  -28.991 0.0000000000
74907  -30.323  -8.750  -28.514 0.0000000000
97486  -28.383  10.236  -35.662 0.0000000000
89679  -24.687  3.166  -35.474 0.0000000000
90637  -26.565  4.087  -34.786 0.0000000000
91570  -26.775  5.201  -33.705 0.0000000000
157455  -26.851  2.821  -33.747 0.0000000000
90611  -27.167  4.457  -32.919 0.0000000000
158161  -28.148  6.451  -32.782 0.0000000000
83087  -27.516  -3.014  -31.663 0.0000000000
84126  -28.750  -1.538  -29.206 0.0000000000
74873  -21.701  -8.783  -26.792 0.0000000000
73754  -22.383  -8.959  -26.952 0.0000000000
73756  -23.787  -9.464  -27.366 0.0000000000
72474  -25.254  -10.253  -27.952 0.0000000000
70190  -25.728  -11.869  -26.523 0.0000000000
71348  -26.224  -11.022  -27.593 0.0000000000
72475  -26.412  -10.408  -28.090 0.0000000000
89692  -23.724  3.810  -35.475 0.0000000000
82084  -25.608  -4.270  -33.756 0.0000000000
83107  -25.434  -2.600  -33.533 0.0000000000
83108  -26.637  -3.310  -34.127 0.0000000000
83109  -26.797  -2.910  -34.925 0.0000000000
83110  -27.013  -3.179  -34.366 0.0000000000
167588  -27.167  -1.532  -32.447 0.0000000000
155645  -22.530  -5.662  -29.784 0.0000000000
79807  -22.283  -5.163  -29.887 0.0000000000
80942  -22.535  -4.817  -30.125 0.0000000000
79809  -23.289  -5.613  -30.202 0.0000000000
78528  -23.165  -6.112  -30.011 0.0000000000
73778  -25.323  -8.898  -28.781 0.0000000000
74917  -25.653  -8.353  -29.147 0.0000000000
73779  -26.011  -9.042  -28.935 0.0000000000
73780  -26.737  -8.899  -28.705 0.0000000000
73769  -26.457  -9.680  -28.475 0.0000000000
96439  -25.184  9.309  -37.613 0.0000000000
96440  -25.921  9.500  -37.595 0.0000000000
97511  -26.158  10.252  -37.911 0.0000000000
98699  -27.920  10.937  -36.863 0.0000000000
94427  -27.696  7.460  -34.100 0.0000000000
95420  -28.212  8.026  -34.103 0.0000000000
94416  -28.450  7.635  -33.493 0.0000000000
85183  -22.223  0.405  -33.633 0.0000000000
86374  -23.430  0.631  -34.447 0.0000000000
86386  -23.858  1.038  -35.075 0.0000000000
149793  -25.205  0.956  -35.525 0.0000000000
89614  -27.836  3.458  -30.717 0.0000000000
89626  -27.143  3.671  -31.105 0.0000000000
79814  -28.399  -5.360  -30.142 0.0000000000
161563  -28.485  -4.739  -30.155 0.0000000000
70171  -22.874  -12.227  -25.658 0.0000000000
71309  -22.644  -11.529  -25.846 0.0000000000
70188  -23.452  -11.747  -26.043 0.0000000000
77298  -22.214  -6.521  -28.892 0.0000000000
74900  -22.499  -7.652  -27.945 0.0000000000
74901  -23.217  -7.880  -28.059 0.0000000000
74902  -23.913  -8.191  -28.193 0.0000000000
74891  -23.558  -8.646  -27.595 0.0000000000
94460  -25.230  7.279  -37.133 0.0000000000
93500  -24.989  6.788  -37.040 0.0000000000
93487  -25.916  6.277  -36.165 0.0000000000
92499  -25.800  5.706  -35.547 0.0000000000
92500  -26.215  6.072  -35.368 0.0000000000
92483  -26.037  5.445  -35.027 0.0000000000
168972  -21.448  -2.288  -31.396 0.0000000000
83096  -21.980  -1.975  -31.867 0.0000000000
165774  -24.750  -1.749  -33.303 0.0000000000
84174  -23.030  -1.220  -32.868 0.0000000000
84184  -24.624  -1.023  -33.739 0.0000000000
85187  -25.968  -1.003  -34.202 0.0000000000
154498  -27.215  -0.015  -32.363 0.0000000000
85173  -26.982  -0.536  -33.328 0.0000000000
87418  -26.952  1.231  -30.838 0.0000000000
86319  -27.297  1.024  -30.547 0.0000000000
166942  -27.828  -0.828  -30.463 0.0000000000
85137  -28.322  -0.239  -30.022 0.0000000000
85138  -28.875  -0.432  -29.407 0.0000000000
67871  -25.027  -13.942  -24.917 0.0000000000
67872  -25.758  -14.255  -24.775 0.0000000000
82045  -20.779  -3.195  -30.265 0.0000000000
163946  -23.087  -3.707  -30.956 0.0000000000
82055  -23.608  -3.639  -31.385 0.0000000000
156169  -24.039  -3.344  -31.997 0.0000000000
80985  -26.322  -5.479  -33.710 0.0000000000
80984  -25.440  -4.124  -32.294 0.0000000000
79810  -24.939  -5.171  -30.472 0.0000000000
79833  -25.833  -4.662  -31.179 0.0000000000
79811  -26.027  -5.105  -30.598 0.0000000000
79812  -26.929  -5.088  -30.524 0.0000000000
166531  -26.248  -5.558  -30.223 0.0000000000
76150  -23.256  -6.727  -29.742 0.0000000000
77327  -23.269  -6.496  -29.927 0.0000000000
77309  -23.509  -6.872  -29.634 0.0000000000
160563  -25.980  -7.755  -29.400 0.0000000000
77311  -25.518  -6.913  -29.391 0.0000000000
77312  -26.405  -6.973  -29.446 0.0000000000
78511  -26.981  -6.329  -29.652 0.0000000000
77313  -27.707  -7.204  -29.098 0.0000000000
77314  -28.580  -7.163  -29.166 0.0000000000
74905  -28.756  -9.197  -28.541 0.0000000000
74906  -29.443  -9.042  -28.564 0.0000000000
146676  -30.065  -9.406  -28.250 0.0000000000
73773  -30.886  -9.026  -28.171 0.0000000000
97485  -27.692  9.834  -35.966 0.0000000000
96415  -27.389  9.018  -35.704 0.0000000000
85147  -20.545  -0.502  -32.167 0.0000000000
88602  -23.875  2.193  -35.278 0.0000000000
88603  -24.421  2.372  -35.288 0.0000000000
89666  -26.099  2.897  -35.082 0.0000000000
166278  -26.347  3.601  -35.174 0.0000000000
91580  -26.449  5.074  -34.479 0.0000000000
146073  -26.756  4.453  -34.037 0.0000000000
87455  -26.576  1.060  -34.203 0.0000000000
88565  -26.743  2.091  -34.087 0.0000000000
88566  -26.831  2.347  -33.058 0.0000000000
90601  -27.716  4.152  -31.836 0.0000000000
89652  -27.001  3.793  -32.946 0.0000000000
91560  -27.792  4.850  -32.290 0.0000000000
91559  -27.288  5.300  -33.007 0.0000000000
92459  -28.020  5.765  -32.531 0.0000000000
158029  -29.368  6.515  -31.888 0.0000000000
82073  -27.247  -3.858  -32.627 0.0000000000
82056  -27.456  -4.427  -31.822 0.0000000000
83072  -28.309  -2.590  -29.883 0.0000000000
72457  -21.592  -9.883  -26.010 0.0000000000
73743  -21.983  -9.452  -26.501 0.0000000000
72460  -23.526  -10.537  -26.657 0.0000000000
72471  -23.309  -9.878  -26.890 0.0000000000
72472  -23.980  -10.153  -27.136 0.0000000000
73757  -24.473  -9.819  -27.709 0.0000000000
72473  -24.590  -10.369  -27.380 0.0000000000
70174  -25.887  -12.417  -25.943 0.0000000000
165694  -26.920  -10.808  -27.711 0.0000000000
76123  -21.580  -6.930  -28.244 0.0000000000
76111  -21.776  -7.572  -27.813 0.0000000000
74889  -22.069  -8.225  -27.334 0.0000000000
92519  -25.265  6.231  -36.616 0.0000000000
92497  -24.631  5.700  -36.269 0.0000000000
91591  -24.889  5.023  -35.955 0.0000000000
82070  -23.679  -2.597  -32.159 0.0000000000
84176  -24.274  -2.185  -32.782 0.0000000000
166573  -25.631  -1.724  -33.965 0.0000000000
154995  -26.188  -1.555  -34.278 0.0000000000
84177  -26.601  -2.025  -34.329 0.0000000000
148550  -26.764  -1.452  -33.430 0.0000000000
85151  -27.123  -0.791  -32.668 0.0000000000
85152  -27.303  -0.497  -31.762 0.0000000000
84160  -27.455  -1.050  -31.195 0.0000000000
84143  -27.453  -1.954  -31.498 0.0000000000
79806  -21.616  -4.757  -29.744 0.0000000000
80958  -22.217  -4.149  -30.319 0.0000000000
80960  -23.568  -4.267  -30.935 0.0000000000
80961  -24.457  -4.364  -31.375 0.0000000000
79831  -23.727  -4.947  -30.625 0.0000000000
78537  -23.712  -5.372  -30.329 0.0000000000
78538  -24.066  -5.398  -30.340 0.0000000000
76137  -24.273  -7.234  -28.996 0.0000000000
145064  -26.951  -8.320  -28.881 0.0000000000
76140  -27.509  -8.024  -28.912 0.0000000000
74919  -27.415  -8.654  -28.673 0.0000000000
74904  -28.063  -8.964  -28.544 0.0000000000
73771  -28.235  -9.611  -28.241 0.0000000000
94471  -23.670  8.639  -37.179 0.0000000000
145936  -24.826  9.755  -37.612 0.0000000000
98717  -26.010  11.024  -38.243 0.0000000000
95442  -27.361  8.331  -35.229 0.0000000000
96395  -27.979  8.782  -35.025 0.0000000000
95431  -27.837  8.142  -34.632 0.0000000000
86373  -22.017  1.230  -33.832 0.0000000000
87467  -23.157  1.468  -34.911 0.0000000000
87480  -24.217  1.711  -35.432 0.0000000000
87481  -24.951  1.744  -35.219 0.0000000000
88585  -25.740  1.960  -35.033 0.0000000000
88586  -26.411  2.440  -34.584 0.0000000000
87417  -26.912  1.728  -32.456 0.0000000000
88552  -26.437  2.703  -31.848 0.0000000000
90602  -28.476  4.586  -31.638 0.0000000000
158538  -27.663  -5.019  -31.500 0.0000000000
80965  -28.025  -4.307  -30.699 0.0000000000
80934  -28.640  -3.897  -29.798 0.0000000000
71308  -21.891  -11.310  -25.722 0.0000000000
71327  -22.420  -10.800  -26.044 0.0000000000
71345  -24.266  -10.847  -26.848 0.0000000000
78510  -22.357  -5.878  -29.535 0.0000000000
78527  -22.848  -6.069  -29.804 0.0000000000
77308  -22.761  -6.739  -29.624 0.0000000000
76135  -23.068  -7.007  -29.288 0.0000000000
76126  -23.462  -7.466  -28.796 0.0000000000
73767  -24.935  -9.437  -28.312 0.0000000000
94469  -22.566  7.754  -36.450 0.0000000000
94470  -23.712  7.768  -36.955 0.0000000000
95460  -25.655  8.806  -37.253 0.0000000000
96428  -26.324  9.105  -36.952 0.0000000000
95452  -26.094  8.338  -36.802 0.0000000000
147450  -26.436  8.038  -36.185 0.0000000000
93501  -25.575  6.799  -36.747 0.0000000000
93502  -26.064  6.868  -36.332 0.0000000000
94450  -26.766  7.870  -35.482 0.0000000000
94436  -26.659  7.244  -35.145 0.0000000000
93475  -26.979  7.138  -34.484 0.0000000000
93465  -27.208  6.575  -33.879 0.0000000000
85148  -21.138  -0.835  -32.300 0.0000000000
84159  -22.545  -1.633  -32.380 0.0000000000
84173  -22.379  -1.020  -32.741 0.0000000000
85169  -21.815  -0.381  -32.952 0.0000000000
85170  -22.648  -0.494  -33.226 0.0000000000
85185  -23.958  -0.191  -33.977 0.0000000000
86375  -24.390  0.240  -34.526 0.0000000000
172962  -25.476  0.483  -34.888 0.0000000000
85195  -25.956  0.022  -34.520 0.0000000000
85196  -26.186  0.238  -34.517 0.0000000000
87436  -26.807  0.615  -33.677 0.0000000000
86358  -27.047  0.292  -33.069 0.0000000000
87437  -26.936  1.004  -32.916 0.0000000000
88533  -26.888  1.891  -31.281 0.0000000000
88519  -28.088  3.155  -30.416 0.0000000000
160783  -28.469  3.106  -30.183 0.0000000000
88520  -27.974  2.242  -29.767 0.0000000000
87384  -28.959  1.971  -29.500 0.0000000000
86320  -28.274  0.533  -30.073 0.0000000000
79790  -28.925  -5.689  -29.670 0.0000000000
68938  -23.703  -13.015  -25.305 0.0000000000
170830  -24.008  -12.555  -25.539 0.0000000000
70172  -24.191  -12.167  -25.907 0.0000000000
83086  -22.155  -2.652  -31.387 0.0000000000
82053  -22.318  -3.470  -30.808 0.0000000000
82085  -26.257  -5.127  -34.438 0.0000000000
80994  -26.902  -4.108  -33.764 0.0000000000
80992  -26.416  -5.650  -34.217 0.0000000000
80986  -26.917  -5.860  -33.604 0.0000000000
172865  -27.300  -5.853  -32.901 0.0000000000
80962  -25.662  -4.402  -31.788 0.0000000000
79835  -27.598  -4.921  -31.418 0.0000000000
79813  -27.823  -5.232  -30.522 0.0000000000
78530  -24.359  -5.721  -30.014 0.0000000000
77310  -24.490  -6.751  -29.253 0.0000000000
77329  -24.885  -6.174  -29.578 0.0000000000
78532  -27.733  -5.787  -29.851 0.0000000000
78533  -28.364  -6.011  -29.668 0.0000000000
78513  -28.986  -6.410  -29.395 0.0000000000
158530  -29.356  -7.096  -29.125 0.0000000000
169651  -28.244  -7.873  -28.961 0.0000000000
74921  -29.628  -8.361  -28.760 0.0000000000
96429  -26.985  9.472  -36.421 0.0000000000
97501  -27.999  10.412  -36.238 0.0000000000
96416  -28.149  9.520  -35.345 0.0000000000
89693  -24.131  3.729  -35.607 0.0000000000
159268  -24.826  3.800  -35.672 0.0000000000
90650  -25.306  4.306  -35.739 0.0000000000
89680  -25.586  3.500  -35.479 0.0000000000
91579  -26.223  4.779  -35.095 0.0000000000
92471  -26.680  5.850  -34.121 0.0000000000
92472  -27.081  5.836  -33.517 0.0000000000
87471  -26.194  1.378  -34.814 0.0000000000
89650  -26.822  2.996  -34.201 0.0000000000
88567  -26.838  3.120  -32.981 0.0000000000
89651  -26.981  3.396  -33.771 0.0000000000
90622  -26.903  4.059  -33.563 0.0000000000
155181  -26.898  4.675  -33.408 0.0000000000
92458  -27.577  6.172  -33.113 0.0000000000
93455  -28.592  6.993  -32.850 0.0000000000
83088  -27.888  -2.289  -30.685 0.0000000000
83071  -27.919  -3.279  -30.790 0.0000000000
84125  -28.333  -1.802  -29.857 0.0000000000
73744  -22.637  -9.656  -26.698 0.0000000000
73755  -23.096  -9.157  -27.111 0.0000000000
70189  -24.585  -11.874  -26.301 0.0000000000
71330  -24.986  -11.455  -26.754 0.0000000000
71332  -26.315  -11.561  -26.948 0.0000000000
71347  -25.517  -10.915  -27.460 0.0000000000
71357  -25.877  -10.566  -27.970 0.0000000000
72486  -25.930  -10.171  -28.315 0.0000000000
72487  -27.267  -10.063  -28.028 0.0000000000
67887  -24.348  -13.497  -25.040 0.0000000000
68959  -24.514  -12.767  -25.493 0.0000000000
70173  -25.025  -12.201  -26.063 0.0000000000
71329  -23.694  -11.144  -26.447 0.0000000000
71331  -25.754  -11.388  -27.064 0.0000000000
72490  -29.783  -9.967  -27.901 0.0000000000
74903  -24.622  -8.562  -28.458 0.0000000000
74916  -24.906  -8.078  -28.926 0.0000000000
74920  -28.739  -8.581  -28.792 0.0000000000
76142  -29.837  -7.662  -28.937 0.0000000000
77315  -29.816  -6.530  -29.157 0.0000000000
78512  -27.670  -6.441  -29.435 0.0000000000
78514  -29.551  -5.920  -29.296 0.0000000000
80993  -26.660  -5.454  -34.292 0.0000000000
82072  -25.793  -5.161  -34.039 0.0000000000
83119  -26.739  -3.068  -34.957 0.0000000000
84145  -28.381  -1.045  -29.754 0.0000000000
84175  -23.890  -1.456  -33.051 0.0000000000
84185  -26.231  -2.466  -35.012 0.0000000000
85194  -25.383  -0.122  -34.470 0.0000000000
86357  -26.777  -0.199  -33.848 0.0000000000
86376  -26.529  0.267  -34.242 0.0000000000
86388  -25.811  0.714  -35.004 0.0000000000
88506  -28.695  2.885  -29.456 0.0000000000
90591  -28.180  3.976  -31.213 0.0000000000
90621  -26.936  3.649  -34.261 0.0000000000
90636  -26.045  4.205  -35.368 0.0000000000
90648  -23.573  4.309  -35.768 0.0000000000
93464  -26.632  6.477  -34.771 0.0000000000
94449  -26.391  7.364  -35.950 0.0000000000
98707  -26.601  10.861  -37.869 0.0000000000
160402  -24.880  1.186  -35.518 0.0000000000
161568  -27.107  -6.891  -29.260 0.0000000000
167102  -22.884  8.375  -36.881 0.0000000000
167570  -24.647  7.274  -37.099 0.0000000000
169417  -27.318  4.172  -32.426 0.0000000000
173936  -26.748  -11.288  -27.282 0.0000000000
