#!ascii label  , from subject sub-v2s13x29134_ses-1 vox2ras=TkReg
1614
2663  -31.981  -80.109  -17.163 0.5000000000
3107  -31.537  -79.685  -18.388 0.6000000238
7790  -36.424  -71.359  -16.402 0.3000000119
2683  -30.969  -79.555  -19.120 0.5000000000
5827  -36.782  -74.416  -16.306 0.4000000060
6451  -36.809  -73.491  -16.561 0.4000000060
7116  -37.322  -72.409  -16.855 0.4000000060
7115  -36.628  -72.095  -16.628 0.3000000119
5828  -37.671  -74.338  -16.503 0.4000000060
4577  -31.923  -76.088  -17.498 0.5000000000
159390  -32.165  -76.981  -17.582 0.5000000000
3538  -32.241  -79.400  -17.742 0.5000000000
4576  -31.338  -75.888  -17.767 0.6000000238
4024  -31.621  -76.645  -17.818 0.5000000000
3552  -31.910  -78.640  -18.383 0.6000000238
9177  -36.567  -69.858  -16.396 0.3000000119
3551  -31.528  -78.242  -19.201 0.5000000000
5167  -36.611  -76.017  -15.893 0.5000000000
5166  -35.850  -75.442  -15.686 0.5000000000
8472  -36.875  -70.637  -16.568 0.3000000119
4060  -31.174  -77.084  -19.463 0.6000000238
3114  -31.389  -79.062  -19.401 0.5000000000
5183  -37.759  -75.462  -16.534 0.5000000000
153398  -37.468  -75.223  -16.305 0.4000000060
6467  -38.173  -72.996  -16.827 0.4000000060
8487  -37.956  -71.325  -17.183 0.3000000119
8473  -37.622  -70.637  -17.004 0.3000000119
5198  -37.985  -75.476  -17.042 0.4000000060
5829  -38.431  -74.649  -16.653 0.4000000060
6468  -39.139  -73.626  -16.707 0.4000000060
5844  -38.733  -74.724  -16.852 0.4000000060
7138  -33.000  -72.573  -17.624 0.6999999881
6465  -32.692  -73.307  -17.499 0.6999999881
5843  -33.116  -74.077  -17.590 0.6999999881
174011  -33.715  -79.146  -16.419 0.5000000000
7805  -32.093  -71.191  -17.524 0.6999999881
7806  -32.566  -71.921  -17.563 0.6999999881
5842  -32.340  -74.050  -17.317 0.8000000119
4562  -32.298  -75.512  -17.273 0.5000000000
5841  -31.463  -74.732  -17.569 0.6999999881
3072  -34.371  -78.601  -15.848 0.5000000000
144295  -31.474  -72.777  -17.890 0.6999999881
3529  -34.814  -78.078  -16.327 0.4000000060
4003  -35.884  -76.805  -15.929 0.5000000000
157812  -37.323  -68.403  -16.856 0.3000000119
157068  -30.490  -74.397  -18.802 0.6000000238
4015  -36.300  -76.777  -16.454 0.5000000000
4563  -36.892  -76.388  -16.515 0.5000000000
9949  -37.688  -69.111  -16.992 0.3000000119
5206  -30.749  -75.070  -18.595 0.5000000000
4580  -36.884  -76.290  -17.390 0.5000000000
5221  -37.343  -75.043  -19.309 0.4000000060
5209  -37.915  -75.302  -18.134 0.4000000060
6469  -39.569  -73.921  -16.864 0.4000000060
148583  -39.531  -72.439  -16.963 0.4000000060
7811  -38.671  -71.791  -17.299 0.4000000060
5874  -38.432  -74.425  -19.083 0.3000000119
5858  -39.110  -74.540  -17.392 0.4000000060
144608  -31.636  -68.429  -19.681 0.5000000000
9973  -31.760  -68.225  -17.994 0.6000000238
170679  -32.411  -68.363  -18.484 0.6000000238
9190  -33.152  -69.504  -17.710 0.6000000238
159195  -32.973  -71.144  -17.591 0.6000000238
152935  -29.569  -68.993  -20.924 0.5000000000
10007  -29.997  -68.683  -20.155 0.5000000000
147083  -30.626  -68.026  -18.539 0.6000000238
9947  -32.053  -68.765  -17.618 0.6000000238
9189  -32.424  -69.433  -17.442 0.6999999881
146837  -33.444  -76.694  -17.607 0.6000000238
12244  -36.235  -65.967  -14.701 0.3000000119
10021  -28.390  -68.611  -20.854 0.6999999881
9989  -29.580  -68.516  -19.555 0.6000000238
148087  -29.883  -68.169  -18.726 0.6000000238
9972  -30.928  -68.104  -17.878 0.6000000238
9946  -31.177  -68.599  -17.424 0.6999999881
159200  -31.451  -70.895  -17.486 0.6999999881
5197  -33.843  -75.893  -17.989 0.6000000238
4579  -34.476  -76.755  -18.136 0.6000000238
3084  -34.165  -78.667  -16.605 0.5000000000
10762  -27.915  -68.223  -21.324 0.6999999881
10005  -28.363  -68.603  -20.111 0.6000000238
151182  -29.121  -68.451  -19.003 0.6000000238
9971  -30.160  -68.077  -17.944 0.6000000238
8470  -30.431  -69.898  -16.940 0.6999999881
144105  -30.573  -71.859  -17.832 0.6999999881
162547  -35.105  -77.434  -17.521 0.5000000000
148773  -36.567  -68.332  -16.607 0.3000000119
148347  -27.431  -67.705  -21.369 0.6999999881
10761  -27.510  -67.841  -20.732 0.6000000238
10742  -27.828  -68.444  -19.701 0.6999999881
9921  -29.103  -68.699  -16.954 0.6000000238
8469  -29.809  -69.963  -16.668 0.6000000238
5855  -30.745  -73.769  -18.404 0.6999999881
4595  -35.201  -76.311  -18.633 0.5000000000
4596  -35.915  -76.193  -18.669 0.5000000000
9968  -27.844  -68.527  -18.911 0.6000000238
9172  -28.598  -69.199  -16.413 0.6000000238
7803  -29.192  -71.579  -17.127 0.6000000238
6482  -29.462  -73.252  -18.641 0.6000000238
6503  -29.857  -73.771  -18.999 0.6000000238
5219  -35.981  -75.188  -19.659 0.5000000000
9193  -38.061  -69.865  -17.165 0.3000000119
10741  -27.318  -68.073  -19.178 0.6999999881
167538  -27.405  -68.317  -18.495 0.6000000238
9943  -28.784  -68.483  -17.571 0.6000000238
8467  -28.181  -69.908  -16.051 0.6000000238
7787  -28.741  -70.927  -16.499 0.5000000000
7802  -28.345  -71.686  -16.866 0.5000000000
6502  -29.109  -73.701  -19.148 0.5000000000
5869  -30.151  -74.349  -19.321 0.5000000000
5220  -36.608  -75.137  -19.612 0.5000000000
6524  -39.536  -73.087  -20.267 0.3000000119
6507  -39.537  -73.475  -19.358 0.3000000119
5875  -39.632  -73.819  -18.519 0.3000000119
7142  -40.817  -73.023  -16.900 0.4000000060
7141  -39.935  -73.225  -16.833 0.4000000060
5868  -29.648  -74.184  -19.742 0.5000000000
6522  -37.960  -73.623  -20.723 0.3000000119
5885  -38.182  -74.078  -20.065 0.3000000119
5846  -39.586  -74.088  -17.212 0.4000000060
9269  -30.333  -69.700  -22.077 0.5000000000
149264  -30.428  -68.967  -20.761 0.5000000000
151346  -31.467  -69.639  -21.344 0.5000000000
10023  -31.373  -69.010  -20.641 0.5000000000
10044  -28.570  -69.244  -23.139 0.5000000000
9268  -29.137  -69.399  -22.569 0.5000000000
10030  -29.152  -69.132  -21.713 0.5000000000
10008  -30.822  -68.531  -19.973 0.5000000000
9992  -32.394  -68.417  -19.290 0.5000000000
9191  -33.786  -69.661  -18.071 0.6000000238
8486  -33.964  -70.374  -18.021 0.6000000238
10777  -28.082  -68.469  -22.108 0.5000000000
7808  -33.990  -71.865  -18.198 0.6000000238
5856  -33.842  -74.211  -18.170 0.8000000119
13019  -36.721  -65.293  -13.234 0.3000000119
164103  -27.277  -68.004  -22.951 0.6000000238
10776  -27.512  -67.910  -22.080 0.6000000238
10029  -28.480  -68.718  -21.573 0.6000000238
7825  -34.546  -71.673  -18.555 0.4000000060
170100  -36.985  -65.355  -13.930 0.3000000119
10775  -26.885  -67.456  -22.536 0.6999999881
6504  -34.944  -73.836  -19.259 0.5000000000
5207  -34.197  -75.132  -18.363 0.6000000238
11473  -37.016  -66.711  -15.838 0.3000000119
11485  -37.398  -67.219  -16.357 0.3000000119
11572  -26.449  -66.906  -22.102 0.6999999881
6505  -35.109  -73.100  -19.431 0.4000000060
161421  -37.733  -67.799  -16.752 0.3000000119
11554  -26.627  -66.735  -21.280 0.6000000238
11541  -27.125  -67.338  -20.226 0.6999999881
5871  -35.611  -74.544  -19.820 0.4000000060
9194  -38.933  -69.868  -17.445 0.3000000119
12340  -26.076  -66.347  -21.662 0.6000000238
11540  -26.753  -66.664  -20.456 0.6999999881
9942  -27.407  -68.593  -17.342 0.6000000238
161903  -27.377  -69.991  -15.901 0.5000000000
149685  -27.858  -70.872  -16.137 0.5000000000
6481  -28.656  -73.256  -18.591 0.6000000238
6506  -36.088  -74.009  -20.146 0.4000000060
5872  -36.333  -74.672  -20.090 0.4000000060
7209  -38.562  -72.638  -21.215 0.3000000119
6539  -39.037  -73.003  -20.906 0.3000000119
7212  -40.224  -72.078  -20.757 0.3000000119
7195  -40.200  -72.592  -19.970 0.3000000119
6488  -40.914  -73.106  -17.997 0.4000000060
8488  -38.583  -70.795  -17.435 0.3000000119
9941  -26.781  -68.444  -17.233 0.6000000238
162032  -26.658  -70.063  -15.895 0.5000000000
8466  -26.928  -70.703  -15.972 0.5000000000
7786  -27.522  -71.813  -16.722 0.5000000000
6480  -27.860  -73.200  -18.561 0.5000000000
6501  -28.299  -73.563  -19.184 0.6000000238
5881  -28.529  -74.185  -20.458 0.5000000000
6521  -37.277  -73.668  -20.714 0.3000000119
7194  -37.935  -73.155  -20.877 0.3000000119
9919  -27.215  -68.886  -16.774 0.5000000000
7113  -26.759  -71.862  -16.752 0.5000000000
6479  -27.072  -73.064  -18.637 0.5000000000
7174  -26.309  -72.881  -18.826 0.5000000000
9300  -28.964  -69.937  -24.794 0.5000000000
9285  -29.201  -69.762  -23.559 0.5000000000
9270  -31.121  -69.956  -21.982 0.5000000000
9271  -31.921  -70.231  -21.775 0.5000000000
9253  -32.209  -69.615  -21.008 0.5000000000
9236  -32.777  -69.236  -20.499 0.5000000000
10055  -27.394  -68.766  -24.354 0.5000000000
163947  -29.826  -69.781  -22.766 0.5000000000
10011  -33.746  -68.944  -19.464 0.4000000060
10043  -28.127  -68.736  -22.834 0.5000000000
9995  -34.288  -69.171  -19.102 0.4000000060
13002  -36.629  -65.376  -12.442 0.3000000119
12983  -37.827  -65.080  -12.139 0.3000000119
10803  -27.034  -68.282  -23.885 0.6000000238
9192  -34.420  -69.911  -18.362 0.4000000060
7809  -34.432  -70.853  -18.236 0.4000000060
11593  -25.871  -67.679  -24.110 0.6000000238
11584  -26.213  -67.193  -22.999 0.6000000238
13031  -37.648  -65.368  -14.237 0.3000000119
167428  -38.067  -66.247  -15.451 0.3000000119
7159  -35.029  -72.144  -19.132 0.4000000060
150817  -25.041  -66.455  -23.007 0.6000000238
7175  -35.842  -71.944  -19.536 0.4000000060
7176  -36.346  -72.645  -19.978 0.4000000060
9926  -38.078  -68.419  -17.049 0.3000000119
11571  -25.794  -66.634  -22.530 0.6999999881
7193  -37.123  -72.739  -20.398 0.3000000119
153970  -37.914  -72.259  -20.724 0.3000000119
9286  -30.010  -70.259  -23.579 0.5000000000
9287  -30.683  -70.283  -22.848 0.5000000000
8548  -31.617  -70.658  -22.593 0.5000000000
8549  -32.481  -71.090  -22.362 0.4000000060
162523  -28.019  -68.977  -23.739 0.5000000000
9272  -32.718  -70.467  -21.587 0.4000000060
9254  -33.005  -69.853  -20.991 0.4000000060
10056  -27.800  -69.222  -24.957 0.6000000238
147551  -34.774  -69.465  -20.181 0.4000000060
9225  -35.022  -69.486  -19.504 0.4000000060
13021  -38.258  -65.208  -13.732 0.3000000119
13004  -38.031  -65.058  -12.929 0.3000000119
11583  -25.443  -67.066  -23.548 0.6000000238
9212  -35.393  -69.793  -19.118 0.4000000060
7837  -35.579  -70.977  -18.909 0.4000000060
8512  -36.490  -70.037  -19.487 0.4000000060
7839  -36.838  -70.883  -19.703 0.4000000060
7851  -37.290  -71.653  -20.107 0.3000000119
7852  -37.863  -71.127  -20.385 0.3000000119
12338  -24.653  -65.913  -22.464 0.6000000238
9301  -29.560  -70.254  -24.317 0.5000000000
8566  -30.679  -70.744  -23.768 0.5000000000
8567  -31.367  -71.131  -23.529 0.4000000060
8568  -32.217  -71.659  -23.328 0.4000000060
9299  -28.327  -69.554  -25.488 0.5000000000
9316  -29.533  -70.499  -25.411 0.5000000000
8550  -33.384  -71.330  -22.202 0.4000000060
10811  -26.807  -68.567  -24.905 0.6000000238
10073  -27.307  -68.718  -26.281 0.6000000238
9315  -28.358  -69.400  -26.141 0.6000000238
9273  -33.889  -70.656  -21.586 0.4000000060
10802  -26.351  -68.187  -24.597 0.6000000238
10066  -26.810  -68.501  -26.258 0.6000000238
153006  -35.169  -69.821  -20.980 0.4000000060
9238  -35.560  -69.630  -20.267 0.4000000060
10801  -25.605  -68.033  -25.441 0.6000000238
9226  -35.959  -69.762  -19.607 0.4000000060
9239  -36.338  -69.708  -20.415 0.4000000060
9227  -36.613  -69.872  -19.915 0.4000000060
9241  -37.656  -69.893  -20.892 0.4000000060
12256  -38.554  -66.531  -15.710 0.3000000119
12246  -39.257  -65.891  -14.772 0.3000000119
11602  -24.211  -67.430  -25.590 0.6000000238
8525  -37.593  -70.218  -20.291 0.4000000060
10699  -39.970  -67.971  -16.692 0.3000000119
11475  -39.070  -66.874  -16.017 0.3000000119
12368  -24.551  -67.033  -24.217 0.6000000238
12351  -24.182  -66.368  -23.530 0.6000000238
12383  -23.000  -66.883  -25.998 0.6999999881
13214  -23.596  -66.184  -26.310 0.6999999881
12350  -23.351  -66.396  -23.990 0.6000000238
12395  -22.961  -66.511  -26.229 0.6999999881
13206  -23.327  -65.501  -26.044 0.6999999881
12366  -21.839  -66.295  -25.267 0.6000000238
13933  -24.940  -64.716  -25.274 0.6999999881
13919  -24.810  -64.037  -24.692 0.6000000238
13205  -22.480  -66.007  -25.958 0.6999999881
13918  -24.011  -63.737  -24.759 0.6999999881
8584  -30.243  -70.868  -24.698 0.5000000000
8585  -31.134  -71.570  -24.624 0.5000000000
8601  -28.967  -69.993  -25.957 0.5000000000
152492  -29.858  -70.685  -26.563 0.5000000000
168601  -30.127  -71.189  -25.982 0.5000000000
8586  -32.038  -72.201  -24.489 0.5000000000
7882  -32.925  -72.810  -24.289 0.4000000060
8569  -33.084  -72.146  -23.194 0.4000000060
10821  -26.954  -68.314  -26.402 0.6000000238
10074  -27.860  -68.968  -26.268 0.6000000238
147941  -28.562  -69.290  -26.276 0.6000000238
9324  -29.959  -70.397  -26.900 0.6000000238
8551  -34.453  -71.650  -22.546 0.4000000060
10809  -25.647  -67.921  -26.133 0.6000000238
11606  -28.295  -67.799  -25.978 0.6000000238
10823  -28.558  -68.763  -26.298 0.6000000238
9274  -34.768  -70.562  -21.737 0.4000000060
11603  -24.887  -67.708  -25.919 0.6000000238
11617  -25.842  -67.643  -26.340 0.6000000238
11604  -27.117  -67.093  -26.089 0.6000000238
11605  -27.908  -67.019  -25.571 0.6000000238
170421  -28.554  -67.166  -25.326 0.6000000238
159965  -36.060  -69.820  -21.245 0.4000000060
9277  -37.804  -70.285  -23.232 0.4000000060
12398  -25.438  -66.884  -26.327 0.6000000238
12399  -26.419  -66.755  -26.097 0.6000000238
12386  -27.281  -66.414  -25.424 0.6000000238
12387  -27.957  -66.446  -24.708 0.6000000238
12372  -29.159  -66.311  -23.546 0.6000000238
9257  -36.706  -69.753  -21.159 0.4000000060
163913  -38.043  -69.939  -22.372 0.4000000060
11615  -24.203  -67.354  -26.151 0.6000000238
12384  -25.934  -65.909  -25.761 0.5000000000
12385  -26.714  -65.810  -25.196 0.6000000238
12370  -27.459  -65.899  -24.333 0.6000000238
12371  -28.320  -66.216  -23.813 0.6000000238
12355  -29.571  -65.751  -22.882 0.6999999881
150930  -23.503  -67.018  -25.129 0.6999999881
13215  -24.310  -66.175  -26.285 0.6000000238
13195  -26.172  -65.172  -24.883 0.6000000238
12369  -26.795  -65.335  -24.231 0.6000000238
13183  -29.065  -65.359  -22.251 0.6000000238
13166  -29.896  -64.900  -22.436 0.6000000238
13907  -30.252  -63.909  -22.857 0.6000000238
13180  -26.868  -65.097  -23.338 0.6000000238
13164  -28.517  -64.897  -21.680 0.6000000238
13165  -29.179  -64.561  -21.738 0.6000000238
13893  -29.527  -63.956  -22.055 0.6000000238
13920  -25.572  -64.509  -24.538 0.6000000238
13921  -26.274  -64.831  -23.899 0.6000000238
166434  -27.394  -64.564  -21.608 0.5000000000
13148  -28.530  -64.122  -21.357 0.6000000238
14661  -28.799  -62.880  -22.007 0.6000000238
13906  -26.456  -64.621  -22.914 0.5000000000
14703  -23.067  -63.947  -25.027 0.6999999881
14692  -24.590  -63.485  -24.055 0.6999999881
14674  -25.442  -63.927  -23.043 0.5000000000
13890  -26.006  -64.130  -22.304 0.6000000238
13873  -27.289  -63.823  -20.970 0.5000000000
13874  -27.799  -63.603  -21.076 0.5000000000
13872  -26.419  -63.826  -21.215 0.6000000238
18015  -20.819  -60.304  -16.990 0.6000000238
17149  -21.422  -60.421  -17.691 0.6000000238
18029  -21.170  -59.957  -18.222 0.6000000238
8602  -30.863  -71.847  -25.941 0.5000000000
8611  -30.707  -71.737  -27.110 0.5000000000
7893  -31.839  -72.465  -25.828 0.5000000000
7883  -33.677  -73.110  -24.143 0.5000000000
8570  -34.061  -72.586  -23.356 0.4000000060
10812  -29.358  -67.927  -25.755 0.5000000000
10075  -29.444  -69.549  -26.541 0.5000000000
160835  -31.004  -68.294  -26.226 0.5000000000
7885  -35.349  -72.961  -24.292 0.4000000060
8571  -36.354  -72.575  -25.075 0.4000000060
10824  -29.845  -68.601  -26.190 0.5000000000
10813  -30.481  -67.696  -25.766 0.5000000000
9275  -35.724  -70.326  -21.928 0.4000000060
8553  -36.612  -71.070  -23.348 0.4000000060
9290  -37.610  -71.300  -24.731 0.4000000060
11595  -29.565  -66.704  -24.257 0.5000000000
12388  -30.452  -66.450  -24.598 0.5000000000
11607  -29.981  -67.117  -25.082 0.5000000000
170311  -36.286  -70.180  -22.060 0.4000000060
12373  -29.985  -66.071  -23.665 0.6000000238
13184  -30.299  -65.378  -23.296 0.5000000000
14676  -29.841  -62.394  -23.500 0.4000000060
154959  -30.621  -63.194  -23.667 0.4000000060
158436  -31.233  -63.250  -24.026 0.4000000060
160713  -28.262  -61.440  -22.529 0.6000000238
14675  -28.929  -61.954  -22.917 0.6000000238
15503  -29.078  -61.130  -23.741 0.5000000000
15504  -29.812  -61.215  -24.223 0.4000000060
14677  -30.576  -62.202  -24.142 0.4000000060
15516  -30.731  -61.115  -24.337 0.4000000060
14702  -21.998  -64.313  -25.191 0.6999999881
13875  -28.253  -63.236  -21.416 0.6000000238
16383  -28.987  -60.489  -23.563 0.5000000000
16392  -29.943  -60.451  -24.236 0.4000000060
14658  -24.621  -63.231  -22.432 0.6000000238
14647  -27.056  -62.793  -20.910 0.5000000000
14648  -27.415  -62.145  -21.379 0.5000000000
16365  -28.680  -60.480  -22.860 0.5000000000
16366  -29.379  -60.226  -22.855 0.5000000000
17236  -29.478  -60.226  -23.866 0.4000000060
16385  -30.644  -60.058  -23.749 0.4000000060
14659  -25.344  -63.647  -22.177 0.6000000238
16364  -28.273  -60.720  -21.935 0.5000000000
17107  -20.871  -60.755  -15.038 0.6999999881
17120  -21.029  -60.813  -15.851 0.6000000238
16233  -21.467  -61.539  -14.773 0.6999999881
16263  -21.598  -61.194  -16.264 0.6000000238
15351  -22.534  -62.469  -14.989 0.6000000238
17165  -21.970  -60.229  -18.320 0.6000000238
16249  -22.597  -61.812  -16.256 0.6000000238
148653  -23.075  -62.644  -15.413 0.6000000238
14518  -23.326  -63.177  -14.239 0.6000000238
14499  -24.469  -63.474  -13.882 0.6000000238
149969  -21.687  -59.789  -18.822 0.5000000000
17150  -22.263  -60.674  -17.769 0.6000000238
16265  -22.926  -61.597  -16.754 0.6000000238
15364  -23.749  -62.800  -15.739 0.6000000238
15353  -23.552  -63.097  -14.968 0.6000000238
158141  -33.840  -73.234  -25.091 0.5000000000
18043  -22.276  -59.441  -19.408 0.5000000000
18030  -22.564  -59.857  -18.925 0.5000000000
145479  -24.041  -62.327  -16.475 0.5000000000
14533  -24.312  -63.301  -15.228 0.5000000000
9327  -30.517  -70.843  -27.357 0.4000000060
9328  -31.237  -71.137  -27.578 0.5000000000
7895  -34.802  -73.293  -25.293 0.5000000000
7884  -34.567  -73.332  -24.662 0.4000000060
150677  -23.088  -59.452  -19.522 0.5000000000
17151  -23.116  -60.767  -17.827 0.5000000000
15379  -24.827  -62.396  -16.738 0.5000000000
14534  -24.944  -63.261  -15.650 0.5000000000
10082  -31.667  -70.174  -27.005 0.5000000000
8572  -37.227  -72.092  -25.889 0.4000000060
8573  -37.667  -71.607  -26.587 0.4000000060
18915  -23.017  -58.945  -20.186 0.5000000000
17167  -23.737  -60.313  -18.399 0.5000000000
16282  -24.035  -61.305  -17.404 0.6000000238
15395  -25.170  -61.853  -17.383 0.6000000238
18057  -24.019  -59.438  -20.204 0.6000000238
17182  -24.440  -59.924  -18.998 0.6000000238
16283  -24.803  -60.979  -17.866 0.6999999881
11608  -31.050  -66.931  -25.496 0.4000000060
12374  -30.822  -65.776  -24.255 0.5000000000
169289  -22.175  -61.306  -23.680 0.6000000238
13922  -31.658  -64.233  -24.305 0.4000000060
15500  -22.376  -61.984  -24.029 0.6000000238
13185  -31.101  -64.994  -24.063 0.4000000060
15514  -22.609  -62.639  -24.373 0.6000000238
15515  -23.390  -62.742  -24.189 0.6000000238
14693  -31.365  -62.343  -24.201 0.4000000060
15488  -24.348  -62.819  -21.745 0.6000000238
169717  -23.542  -63.263  -24.523 0.6999999881
13871  -25.793  -63.300  -21.023 0.6000000238
14629  -26.551  -61.639  -20.918 0.6000000238
15471  -27.128  -60.995  -21.208 0.5000000000
16221  -20.929  -60.889  -14.108 0.6999999881
172250  -22.125  -62.345  -13.870 0.6999999881
15340  -22.508  -62.674  -13.340 0.6000000238
14497  -23.130  -63.087  -13.512 0.6000000238
14480  -23.652  -63.127  -12.981 0.6000000238
14481  -24.342  -63.305  -13.170 0.6000000238
14482  -25.670  -63.335  -13.325 0.6999999881
156473  -26.167  -63.522  -13.763 0.6000000238
14520  -24.695  -63.537  -14.549 0.6000000238
160666  -32.186  -71.803  -27.366 0.5000000000
8612  -32.572  -72.370  -26.661 0.5000000000
7901  -33.203  -72.758  -25.862 0.5000000000
7902  -34.311  -72.880  -25.571 0.5000000000
14521  -25.474  -63.674  -14.642 0.6000000238
13747  -26.327  -63.789  -14.412 0.5000000000
8587  -33.372  -72.384  -26.081 0.5000000000
7896  -35.429  -73.238  -25.321 0.5000000000
8590  -36.539  -72.279  -26.108 0.4000000060
15380  -26.102  -62.795  -16.906 0.6000000238
14550  -25.346  -62.989  -16.320 0.6000000238
13748  -27.237  -63.862  -14.453 0.5000000000
10077  -31.394  -69.073  -26.584 0.5000000000
153535  -22.659  -60.881  -23.028 0.6000000238
17210  -23.415  -59.338  -21.716 0.4000000060
18064  -23.763  -59.213  -20.828 0.6000000238
16300  -25.483  -60.683  -18.493 0.6000000238
15396  -25.854  -62.109  -17.513 0.6000000238
14537  -27.129  -63.672  -16.025 0.6000000238
10814  -31.622  -67.496  -25.955 0.4000000060
10825  -31.972  -68.164  -26.161 0.4000000060
16363  -23.059  -61.285  -22.399 0.5000000000
17211  -23.653  -60.063  -21.023 0.5000000000
17196  -24.204  -59.976  -20.384 0.6000000238
17183  -24.978  -59.976  -19.615 0.6999999881
17184  -25.687  -60.379  -19.333 0.6000000238
16285  -26.264  -61.643  -18.107 0.6000000238
15397  -26.515  -62.375  -17.612 0.6000000238
12389  -31.530  -66.235  -25.348 0.5000000000
16382  -22.900  -61.555  -23.316 0.6000000238
16327  -24.448  -60.973  -20.410 0.6000000238
17197  -24.939  -60.164  -20.097 0.6000000238
16302  -26.592  -61.161  -18.809 0.6000000238
14568  -27.173  -62.635  -17.768 0.6000000238
164278  -27.422  -63.137  -17.315 0.6000000238
13209  -31.851  -65.560  -25.155 0.4000000060
15486  -23.449  -62.095  -22.738 0.5000000000
147584  -23.543  -61.771  -21.480 0.6000000238
16328  -25.310  -60.793  -20.315 0.6000000238
16303  -27.078  -61.418  -18.946 0.6000000238
15411  -27.532  -62.202  -18.532 0.6000000238
15501  -23.136  -62.199  -23.749 0.6000000238
15502  -23.740  -62.624  -23.514 0.6000000238
15487  -23.865  -62.397  -21.910 0.6000000238
15447  -25.510  -61.600  -20.513 0.6000000238
16329  -26.003  -60.718  -20.412 0.6000000238
15469  -25.236  -62.630  -20.658 0.6000000238
14645  -24.974  -63.154  -21.399 0.6000000238
16333  -27.458  -60.875  -21.105 0.5000000000
169829  -28.222  -60.794  -21.101 0.5000000000
17077  -20.718  -60.458  -13.259 0.6999999881
152902  -21.905  -62.112  -13.268 0.6999999881
17930  -20.255  -59.706  -11.828 0.6999999881
17059  -21.030  -60.543  -11.702 0.6999999881
16210  -21.140  -60.920  -12.561 0.6999999881
15321  -22.333  -62.425  -12.556 0.6999999881
15305  -23.013  -62.462  -12.038 0.6000000238
15307  -24.591  -62.584  -12.285 0.6000000238
16192  -25.849  -61.830  -12.452 0.5000000000
14473  -25.001  -63.085  -12.832 0.6999999881
15309  -26.346  -62.289  -12.722 0.5000000000
15324  -26.822  -62.704  -13.005 0.5000000000
14484  -27.264  -63.099  -13.351 0.5000000000
9317  -32.856  -71.646  -26.572 0.4000000060
8588  -33.944  -71.769  -25.764 0.5000000000
9304  -35.613  -71.846  -26.153 0.5000000000
154228  -35.917  -72.633  -26.121 0.5000000000
9305  -36.978  -71.340  -26.672 0.4000000060
10078  -32.093  -69.124  -26.321 0.4000000060
13764  -27.731  -63.972  -15.028 0.6000000238
14551  -27.313  -63.409  -16.735 0.6000000238
13777  -28.240  -64.045  -15.566 0.6000000238
14587  -27.913  -63.059  -17.816 0.6000000238
13790  -27.944  -63.835  -16.296 0.6000000238
15429  -27.467  -61.229  -19.525 0.6000000238
15412  -27.979  -62.089  -19.051 0.6000000238
14552  -28.682  -63.896  -16.786 0.6000000238
15448  -26.275  -61.041  -20.760 0.6000000238
14588  -28.242  -62.758  -18.500 0.5000000000
16331  -27.000  -60.673  -20.452 0.6000000238
15430  -28.088  -61.506  -19.695 0.5000000000
15449  -28.125  -61.018  -20.445 0.5000000000
17905  -19.967  -59.528  -11.203 0.6999999881
17036  -21.405  -60.561  -10.822 0.6999999881
17037  -22.079  -60.914  -10.749 0.6999999881
15304  -22.169  -61.947  -11.765 0.6999999881
17038  -22.757  -60.987  -10.763 0.6000000238
16189  -22.819  -61.987  -11.467 0.6999999881
16190  -24.246  -62.077  -11.804 0.4000000060
163810  -20.272  -59.507  -10.459 0.6999999881
17882  -21.165  -59.851  -10.333 0.6999999881
17023  -21.803  -60.363  -10.435 0.6000000238
17024  -22.394  -60.451  -10.405 0.6000000238
16191  -25.011  -62.018  -12.140 0.5000000000
144339  -19.075  -59.620  -9.583 0.6999999881
17861  -19.958  -59.223  -9.771 0.6999999881
160249  -26.151  -61.121  -12.389 0.5000000000
18731  -18.723  -58.815  -8.716 0.6999999881
16193  -26.807  -61.466  -12.475 0.5000000000
18730  -17.914  -58.661  -8.506 0.6000000238
19576  -17.526  -57.794  -8.640 0.6000000238
21218  -16.818  -56.966  -9.343 0.6000000238
21260  -16.509  -55.765  -10.921 0.5000000000
22092  -16.947  -55.312  -11.526 0.5000000000
9303  -34.144  -70.825  -25.190 0.4000000060
157569  -35.959  -70.979  -25.926 0.4000000060
14570  -29.209  -63.616  -17.908 0.6000000238
17039  -23.541  -60.753  -10.987 0.5000000000
16173  -23.907  -61.450  -11.439 0.5000000000
17862  -20.646  -58.842  -9.523 0.6000000238
17863  -21.338  -59.283  -9.786 0.6000000238
18766  -22.701  -59.142  -9.898 0.6000000238
17026  -23.433  -60.049  -10.646 0.6000000238
17040  -24.346  -60.714  -11.571 0.5000000000
164816  -24.659  -61.379  -11.866 0.5000000000
17061  -25.876  -60.591  -12.268 0.5000000000
18732  -19.344  -58.339  -8.783 0.6999999881
18733  -20.039  -58.512  -9.126 0.6000000238
18750  -21.525  -58.616  -9.411 0.6000000238
18751  -22.367  -58.475  -9.549 0.6000000238
19607  -23.025  -57.607  -10.007 0.6000000238
17041  -27.075  -60.322  -11.723 0.5000000000
19578  -19.282  -57.707  -8.656 0.6999999881
19579  -19.923  -57.863  -8.855 0.6000000238
158107  -20.732  -56.565  -9.134 0.6000000238
20429  -21.813  -56.921  -9.382 0.6000000238
20448  -22.821  -56.954  -10.168 0.6000000238
20415  -18.158  -57.124  -8.716 0.6000000238
21208  -19.247  -56.538  -8.887 0.6000000238
21222  -20.362  -56.044  -9.347 0.6000000238
21241  -21.279  -55.840  -9.779 0.6000000238
20426  -18.037  -56.508  -9.116 0.6000000238
21240  -18.442  -55.629  -9.949 0.6000000238
22078  -19.707  -55.195  -10.249 0.6000000238
22080  -21.132  -55.420  -10.176 0.6000000238
21239  -17.660  -55.793  -10.115 0.5000000000
22075  -17.254  -55.515  -10.785 0.5000000000
22076  -18.083  -55.269  -10.745 0.5000000000
22095  -19.424  -54.851  -10.882 0.6000000238
22096  -20.122  -54.863  -10.744 0.6000000238
9289  -34.599  -70.148  -24.699 0.4000000060
146911  -16.003  -55.338  -12.403 0.5000000000
22106  -18.079  -54.842  -11.546 0.5000000000
22955  -19.209  -54.536  -11.520 0.6000000238
22956  -19.811  -54.556  -11.275 0.6000000238
22119  -16.413  -54.976  -12.967 0.5000000000
157705  -17.372  -54.421  -13.313 0.5000000000
22105  -17.456  -54.869  -12.115 0.4000000060
22965  -18.889  -54.348  -12.181 0.5000000000
22966  -19.798  -54.241  -12.033 0.6000000238
17907  -24.089  -59.929  -11.265 0.6000000238
172695  -25.244  -59.549  -12.191 0.5000000000
152085  -25.529  -60.017  -12.148 0.5000000000
18787  -24.175  -59.108  -11.471 0.6000000238
18806  -25.195  -58.993  -12.351 0.5000000000
17910  -26.817  -59.819  -11.457 0.5000000000
20468  -23.619  -57.514  -11.380 0.6999999881
19644  -24.651  -57.929  -12.690 0.6999999881
21243  -22.600  -56.277  -10.539 0.6000000238
20467  -23.116  -56.849  -10.977 0.6999999881
21261  -22.307  -55.650  -11.061 0.6000000238
21262  -22.871  -56.271  -11.496 0.6999999881
172709  -21.583  -54.906  -11.365 0.6000000238
22109  -22.611  -55.695  -12.039 0.6999999881
22968  -21.526  -54.544  -12.486 0.6000000238
22108  -22.138  -55.125  -12.557 0.6999999881
171204  -16.036  -54.415  -14.785 0.5000000000
22988  -17.298  -54.253  -13.897 0.5000000000
22977  -18.481  -54.223  -12.896 0.4000000060
23874  -19.976  -53.754  -13.310 0.6000000238
22980  -21.111  -54.250  -12.900 0.6000000238
23003  -17.205  -53.998  -14.654 0.5000000000
23885  -18.495  -53.852  -13.839 0.4000000060
23886  -19.076  -53.609  -14.065 0.5000000000
17909  -26.359  -59.367  -11.709 0.5000000000
18789  -25.978  -58.899  -11.952 0.5000000000
18805  -24.776  -58.733  -12.250 0.6000000238
19646  -25.394  -58.057  -12.484 0.5000000000
20469  -25.702  -57.505  -11.634 0.5000000000
20484  -24.037  -57.639  -12.611 0.6999999881
20498  -23.831  -57.080  -13.083 0.6999999881
21282  -23.575  -56.693  -13.397 0.6000000238
22981  -21.791  -54.703  -13.209 0.6999999881
22121  -22.955  -56.018  -13.224 0.6000000238
23875  -20.716  -53.887  -13.395 0.6000000238
22990  -21.393  -54.308  -13.709 0.6000000238
23896  -17.154  -53.760  -15.606 0.5000000000
23898  -18.620  -53.553  -14.636 0.4000000060
23887  -20.334  -53.561  -14.399 0.6000000238
23911  -18.803  -53.335  -16.249 0.4000000060
171489  -18.466  -53.455  -15.465 0.4000000060
156489  -19.776  -53.378  -15.375 0.5000000000
23900  -20.336  -53.492  -15.121 0.5000000000
19657  -24.869  -57.573  -13.021 0.6000000238
165448  -25.496  -57.092  -11.903 0.5000000000
20499  -24.578  -57.008  -13.709 0.6000000238
164497  -25.007  -56.286  -12.522 0.5000000000
21294  -24.489  -56.779  -14.280 0.6000000238
21293  -24.238  -56.868  -14.410 0.6000000238
22122  -24.762  -56.006  -13.544 0.5000000000
21301  -24.063  -56.152  -15.146 0.6000000238
22143  -22.973  -55.606  -15.360 0.6999999881
22145  -24.119  -55.828  -15.392 0.5000000000
23004  -21.699  -54.439  -14.664 0.6000000238
23901  -21.038  -53.838  -14.902 0.5000000000
23927  -20.124  -53.387  -16.823 0.4000000060
23914  -21.013  -53.740  -15.714 0.5000000000
26658  -16.666  -49.921  -14.492 0.4000000060
27571  -17.586  -49.482  -14.792 0.3000000119
28542  -16.846  -48.728  -15.321 0.4000000060
22099  -24.661  -55.118  -11.595 0.5000000000
28556  -15.076  -48.148  -16.421 0.3000000119
28557  -16.385  -48.097  -16.426 0.4000000060
22993  -24.633  -55.589  -14.068 0.5000000000
22969  -24.413  -54.746  -12.090 0.5000000000
27601  -16.029  -48.817  -17.306 0.3000000119
29511  -16.548  -47.865  -17.020 0.4000000060
22992  -24.420  -55.160  -14.595 0.5000000000
26697  -16.813  -50.132  -17.365 0.3000000119
22158  -23.658  -55.214  -16.110 0.6000000238
23019  -22.555  -54.913  -16.362 0.6999999881
22168  -23.527  -54.814  -16.691 0.6000000238
23928  -20.943  -53.633  -16.619 0.5000000000
23034  -21.777  -54.205  -16.517 0.5000000000
23929  -21.865  -53.909  -17.553 0.4000000060
23949  -22.925  -53.738  -17.885 0.4000000060
25717  -18.365  -51.441  -13.614 0.3000000119
162631  -18.071  -50.091  -14.499 0.3000000119
27572  -18.345  -49.565  -14.805 0.3000000119
28543  -17.721  -48.811  -15.209 0.3000000119
28559  -17.774  -48.096  -15.799 0.4000000060
22982  -24.141  -54.339  -12.628 0.5000000000
28581  -16.532  -48.468  -17.497 0.4000000060
29525  -16.988  -47.682  -17.265 0.4000000060
166218  -23.936  -53.987  -13.109 0.5000000000
27613  -17.198  -49.382  -17.674 0.4000000060
28583  -18.045  -48.010  -18.135 0.4000000060
145183  -24.120  -54.590  -15.105 0.5000000000
155788  -23.976  -54.179  -13.934 0.5000000000
26699  -18.152  -50.405  -17.740 0.4000000060
23902  -23.893  -54.384  -15.920 0.5000000000
23036  -23.204  -54.376  -17.159 0.5000000000
24805  -23.572  -53.402  -15.830 0.5000000000
24837  -19.587  -52.932  -18.800 0.3000000119
24855  -21.498  -52.898  -18.825 0.4000000060
24839  -23.074  -53.281  -17.982 0.4000000060
24804  -23.209  -52.732  -16.264 0.4000000060
164048  -18.584  -51.725  -13.216 0.3000000119
26660  -18.830  -50.372  -14.387 0.3000000119
28544  -18.551  -48.828  -15.226 0.4000000060
28560  -18.615  -48.008  -15.810 0.4000000060
159011  -25.136  -54.016  -9.853 0.4000000060
29526  -18.159  -47.064  -17.422 0.4000000060
170009  -24.751  -53.048  -10.344 0.4000000060
28582  -17.146  -48.151  -17.746 0.4000000060
29537  -18.187  -47.231  -18.010 0.4000000060
23867  -23.895  -53.509  -12.392 0.4000000060
28593  -18.579  -47.596  -18.287 0.4000000060
23889  -23.702  -53.542  -14.306 0.5000000000
27615  -18.794  -49.204  -18.147 0.4000000060
26718  -20.299  -50.729  -18.325 0.3000000119
24793  -23.426  -52.973  -14.784 0.5000000000
25789  -22.422  -51.938  -19.123 0.3000000119
148823  -18.803  -51.019  -13.906 0.3000000119
27554  -19.583  -50.220  -14.373 0.3000000119
27573  -19.172  -49.622  -14.775 0.3000000119
163544  -20.256  -48.436  -15.400 0.4000000060
158602  -19.494  -47.128  -16.341 0.4000000060
165742  -20.362  -46.436  -16.604 0.3000000119
29527  -18.885  -46.792  -17.093 0.4000000060
23842  -26.003  -53.099  -9.738 0.4000000060
24729  -26.432  -52.478  -9.953 0.4000000060
30426  -18.688  -46.833  -17.783 0.4000000060
152098  -23.986  -53.130  -11.569 0.4000000060
155090  -23.699  -53.229  -13.241 0.4000000060
28584  -19.017  -48.411  -18.354 0.3000000119
24774  -23.586  -52.265  -13.091 0.4000000060
27630  -19.556  -50.073  -18.147 0.3000000119
28594  -20.111  -48.812  -18.534 0.3000000119
165815  -22.064  -50.433  -19.018 0.3000000119
167213  -23.056  -52.342  -16.799 0.4000000060
26642  -20.377  -50.911  -13.380 0.3000000119
147321  -20.475  -49.059  -14.912 0.4000000060
159853  -20.463  -47.709  -15.787 0.4000000060
172294  -20.159  -46.952  -16.273 0.4000000060
160850  -27.564  -51.855  -10.307 0.4000000060
155612  -26.073  -51.870  -10.122 0.4000000060
31391  -19.906  -46.159  -17.306 0.4000000060
24727  -24.957  -52.475  -10.390 0.4000000060
30449  -19.619  -46.988  -18.443 0.4000000060
24761  -23.809  -52.574  -12.286 0.4000000060
25665  -24.429  -51.638  -11.288 0.4000000060
29548  -20.357  -47.866  -18.687 0.3000000119
155461  -23.757  -51.852  -12.556 0.4000000060
28595  -21.285  -48.820  -18.824 0.3000000119
25720  -23.383  -51.826  -13.689 0.5000000000
27632  -21.173  -49.693  -18.702 0.3000000119
27633  -22.196  -49.622  -19.128 0.3000000119
25719  -23.206  -51.332  -14.199 0.5000000000
25769  -22.866  -51.907  -18.332 0.3000000119
25741  -22.978  -51.783  -15.952 0.4000000060
150081  -22.647  -52.401  -18.875 0.4000000060
27556  -20.970  -50.281  -13.599 0.3000000119
31393  -21.353  -45.617  -16.726 0.3000000119
32415  -20.930  -45.325  -17.497 0.3000000119
25651  -27.138  -51.228  -10.242 0.4000000060
31421  -19.982  -46.265  -18.246 0.3000000119
25649  -25.705  -51.334  -10.363 0.4000000060
173578  -26.736  -50.725  -10.235 0.3000000119
30451  -20.650  -46.311  -18.622 0.3000000119
26616  -24.245  -51.001  -11.779 0.4000000060
26593  -25.306  -50.803  -10.659 0.4000000060
164728  -22.588  -48.345  -19.267 0.3000000119
28609  -23.124  -48.861  -19.332 0.3000000119
144407  -23.424  -51.150  -13.616 0.4000000060
26737  -22.714  -50.203  -19.106 0.3000000119
27616  -22.956  -50.197  -18.314 0.3000000119
26687  -22.879  -50.959  -17.590 0.3000000119
27576  -23.070  -50.271  -15.284 0.3000000119
32434  -20.814  -45.351  -17.915 0.3000000119
33406  -21.920  -44.405  -17.710 0.3000000119
148359  -21.135  -45.294  -18.350 0.3000000119
26594  -26.048  -50.560  -10.315 0.3000000119
151939  -25.005  -50.357  -11.081 0.4000000060
27514  -26.151  -49.722  -10.455 0.4000000060
173281  -23.539  -47.537  -19.156 0.3000000119
26615  -24.206  -50.309  -12.373 0.4000000060
27526  -25.066  -49.739  -11.443 0.4000000060
28597  -23.265  -49.169  -19.183 0.3000000119
27617  -23.320  -49.381  -18.647 0.3000000119
26643  -23.388  -50.622  -14.003 0.3000000119
27589  -23.052  -50.047  -16.044 0.3000000119
31424  -24.000  -46.320  -18.912 0.3000000119
29551  -23.695  -48.007  -18.914 0.3000000119
28506  -24.864  -49.192  -12.146 0.3000000119
29462  -25.681  -48.642  -11.158 0.3000000119
29538  -23.863  -48.174  -18.200 0.3000000119
27545  -24.110  -49.733  -13.053 0.3000000119
27603  -23.204  -49.509  -16.393 0.3000000119
26662  -23.294  -50.191  -14.513 0.3000000119
31409  -24.717  -45.922  -17.976 0.3000000119
33408  -24.920  -44.256  -17.744 0.3000000119
30429  -24.338  -47.304  -17.448 0.3000000119
28520  -24.536  -49.092  -12.876 0.3000000119
32418  -24.919  -45.566  -17.196 0.3000000119
160888  -25.083  -44.934  -16.923 0.3000000119
161763  -23.064  -52.547  -17.715 0.4000000060
148350  -21.903  -51.281  -19.022 0.3000000119
26721  -22.690  -50.645  -18.939 0.3000000119
157535  -32.984  -75.681  -17.464 0.6000000238
4026  -32.987  -77.595  -17.506 0.5000000000
146392  -32.393  -78.165  -17.742 0.5000000000
4025  -31.934  -77.466  -17.916 0.5000000000
3540  -33.766  -78.283  -17.346 0.5000000000
4546  -35.364  -76.741  -15.489 0.5000000000
6464  -31.915  -73.361  -17.579 0.6999999881
6485  -34.026  -72.714  -18.412 0.6999999881
149875  -31.290  -71.607  -17.701 0.6999999881
6463  -31.260  -73.513  -17.924 0.6999999881
3518  -34.665  -78.107  -15.565 0.4000000060
7157  -30.388  -72.546  -18.177 0.6999999881
4045  -36.309  -76.447  -18.011 0.5000000000
9927  -38.833  -68.441  -17.145 0.3000000119
4610  -37.015  -75.566  -18.789 0.5000000000
5883  -37.003  -74.662  -20.089 0.3000000119
9994  -33.628  -68.888  -18.724 0.6000000238
9948  -32.770  -68.917  -17.829 0.6000000238
10010  -32.991  -68.762  -19.767 0.5000000000
10022  -28.905  -68.860  -21.102 0.6000000238
9188  -31.630  -69.368  -17.231 0.6999999881
12254  -36.588  -66.238  -15.274 0.3000000119
9970  -29.385  -68.228  -18.115 0.6000000238
9923  -30.478  -68.786  -17.124 0.6000000238
8481  -30.289  -70.593  -17.071 0.6999999881
5208  -34.948  -75.417  -19.014 0.5000000000
4043  -35.155  -77.015  -18.039 0.6000000238
4028  -34.706  -77.349  -17.807 0.5000000000
7788  -29.529  -70.789  -16.774 0.6000000238
7135  -29.706  -72.185  -17.808 0.6999999881
9171  -27.738  -69.324  -16.321 0.5000000000
7134  -28.746  -72.289  -17.533 0.5000000000
9951  -39.263  -69.150  -17.312 0.3000000119
11518  -26.740  -67.333  -18.929 0.6000000238
7154  -27.443  -72.814  -17.928 0.5000000000
154749  -40.202  -73.049  -19.149 0.3000000119
6486  -34.596  -72.919  -18.969 0.5000000000
9195  -39.831  -69.935  -17.495 0.3000000119
7153  -26.543  -72.608  -17.963 0.5000000000
9256  -34.330  -69.883  -20.919 0.4000000060
12231  -39.141  -65.435  -13.984 0.3000000119
11618  -26.606  -67.734  -26.368 0.6000000238
12396  -23.607  -66.925  -26.250 0.6999999881
158261  -24.890  -65.405  -25.786 0.6000000238
13905  -25.835  -64.313  -23.439 0.6000000238
11619  -27.377  -67.760  -26.293 0.6000000238
10076  -30.413  -69.254  -26.615 0.5000000000
8552  -35.582  -71.433  -22.972 0.4000000060
11594  -28.687  -66.746  -24.514 0.6000000238
160219  -29.116  -67.205  -25.136 0.5000000000
12353  -27.916  -65.785  -23.289 0.6000000238
152884  -30.537  -64.771  -23.123 0.4000000060
14690  -22.823  -63.295  -24.678 0.6000000238
14672  -24.324  -63.103  -23.359 0.6999999881
16280  -22.584  -61.143  -17.242 0.6000000238
7911  -31.337  -72.092  -27.540 0.4000000060
15489  -28.150  -60.804  -22.405 0.4000000060
14689  -21.706  -63.611  -24.861 0.6000000238
16248  -22.086  -61.662  -15.955 0.6000000238
16266  -23.653  -61.746  -16.891 0.6000000238
7903  -35.412  -72.970  -25.706 0.5000000000
18044  -23.748  -59.325  -19.960 0.5000000000
14536  -26.411  -63.582  -15.754 0.6000000238
18056  -23.645  -58.924  -20.658 0.4000000060
166318  -24.668  -62.639  -21.000 0.5000000000
10815  -32.503  -67.434  -25.898 0.5000000000
17185  -26.278  -60.654  -19.342 0.6000000238
15445  -24.034  -61.758  -20.722 0.5000000000
158657  -16.778  -59.095  -8.881 0.6000000238
22104  -16.694  -55.123  -12.284 0.5000000000
18767  -23.165  -58.379  -10.017 0.5000000000
20428  -21.180  -57.163  -9.137 0.6000000238
19592  -21.879  -57.774  -9.301 0.6000000238
162634  -23.759  -58.565  -10.750 0.6000000238
21220  -18.740  -56.099  -9.308 0.6000000238
154233  -16.539  -54.404  -14.237 0.5000000000
18807  -25.479  -58.675  -12.304 0.5000000000
22120  -22.464  -55.382  -13.646 0.6000000238
23897  -17.862  -53.631  -15.098 0.5000000000
23005  -22.408  -55.092  -15.563 0.6000000238
27570  -16.219  -49.025  -15.052 0.3000000119
168881  -24.912  -56.395  -13.188 0.5000000000
144189  -20.805  -53.425  -17.632 0.3000000119
22959  -24.479  -54.359  -11.105 0.4000000060
22958  -24.080  -53.927  -11.752 0.4000000060
23947  -21.574  -53.376  -18.355 0.4000000060
25788  -21.497  -52.204  -18.972 0.3000000119
24792  -23.174  -52.411  -15.314 0.5000000000
24728  -25.674  -52.487  -10.047 0.4000000060
27555  -20.230  -50.327  -14.061 0.3000000119
29549  -21.520  -47.937  -18.940 0.3000000119
25701  -23.606  -51.476  -13.082 0.4000000060
151062  -22.921  -50.825  -16.275 0.3000000119
159970  -21.344  -46.925  -18.909 0.3000000119
26661  -23.123  -50.813  -14.689 0.4000000060
28531  -21.824  -49.312  -13.492 0.3000000119
30453  -23.174  -46.693  -19.083 0.3000000119
27546  -24.475  -49.625  -12.502 0.4000000060
31425  -24.396  -46.570  -18.469 0.3000000119
7849  -23.952  -70.741  -20.491 0.5000000000
7836  -24.220  -71.389  -19.930 0.5000000000
7190  -24.718  -72.020  -19.941 0.5000000000
7173  -25.727  -72.648  -19.107 0.4000000060
9235  -23.226  -69.085  -20.939 0.5000000000
8524  -23.753  -70.031  -20.171 0.5000000000
7835  -23.933  -70.925  -19.549 0.5000000000
7824  -24.499  -71.404  -18.187 0.5000000000
7130  -25.309  -72.014  -17.823 0.5000000000
7131  -25.866  -72.157  -17.552 0.4000000060
9224  -23.559  -69.263  -19.652 0.4000000060
8498  -24.163  -70.939  -17.966 0.5000000000
7801  -26.053  -71.785  -16.888 0.4000000060
9987  -23.546  -68.930  -18.727 0.5000000000
154200  -23.784  -69.324  -17.844 0.5000000000
8497  -23.907  -70.435  -18.241 0.5000000000
9939  -24.068  -68.832  -17.225 0.5000000000
9187  -24.142  -69.721  -17.114 0.5000000000
9916  -24.566  -69.147  -16.677 0.5000000000
161438  -25.293  -69.371  -16.322 0.5000000000
9169  -26.029  -69.790  -16.077 0.4000000060
10727  -23.544  -67.730  -18.349 0.5000000000
10713  -24.856  -67.638  -17.120 0.5000000000
10692  -25.264  -68.185  -16.768 0.5000000000
9917  -25.680  -68.738  -16.523 0.5000000000
155364  -22.704  -64.215  -19.581 0.5000000000
11514  -23.879  -67.110  -18.017 0.5000000000
152153  -23.614  -66.466  -18.159 0.5000000000
169397  -24.224  -66.593  -17.911 0.5000000000
13093  -24.443  -65.406  -18.476 0.5000000000
11500  -25.244  -66.987  -17.490 0.5000000000
12289  -24.986  -65.916  -18.214 0.5000000000
10714  -25.633  -67.618  -17.231 0.5000000000
10715  -26.424  -67.841  -17.655 0.5000000000
13838  -23.678  -64.597  -19.237 0.5000000000
13853  -23.110  -64.212  -20.168 0.5000000000
13888  -22.342  -64.692  -21.987 0.5000000000
13839  -24.228  -64.661  -19.456 0.5000000000
13889  -23.156  -64.634  -21.671 0.5000000000
13159  -22.823  -65.298  -22.597 0.5000000000
13115  -25.190  -65.182  -19.346 0.5000000000
152530  -24.867  -65.013  -20.388 0.5000000000
13145  -24.516  -65.029  -21.134 0.5000000000
12302  -25.787  -65.587  -19.374 0.5000000000
13132  -25.338  -65.209  -19.986 0.5000000000
11516  -25.546  -66.451  -17.980 0.5000000000
10728  -26.457  -67.374  -18.233 0.5000000000
10729  -26.901  -67.917  -18.418 0.5000000000
149252  -20.282  -64.165  -25.079 0.5000000000
13192  -20.601  -65.594  -25.078 0.6000000238
13158  -21.703  -65.368  -22.938 0.5000000000
13160  -23.764  -65.032  -21.857 0.5000000000
13194  -21.815  -66.306  -24.607 0.5000000000
166820  -24.389  -65.394  -21.989 0.5000000000
13179  -23.749  -65.721  -22.819 0.5000000000
12316  -26.368  -66.096  -19.911 0.5000000000
12327  -25.661  -65.847  -21.220 0.5000000000
12291  -26.322  -66.219  -19.089 0.5000000000
16391  -21.302  -62.030  -24.198 0.5000000000
15513  -21.473  -62.853  -24.551 0.5000000000
13193  -21.242  -66.115  -24.835 0.6000000238
18888  -18.689  -58.536  -17.026 0.5000000000
18014  -20.234  -59.628  -17.289 0.6000000238
18871  -18.088  -58.607  -16.416 0.5000000000
18001  -19.524  -59.089  -16.033 0.5000000000
17135  -20.563  -60.287  -16.155 0.6000000238
17988  -20.016  -59.606  -15.597 0.6000000238
17987  -19.182  -58.843  -15.326 0.5000000000
17973  -19.728  -59.285  -14.781 0.6000000238
18831  -18.947  -58.874  -13.992 0.5000000000
17091  -20.451  -60.270  -14.468 0.6000000238
17090  -20.270  -59.886  -13.818 0.6000000238
18818  -18.659  -59.040  -13.354 0.5000000000
17076  -19.800  -59.312  -13.361 0.6000000238
17058  -20.508  -60.040  -12.531 0.6000000238
17927  -18.668  -59.783  -12.106 0.5000000000
145538  -19.645  -59.390  -11.814 0.5000000000
17022  -18.643  -60.580  -10.373 0.5000000000
17015  -18.465  -60.404  -9.689 0.6000000238
17012  -16.260  -60.223  -9.506 0.6000000238
17013  -17.200  -60.492  -9.262 0.5000000000
17880  -19.037  -59.885  -10.358 0.6000000238
17904  -19.399  -59.555  -11.166 0.5000000000
17859  -17.696  -59.966  -8.916 0.5000000000
19589  -15.811  -57.730  -9.677 0.6000000238
18748  -16.457  -58.571  -9.030 0.6000000238
173968  -16.639  -56.528  -9.793 0.6000000238
8490  -40.467  -70.691  -17.344 0.3000000119
8492  -42.993  -71.188  -16.708 0.3000000119
7143  -41.480  -72.520  -16.810 0.3000000119
9975  -43.266  -69.400  -18.493 0.3000000119
7827  -41.836  -72.492  -17.144 0.3000000119
160238  -40.797  -71.775  -16.924 0.3000000119
7812  -39.574  -71.655  -17.303 0.3000000119
8465  -26.140  -70.578  -16.098 0.4000000060
13161  -25.015  -65.574  -21.622 0.5000000000
168288  -22.747  -66.050  -23.723 0.5000000000
18028  -20.415  -59.561  -18.052 0.5000000000
7800  -25.329  -71.587  -17.226 0.4000000060
8464  -25.301  -70.321  -16.363 0.5000000000
10712  -24.125  -67.881  -17.496 0.5000000000
13112  -23.210  -64.827  -18.816 0.5000000000
13092  -23.668  -65.365  -18.445 0.5000000000
163836  -22.260  -64.016  -20.238 0.5000000000
13870  -22.807  -64.263  -21.066 0.5000000000
13855  -24.350  -64.657  -20.249 0.5000000000
8491  -41.711  -71.545  -16.663 0.3000000119
8514  -42.183  -71.330  -18.398 0.3000000119
8501  -43.173  -70.909  -17.273 0.3000000119
7813  -42.081  -72.155  -16.754 0.3000000119
7828  -42.316  -72.032  -17.302 0.3000000119
9213  -43.007  -70.141  -18.324 0.3000000119
28493  -25.656  -49.373  -10.949 0.3000000119
2641  -33.221  -79.613  -16.309 0.5000000000
2650  -31.927  -80.211  -16.320 0.5000000000
2651  -32.518  -80.034  -16.539 0.5000000000
2682  -30.629  -79.494  -19.588 0.5000000000
2691  -30.922  -79.282  -19.757 0.5000000000
3071  -33.807  -79.198  -15.770 0.5000000000
3096  -32.798  -79.557  -17.091 0.5000000000
3097  -33.477  -78.988  -16.934 0.5000000000
3539  -32.981  -78.708  -17.433 0.5000000000
3541  -34.609  -77.888  -17.246 0.5000000000
3542  -35.296  -77.585  -16.808 0.4000000060
3563  -31.403  -78.262  -20.091 0.5000000000
3994  -34.909  -77.440  -15.308 0.4000000060
4014  -35.778  -77.162  -16.413 0.4000000060
4027  -34.067  -77.507  -17.709 0.5000000000
4029  -35.739  -77.125  -17.253 0.5000000000
4030  -36.384  -76.709  -17.269 0.5000000000
4042  -31.542  -77.406  -18.408 0.5000000000
4044  -35.782  -76.710  -18.080 0.5000000000
4547  -36.071  -76.320  -15.716 0.5000000000
4548  -36.616  -76.411  -16.006 0.5000000000
4564  -37.386  -75.887  -16.754 0.5000000000
4578  -32.551  -76.378  -17.385 0.5000000000
4593  -31.170  -76.403  -18.311 0.5000000000
4594  -34.571  -75.958  -18.488 0.6000000238
4597  -36.617  -76.054  -18.354 0.5000000000
4598  -37.367  -75.844  -17.728 0.5000000000
4608  -35.627  -75.694  -19.179 0.5000000000
4609  -36.241  -75.674  -19.157 0.5000000000
5180  -32.006  -74.763  -17.363 0.5000000000
5181  -36.731  -75.336  -15.991 0.4000000060
5182  -37.155  -75.884  -16.179 0.5000000000
5184  -38.256  -75.053  -16.799 0.4000000060
5194  -31.127  -75.080  -17.891 0.6999999881
5195  -31.658  -75.360  -17.465 0.5000000000
5196  -32.725  -74.824  -17.383 0.6999999881
5199  -38.624  -74.956  -17.187 0.4000000060
5210  -38.591  -74.761  -18.090 0.4000000060
5217  -30.515  -75.089  -19.589 0.5000000000
5218  -35.498  -75.142  -19.445 0.5000000000
5222  -37.986  -74.852  -18.926 0.4000000060
5826  -35.933  -74.436  -16.054 0.4000000060
5830  -38.991  -74.291  -16.788 0.4000000060
5840  -31.169  -74.278  -17.912 0.6999999881
5845  -39.139  -74.431  -16.993 0.4000000060
5854  -30.289  -73.882  -18.793 0.6000000238
5857  -34.553  -74.460  -18.779 0.5000000000
5859  -40.003  -73.781  -17.626 0.4000000060
5867  -28.772  -73.978  -19.773 0.5000000000
5870  -35.128  -74.715  -19.323 0.4000000060
5873  -37.688  -74.573  -19.776 0.3000000119
5882  -29.227  -74.311  -20.268 0.5000000000
5884  -37.434  -74.129  -20.393 0.3000000119
5886  -38.970  -73.957  -19.306 0.3000000119
6452  -37.502  -73.292  -16.691 0.4000000060
6453  -38.367  -73.912  -16.652 0.4000000060
6466  -33.509  -73.256  -17.930 0.6999999881
6470  -40.118  -73.502  -17.073 0.4000000060
6483  -30.204  -73.265  -18.525 0.6999999881
6484  -30.845  -73.000  -18.193 0.6999999881
6487  -40.654  -73.279  -17.369 0.4000000060
6508  -40.213  -73.461  -18.298 0.3000000119
6519  -27.995  -73.780  -19.886 0.6000000238
6520  -36.778  -74.174  -20.442 0.3000000119
6523  -38.777  -73.514  -20.402 0.3000000119
6538  -38.501  -73.105  -21.014 0.3000000119
7129  -24.942  -71.964  -18.354 0.5000000000
7132  -27.096  -72.326  -17.303 0.5000000000
7133  -27.902  -72.358  -17.363 0.5000000000
7136  -31.044  -72.316  -17.956 0.6999999881
7137  -32.220  -72.651  -17.561 0.6999999881
7139  -33.558  -72.455  -17.955 0.6999999881
7140  -38.907  -72.724  -16.908 0.4000000060
7152  -25.663  -72.423  -18.362 0.4000000060
7155  -28.266  -72.852  -17.981 0.5000000000
7156  -29.104  -72.792  -18.140 0.6999999881
7158  -34.421  -72.279  -18.662 0.4000000060
7160  -41.307  -72.885  -17.185 0.4000000060
7172  -25.096  -72.284  -19.067 0.4000000060
7177  -40.912  -72.650  -18.762 0.3000000119
7178  -41.438  -72.740  -17.738 0.3000000119
7192  -36.554  -73.512  -20.402 0.4000000060
7210  -39.033  -72.586  -21.184 0.3000000119
7211  -39.578  -72.623  -20.939 0.3000000119
7783  -25.043  -70.964  -16.812 0.4000000060
7784  -25.676  -71.145  -16.557 0.4000000060
7785  -26.426  -71.295  -16.367 0.5000000000
7799  -24.632  -71.096  -17.439 0.5000000000
7804  -30.043  -71.388  -17.349 0.6000000238
7807  -33.333  -71.863  -17.704 0.6999999881
7810  -37.958  -72.084  -17.098 0.4000000060
7814  -42.578  -71.596  -16.675 0.3000000119
7823  -24.045  -70.985  -18.663 0.5000000000
7826  -34.973  -71.149  -18.598 0.4000000060
7838  -36.240  -70.850  -19.318 0.4000000060
7886  -35.907  -72.982  -25.579 0.4000000060
7894  -32.799  -72.857  -25.465 0.5000000000
7899  -31.467  -72.405  -26.979 0.4000000060
7900  -32.295  -72.556  -26.468 0.5000000000
7904  -35.922  -72.847  -25.891 0.5000000000
7912  -31.795  -72.223  -27.268 0.4000000060
8463  -24.596  -70.425  -16.893 0.5000000000
8468  -28.975  -70.020  -16.317 0.6000000238
8479  -23.874  -69.964  -17.802 0.5000000000
8480  -24.155  -70.464  -17.521 0.5000000000
8482  -31.075  -70.212  -17.182 0.6999999881
8483  -31.928  -70.206  -17.345 0.6999999881
8484  -32.696  -70.300  -17.486 0.6000000238
8485  -33.419  -70.331  -17.716 0.6000000238
8489  -39.644  -70.693  -17.525 0.3000000119
8499  -35.155  -70.216  -18.621 0.4000000060
8500  -42.789  -71.425  -17.223 0.3000000119
8510  -23.799  -70.296  -19.100 0.5000000000
8511  -35.906  -70.064  -19.033 0.4000000060
8513  -37.055  -70.058  -19.862 0.4000000060
8515  -42.669  -70.763  -18.255 0.3000000119
8526  -38.166  -70.406  -20.847 0.4000000060
8589  -34.997  -72.363  -25.925 0.5000000000
8619  -30.411  -71.131  -27.227 0.4000000060
8620  -31.010  -71.642  -27.559 0.5000000000
8621  -31.577  -71.891  -27.745 0.5000000000
9168  -24.719  -69.804  -16.585 0.5000000000
9170  -26.797  -69.408  -16.214 0.5000000000
9173  -29.417  -69.183  -16.577 0.6000000238
9174  -30.144  -69.243  -16.804 0.6000000238
9175  -30.844  -69.329  -17.038 0.6999999881
9178  -37.287  -69.870  -16.788 0.3000000119
9196  -40.821  -70.246  -17.231 0.3000000119
9209  -23.723  -69.755  -18.518 0.5000000000
9210  -34.087  -69.271  -18.554 0.6000000238
9211  -34.753  -69.578  -18.875 0.4000000060
9237  -33.401  -69.256  -20.357 0.4000000060
9240  -37.048  -69.801  -20.534 0.4000000060
9251  -29.959  -69.343  -21.466 0.5000000000
9252  -30.770  -69.453  -21.355 0.5000000000
9255  -33.634  -69.906  -20.947 0.4000000060
9258  -37.422  -69.807  -21.594 0.4000000060
9276  -36.874  -70.102  -22.303 0.4000000060
9323  -29.206  -69.854  -26.338 0.5000000000
9325  -31.834  -71.246  -27.467 0.5000000000
9918  -26.426  -68.801  -16.639 0.5000000000
9920  -28.128  -68.774  -16.949 0.5000000000
9922  -29.853  -68.648  -17.029 0.6000000238
9925  -36.937  -69.090  -16.695 0.3000000119
9940  -24.599  -68.405  -16.892 0.5000000000
9944  -29.650  -68.299  -17.429 0.6000000238
9945  -30.371  -68.340  -17.455 0.6000000238
9950  -38.463  -69.102  -17.227 0.3000000119
9966  -23.375  -68.242  -18.804 0.5000000000
9967  -23.721  -68.501  -18.044 0.5000000000
9969  -28.548  -68.497  -18.490 0.6000000238
9974  -33.442  -69.043  -18.168 0.6000000238
9988  -28.420  -68.587  -19.346 0.6000000238
9990  -30.349  -68.275  -19.356 0.6000000238
9991  -31.101  -68.126  -19.117 0.5000000000
9993  -33.062  -68.593  -18.967 0.6000000238
9997  -43.586  -68.568  -18.825 0.3000000119
10006  -29.089  -68.756  -20.361 0.6000000238
10009  -32.246  -68.839  -20.182 0.5000000000
10012  -34.411  -69.206  -19.617 0.4000000060
10042  -27.621  -68.505  -23.337 0.5000000000
10057  -28.471  -69.466  -24.217 0.5000000000
10067  -27.124  -68.831  -25.690 0.6000000238
10068  -27.698  -69.201  -26.031 0.6000000238
10080  -30.131  -70.092  -27.008 0.5000000000
10081  -30.840  -70.093  -27.106 0.5000000000
10693  -26.060  -68.232  -16.967 0.5000000000
10696  -36.992  -67.774  -16.575 0.3000000119
10697  -38.466  -67.835  -16.832 0.3000000119
10698  -39.193  -67.878  -16.812 0.3000000119
10716  -27.110  -68.321  -17.869 0.6000000238
10753  -27.478  -67.985  -19.986 0.6999999881
10754  -27.883  -68.339  -20.461 0.6000000238
10792  -26.628  -67.775  -23.448 0.6000000238
10810  -26.323  -68.399  -25.846 0.6000000238
10820  -26.367  -68.111  -26.263 0.6000000238
10822  -27.596  -68.466  -26.371 0.6000000238
11474  -38.499  -66.951  -16.135 0.3000000119
11486  -38.138  -67.282  -16.466 0.3000000119
11499  -24.521  -67.085  -17.583 0.5000000000
11501  -25.948  -67.090  -17.779 0.5000000000
11515  -24.806  -66.464  -17.826 0.5000000000
11517  -26.253  -66.638  -18.449 0.5000000000
11529  -26.761  -66.772  -19.576 0.6000000238
11530  -27.078  -67.527  -19.592 0.6000000238
11555  -27.102  -67.236  -20.971 0.6000000238
11573  -27.027  -67.289  -21.719 0.6999999881
11592  -25.032  -67.620  -24.863 0.6000000238
11601  -23.587  -67.222  -26.051 0.6999999881
11616  -25.036  -67.496  -26.191 0.6000000238
12230  -36.976  -65.715  -14.678 0.3000000119
12245  -37.858  -65.819  -14.927 0.3000000119
12255  -37.399  -66.201  -15.394 0.3000000119
12257  -39.179  -66.367  -15.476 0.3000000119
12288  -24.180  -65.983  -18.153 0.5000000000
12290  -25.736  -65.979  -18.574 0.5000000000
12315  -25.830  -65.652  -20.342 0.5000000000
12328  -26.284  -66.154  -20.808 0.6000000238
12339  -25.401  -66.099  -22.070 0.6000000238
12352  -27.286  -65.469  -23.633 0.6000000238
12354  -28.716  -65.948  -22.925 0.6999999881
12367  -22.466  -66.686  -25.171 0.6000000238
12382  -22.400  -66.431  -25.772 0.6000000238
12397  -24.521  -66.974  -26.323 0.6000000238
12984  -38.571  -65.039  -12.368 0.3000000119
13003  -37.268  -65.139  -12.678 0.3000000119
13020  -37.456  -65.138  -13.471 0.3000000119
13032  -38.452  -65.559  -14.495 0.3000000119
13091  -22.870  -65.295  -18.482 0.5000000000
13094  -25.177  -65.431  -18.750 0.5000000000
13113  -23.970  -64.957  -18.838 0.5000000000
13114  -24.643  -65.051  -19.050 0.5000000000
13131  -24.808  -64.892  -19.734 0.5000000000
13146  -25.245  -65.343  -20.792 0.5000000000
13147  -27.989  -64.340  -21.268 0.5000000000
13162  -27.097  -64.894  -22.428 0.6000000238
13163  -27.792  -65.010  -21.965 0.6000000238
13178  -21.924  -65.895  -23.656 0.5000000000
13181  -27.499  -65.323  -22.870 0.6000000238
13182  -28.230  -65.477  -22.463 0.6000000238
13204  -21.694  -66.027  -25.453 0.6000000238
13207  -24.251  -65.324  -25.902 0.6999999881
13208  -25.502  -65.197  -25.405 0.6000000238
13216  -25.123  -66.065  -26.130 0.5000000000
13763  -26.924  -63.890  -15.195 0.6000000238
13776  -27.581  -63.908  -15.640 0.6000000238
13837  -23.214  -64.383  -19.416 0.5000000000
13854  -23.749  -64.392  -19.892 0.5000000000
13887  -21.257  -64.886  -22.393 0.5000000000
13891  -26.767  -64.384  -21.850 0.5000000000
13892  -28.944  -63.856  -21.566 0.6000000238
13904  -25.219  -63.912  -23.885 0.6000000238
13908  -30.952  -64.171  -23.646 0.4000000060
13929  -21.226  -65.465  -25.405 0.6999999881
13930  -22.324  -65.118  -25.559 0.6999999881
13931  -23.333  -64.593  -25.463 0.6999999881
13932  -24.187  -64.514  -25.416 0.6999999881
14472  -24.142  -62.995  -12.574 0.6000000238
14483  -26.446  -63.202  -13.319 0.6000000238
14498  -23.797  -63.314  -13.685 0.6000000238
14500  -25.589  -63.589  -13.930 0.6000000238
14501  -26.854  -63.526  -13.846 0.5000000000
14519  -23.994  -63.387  -14.427 0.6000000238
14522  -26.153  -63.720  -15.083 0.6000000238
14535  -25.611  -63.477  -15.548 0.6000000238
14549  -24.517  -62.896  -16.039 0.5000000000
14567  -26.844  -62.977  -17.154 0.6000000238
14569  -28.619  -63.587  -17.469 0.6000000238
14628  -25.908  -62.386  -20.643 0.6000000238
14646  -26.550  -63.101  -20.797 0.6000000238
14657  -24.036  -62.744  -22.645 0.6000000238
14660  -27.863  -61.675  -21.962 0.6000000238
14662  -29.537  -63.120  -22.583 0.6000000238
14673  -24.921  -63.538  -23.208 0.6000000238
14691  -23.956  -63.119  -24.082 0.6999999881
14701  -20.755  -64.906  -25.253 0.6000000238
15297  -23.497  -62.079  -11.568 0.6999999881
15306  -23.836  -62.543  -12.086 0.6000000238
15308  -25.428  -62.523  -12.529 0.5000000000
15322  -23.012  -62.862  -12.774 0.6000000238
15323  -25.937  -62.933  -12.903 0.5000000000
15352  -22.656  -62.747  -14.172 0.6000000238
15363  -22.568  -62.142  -15.703 0.6000000238
15378  -23.196  -62.195  -16.206 0.6000000238
15410  -26.866  -61.928  -18.265 0.6000000238
15446  -24.664  -61.963  -20.502 0.5000000000
15468  -24.122  -62.318  -21.105 0.6000000238
15470  -26.806  -60.795  -20.820 0.6000000238
15472  -27.685  -60.886  -21.720 0.5000000000
15490  -28.547  -60.868  -23.078 0.6000000238
16152  -17.568  -61.101  -9.614 0.5000000000
16170  -21.762  -61.221  -11.283 0.6999999881
16171  -22.418  -61.521  -11.134 0.6000000238
16172  -23.150  -61.509  -11.171 0.6000000238
16188  -21.525  -61.358  -11.926 0.6999999881
16211  -21.690  -61.764  -12.537 0.6999999881
16222  -21.618  -61.770  -13.996 0.6999999881
16234  -22.013  -61.929  -15.268 0.6000000238
16247  -21.484  -61.375  -15.550 0.6999999881
16264  -22.237  -61.416  -16.601 0.6000000238
16267  -24.420  -61.776  -17.140 0.6000000238
16281  -23.363  -61.241  -17.329 0.6000000238
16284  -25.627  -61.331  -17.970 0.6000000238
16301  -26.046  -60.868  -18.641 0.6000000238
16316  -26.772  -60.722  -19.709 0.6000000238
16330  -26.546  -60.667  -20.470 0.6000000238
16332  -27.593  -60.869  -20.299 0.6000000238
16346  -23.273  -60.749  -21.553 0.5000000000
16347  -23.744  -61.021  -20.833 0.5000000000
16384  -29.377  -60.599  -24.010 0.5000000000
17014  -17.975  -60.580  -9.296 0.5000000000
17025  -22.996  -60.438  -10.573 0.6000000238
17060  -25.098  -60.656  -12.054 0.5000000000
17062  -26.614  -60.707  -12.162 0.5000000000
17106  -20.284  -59.980  -14.961 0.6000000238
17119  -20.540  -60.314  -15.525 0.6999999881
17136  -21.137  -60.733  -16.472 0.6000000238
17137  -21.710  -60.891  -17.029 0.6000000238
17152  -23.930  -60.801  -17.824 0.6000000238
17166  -22.866  -60.302  -18.402 0.5000000000
17168  -25.038  -60.253  -18.786 0.6000000238
17198  -25.570  -60.365  -20.011 0.6000000238
17199  -26.167  -60.560  -20.002 0.6000000238
17219  -22.945  -60.310  -22.342 0.4000000060
17220  -29.153  -60.200  -23.429 0.5000000000
17221  -29.773  -60.028  -23.579 0.4000000060
17237  -30.065  -60.130  -23.994 0.4000000060
17844  -17.420  -59.271  -8.666 0.6000000238
17845  -18.184  -59.404  -8.702 0.6999999881
17846  -18.803  -59.415  -9.022 0.6999999881
17857  -16.153  -59.271  -9.315 0.6000000238
17858  -16.889  -59.753  -9.015 0.6000000238
17860  -18.387  -59.934  -9.172 0.6000000238
17864  -21.991  -59.064  -9.694 0.6000000238
17881  -19.565  -59.526  -10.320 0.6000000238
17883  -22.008  -59.765  -10.044 0.6000000238
17884  -22.871  -59.862  -10.262 0.6000000238
17906  -20.674  -59.916  -11.051 0.6999999881
17908  -24.845  -60.055  -11.883 0.5000000000
17928  -19.097  -59.375  -12.093 0.5000000000
17929  -19.701  -59.293  -12.600 0.6000000238
17931  -25.677  -59.334  -12.148 0.5000000000
17932  -26.292  -60.006  -12.014 0.5000000000
17945  -18.432  -59.735  -12.939 0.5000000000
17946  -19.286  -59.088  -13.336 0.6000000238
17958  -19.614  -59.173  -14.010 0.6000000238
17972  -19.194  -58.917  -14.548 0.6000000238
18002  -20.104  -59.652  -16.461 0.6000000238
18031  -23.620  -59.758  -19.130 0.5000000000
18042  -20.844  -59.442  -18.798 0.6000000238
18045  -24.326  -59.600  -19.678 0.6000000238
18046  -24.499  -59.776  -19.934 0.6000000238
18729  -17.112  -58.568  -8.659 0.6000000238
18749  -19.431  -58.984  -9.211 0.6999999881
18768  -23.545  -59.251  -10.506 0.6000000238
18788  -24.767  -59.415  -11.970 0.5000000000
18803  -18.657  -59.295  -12.782 0.5000000000
18804  -19.059  -59.122  -12.828 0.5000000000
18857  -18.333  -58.641  -15.601 0.5000000000
18872  -18.815  -58.631  -16.148 0.5000000000
18873  -19.502  -59.003  -16.750 0.5000000000
19575  -16.761  -57.976  -8.909 0.6000000238
19577  -18.553  -57.941  -8.556 0.6999999881
19590  -16.246  -58.051  -9.237 0.6000000238
19591  -20.811  -58.036  -9.124 0.6000000238
19593  -22.623  -57.887  -9.611 0.6000000238
19608  -23.549  -57.933  -10.644 0.6000000238
19628  -24.095  -58.336  -11.813 0.6000000238
19645  -25.090  -58.344  -12.588 0.6000000238
19656  -24.386  -57.287  -13.424 0.6000000238
20414  -16.963  -57.427  -8.961 0.6000000238
20416  -18.906  -57.149  -8.663 0.6000000238
20417  -19.630  -57.139  -8.738 0.6000000238
20424  -16.438  -57.512  -9.253 0.6000000238
20425  -17.448  -57.001  -8.998 0.6000000238
20427  -20.391  -57.203  -8.935 0.6000000238
20430  -22.480  -57.263  -9.579 0.6000000238
20446  -16.200  -57.018  -9.721 0.6000000238
20447  -22.254  -56.546  -9.813 0.6000000238
20449  -23.254  -57.347  -10.558 0.6999999881
20483  -23.437  -56.977  -12.021 0.6999999881
20485  -25.362  -57.413  -12.575 0.5000000000
20512  -24.356  -57.023  -14.029 0.6000000238
21207  -18.605  -56.636  -8.875 0.6000000238
21209  -20.006  -56.525  -8.968 0.6000000238
21219  -17.338  -56.379  -9.549 0.5000000000
21221  -19.608  -56.011  -9.285 0.6000000238
21223  -21.016  -56.143  -9.458 0.6000000238
21224  -21.618  -56.276  -9.589 0.6000000238
21237  -16.090  -56.394  -10.343 0.5000000000
21238  -16.899  -56.052  -10.229 0.6000000238
21242  -21.858  -55.836  -10.192 0.6000000238
21263  -24.928  -55.777  -11.678 0.5000000000
21264  -25.289  -56.634  -12.044 0.5000000000
21274  -23.186  -56.475  -12.567 0.6999999881
21275  -24.960  -56.970  -13.137 0.5000000000
21283  -24.093  -57.019  -13.848 0.6000000238
21284  -24.746  -56.681  -13.824 0.5000000000
21292  -23.916  -56.461  -14.704 0.6000000238
21302  -24.356  -56.428  -14.830 0.6000000238
22062  -19.251  -55.575  -9.766 0.6000000238
22063  -20.031  -55.574  -9.693 0.6000000238
22064  -20.727  -55.651  -9.699 0.6000000238
22077  -18.937  -55.208  -10.430 0.6000000238
22079  -20.438  -55.260  -10.173 0.6000000238
22093  -17.560  -55.161  -11.354 0.5000000000
22094  -18.718  -54.868  -11.133 0.6000000238
22097  -21.151  -54.733  -11.306 0.6000000238
22098  -21.987  -55.157  -11.589 0.6000000238
22107  -21.576  -54.716  -11.852 0.6000000238
22110  -24.749  -55.620  -12.505 0.5000000000
22130  -16.119  -54.838  -13.616 0.5000000000
22131  -22.722  -55.584  -14.575 0.6000000238
22132  -23.168  -56.126  -14.275 0.6000000238
22133  -24.464  -55.950  -14.901 0.5000000000
22134  -24.611  -56.364  -14.383 0.5000000000
22144  -23.710  -55.755  -15.578 0.5000000000
22157  -23.163  -55.369  -16.049 0.6000000238
22167  -23.095  -55.006  -16.521 0.6000000238
22946  -24.845  -54.389  -10.365 0.4000000060
22954  -18.600  -54.592  -11.720 0.6000000238
22957  -20.438  -54.550  -11.306 0.6000000238
22964  -18.180  -54.522  -12.233 0.5000000000
22967  -20.857  -54.343  -12.035 0.6000000238
22975  -16.801  -54.573  -13.478 0.5000000000
22976  -17.066  -54.709  -12.839 0.5000000000
22978  -19.164  -54.121  -12.668 0.5000000000
22979  -20.344  -54.023  -12.715 0.6000000238
22983  -24.525  -55.152  -13.057 0.5000000000
22989  -17.956  -54.168  -13.488 0.4000000060
22991  -22.050  -54.912  -14.096 0.6999999881
23006  -23.986  -55.166  -15.807 0.5000000000
23018  -21.722  -54.348  -15.605 0.6999999881
23020  -23.732  -54.812  -16.439 0.6000000238
23035  -22.674  -54.518  -17.089 0.5000000000
23037  -23.512  -54.529  -16.883 0.5000000000
23050  -22.711  -54.078  -17.689 0.4000000060
23840  -24.638  -53.636  -10.412 0.4000000060
23841  -25.188  -53.204  -9.961 0.4000000060
23855  -24.368  -52.901  -10.801 0.4000000060
23873  -19.105  -53.868  -13.353 0.6000000238
23884  -17.890  -53.909  -14.237 0.5000000000
23888  -20.955  -53.886  -14.126 0.6000000238
23899  -19.553  -53.449  -14.665 0.5000000000
23910  -17.910  -53.474  -16.306 0.4000000060
23912  -19.569  -53.344  -16.069 0.4000000060
23913  -20.284  -53.447  -15.886 0.5000000000
23915  -23.675  -53.970  -16.571 0.5000000000
23930  -23.383  -53.930  -17.329 0.4000000060
23946  -19.922  -53.236  -17.976 0.3000000119
23948  -22.429  -53.668  -18.323 0.4000000060
23963  -22.189  -53.198  -18.773 0.4000000060
24744  -24.160  -52.361  -11.448 0.4000000060
24745  -24.594  -52.192  -10.914 0.4000000060
24773  -18.008  -52.022  -13.081 0.3000000119
24784  -23.197  -52.120  -14.424 0.5000000000
24785  -23.459  -52.650  -13.885 0.5000000000
24816  -23.295  -53.137  -17.236 0.4000000060
24817  -23.498  -53.516  -16.719 0.4000000060
24838  -20.598  -53.028  -18.488 0.3000000119
24856  -22.292  -52.715  -19.024 0.3000000119
24857  -22.692  -53.149  -18.617 0.4000000060
25650  -26.416  -51.258  -10.217 0.3000000119
25664  -24.008  -51.761  -11.948 0.4000000060
25716  -17.586  -51.416  -13.741 0.3000000119
25731  -23.061  -51.574  -14.954 0.4000000060
25753  -22.929  -51.702  -17.070 0.3000000119
25790  -22.626  -51.533  -18.934 0.3000000119
26604  -24.739  -50.946  -11.153 0.4000000060
26626  -20.350  -51.348  -12.552 0.3000000119
26628  -23.731  -50.593  -13.200 0.4000000060
26640  -18.049  -50.768  -14.118 0.3000000119
26641  -19.571  -50.865  -13.863 0.3000000119
26659  -17.432  -50.098  -14.440 0.3000000119
26673  -22.973  -51.037  -15.386 0.3000000119
26700  -18.853  -50.220  -17.914 0.4000000060
26701  -22.778  -51.072  -18.561 0.3000000119
26717  -19.610  -51.026  -18.164 0.3000000119
26719  -21.094  -50.548  -18.613 0.3000000119
26720  -22.550  -51.048  -19.123 0.3000000119
27515  -26.728  -50.088  -10.276 0.3000000119
27527  -25.529  -50.085  -10.738 0.4000000060
27536  -24.651  -49.835  -12.035 0.3000000119
27557  -21.481  -49.867  -13.398 0.3000000119
27558  -23.709  -49.817  -13.903 0.3000000119
27574  -19.988  -49.676  -14.628 0.3000000119
27577  -23.489  -49.578  -14.818 0.3000000119
27602  -22.993  -50.145  -16.962 0.3000000119
27614  -17.969  -49.183  -17.934 0.4000000060
27631  -20.275  -49.871  -18.379 0.3000000119
27634  -22.978  -49.798  -19.007 0.3000000119
27649  -22.935  -49.467  -19.234 0.3000000119
28507  -25.286  -49.099  -11.538 0.3000000119
28541  -15.852  -48.325  -15.907 0.3000000119
28558  -17.130  -48.236  -15.783 0.4000000060
28561  -19.518  -47.904  -15.808 0.4000000060
28569  -16.088  -48.163  -17.123 0.4000000060
28570  -16.617  -48.029  -17.302 0.4000000060
28585  -23.583  -48.841  -17.919 0.3000000119
28596  -22.363  -48.890  -19.231 0.3000000119
28598  -23.565  -48.742  -18.846 0.3000000119
29473  -24.922  -48.501  -12.653 0.3000000119
29512  -17.005  -47.803  -16.579 0.4000000060
29513  -17.675  -47.422  -16.788 0.4000000060
29514  -18.647  -47.265  -16.483 0.4000000060
29536  -17.555  -47.435  -17.686 0.4000000060
29547  -19.351  -47.741  -18.478 0.4000000060
29550  -23.436  -48.660  -19.245 0.3000000119
29559  -22.303  -47.608  -19.124 0.3000000119
29560  -23.227  -48.150  -19.311 0.3000000119
29561  -22.952  -47.382  -19.185 0.3000000119
30427  -19.282  -46.508  -17.543 0.4000000060
30428  -19.616  -46.576  -16.823 0.3000000119
30437  -18.859  -47.103  -18.162 0.4000000060
30438  -19.254  -46.562  -18.052 0.4000000060
30439  -24.551  -46.730  -17.722 0.3000000119
30450  -20.499  -46.979  -18.717 0.3000000119
30454  -23.977  -47.141  -18.851 0.3000000119
31380  -21.163  -46.344  -16.319 0.3000000119
31392  -20.566  -45.816  -17.025 0.3000000119
31407  -19.685  -46.231  -17.809 0.4000000060
31408  -20.307  -45.795  -17.739 0.4000000060
31422  -21.219  -46.039  -18.764 0.3000000119
32433  -20.590  -45.741  -18.267 0.3000000119
32435  -21.329  -44.821  -17.903 0.3000000119
32436  -24.840  -45.118  -17.795 0.3000000119
32451  -24.393  -45.785  -18.669 0.3000000119
143966  -35.745  -73.019  -19.788 0.4000000060
144090  -28.579  -68.962  -22.297 0.5000000000
144479  -34.081  -69.323  -20.217 0.4000000060
144584  -27.966  -63.510  -17.077 0.6000000238
144619  -16.542  -54.129  -15.098 0.5000000000
144681  -38.570  -66.052  -15.156 0.3000000119
145171  -20.828  -54.951  -10.706 0.6000000238
145254  -19.531  -49.291  -18.312 0.3000000119
145446  -40.537  -72.628  -16.780 0.3000000119
145534  -23.882  -51.162  -12.468 0.4000000060
145820  -24.636  -50.347  -11.645 0.4000000060
146018  -21.930  -58.990  -19.848 0.5000000000
146162  -35.330  -77.479  -15.945 0.4000000060
146587  -28.812  -64.096  -16.065 0.6000000238
147013  -40.079  -66.012  -14.623 0.3000000119
147223  -25.465  -62.446  -16.988 0.6000000238
147494  -25.035  -63.594  -14.067 0.6000000238
148008  -24.451  -71.609  -19.083 0.5000000000
149143  -27.856  -68.551  -17.951 0.6000000238
149708  -24.990  -63.486  -15.116 0.5000000000
149788  -30.846  -74.480  -18.313 0.6000000238
150121  -26.633  -63.311  -16.483 0.6000000238
150363  -31.747  -72.075  -17.718 0.6999999881
150798  -15.667  -48.190  -16.664 0.3000000119
151013  -18.036  -56.066  -9.584 0.6000000238
151060  -25.007  -63.461  -13.477 0.6000000238
151150  -26.038  -69.186  -16.256 0.4000000060
151206  -26.015  -63.280  -16.219 0.6000000238
151303  -25.436  -61.269  -12.220 0.5000000000
151784  -21.298  -61.372  -13.302 0.6999999881
152156  -31.658  -74.105  -17.574 0.8000000119
152471  -19.756  -59.477  -10.812 0.6999999881
152593  -32.963  -68.688  -18.328 0.6000000238
152626  -34.244  -73.545  -18.590 0.8000000119
152641  -23.697  -64.476  -20.886 0.5000000000
153029  -20.807  -60.009  -17.653 0.5000000000
153165  -38.824  -65.139  -13.159 0.3000000119
153288  -24.423  -60.400  -18.338 0.5000000000
153337  -19.133  -53.397  -15.360 0.4000000060
155225  -21.582  -55.167  -10.847 0.6000000238
155643  -37.881  -66.724  -15.935 0.3000000119
155674  -22.724  -64.481  -19.092 0.5000000000
155741  -23.714  -56.622  -14.048 0.6000000238
156102  -24.103  -47.758  -17.617 0.3000000119
156265  -23.785  -53.761  -15.183 0.5000000000
156279  -27.100  -71.354  -16.323 0.5000000000
156330  -21.298  -56.581  -9.292 0.6000000238
156646  -22.904  -52.728  -18.443 0.4000000060
157453  -22.035  -62.189  -14.531 0.6999999881
157680  -36.583  -71.837  -19.811 0.3000000119
157859  -20.076  -59.686  -14.400 0.6000000238
158044  -22.843  -65.327  -25.826 0.6999999881
158292  -17.736  -54.460  -12.825 0.5000000000
158515  -19.711  -53.568  -13.911 0.5000000000
158664  -39.252  -74.249  -18.127 0.3000000119
158725  -33.698  -71.094  -17.864 0.6000000238
159225  -26.822  -51.867  -10.128 0.4000000060
159446  -23.491  -56.071  -15.066 0.5000000000
159588  -33.457  -74.941  -17.740 0.6000000238
160131  -24.293  -54.725  -13.556 0.5000000000
160159  -37.974  -75.031  -16.573 0.5000000000
160996  -22.337  -55.165  -14.865 0.6999999881
161167  -20.703  -59.309  -10.003 0.6000000238
161487  -37.199  -71.469  -16.849 0.3000000119
162200  -31.805  -68.124  -18.762 0.6000000238
162581  -16.970  -49.467  -14.767 0.3000000119
165005  -31.269  -68.036  -18.401 0.6000000238
165232  -28.592  -63.280  -18.035 0.5000000000
165414  -24.994  -51.606  -10.673 0.4000000060
165641  -29.778  -74.568  -20.415 0.5000000000
165910  -30.808  -71.121  -17.448 0.6999999881
166332  -21.512  -59.423  -19.270 0.5000000000
166405  -24.182  -47.374  -18.264 0.3000000119
166576  -23.019  -62.874  -14.751 0.6000000238
166583  -25.461  -51.939  -10.296 0.4000000060
167001  -26.450  -72.185  -17.267 0.5000000000
167094  -24.920  -71.644  -17.779 0.4000000060
167384  -23.279  -49.599  -15.569 0.3000000119
167822  -20.337  -53.674  -13.813 0.6000000238
167891  -19.549  -48.826  -15.219 0.3000000119
167911  -24.221  -53.575  -11.076 0.4000000060
168078  -25.020  -68.766  -16.552 0.5000000000
168171  -33.330  -71.290  -25.763 0.4000000060
168253  -31.779  -79.921  -17.761 0.6000000238
168371  -23.527  -62.882  -12.435 0.6000000238
168543  -28.901  -68.651  -19.699 0.6000000238
168645  -29.793  -72.786  -18.303 0.6999999881
169026  -18.411  -59.316  -13.160 0.5000000000
169216  -25.651  -53.696  -9.621 0.4000000060
169317  -21.004  -65.845  -25.093 0.6000000238
169615  -19.662  -53.959  -12.807 0.6000000238
170086  -20.017  -58.876  -9.423 0.6999999881
170121  -32.391  -68.545  -18.009 0.6000000238
170413  -39.612  -65.713  -14.343 0.3000000119
170591  -16.578  -49.069  -17.519 0.3000000119
170915  -36.842  -72.757  -16.711 0.4000000060
170960  -25.877  -63.806  -21.634 0.6000000238
171420  -35.449  -77.130  -15.671 0.5000000000
171529  -41.716  -72.133  -16.660 0.3000000119
171620  -41.994  -71.884  -18.141 0.3000000119
171685  -33.289  -70.507  -21.424 0.4000000060
171721  -29.653  -69.488  -22.104 0.5000000000
171794  -18.491  -54.048  -13.400 0.4000000060
171805  -35.480  -73.697  -19.716 0.4000000060
172155  -37.331  -70.809  -20.017 0.4000000060
172164  -37.921  -71.235  -26.921 0.4000000060
172219  -26.552  -66.671  -18.979 0.5000000000
172861  -31.001  -75.666  -18.237 0.6000000238
173462  -27.760  -68.309  -22.631 0.6000000238
173641  -20.206  -59.723  -13.120 0.6000000238
173778  -28.440  -70.425  -16.203 0.5000000000
173870  -24.329  -55.472  -15.310 0.5000000000
174075  -21.383  -66.174  -24.343 0.5000000000
