#!ascii label  , from subject sub-v2s13x29134_ses-1 vox2ras=TkReg
1876
62724  16.549  -16.958  53.244 0.0000000000
80325  43.928  -3.811  17.124 0.0000000000
174287  31.683  -13.369  38.218 0.0000000000
66897  42.534  -13.695  39.519 0.0000000000
69129  22.992  -11.404  38.873 0.0000000000
71249  22.143  -10.100  49.868 0.0000000000
163004  50.593  1.385  8.532 0.0000000000
84959  50.693  0.975  16.426 0.0000000000
75298  41.202  -7.985  26.977 0.0000000000
91966  52.233  4.930  0.162 0.0000000000
66757  31.057  -14.016  45.435 0.0000000000
66654  20.484  -13.932  52.609 0.0000000000
87402  50.308  1.576  12.192 0.0000000000
85004  46.026  -0.284  13.566 0.0000000000
174618  44.652  -2.204  21.516 0.0000000000
84897  48.344  -0.530  21.126 0.0000000000
80228  40.485  -3.253  21.728 0.0000000000
68134  37.497  -12.681  32.469 0.0000000000
171838  36.771  -13.693  38.729 0.0000000000
69060  27.381  -12.058  45.208 0.0000000000
72401  26.365  -8.734  47.891 0.0000000000
70217  22.373  -10.693  43.733 0.0000000000
66762  19.239  -13.825  44.992 0.0000000000
168953  27.660  -13.633  39.100 0.0000000000
156400  54.595  3.686  7.715 0.0000000000
89700  53.894  4.627  12.259 0.0000000000
82569  47.789  -2.035  16.380 0.0000000000
80168  43.348  -3.787  27.852 0.0000000000
70323  42.635  -11.203  33.755 0.0000000000
90856  50.450  3.811  4.300 0.0000000000
167936  54.584  6.394  4.107 0.0000000000
91965  58.558  4.973  -0.143 0.0000000000
67826  30.535  -12.409  48.330 0.0000000000
148287  19.155  -15.969  53.267 0.0000000000
65536  20.922  -14.501  55.831 0.0000000000
65529  18.405  -14.100  56.812 0.0000000000
85035  46.794  -1.073  11.127 0.0000000000
83630  44.763  -1.775  24.311 0.0000000000
84849  47.216  -0.819  24.199 0.0000000000
64203  10.957  -15.071  58.148 0.0000000000
79114  40.679  -4.933  20.080 0.0000000000
69209  31.351  -11.912  34.068 0.0000000000
68066  33.939  -12.767  35.028 0.0000000000
67974  34.438  -13.129  38.245 0.0000000000
67907  25.329  -12.145  41.425 0.0000000000
170909  24.905  -10.656  44.195 0.0000000000
70233  22.763  -10.694  40.763 0.0000000000
156460  25.365  -12.988  38.764 0.0000000000
66808  27.552  -13.125  42.555 0.0000000000
72404  23.788  -9.353  47.747 0.0000000000
88651  52.952  2.052  8.197 0.0000000000
88642  54.847  3.571  9.540 0.0000000000
87418  53.139  1.915  10.189 0.0000000000
87375  49.643  2.081  15.027 0.0000000000
89670  51.294  3.627  14.508 0.0000000000
82575  42.942  -2.221  15.711 0.0000000000
83718  44.957  -0.869  15.515 0.0000000000
81394  46.030  -2.880  16.761 0.0000000000
148242  39.593  -6.109  24.984 0.0000000000
77841  39.611  -4.333  25.853 0.0000000000
77820  41.917  -5.983  26.913 0.0000000000
146270  40.121  -12.966  36.400 0.0000000000
145459  40.663  -11.936  34.000 0.0000000000
69158  42.935  -12.424  37.085 0.0000000000
89735  48.684  3.172  7.514 0.0000000000
90828  48.765  3.936  5.328 0.0000000000
89749  50.781  3.821  7.350 0.0000000000
90813  51.741  4.475  6.822 0.0000000000
90949  55.487  4.134  -1.670 0.0000000000
163254  54.960  3.944  0.280 0.0000000000
91929  56.990  5.865  2.743 0.0000000000
89805  54.285  3.322  2.331 0.0000000000
147530  31.352  -14.061  41.337 0.0000000000
65710  34.040  -14.819  41.793 0.0000000000
65628  33.228  -14.831  45.623 0.0000000000
67793  21.015  -12.089  51.127 0.0000000000
70113  23.353  -10.228  54.307 0.0000000000
67745  22.748  -13.096  55.626 0.0000000000
87442  48.600  1.397  8.961 0.0000000000
170767  51.236  0.387  10.718 0.0000000000
85047  49.247  -0.661  10.883 0.0000000000
85001  48.482  -0.204  12.770 0.0000000000
144473  47.671  1.351  15.022 0.0000000000
81368  44.476  -3.055  19.337 0.0000000000
82521  46.350  -2.062  19.254 0.0000000000
83648  46.918  -1.086  21.506 0.0000000000
71506  39.751  -10.045  26.988 0.0000000000
67947  45.101  -12.772  39.441 0.0000000000
62727  13.794  -16.948  53.658 0.0000000000
64212  16.082  -14.545  56.955 0.0000000000
64215  13.653  -14.908  57.128 0.0000000000
80309  41.938  -4.364  17.412 0.0000000000
80279  42.169  -4.449  19.538 0.0000000000
154704  42.428  -3.039  21.837 0.0000000000
82452  43.294  -2.008  24.756 0.0000000000
68162  34.071  -12.838  31.082 0.0000000000
149318  37.550  -13.108  35.780 0.0000000000
66900  39.805  -13.911  38.923 0.0000000000
65707  36.620  -14.753  41.802 0.0000000000
64426  39.591  -15.131  42.234 0.0000000000
69040  28.810  -11.418  46.944 0.0000000000
71268  28.418  -9.078  49.356 0.0000000000
70193  26.616  -10.592  45.855 0.0000000000
159465  24.264  -9.647  46.200 0.0000000000
70185  22.823  -10.804  46.481 0.0000000000
67908  20.807  -12.655  41.771 0.0000000000
67872  20.791  -12.713  44.125 0.0000000000
69042  20.629  -12.303  47.226 0.0000000000
67821  19.526  -13.245  48.637 0.0000000000
65591  18.384  -14.861  49.610 0.0000000000
62763  16.608  -16.945  50.491 0.0000000000
69196  29.699  -12.384  35.063 0.0000000000
145966  26.993  -13.074  35.643 0.0000000000
66929  29.663  -13.615  38.474 0.0000000000
145970  29.595  -13.831  42.193 0.0000000000
67860  28.999  -13.213  45.621 0.0000000000
89698  55.750  4.124  11.618 0.0000000000
88631  51.683  3.430  12.001 0.0000000000
83759  44.303  -1.068  13.159 0.0000000000
84973  46.383  0.617  15.312 0.0000000000
83713  49.595  -0.912  15.986 0.0000000000
83676  48.592  -0.900  19.114 0.0000000000
84929  50.034  -0.638  18.600 0.0000000000
173582  38.725  -3.523  22.847 0.0000000000
81293  40.438  -2.158  25.119 0.0000000000
82422  43.905  -2.327  27.448 0.0000000000
70367  40.113  -11.160  30.600 0.0000000000
71455  42.307  -9.873  30.424 0.0000000000
70271  45.556  -11.352  37.174 0.0000000000
146125  45.189  -10.052  33.905 0.0000000000
73949  44.202  -8.160  31.137 0.0000000000
77769  45.647  -6.056  31.567 0.0000000000
80132  46.363  -4.076  31.539 0.0000000000
89808  51.679  3.598  2.396 0.0000000000
89765  52.595  3.920  4.511 0.0000000000
91894  53.858  5.910  6.213 0.0000000000
67811  31.749  -11.881  50.322 0.0000000000
62722  18.061  -16.429  53.878 0.0000000000
64238  19.103  -15.549  55.140 0.0000000000
64240  17.514  -15.729  55.387 0.0000000000
83592  45.076  -1.293  25.574 0.0000000000
84828  46.552  -0.750  25.838 0.0000000000
65505  8.789  -14.715  57.888 0.0000000000
68048  31.670  -12.561  35.739 0.0000000000
68024  33.061  -12.659  36.143 0.0000000000
67976  33.014  -12.975  37.775 0.0000000000
69114  24.619  -11.934  40.290 0.0000000000
168958  24.227  -11.178  41.155 0.0000000000
70241  23.361  -10.875  40.202 0.0000000000
68011  24.059  -12.485  37.562 0.0000000000
67961  24.001  -12.244  38.317 0.0000000000
67937  25.046  -12.402  40.058 0.0000000000
71259  22.694  -9.850  48.727 0.0000000000
72364  23.680  -8.419  51.054 0.0000000000
87453  51.762  1.812  8.184 0.0000000000
87437  52.850  1.525  8.891 0.0000000000
86286  52.312  1.027  9.271 0.0000000000
87368  50.241  2.339  15.973 0.0000000000
88590  50.485  2.764  15.492 0.0000000000
81437  43.473  -2.997  15.926 0.0000000000
161288  44.179  -2.657  15.612 0.0000000000
170398  44.958  -3.242  16.652 0.0000000000
74046  39.974  -8.192  25.376 0.0000000000
75318  40.720  -7.151  25.778 0.0000000000
76632  40.851  -6.128  25.834 0.0000000000
75296  42.234  -7.216  27.814 0.0000000000
66919  41.505  -13.536  38.336 0.0000000000
68016  41.501  -12.595  36.490 0.0000000000
67971  42.638  -13.043  38.150 0.0000000000
88653  49.537  2.181  8.348 0.0000000000
89734  49.513  3.299  7.563 0.0000000000
88666  50.649  2.750  7.969 0.0000000000
89732  51.062  3.377  7.685 0.0000000000
90938  53.520  4.284  -0.389 0.0000000000
90924  53.462  4.133  0.239 0.0000000000
89820  54.444  3.517  1.505 0.0000000000
145357  53.116  3.806  1.100 0.0000000000
66785  31.352  -14.216  43.589 0.0000000000
65655  32.760  -14.731  44.289 0.0000000000
65643  32.440  -14.452  45.502 0.0000000000
67781  20.575  -13.216  51.785 0.0000000000
67769  22.061  -12.458  53.144 0.0000000000
67753  21.662  -13.402  53.969 0.0000000000
64211  20.852  -14.870  57.981 0.0000000000
65509  21.965  -14.869  57.193 0.0000000000
87428  47.008  1.407  9.251 0.0000000000
155569  48.566  0.091  9.807 0.0000000000
86263  47.453  0.058  10.012 0.0000000000
83775  46.915  -1.278  12.104 0.0000000000
83774  47.728  -1.067  12.341 0.0000000000
85002  47.716  -0.477  12.939 0.0000000000
144832  47.504  1.123  13.885 0.0000000000
86219  46.892  1.000  14.332 0.0000000000
82511  44.643  -2.457  20.429 0.0000000000
154095  45.326  -2.108  20.212 0.0000000000
83659  45.677  -1.642  21.402 0.0000000000
88656  47.088  2.366  8.424 0.0000000000
62690  13.713  -15.984  55.706 0.0000000000
62691  12.321  -16.079  56.437 0.0000000000
80311  40.347  -4.470  17.377 0.0000000000
79145  42.214  -4.592  18.021 0.0000000000
79146  41.267  -4.932  18.494 0.0000000000
79095  40.165  -4.532  20.758 0.0000000000
80267  41.738  -4.164  20.379 0.0000000000
169326  41.768  -3.020  22.021 0.0000000000
151663  43.195  -2.418  23.032 0.0000000000
81318  41.386  -2.547  23.467 0.0000000000
68141  32.766  -12.328  31.483 0.0000000000
159140  35.703  -13.009  36.689 0.0000000000
68064  35.774  -13.074  34.900 0.0000000000
67996  37.014  -13.239  37.106 0.0000000000
66940  38.263  -13.534  37.639 0.0000000000
174221  38.563  -13.836  38.777 0.0000000000
64390  34.992  -15.698  44.025 0.0000000000
164870  35.213  -14.888  41.946 0.0000000000
155028  36.466  -15.912  43.543 0.0000000000
157488  39.025  -16.225  43.265 0.0000000000
64424  41.358  -15.288  42.097 0.0000000000
69049  28.395  -11.960  46.234 0.0000000000
70191  28.140  -11.115  46.546 0.0000000000
70200  27.024  -11.364  45.493 0.0000000000
71330  23.646  -10.061  43.603 0.0000000000
71323  24.498  -10.175  44.583 0.0000000000
71325  23.291  -9.982  44.251 0.0000000000
161027  23.218  -10.381  45.946 0.0000000000
70201  22.662  -10.828  44.897 0.0000000000
67938  21.001  -12.213  40.084 0.0000000000
66774  19.648  -13.726  43.913 0.0000000000
67883  20.204  -13.255  43.581 0.0000000000
67863  20.385  -13.019  45.006 0.0000000000
69053  20.968  -12.453  45.855 0.0000000000
67854  20.251  -12.720  46.696 0.0000000000
67832  19.992  -12.747  48.242 0.0000000000
66733  19.163  -13.520  46.905 0.0000000000
64294  17.422  -16.009  49.987 0.0000000000
144943  28.933  -12.033  33.090 0.0000000000
68116  28.063  -12.437  33.396 0.0000000000
145968  26.202  -13.173  36.930 0.0000000000
147756  27.506  -13.202  36.940 0.0000000000
68029  27.940  -13.112  36.543 0.0000000000
67981  28.310  -13.469  38.019 0.0000000000
171301  29.222  -13.826  39.900 0.0000000000
66858  28.532  -13.672  40.953 0.0000000000
67879  27.298  -12.812  43.598 0.0000000000
151127  28.403  -13.429  43.850 0.0000000000
67861  28.369  -12.928  45.306 0.0000000000
69048  29.025  -12.235  46.601 0.0000000000
72400  26.986  -8.813  48.077 0.0000000000
66610  15.496  -14.064  58.749 0.0000000000
65481  16.949  -14.058  58.862 0.0000000000
89723  55.824  4.561  9.044 0.0000000000
89710  54.102  4.330  11.476 0.0000000000
89708  55.575  4.359  11.125 0.0000000000
89699  54.683  4.374  11.819 0.0000000000
88619  54.128  4.070  13.193 0.0000000000
86253  51.003  0.522  11.235 0.0000000000
86241  51.255  1.241  11.412 0.0000000000
87401  50.944  2.178  11.865 0.0000000000
89681  52.092  4.376  14.080 0.0000000000
82571  46.403  -2.048  15.769 0.0000000000
84965  45.372  -0.127  15.494 0.0000000000
83716  46.828  -1.161  15.675 0.0000000000
84962  48.345  -0.606  15.611 0.0000000000
83707  48.420  -1.653  16.279 0.0000000000
84910  47.453  -0.956  20.462 0.0000000000
82520  47.229  -1.374  19.486 0.0000000000
146910  48.742  -0.436  20.547 0.0000000000
80211  38.104  -3.535  23.477 0.0000000000
79030  41.582  -4.423  26.837 0.0000000000
80190  39.900  -2.715  25.277 0.0000000000
81276  41.785  -3.099  26.526 0.0000000000
82431  43.006  -2.614  26.301 0.0000000000
81267  43.708  -2.928  27.839 0.0000000000
68159  35.979  -12.916  30.995 0.0000000000
69268  37.311  -12.394  31.061 0.0000000000
70325  41.215  -11.556  33.409 0.0000000000
70355  40.163  -11.450  31.996 0.0000000000
70353  41.539  -10.994  32.121 0.0000000000
71444  41.402  -10.552  30.567 0.0000000000
71421  42.939  -10.621  32.572 0.0000000000
69141  45.073  -12.015  38.192 0.0000000000
72575  46.020  -8.922  33.960 0.0000000000
72591  45.156  -9.021  32.982 0.0000000000
73914  45.923  -8.025  33.158 0.0000000000
75222  44.965  -7.217  31.271 0.0000000000
76522  46.324  -6.852  32.900 0.0000000000
90841  49.638  3.924  4.519 0.0000000000
89774  51.182  3.574  3.749 0.0000000000
89791  51.964  3.403  3.313 0.0000000000
89766  51.963  3.855  4.562 0.0000000000
89746  52.975  4.271  7.071 0.0000000000
91895  52.960  5.708  6.113 0.0000000000
174991  54.608  4.491  6.900 0.0000000000
91887  55.072  5.209  6.744 0.0000000000
90934  57.259  4.366  -0.885 0.0000000000
91930  56.222  5.622  3.177 0.0000000000
92925  56.104  7.014  3.900 0.0000000000
92914  55.052  6.890  5.030 0.0000000000
66725  30.485  -13.457  46.870 0.0000000000
66742  31.758  -14.062  46.565 0.0000000000
66709  31.382  -13.557  48.195 0.0000000000
65555  19.666  -15.301  52.889 0.0000000000
65553  20.735  -14.422  53.909 0.0000000000
64249  19.872  -15.396  54.374 0.0000000000
65528  19.650  -14.240  56.467 0.0000000000
65493  19.773  -14.393  58.540 0.0000000000
85037  44.997  -1.044  10.985 0.0000000000
83777  45.442  -1.288  12.514 0.0000000000
82483  44.559  -2.054  22.975 0.0000000000
83639  46.212  -1.376  22.734 0.0000000000
83611  46.026  -1.285  24.410 0.0000000000
84827  47.377  -0.562  25.616 0.0000000000
62683  10.922  -16.522  56.807 0.0000000000
160153  9.930  -16.030  57.204 0.0000000000
65489  9.932  -13.815  59.602 0.0000000000
79148  40.149  -5.253  18.572 0.0000000000
80251  39.543  -3.906  21.331 0.0000000000
69247  32.778  -12.265  32.728 0.0000000000
69206  33.156  -12.541  34.884 0.0000000000
68022  34.305  -12.846  36.427 0.0000000000
66926  35.845  -13.461  38.698 0.0000000000
67881  26.187  -12.199  43.012 0.0000000000
69070  25.943  -11.603  44.064 0.0000000000
69085  25.037  -11.444  42.546 0.0000000000
70221  23.568  -10.342  42.281 0.0000000000
156428  22.510  -10.486  41.934 0.0000000000
66750  18.584  -14.087  45.769 0.0000000000
65649  17.740  -14.489  44.647 0.0000000000
165355  25.290  -13.043  37.608 0.0000000000
67958  26.065  -13.294  38.989 0.0000000000
67934  27.095  -13.286  40.527 0.0000000000
67935  26.233  -13.031  40.364 0.0000000000
67891  26.518  -12.548  42.483 0.0000000000
72403  24.463  -9.006  47.668 0.0000000000
88663  53.609  2.503  8.066 0.0000000000
89724  54.802  3.531  8.447 0.0000000000
88650  53.499  2.155  8.803 0.0000000000
88636  53.635  2.916  10.473 0.0000000000
88629  53.373  4.144  11.520 0.0000000000
87393  49.446  1.778  13.064 0.0000000000
163072  50.435  2.551  12.596 0.0000000000
88599  50.196  2.733  14.538 0.0000000000
88589  51.015  2.949  15.581 0.0000000000
146628  43.807  -0.852  14.872 0.0000000000
83719  44.002  -1.622  15.458 0.0000000000
82572  45.611  -2.049  15.652 0.0000000000
82562  47.345  -2.326  16.995 0.0000000000
86150  49.761  0.116  21.365 0.0000000000
77861  38.312  -5.312  24.722 0.0000000000
79056  38.449  -4.342  24.845 0.0000000000
77850  39.561  -5.160  25.447 0.0000000000
77839  40.769  -5.155  26.256 0.0000000000
79012  43.012  -5.172  27.844 0.0000000000
68085  38.692  -12.732  34.318 0.0000000000
69225  38.912  -12.415  33.602 0.0000000000
69191  40.519  -12.370  35.268 0.0000000000
69190  41.789  -12.037  35.319 0.0000000000
70297  43.126  -11.655  35.251 0.0000000000
172950  47.796  3.645  6.439 0.0000000000
90844  47.671  4.384  5.118 0.0000000000
153176  48.888  3.816  5.957 0.0000000000
90816  49.602  3.893  6.315 0.0000000000
90826  50.232  4.040  5.963 0.0000000000
90839  51.435  4.250  5.309 0.0000000000
90814  51.208  4.155  7.037 0.0000000000
89731  52.763  3.509  7.335 0.0000000000
145174  54.021  4.235  -1.598 0.0000000000
90935  55.893  4.072  -0.394 0.0000000000
90920  57.102  4.050  0.700 0.0000000000
90886  57.857  4.826  1.719 0.0000000000
90904  56.305  3.826  1.279 0.0000000000
90889  55.568  3.653  2.546 0.0000000000
90873  54.645  3.853  3.728 0.0000000000
66884  31.289  -13.907  39.995 0.0000000000
160653  32.915  -14.035  40.204 0.0000000000
66824  32.622  -14.479  41.519 0.0000000000
65671  33.652  -15.123  43.384 0.0000000000
64350  34.399  -15.520  45.576 0.0000000000
70140  21.640  -10.713  50.110 0.0000000000
71231  22.534  -10.028  51.253 0.0000000000
156970  22.661  -11.175  52.484 0.0000000000
68950  23.151  -11.570  54.820 0.0000000000
66629  21.566  -14.125  55.464 0.0000000000
66614  22.640  -14.411  56.778 0.0000000000
87441  49.331  1.503  8.713 0.0000000000
86275  51.300  0.444  9.530 0.0000000000
86276  49.741  0.417  9.361 0.0000000000
85046  49.901  -0.354  10.553 0.0000000000
85020  49.604  -0.301  12.031 0.0000000000
85034  47.622  -0.958  11.000 0.0000000000
85021  48.877  -0.557  12.251 0.0000000000
86228  49.209  0.944  12.783 0.0000000000
87394  48.702  1.605  13.574 0.0000000000
144601  48.555  1.570  14.958 0.0000000000
86205  49.188  0.803  15.643 0.0000000000
80306  44.054  -3.785  18.010 0.0000000000
81381  45.303  -3.117  18.090 0.0000000000
82522  45.580  -2.306  19.516 0.0000000000
83667  46.458  -1.432  20.371 0.0000000000
153937  48.045  -0.596  21.669 0.0000000000
83638  46.900  -1.079  22.369 0.0000000000
84875  48.212  -0.481  23.108 0.0000000000
84885  48.832  -0.244  22.492 0.0000000000
72674  40.495  -9.005  26.897 0.0000000000
67933  43.895  -13.366  39.687 0.0000000000
89753  47.280  3.590  6.704 0.0000000000
163368  47.555  3.192  7.275 0.0000000000
88654  48.684  2.159  8.503 0.0000000000
93935  51.926  6.588  -0.996 0.0000000000
93921  51.670  6.758  -0.011 0.0000000000
62726  15.092  -17.022  53.379 0.0000000000
62701  16.268  -16.253  54.797 0.0000000000
62702  15.015  -15.976  55.508 0.0000000000
64214  14.484  -14.641  57.168 0.0000000000
65500  14.476  -13.983  58.761 0.0000000000
64201  12.554  -14.452  57.933 0.0000000000
81418  42.952  -3.659  16.355 0.0000000000
81420  41.287  -3.356  16.545 0.0000000000
80326  43.201  -4.012  16.899 0.0000000000
80292  43.467  -3.975  18.527 0.0000000000
81369  43.480  -3.672  19.353 0.0000000000
81348  43.309  -3.083  20.840 0.0000000000
79113  41.362  -4.731  19.897 0.0000000000
80266  42.821  -3.446  20.489 0.0000000000
82495  43.590  -2.709  21.875 0.0000000000
82484  43.705  -2.178  23.354 0.0000000000
82451  44.013  -1.881  24.573 0.0000000000
83593  44.380  -1.529  25.901 0.0000000000
68137  35.542  -13.040  32.129 0.0000000000
68114  34.289  -12.896  32.879 0.0000000000
147328  35.622  -13.107  33.846 0.0000000000
68087  36.970  -13.009  33.677 0.0000000000
171188  38.798  -13.180  36.385 0.0000000000
66938  39.718  -13.554  37.603 0.0000000000
66872  41.346  -14.013  39.677 0.0000000000
66852  34.365  -14.114  40.390 0.0000000000
66879  35.607  -13.995  40.088 0.0000000000
66849  37.256  -14.208  40.500 0.0000000000
158814  37.876  -16.076  43.348 0.0000000000
65686  37.851  -14.900  42.196 0.0000000000
66848  38.076  -14.207  40.546 0.0000000000
66846  39.574  -14.200  40.441 0.0000000000
65721  40.930  -14.458  40.883 0.0000000000
66843  42.400  -14.264  40.683 0.0000000000
69027  29.810  -11.065  48.551 0.0000000000
70174  28.875  -9.891  48.563 0.0000000000
71282  27.489  -9.270  47.681 0.0000000000
71283  26.676  -9.294  47.156 0.0000000000
171235  25.451  -10.888  44.656 0.0000000000
165669  25.553  -9.745  46.210 0.0000000000
71285  25.064  -9.441  46.592 0.0000000000
71286  23.861  -9.650  46.989 0.0000000000
71287  23.283  -9.943  47.495 0.0000000000
70178  22.155  -10.877  47.714 0.0000000000
69118  21.774  -11.423  40.010 0.0000000000
69105  22.010  -11.168  41.157 0.0000000000
163608  21.632  -11.770  42.405 0.0000000000
67909  20.236  -13.228  42.026 0.0000000000
157732  21.223  -12.204  42.846 0.0000000000
69078  21.904  -11.528  43.828 0.0000000000
69063  21.653  -11.983  45.474 0.0000000000
70196  21.885  -11.593  46.653 0.0000000000
70179  21.502  -11.267  48.120 0.0000000000
69019  20.989  -11.589  49.187 0.0000000000
69006  20.380  -12.410  49.785 0.0000000000
66686  19.884  -13.396  50.374 0.0000000000
66734  18.438  -14.134  47.102 0.0000000000
65603  18.734  -14.328  49.277 0.0000000000
65569  19.402  -14.642  51.400 0.0000000000
64283  18.492  -15.604  51.204 0.0000000000
62747  17.966  -16.497  52.226 0.0000000000
62749  16.697  -17.092  51.938 0.0000000000
61397  15.277  -17.329  52.250 0.0000000000
61399  13.896  -17.171  52.436 0.0000000000
145752  30.157  -11.626  32.423 0.0000000000
69210  30.230  -12.074  34.493 0.0000000000
68027  30.532  -12.918  36.454 0.0000000000
68052  28.336  -12.834  35.341 0.0000000000
68028  29.225  -12.983  36.353 0.0000000000
66928  30.347  -13.597  38.369 0.0000000000
66885  30.523  -13.869  40.070 0.0000000000
66827  30.297  -13.947  42.077 0.0000000000
154144  30.290  -13.951  44.235 0.0000000000
66829  28.373  -13.553  41.736 0.0000000000
66771  29.573  -13.785  44.340 0.0000000000
66758  30.262  -13.827  45.526 0.0000000000
67851  29.866  -13.177  46.604 0.0000000000
69038  30.004  -12.007  47.900 0.0000000000
65530  17.506  -14.251  56.837 0.0000000000
65495  18.177  -13.894  58.711 0.0000000000
89717  55.805  4.615  10.308 0.0000000000
86251  52.209  1.043  10.458 0.0000000000
87410  52.335  1.783  10.846 0.0000000000
89702  52.486  4.372  12.451 0.0000000000
89691  51.517  4.036  13.517 0.0000000000
89690  52.181  4.476  13.306 0.0000000000
89688  53.729  4.642  13.012 0.0000000000
83779  43.930  -1.215  12.301 0.0000000000
83758  45.032  -1.004  13.101 0.0000000000
84976  44.457  -0.462  14.853 0.0000000000
84985  45.043  -0.009  14.738 0.0000000000
84984  45.678  0.313  14.436 0.0000000000
161073  46.937  0.755  15.394 0.0000000000
86206  48.265  0.517  15.553 0.0000000000
84960  50.043  -0.145  16.032 0.0000000000
82534  46.490  -2.451  18.331 0.0000000000
170245  47.073  -2.344  17.910 0.0000000000
82545  48.476  -1.621  17.713 0.0000000000
145610  49.186  -0.358  20.022 0.0000000000
84930  49.280  -0.750  18.862 0.0000000000
83694  49.195  -1.394  17.400 0.0000000000
83693  49.949  -1.065  17.043 0.0000000000
83692  50.602  -0.508  16.920 0.0000000000
80252  38.746  -4.071  21.434 0.0000000000
81335  40.035  -3.190  22.326 0.0000000000
80200  38.742  -3.473  24.503 0.0000000000
81305  39.936  -2.871  23.883 0.0000000000
81319  40.588  -2.868  23.295 0.0000000000
82454  41.866  -2.224  24.786 0.0000000000
82439  43.268  -2.082  25.385 0.0000000000
83573  44.609  -1.559  27.528 0.0000000000
146608  38.429  -11.954  31.389 0.0000000000
71483  40.009  -10.546  28.419 0.0000000000
72638  41.189  -9.838  28.847 0.0000000000
73982  41.987  -8.905  28.811 0.0000000000
69142  44.387  -12.314  38.158 0.0000000000
151353  44.123  -11.963  36.922 0.0000000000
70295  44.693  -11.254  35.377 0.0000000000
71389  45.668  -10.495  35.241 0.0000000000
70321  44.164  -10.880  34.066 0.0000000000
72593  44.037  -9.892  32.367 0.0000000000
72626  43.358  -8.913  30.707 0.0000000000
73980  42.898  -8.114  29.392 0.0000000000
145726  43.474  -7.007  29.297 0.0000000000
76586  43.922  -6.371  29.402 0.0000000000
79002  44.354  -4.727  29.423 0.0000000000
77760  46.522  -5.969  32.682 0.0000000000
78985  46.067  -4.782  31.497 0.0000000000
80147  44.987  -3.918  30.046 0.0000000000
81252  45.095  -2.585  29.649 0.0000000000
92965  51.204  5.968  0.785 0.0000000000
90909  51.727  4.225  1.307 0.0000000000
89807  52.534  3.418  2.405 0.0000000000
89789  53.547  3.301  3.486 0.0000000000
90853  54.038  4.489  4.254 0.0000000000
90838  52.025  4.550  5.279 0.0000000000
91904  52.878  5.882  5.418 0.0000000000
91903  53.511  6.291  5.023 0.0000000000
92905  55.406  6.596  5.879 0.0000000000
69026  30.448  -11.343  49.346 0.0000000000
69015  31.196  -10.995  50.665 0.0000000000
62723  17.321  -16.721  53.525 0.0000000000
62699  17.827  -16.147  54.680 0.0000000000
62700  17.039  -16.154  54.732 0.0000000000
145495  45.557  -0.966  26.112 0.0000000000
83580  46.003  -0.728  26.722 0.0000000000
147118  31.793  -12.889  36.829 0.0000000000
68002  32.353  -12.941  37.291 0.0000000000
67977  32.191  -13.208  38.039 0.0000000000
69115  23.958  -11.536  39.863 0.0000000000
69116  23.216  -11.190  39.505 0.0000000000
69128  23.823  -11.814  39.067 0.0000000000
69127  24.555  -12.166  39.613 0.0000000000
175085  22.683  -9.621  49.172 0.0000000000
71248  22.664  -9.471  49.642 0.0000000000
164872  22.696  -9.421  50.507 0.0000000000
87439  51.361  1.270  8.540 0.0000000000
87438  52.100  1.279  8.648 0.0000000000
86204  50.009  1.401  16.005 0.0000000000
169553  50.572  2.044  16.336 0.0000000000
151026  43.690  -3.591  16.401 0.0000000000
152151  44.104  -3.155  15.996 0.0000000000
81417  44.378  -3.415  16.553 0.0000000000
74045  40.510  -7.956  25.896 0.0000000000
75319  40.203  -7.439  25.342 0.0000000000
75309  40.967  -7.644  26.352 0.0000000000
75308  41.414  -7.290  26.725 0.0000000000
75297  41.684  -7.615  27.371 0.0000000000
66898  41.917  -13.705  39.096 0.0000000000
161981  42.142  -13.355  38.439 0.0000000000
67950  42.731  -13.343  38.895 0.0000000000
88652  50.270  2.128  8.276 0.0000000000
88667  49.897  2.803  8.011 0.0000000000
87454  51.008  1.968  8.202 0.0000000000
90939  52.849  4.596  -0.314 0.0000000000
90925  52.651  4.340  0.508 0.0000000000
66769  31.506  -14.198  44.908 0.0000000000
65656  32.190  -14.459  44.696 0.0000000000
173111  31.988  -14.318  45.196 0.0000000000
67771  20.638  -13.512  52.352 0.0000000000
151264  21.043  -13.049  52.382 0.0000000000
66653  20.995  -13.564  53.010 0.0000000000
170120  46.644  0.959  9.568 0.0000000000
86279  47.239  0.753  9.618 0.0000000000
83756  46.529  -1.048  12.881 0.0000000000
83755  47.212  -0.996  12.769 0.0000000000
85003  46.849  -0.389  13.233 0.0000000000
86229  47.155  0.466  13.557 0.0000000000
84983  46.417  0.424  14.007 0.0000000000
82502  44.377  -2.455  21.067 0.0000000000
144910  45.076  -2.050  20.988 0.0000000000
82501  45.107  -1.933  21.764 0.0000000000
146729  12.644  -16.660  54.852 0.0000000000
80330  40.004  -3.854  16.936 0.0000000000
79168  40.730  -4.890  18.046 0.0000000000
79169  39.880  -4.945  17.849 0.0000000000
80250  40.341  -3.746  21.215 0.0000000000
80249  41.246  -3.594  21.127 0.0000000000
80227  41.182  -3.126  21.837 0.0000000000
81317  42.068  -2.817  22.566 0.0000000000
81333  41.246  -2.863  22.565 0.0000000000
66942  36.657  -13.346  37.818 0.0000000000
67997  36.204  -13.140  37.255 0.0000000000
169866  37.085  -13.618  38.349 0.0000000000
66924  37.942  -13.736  38.405 0.0000000000
66902  38.130  -13.910  39.193 0.0000000000
64364  35.547  -16.018  44.495 0.0000000000
162027  35.714  -15.782  43.734 0.0000000000
64363  36.211  -16.228  44.254 0.0000000000
69050  27.732  -11.655  45.860 0.0000000000
69061  26.743  -11.772  44.880 0.0000000000
70216  22.937  -10.203  43.647 0.0000000000
71314  23.130  -10.270  45.023 0.0000000000
70209  22.768  -10.440  44.309 0.0000000000
66761  19.730  -13.581  44.690 0.0000000000
149556  20.329  -12.903  45.902 0.0000000000
67864  19.672  -13.429  45.523 0.0000000000
67855  19.712  -13.194  46.368 0.0000000000
66749  19.154  -13.635  46.089 0.0000000000
171789  26.958  -13.439  38.139 0.0000000000
146238  26.916  -13.207  36.948 0.0000000000
68007  27.413  -13.352  37.609 0.0000000000
67982  27.583  -13.561  38.426 0.0000000000
67956  28.249  -13.669  38.861 0.0000000000
66913  28.127  -13.683  39.609 0.0000000000
67871  26.906  -12.442  43.948 0.0000000000
67870  27.480  -12.757  44.268 0.0000000000
67862  27.712  -12.651  44.938 0.0000000000
69059  28.034  -12.360  45.586 0.0000000000
64192  15.215  -15.012  59.118 0.0000000000
65482  15.693  -14.426  59.002 0.0000000000
90801  55.722  4.658  8.124 0.0000000000
89687  54.400  4.335  12.544 0.0000000000
86242  50.732  0.921  11.758 0.0000000000
82570  47.180  -2.111  16.052 0.0000000000
83715  47.733  -1.649  15.840 0.0000000000
170573  48.226  -1.253  15.777 0.0000000000
84909  48.020  -0.708  20.479 0.0000000000
80201  37.460  -3.877  23.775 0.0000000000
79029  42.333  -4.465  27.166 0.0000000000
80177  41.115  -3.588  26.579 0.0000000000
80169  42.729  -3.828  27.238 0.0000000000
81275  42.626  -3.161  26.727 0.0000000000
68136  36.257  -12.938  31.789 0.0000000000
172992  36.393  -12.755  30.706 0.0000000000
68135  37.058  -12.687  31.748 0.0000000000
70324  41.916  -11.365  33.595 0.0000000000
70339  41.717  -11.177  32.867 0.0000000000
70338  42.422  -11.006  33.056 0.0000000000
70352  42.238  -10.804  32.343 0.0000000000
70337  43.155  -10.834  33.239 0.0000000000
72568  46.868  -8.727  35.036 0.0000000000
73898  46.230  -8.190  33.691 0.0000000000
75186  45.896  -7.554  32.770 0.0000000000
75142  46.805  -7.620  34.032 0.0000000000
149310  50.086  3.946  5.055 0.0000000000
90857  49.742  3.937  3.764 0.0000000000
90874  50.411  3.766  3.370 0.0000000000
173713  51.804  3.543  4.032 0.0000000000
90855  51.290  3.797  4.516 0.0000000000
89730  53.716  3.164  7.475 0.0000000000
89745  54.270  3.989  7.123 0.0000000000
169059  57.644  4.336  -0.160 0.0000000000
90933  58.232  4.878  -1.164 0.0000000000
91964  59.308  6.050  -0.007 0.0000000000
165584  55.404  6.325  3.527 0.0000000000
92940  56.434  6.666  3.269 0.0000000000
93879  56.123  7.163  4.475 0.0000000000
92926  55.202  6.873  4.260 0.0000000000
67838  30.767  -13.170  47.726 0.0000000000
66724  31.178  -13.725  47.145 0.0000000000
64265  19.133  -15.723  52.420 0.0000000000
64258  19.788  -15.460  53.671 0.0000000000
64250  19.304  -15.824  54.222 0.0000000000
64225  18.928  -14.820  56.050 0.0000000000
156305  19.758  -14.891  55.704 0.0000000000
151139  19.211  -13.952  56.980 0.0000000000
150047  19.990  -13.886  57.193 0.0000000000
65512  19.495  -13.808  57.853 0.0000000000
159100  45.432  -1.326  11.743 0.0000000000
83785  44.555  -1.232  11.626 0.0000000000
82467  44.920  -1.871  23.618 0.0000000000
83640  45.439  -1.712  23.058 0.0000000000
83629  45.453  -1.608  23.951 0.0000000000
62684  10.181  -16.539  56.729 0.0000000000
65504  9.653  -14.688  58.379 0.0000000000
69228  31.028  -11.695  33.402 0.0000000000
145590  31.707  -11.865  33.379 0.0000000000
148944  32.088  -12.105  34.029 0.0000000000
68000  33.668  -12.854  37.287 0.0000000000
68023  33.652  -12.768  36.631 0.0000000000
67999  34.325  -12.949  37.534 0.0000000000
150330  35.024  -13.075  37.800 0.0000000000
67951  35.160  -13.297  38.618 0.0000000000
67892  25.976  -12.220  42.461 0.0000000000
69084  25.638  -11.884  42.788 0.0000000000
69092  25.461  -11.953  42.145 0.0000000000
70232  23.562  -10.747  40.939 0.0000000000
69094  23.918  -10.737  41.644 0.0000000000
70226  23.073  -10.445  41.588 0.0000000000
162167  22.451  -10.620  41.444 0.0000000000
67985  24.787  -12.787  38.079 0.0000000000
68010  24.761  -12.834  37.246 0.0000000000
67984  25.560  -13.129  38.131 0.0000000000
147843  26.593  -13.338  39.678 0.0000000000
157430  25.856  -13.076  39.662 0.0000000000
67923  25.201  -12.323  40.678 0.0000000000
67922  25.898  -12.651  41.047 0.0000000000
67906  25.967  -12.393  41.875 0.0000000000
72392  24.251  -8.701  48.431 0.0000000000
157279  52.954  2.655  7.606 0.0000000000
87426  52.801  1.390  9.696 0.0000000000
87425  53.376  1.957  9.597 0.0000000000
87409  52.963  2.532  10.711 0.0000000000
87381  49.464  2.095  14.013 0.0000000000
88613  50.099  2.559  13.447 0.0000000000
88585  50.778  2.716  16.016 0.0000000000
82585  42.575  -1.579  15.303 0.0000000000
82584  43.290  -1.588  15.413 0.0000000000
81416  45.441  -2.966  16.307 0.0000000000
81435  45.367  -2.644  15.748 0.0000000000
81415  45.963  -2.635  15.988 0.0000000000
82563  46.613  -2.513  16.429 0.0000000000
77862  37.685  -5.119  24.402 0.0000000000
77851  38.923  -5.265  25.066 0.0000000000
76644  40.133  -5.819  25.438 0.0000000000
159661  41.331  -5.785  26.379 0.0000000000
77831  42.105  -5.158  27.061 0.0000000000
77807  42.577  -5.796  27.543 0.0000000000
68042  39.243  -12.840  35.355 0.0000000000
68061  39.155  -12.699  34.757 0.0000000000
68041  39.929  -12.740  35.635 0.0000000000
165866  42.029  -12.403  36.446 0.0000000000
154682  41.912  -12.243  36.005 0.0000000000
69178  42.551  -12.220  36.378 0.0000000000
69189  42.446  -11.982  35.647 0.0000000000
148703  43.030  -11.924  35.947 0.0000000000
89752  48.096  3.391  6.921 0.0000000000
167204  48.270  3.690  6.275 0.0000000000
89751  49.017  3.595  6.837 0.0000000000
89750  50.004  3.806  7.092 0.0000000000
171291  50.117  3.997  6.576 0.0000000000
90815  50.583  4.065  6.761 0.0000000000
88664  52.229  2.333  7.896 0.0000000000
163738  51.896  3.438  7.589 0.0000000000
90923  54.295  4.029  0.128 0.0000000000
90937  54.133  4.192  -0.672 0.0000000000
90922  55.456  3.980  0.121 0.0000000000
90921  56.145  3.914  0.389 0.0000000000
90905  55.448  3.779  0.848 0.0000000000
89804  54.992  3.448  2.057 0.0000000000
89787  54.889  3.439  2.897 0.0000000000
90872  55.351  4.054  3.312 0.0000000000
168791  31.542  -14.021  40.687 0.0000000000
66855  32.050  -14.201  41.106 0.0000000000
66825  31.961  -14.362  41.972 0.0000000000
65641  33.285  -14.915  44.747 0.0000000000
65654  33.274  -14.988  44.052 0.0000000000
64366  33.835  -15.269  44.327 0.0000000000
154958  34.233  -15.487  44.862 0.0000000000
64351  33.794  -15.200  45.199 0.0000000000
70141  21.192  -11.434  50.470 0.0000000000
70129  22.190  -10.954  51.630 0.0000000000
68978  21.880  -11.704  52.019 0.0000000000
67761  22.199  -12.730  53.841 0.0000000000
68962  22.699  -12.018  53.764 0.0000000000
68951  22.721  -12.342  54.514 0.0000000000
67751  23.187  -12.253  55.342 0.0000000000
67744  23.448  -12.742  55.964 0.0000000000
65544  20.927  -14.584  54.837 0.0000000000
66622  21.678  -14.147  56.285 0.0000000000
86290  49.229  0.832  9.105 0.0000000000
85060  48.551  -0.423  10.350 0.0000000000
85059  49.210  -0.242  10.125 0.0000000000
85032  49.877  -0.416  11.373 0.0000000000
85050  46.237  -0.540  10.454 0.0000000000
85049  47.084  -0.524  10.456 0.0000000000
85022  48.277  -0.739  12.476 0.0000000000
85000  49.168  0.014  12.574 0.0000000000
144771  48.581  0.682  13.021 0.0000000000
144305  47.358  1.309  14.592 0.0000000000
144306  47.991  1.560  14.354 0.0000000000
86212  48.302  1.257  15.331 0.0000000000
80291  44.009  -3.486  18.912 0.0000000000
81382  44.621  -3.317  18.480 0.0000000000
82523  44.882  -2.556  19.768 0.0000000000
83668  45.786  -1.670  20.639 0.0000000000
83658  46.328  -1.370  21.067 0.0000000000
83657  46.955  -1.118  20.746 0.0000000000
83610  46.603  -1.087  24.070 0.0000000000
163508  46.911  -1.029  23.337 0.0000000000
84864  48.418  -0.350  23.809 0.0000000000
84874  48.862  -0.203  23.209 0.0000000000
169728  48.524  -0.366  22.803 0.0000000000
86116  49.522  0.141  23.552 0.0000000000
168343  39.729  -9.308  25.982 0.0000000000
74035  40.163  -8.739  26.109 0.0000000000
72675  39.988  -9.439  26.607 0.0000000000
89737  46.888  3.203  7.366 0.0000000000
161279  48.069  1.836  8.821 0.0000000000
88655  47.847  2.342  8.447 0.0000000000
92971  51.814  6.160  -0.502 0.0000000000
165013  14.507  -16.958  53.732 0.0000000000
62714  15.123  -16.790  54.174 0.0000000000
164828  14.183  -16.739  54.427 0.0000000000
64232  13.248  -15.666  56.386 0.0000000000
64231  14.030  -15.413  56.377 0.0000000000
65517  14.718  -14.019  58.102 0.0000000000
65518  14.067  -14.150  57.992 0.0000000000
64218  11.247  -15.783  57.346 0.0000000000
64217  12.028  -15.414  57.229 0.0000000000
64202  11.771  -14.758  57.991 0.0000000000
81438  42.592  -2.935  16.081 0.0000000000
81439  41.756  -2.746  16.200 0.0000000000
80329  40.804  -3.923  16.928 0.0000000000
81421  40.478  -3.241  16.569 0.0000000000
80328  41.612  -3.974  16.887 0.0000000000
80327  42.429  -4.022  16.849 0.0000000000
80307  43.388  -4.099  17.682 0.0000000000
80308  42.681  -4.276  17.478 0.0000000000
79129  42.344  -4.565  18.708 0.0000000000
80278  42.888  -4.165  19.025 0.0000000000
156346  42.900  -3.807  19.806 0.0000000000
81359  43.522  -3.241  20.100 0.0000000000
79132  40.391  -5.254  19.409 0.0000000000
79131  40.965  -5.023  19.472 0.0000000000
81350  41.890  -3.240  21.433 0.0000000000
80248  42.137  -3.594  20.823 0.0000000000
81349  42.624  -3.241  21.144 0.0000000000
81331  43.143  -3.017  21.570 0.0000000000
160995  43.840  -2.413  22.493 0.0000000000
81332  42.988  -2.782  22.382 0.0000000000
148394  42.893  -2.182  23.680 0.0000000000
82469  43.438  -2.031  24.096 0.0000000000
82438  43.878  -1.805  25.259 0.0000000000
68161  34.834  -12.949  30.786 0.0000000000
68138  34.892  -12.980  31.574 0.0000000000
68091  33.086  -12.420  33.291 0.0000000000
68115  33.515  -12.614  32.762 0.0000000000
145351  34.331  -12.875  34.214 0.0000000000
68044  36.902  -13.099  35.748 0.0000000000
173673  35.545  -13.083  34.325 0.0000000000
145963  36.575  -13.078  35.002 0.0000000000
155245  36.443  -13.070  33.360 0.0000000000
145964  37.347  -13.065  35.144 0.0000000000
68043  38.031  -13.052  35.415 0.0000000000
68019  38.109  -13.169  36.237 0.0000000000
66922  39.410  -13.755  38.219 0.0000000000
66939  39.004  -13.547  37.584 0.0000000000
66921  40.092  -13.735  38.226 0.0000000000
160060  40.449  -13.880  38.751 0.0000000000
66873  40.516  -14.028  39.488 0.0000000000
66853  33.494  -14.315  40.736 0.0000000000
66881  33.653  -13.917  39.972 0.0000000000
65729  34.169  -14.547  41.132 0.0000000000
65708  35.851  -14.848  41.882 0.0000000000
162769  35.371  -14.654  41.401 0.0000000000
65727  36.104  -14.560  41.241 0.0000000000
66850  36.341  -14.184  40.473 0.0000000000
65726  36.907  -14.469  41.155 0.0000000000
64408  39.167  -15.609  42.711 0.0000000000
64427  38.425  -15.235  42.487 0.0000000000
167479  38.954  -15.041  42.258 0.0000000000
65724  38.507  -14.462  41.293 0.0000000000
65704  39.114  -14.755  41.794 0.0000000000
66847  38.854  -14.197  40.540 0.0000000000
65703  39.850  -14.786  41.685 0.0000000000
155294  41.321  -14.799  41.477 0.0000000000
65720  41.751  -14.563  41.084 0.0000000000
70182  29.210  -10.795  47.887 0.0000000000
70192  27.396  -10.838  46.186 0.0000000000
70184  27.839  -10.203  46.983 0.0000000000
71298  27.063  -9.972  46.619 0.0000000000
71299  26.247  -9.864  46.333 0.0000000000
70207  25.219  -11.139  43.768 0.0000000000
69062  26.201  -11.509  44.599 0.0000000000
149293  24.302  -9.858  45.350 0.0000000000
71312  24.954  -10.197  45.209 0.0000000000
71300  24.945  -9.827  45.847 0.0000000000
174730  24.564  -9.306  46.969 0.0000000000
71302  23.272  -10.254  46.730 0.0000000000
71288  22.750  -10.552  47.231 0.0000000000
71271  22.689  -10.212  47.991 0.0000000000
70186  22.286  -11.098  46.970 0.0000000000
67924  20.906  -12.509  40.981 0.0000000000
69106  21.545  -11.752  40.710 0.0000000000
69096  21.446  -11.927  41.608 0.0000000000
69095  22.041  -11.081  41.952 0.0000000000
66831  19.706  -13.654  41.528 0.0000000000
66809  19.622  -13.770  42.291 0.0000000000
67882  20.753  -12.693  43.241 0.0000000000
69079  21.317  -12.160  43.552 0.0000000000
69072  21.404  -12.134  44.219 0.0000000000
69071  21.828  -11.813  44.679 0.0000000000
166448  20.833  -12.332  46.550 0.0000000000
69052  21.446  -12.004  46.250 0.0000000000
153081  21.255  -11.947  46.967 0.0000000000
70187  21.692  -11.457  47.367 0.0000000000
69041  21.064  -11.859  47.700 0.0000000000
69032  20.890  -11.782  48.505 0.0000000000
67820  20.057  -12.735  49.103 0.0000000000
67806  20.040  -12.967  49.826 0.0000000000
172540  20.211  -13.136  50.739 0.0000000000
67807  19.589  -13.429  49.518 0.0000000000
162892  18.037  -14.417  46.286 0.0000000000
160468  18.682  -13.933  46.436 0.0000000000
169468  17.859  -15.070  48.636 0.0000000000
153660  18.153  -14.671  48.293 0.0000000000
64307  18.282  -14.719  48.941 0.0000000000
65590  18.907  -14.472  49.929 0.0000000000
65579  18.546  -15.113  50.426 0.0000000000
170720  18.924  -15.057  51.075 0.0000000000
155934  16.817  -16.526  49.928 0.0000000000
64273  17.950  -16.215  51.404 0.0000000000
62762  17.303  -16.503  50.754 0.0000000000
62748  17.367  -16.777  51.681 0.0000000000
160350  16.786  -17.030  51.185 0.0000000000
61405  15.531  -17.382  51.575 0.0000000000
61406  14.788  -17.338  51.701 0.0000000000
61398  14.567  -17.317  52.352 0.0000000000
61407  14.126  -17.196  51.827 0.0000000000
69230  29.424  -12.033  33.682 0.0000000000
69229  30.047  -11.893  33.840 0.0000000000
165195  29.508  -12.200  34.330 0.0000000000
69195  30.496  -12.309  35.149 0.0000000000
68050  29.961  -12.715  35.859 0.0000000000
68069  27.428  -12.892  34.377 0.0000000000
68053  27.563  -12.946  35.098 0.0000000000
160698  28.709  -13.287  37.437 0.0000000000
149353  28.626  -13.143  36.803 0.0000000000
68005  29.379  -13.225  37.156 0.0000000000
67979  29.904  -13.426  37.798 0.0000000000
162336  30.636  -13.742  38.961 0.0000000000
66910  30.224  -13.835  39.443 0.0000000000
66857  29.319  -13.831  40.687 0.0000000000
145969  29.824  -13.876  41.450 0.0000000000
66805  30.168  -13.941  42.810 0.0000000000
66830  27.689  -13.263  41.925 0.0000000000
66859  27.800  -13.410  41.161 0.0000000000
66760  28.745  -13.378  45.040 0.0000000000
66772  28.881  -13.569  44.466 0.0000000000
66759  29.414  -13.659  45.128 0.0000000000
171510  30.022  -13.883  44.834 0.0000000000
66745  29.629  -13.486  45.924 0.0000000000
66744  30.212  -13.609  46.230 0.0000000000
67840  29.617  -12.516  46.985 0.0000000000
69039  29.428  -11.708  47.399 0.0000000000
71267  29.041  -9.189  50.193 0.0000000000
70128  23.015  -10.243  52.227 0.0000000000
71230  23.373  -9.190  52.082 0.0000000000
71221  23.734  -8.993  53.230 0.0000000000
64242  15.890  -15.884  55.475 0.0000000000
64228  16.340  -15.243  56.061 0.0000000000
65531  16.770  -14.674  56.622 0.0000000000
64191  17.153  -14.791  58.975 0.0000000000
65496  17.418  -13.640  58.579 0.0000000000
64189  18.288  -14.393  59.014 0.0000000000
65494  19.002  -14.364  58.815 0.0000000000
64199  18.549  -15.441  58.983 0.0000000000
86261  50.983  0.185  10.195 0.0000000000
162174  51.912  0.666  9.566 0.0000000000
86260  51.732  0.553  10.200 0.0000000000
87411  51.717  2.100  11.320 0.0000000000
88630  52.449  3.515  11.449 0.0000000000
88622  50.838  3.384  13.378 0.0000000000
89682  51.396  3.866  14.032 0.0000000000
89680  52.879  4.657  14.027 0.0000000000
89689  53.117  4.849  13.311 0.0000000000
88609  53.506  4.452  13.658 0.0000000000
83760  43.539  -1.116  13.240 0.0000000000
83778  44.802  -1.284  12.389 0.0000000000
83728  44.277  -0.732  15.317 0.0000000000
84964  45.994  0.035  15.591 0.0000000000
84975  44.927  -0.158  15.259 0.0000000000
84974  45.605  0.324  15.198 0.0000000000
86213  46.325  0.665  14.825 0.0000000000
84961  49.171  -0.441  15.723 0.0000000000
83705  50.057  -0.731  16.403 0.0000000000
82535  45.826  -2.642  18.709 0.0000000000
81380  45.975  -2.900  17.708 0.0000000000
83677  47.933  -1.102  19.359 0.0000000000
145693  47.047  -1.928  18.804 0.0000000000
82533  47.602  -1.498  18.897 0.0000000000
82546  47.747  -1.989  18.043 0.0000000000
82532  48.189  -1.362  18.617 0.0000000000
84907  50.340  -0.119  19.729 0.0000000000
84919  49.730  -0.396  19.436 0.0000000000
83686  48.903  -1.216  18.332 0.0000000000
83685  49.657  -1.065  18.020 0.0000000000
80231  38.308  -3.727  22.330 0.0000000000
80230  39.055  -3.660  22.045 0.0000000000
80209  39.370  -3.281  22.800 0.0000000000
79047  39.080  -4.374  25.343 0.0000000000
80192  38.916  -3.748  25.027 0.0000000000
80189  40.418  -2.606  25.744 0.0000000000
80198  39.571  -2.854  24.634 0.0000000000
81304  40.355  -2.513  24.333 0.0000000000
81303  41.155  -2.347  24.504 0.0000000000
82440  42.690  -2.361  25.710 0.0000000000
82430  43.676  -2.186  26.596 0.0000000000
82429  44.086  -1.740  26.465 0.0000000000
153508  44.288  -2.030  27.879 0.0000000000
69224  39.812  -12.067  33.539 0.0000000000
145210  38.607  -12.104  32.096 0.0000000000
69265  39.451  -11.756  32.069 0.0000000000
151391  40.517  -11.156  31.298 0.0000000000
70368  39.352  -11.404  30.702 0.0000000000
70385  39.637  -11.178  29.936 0.0000000000
70400  39.839  -10.920  29.170 0.0000000000
70384  40.436  -10.831  29.783 0.0000000000
71456  41.727  -10.186  30.180 0.0000000000
71468  41.481  -10.047  29.517 0.0000000000
72628  42.042  -9.713  29.766 0.0000000000
72637  41.745  -9.498  29.134 0.0000000000
72627  42.564  -9.332  30.017 0.0000000000
67932  44.708  -13.233  39.909 0.0000000000
67948  44.276  -12.913  39.199 0.0000000000
69126  44.686  -12.493  38.726 0.0000000000
70258  45.678  -11.541  37.866 0.0000000000
69155  45.106  -11.705  37.531 0.0000000000
69175  44.842  -11.660  36.847 0.0000000000
69176  44.226  -11.763  36.330 0.0000000000
70285  44.846  -11.446  36.045 0.0000000000
71396  46.002  -9.932  34.899 0.0000000000
71388  46.145  -10.144  35.497 0.0000000000
71397  45.432  -10.293  34.561 0.0000000000
70304  45.089  -10.828  34.939 0.0000000000
71398  44.838  -10.622  34.277 0.0000000000
71407  44.570  -10.383  33.644 0.0000000000
72577  44.909  -9.771  33.277 0.0000000000
73934  44.485  -8.471  31.728 0.0000000000
72603  44.261  -9.184  32.028 0.0000000000
173358  43.738  -8.399  30.779 0.0000000000
73966  43.354  -8.248  30.111 0.0000000000
75262  42.923  -7.501  28.938 0.0000000000
75241  43.763  -7.379  29.962 0.0000000000
76557  45.170  -6.487  31.084 0.0000000000
76571  44.238  -6.735  30.041 0.0000000000
77778  44.790  -6.112  30.363 0.0000000000
77796  44.188  -5.571  29.338 0.0000000000
77777  45.338  -5.583  30.875 0.0000000000
168935  46.964  -6.322  33.412 0.0000000000
77752  47.400  -5.733  33.629 0.0000000000
78968  46.715  -5.175  32.504 0.0000000000
78977  46.487  -4.704  31.993 0.0000000000
78986  45.656  -4.785  30.971 0.0000000000
80141  45.483  -3.983  30.566 0.0000000000
81246  44.694  -3.203  29.675 0.0000000000
81236  45.810  -3.274  30.678 0.0000000000
93922  51.348  6.663  0.522 0.0000000000
146597  48.366  4.124  5.048 0.0000000000
90843  48.204  4.366  4.563 0.0000000000
144977  51.404  3.973  1.817 0.0000000000
149697  51.162  4.367  1.471 0.0000000000
90890  52.041  3.737  1.730 0.0000000000
89773  52.448  3.470  3.994 0.0000000000
89790  52.885  3.288  3.359 0.0000000000
89772  53.167  3.473  4.012 0.0000000000
89771  53.896  3.610  3.974 0.0000000000
90854  53.264  4.143  4.388 0.0000000000
90824  51.836  4.745  6.125 0.0000000000
92907  53.448  6.259  5.691 0.0000000000
92915  54.097  6.654  5.352 0.0000000000
92906  54.198  6.379  5.850 0.0000000000
91886  56.488  6.090  7.059 0.0000000000
90950  54.791  4.141  -1.830 0.0000000000
90964  54.366  4.113  -2.497 0.0000000000
90963  55.214  4.029  -2.295 0.0000000000
91941  57.720  5.615  2.263 0.0000000000
67812  30.937  -11.961  49.416 0.0000000000
64259  18.505  -16.334  53.333 0.0000000000
160023  18.733  -16.196  53.829 0.0000000000
64251  18.564  -16.034  54.509 0.0000000000
64239  18.336  -15.655  55.324 0.0000000000
64226  17.981  -15.008  56.048 0.0000000000
83612  45.295  -1.456  24.766 0.0000000000
154104  45.868  -1.116  25.258 0.0000000000
69194  31.308  -12.287  35.095 0.0000000000
69193  32.052  -12.410  35.246 0.0000000000
68025  32.352  -12.583  35.876 0.0000000000
68001  33.052  -12.756  36.931 0.0000000000
67953  33.824  -13.236  38.624 0.0000000000
69103  24.713  -11.762  40.980 0.0000000000
69093  24.731  -11.451  41.750 0.0000000000
69104  24.096  -11.327  40.559 0.0000000000
69117  22.576  -10.947  39.915 0.0000000000
67960  24.616  -12.480  38.892 0.0000000000
67959  25.221  -12.725  39.492 0.0000000000
71270  23.331  -9.361  48.328 0.0000000000
158993  23.947  -8.609  49.027 0.0000000000
71258  23.183  -9.057  49.209 0.0000000000
72370  23.399  -8.661  50.135 0.0000000000
87452  52.406  1.732  8.320 0.0000000000
82574  43.591  -2.253  15.606 0.0000000000
81436  44.770  -2.965  15.911 0.0000000000
159923  39.835  -6.939  24.972 0.0000000000
76633  40.274  -6.593  25.328 0.0000000000
76621  41.143  -6.974  26.180 0.0000000000
76620  41.476  -6.518  26.476 0.0000000000
76609  42.297  -6.511  27.448 0.0000000000
151971  40.800  -13.028  36.964 0.0000000000
68017  40.852  -12.707  36.273 0.0000000000
171199  41.508  -12.921  37.157 0.0000000000
67991  42.585  -12.801  37.538 0.0000000000
88668  49.108  2.785  8.041 0.0000000000
89733  50.323  3.373  7.655 0.0000000000
88665  51.421  2.607  7.885 0.0000000000
175027  53.862  4.161  -0.180 0.0000000000
90906  54.681  3.785  0.827 0.0000000000
90907  53.950  3.745  0.888 0.0000000000
89821  53.723  3.464  1.695 0.0000000000
66803  31.636  -14.334  42.854 0.0000000000
65693  32.391  -14.617  42.801 0.0000000000
65673  32.125  -14.510  43.719 0.0000000000
65642  32.786  -14.669  44.972 0.0000000000
67780  20.977  -12.593  51.754 0.0000000000
68970  21.530  -12.386  52.410 0.0000000000
67770  21.542  -12.940  53.096 0.0000000000
66635  22.042  -13.576  55.078 0.0000000000
169297  20.608  -14.001  57.229 0.0000000000
65526  21.085  -14.185  56.700 0.0000000000
87427  47.821  1.245  9.240 0.0000000000
86291  48.539  0.718  9.371 0.0000000000
86278  47.933  0.476  9.665 0.0000000000
86262  48.060  -0.073  10.033 0.0000000000
83784  46.227  -1.309  11.609 0.0000000000
83783  47.600  -1.234  11.629 0.0000000000
144308  47.904  0.484  13.241 0.0000000000
81358  44.247  -2.887  19.996 0.0000000000
83649  46.264  -1.361  21.873 0.0000000000
84848  47.936  -0.492  24.401 0.0000000000
87443  47.413  1.902  8.873 0.0000000000
62715  13.250  -16.782  54.252 0.0000000000
62704  13.496  -16.489  55.009 0.0000000000
145382  12.922  -16.260  55.633 0.0000000000
64216  12.839  -15.118  57.129 0.0000000000
80310  41.146  -4.420  17.411 0.0000000000
79167  41.514  -4.708  17.967 0.0000000000
169776  41.801  -4.770  18.535 0.0000000000
172719  41.968  -4.721  18.977 0.0000000000
80268  40.973  -4.381  20.599 0.0000000000
82485  42.427  -2.446  23.187 0.0000000000
82471  42.031  -2.258  23.973 0.0000000000
149427  33.457  -12.578  31.513 0.0000000000
147158  35.094  -12.949  36.182 0.0000000000
68065  34.915  -12.989  34.796 0.0000000000
68045  35.255  -12.996  35.461 0.0000000000
68021  36.539  -13.104  36.487 0.0000000000
68020  37.334  -13.159  36.384 0.0000000000
67995  37.805  -13.307  37.000 0.0000000000
66923  38.728  -13.723  38.230 0.0000000000
170875  39.326  -13.951  39.314 0.0000000000
65670  34.320  -15.232  43.005 0.0000000000
65709  34.711  -14.746  41.601 0.0000000000
64412  35.065  -15.430  43.167 0.0000000000
64411  35.968  -15.481  43.014 0.0000000000
64410  36.781  -15.511  42.881 0.0000000000
64387  39.742  -16.292  43.246 0.0000000000
64425  40.410  -15.243  42.155 0.0000000000
70208  24.421  -10.381  43.755 0.0000000000
71324  23.898  -9.979  44.171 0.0000000000
71313  23.761  -9.956  44.808 0.0000000000
71301  23.690  -10.006  45.583 0.0000000000
70195  22.706  -10.971  45.675 0.0000000000
67939  20.276  -13.000  40.460 0.0000000000
66790  19.596  -13.778  43.105 0.0000000000
67873  20.163  -13.269  44.274 0.0000000000
69064  21.125  -12.421  44.972 0.0000000000
174489  20.724  -12.733  45.451 0.0000000000
171278  20.606  -12.617  46.271 0.0000000000
69033  20.481  -12.281  47.952 0.0000000000
67844  20.090  -12.723  47.476 0.0000000000
67845  19.736  -13.059  47.034 0.0000000000
67833  19.490  -13.223  47.729 0.0000000000
169896  17.889  -15.212  49.195 0.0000000000
64293  17.958  -15.441  49.872 0.0000000000
154993  16.997  -16.108  49.258 0.0000000000
69211  28.714  -12.373  34.000 0.0000000000
68031  26.543  -13.122  36.269 0.0000000000
68030  27.265  -13.116  36.364 0.0000000000
145967  27.761  -13.003  35.844 0.0000000000
68006  28.074  -13.254  37.229 0.0000000000
66930  28.960  -13.654  38.646 0.0000000000
66911  29.536  -13.775  39.248 0.0000000000
66912  28.798  -13.747  39.405 0.0000000000
66887  28.656  -13.755  40.159 0.0000000000
66828  29.084  -13.761  41.562 0.0000000000
67890  27.140  -12.855  42.897 0.0000000000
66789  27.845  -13.201  43.218 0.0000000000
67878  27.828  -13.090  43.917 0.0000000000
66773  28.181  -13.148  44.562 0.0000000000
67852  29.275  -12.913  46.284 0.0000000000
67853  28.656  -12.662  45.958 0.0000000000
65516  15.610  -14.038  57.745 0.0000000000
153748  16.321  -13.823  57.968 0.0000000000
66603  16.190  -14.123  58.714 0.0000000000
167318  16.407  -14.548  58.952 0.0000000000
88635  54.360  3.571  10.430 0.0000000000
89709  54.912  4.287  11.004 0.0000000000
88617  55.323  3.811  12.101 0.0000000000
86252  51.748  0.936  10.943 0.0000000000
89661  51.380  3.299  14.862 0.0000000000
89669  51.813  3.885  14.475 0.0000000000
83717  45.832  -1.004  15.669 0.0000000000
84963  46.772  0.148  15.593 0.0000000000
145472  47.638  -0.842  15.607 0.0000000000
83714  48.899  -1.143  15.884 0.0000000000
83678  46.632  -1.543  19.768 0.0000000000
171591  46.804  -1.698  19.368 0.0000000000
83665  47.671  -0.976  19.956 0.0000000000
84921  48.414  -0.663  19.839 0.0000000000
84928  50.824  -0.463  18.230 0.0000000000
158714  37.567  -3.612  23.005 0.0000000000
151907  40.439  -3.806  26.404 0.0000000000
80183  39.930  -3.463  26.036 0.0000000000
80182  40.533  -3.150  26.244 0.0000000000
81285  41.149  -2.597  26.173 0.0000000000
81291  41.890  -2.325  25.580 0.0000000000
81284  42.144  -2.675  26.164 0.0000000000
81274  43.404  -2.764  27.011 0.0000000000
81261  44.002  -2.671  28.483 0.0000000000
69244  40.529  -11.715  33.139 0.0000000000
69245  39.939  -11.768  32.685 0.0000000000
70340  41.043  -11.349  32.680 0.0000000000
70354  40.845  -11.210  31.983 0.0000000000
70365  41.327  -10.845  31.271 0.0000000000
70366  40.848  -10.867  30.569 0.0000000000
71432  42.080  -10.590  31.596 0.0000000000
71442  42.655  -10.067  31.149 0.0000000000
69125  45.485  -12.291  38.984 0.0000000000
69124  46.310  -12.060  39.377 0.0000000000
69140  45.916  -11.802  38.570 0.0000000000
70270  46.161  -11.092  37.546 0.0000000000
145234  45.760  -9.659  34.234 0.0000000000
72576  45.465  -9.348  33.605 0.0000000000
73915  45.410  -8.203  32.707 0.0000000000
73933  45.008  -8.044  32.050 0.0000000000
75223  44.455  -7.545  30.929 0.0000000000
75187  45.467  -7.552  32.238 0.0000000000
76523  45.856  -7.070  32.359 0.0000000000
76538  46.002  -6.403  32.204 0.0000000000
90827  49.438  3.885  5.383 0.0000000000
90842  48.894  4.058  4.689 0.0000000000
90858  49.205  4.078  4.079 0.0000000000
89792  51.101  3.625  2.941 0.0000000000
155711  52.429  4.965  6.633 0.0000000000
90812  53.512  5.030  6.633 0.0000000000
146321  56.511  4.193  -1.014 0.0000000000
148892  56.306  4.173  -1.630 0.0000000000
93877  58.017  7.588  4.594 0.0000000000
66743  30.958  -13.855  46.199 0.0000000000
66723  31.907  -14.029  47.526 0.0000000000
67825  31.084  -12.792  48.839 0.0000000000
65561  20.055  -14.526  52.576 0.0000000000
66644  20.570  -14.188  53.170 0.0000000000
65554  20.201  -14.845  53.364 0.0000000000
65545  20.324  -15.013  54.167 0.0000000000
170962  20.332  -14.689  55.780 0.0000000000
64237  19.672  -15.415  54.903 0.0000000000
65527  20.361  -14.209  56.468 0.0000000000
65511  20.364  -14.186  57.910 0.0000000000
64198  20.389  -15.058  58.482 0.0000000000
85051  45.377  -0.547  10.461 0.0000000000
85036  45.845  -1.064  11.004 0.0000000000
83776  46.078  -1.302  12.321 0.0000000000
83757  45.753  -1.014  13.017 0.0000000000
82494  44.568  -2.166  22.134 0.0000000000
82493  45.065  -1.913  22.417 0.0000000000
83628  46.126  -1.370  23.585 0.0000000000
83591  46.680  -0.930  24.854 0.0000000000
165554  47.394  -0.645  24.931 0.0000000000
62692  11.429  -16.678  56.223 0.0000000000
62693  10.586  -16.942  56.068 0.0000000000
64219  10.553  -16.004  57.308 0.0000000000
64205  9.432  -15.512  57.479 0.0000000000
64204  10.169  -15.421  57.853 0.0000000000
65503  10.496  -14.516  58.848 0.0000000000
65488  10.946  -13.657  60.154 0.0000000000
145023  32.433  -12.148  33.366 0.0000000000
69192  32.738  -12.536  35.418 0.0000000000
68047  33.397  -12.655  35.539 0.0000000000
174267  33.854  -12.766  35.586 0.0000000000
149560  34.864  -12.918  37.002 0.0000000000
67973  35.819  -13.229  38.014 0.0000000000
66903  36.382  -13.730  39.105 0.0000000000
69068  27.117  -12.303  44.582 0.0000000000
69069  26.548  -11.987  44.286 0.0000000000
69075  26.366  -12.107  43.660 0.0000000000
69077  25.287  -11.478  43.129 0.0000000000
70214  24.725  -10.926  43.088 0.0000000000
70220  24.338  -10.849  42.372 0.0000000000
70215  24.003  -10.396  42.996 0.0000000000
71335  23.272  -10.140  42.950 0.0000000000
71331  22.573  -10.392  43.052 0.0000000000
155348  18.971  -14.084  43.488 0.0000000000
66775  19.086  -14.008  44.319 0.0000000000
148936  19.060  -13.838  45.470 0.0000000000
66763  18.575  -14.210  44.917 0.0000000000
65636  17.931  -14.483  45.422 0.0000000000
68009  25.475  -13.057  37.009 0.0000000000
67983  26.274  -13.335  38.252 0.0000000000
145140  26.930  -13.494  38.891 0.0000000000
67957  27.394  -13.540  39.701 0.0000000000
67921  26.543  -12.959  41.022 0.0000000000
67936  25.569  -12.735  40.217 0.0000000000
67905  26.507  -12.750  41.680 0.0000000000
67904  27.058  -12.929  42.176 0.0000000000
67880  26.732  -12.506  43.269 0.0000000000
165348  54.174  2.981  8.042 0.0000000000
88649  54.147  2.766  8.688 0.0000000000
88643  54.032  2.652  9.555 0.0000000000
168185  49.926  1.962  12.661 0.0000000000
88612  50.773  3.316  14.141 0.0000000000
88598  50.886  3.177  14.881 0.0000000000
83729  43.105  -1.233  14.898 0.0000000000
149948  43.690  -1.109  15.221 0.0000000000
171393  44.464  -1.231  15.470 0.0000000000
82573  44.803  -2.131  15.557 0.0000000000
86141  49.307  -0.059  21.970 0.0000000000
84896  49.053  -0.240  21.231 0.0000000000
79058  37.274  -4.395  24.182 0.0000000000
79057  37.821  -4.243  24.416 0.0000000000
168827  38.046  -4.742  24.651 0.0000000000
77840  40.172  -5.136  25.847 0.0000000000
79039  40.192  -4.384  26.250 0.0000000000
79038  40.839  -4.420  26.549 0.0000000000
79022  42.887  -4.484  27.573 0.0000000000
68086  38.146  -12.760  33.769 0.0000000000
69226  38.272  -12.472  32.914 0.0000000000
69205  39.413  -12.423  34.224 0.0000000000
158565  40.040  -12.204  34.258 0.0000000000
69179  41.184  -12.340  35.724 0.0000000000
160332  40.441  -12.193  34.650 0.0000000000
157331  41.767  -11.846  34.712 0.0000000000
70308  42.143  -11.540  34.285 0.0000000000
70307  42.870  -11.415  34.455 0.0000000000
146485  47.514  3.990  5.955 0.0000000000
90829  48.244  3.951  5.613 0.0000000000
90840  50.755  4.029  5.236 0.0000000000
90825  51.100  4.282  6.241 0.0000000000
89748  51.340  3.820  7.437 0.0000000000
169238  51.672  4.092  7.284 0.0000000000
89747  52.168  4.291  7.256 0.0000000000
90965  53.540  4.448  -2.356 0.0000000000
145934  54.855  4.154  -1.210 0.0000000000
152495  53.353  4.420  -0.997 0.0000000000
145935  55.671  4.155  -1.065 0.0000000000
149520  56.760  4.073  -0.219 0.0000000000
90919  57.921  4.439  0.528 0.0000000000
169639  58.590  5.125  0.925 0.0000000000
165214  57.733  4.380  1.157 0.0000000000
90903  57.092  4.175  1.605 0.0000000000
90887  57.121  4.690  2.305 0.0000000000
89803  55.635  3.617  1.735 0.0000000000
90888  56.322  4.012  2.225 0.0000000000
90871  56.443  4.732  2.874 0.0000000000
91931  55.751  4.855  3.344 0.0000000000
90852  54.856  5.006  3.874 0.0000000000
66927  31.145  -13.537  38.405 0.0000000000
66908  31.908  -13.535  38.723 0.0000000000
148178  32.127  -14.025  40.302 0.0000000000
66854  32.714  -14.273  40.851 0.0000000000
65711  33.275  -14.762  41.875 0.0000000000
65692  33.109  -14.887  42.680 0.0000000000
65691  33.838  -15.026  42.504 0.0000000000
64391  34.370  -15.414  43.694 0.0000000000
145544  34.862  -15.799  44.900 0.0000000000
65630  32.245  -14.297  46.152 0.0000000000
65629  32.801  -14.598  46.322 0.0000000000
145312  33.525  -14.956  46.701 0.0000000000
64337  33.960  -15.206  46.114 0.0000000000
69130  22.291  -11.263  38.797 0.0000000000
71239  22.091  -10.230  50.501 0.0000000000
152955  21.781  -10.802  50.858 0.0000000000
70121  23.247  -10.235  53.278 0.0000000000
68969  22.347  -11.926  52.813 0.0000000000
68961  22.940  -11.239  53.417 0.0000000000
150984  23.134  -11.139  54.309 0.0000000000
68939  23.633  -11.383  55.326 0.0000000000
66643  21.066  -13.925  53.668 0.0000000000
66628  22.273  -13.735  55.925 0.0000000000
65525  21.800  -14.380  56.779 0.0000000000
66621  22.459  -13.987  56.443 0.0000000000
66627  23.014  -13.407  56.195 0.0000000000
87440  49.952  1.597  8.536 0.0000000000
86288  50.909  0.747  8.928 0.0000000000
86289  50.034  0.869  8.871 0.0000000000
85057  50.463  0.282  9.521 0.0000000000
85045  50.412  -0.082  10.242 0.0000000000
86277  49.177  0.271  9.574 0.0000000000
85058  49.838  -0.032  9.867 0.0000000000
85031  50.614  -0.058  10.930 0.0000000000
85019  50.365  0.093  11.750 0.0000000000
160411  50.226  0.732  12.079 0.0000000000
86264  46.623  0.230  9.957 0.0000000000
85048  47.848  -0.508  10.459 0.0000000000
85033  48.408  -0.866  11.066 0.0000000000
83773  48.340  -1.028  11.869 0.0000000000
152835  49.144  -0.775  11.649 0.0000000000
161295  49.770  0.318  12.273 0.0000000000
86243  49.784  1.208  12.466 0.0000000000
144307  48.075  1.222  13.572 0.0000000000
144901  48.801  1.789  14.428 0.0000000000
87369  49.379  1.584  15.410 0.0000000000
81396  44.688  -3.452  17.431 0.0000000000
81367  45.142  -2.872  19.034 0.0000000000
82510  46.021  -1.823  19.972 0.0000000000
83666  47.062  -1.218  20.127 0.0000000000
84898  47.590  -0.804  21.107 0.0000000000
83650  45.621  -1.652  22.198 0.0000000000
84865  47.714  -0.664  23.612 0.0000000000
84876  47.573  -0.765  22.799 0.0000000000
84887  47.524  -0.797  21.964 0.0000000000
84886  48.189  -0.519  22.381 0.0000000000
145153  48.632  -0.368  21.808 0.0000000000
86132  49.444  0.065  22.756 0.0000000000
165092  39.644  -8.893  25.413 0.0000000000
74019  40.970  -8.631  27.235 0.0000000000
66870  43.480  -13.762  40.191 0.0000000000
66896  43.164  -13.548  39.561 0.0000000000
67919  45.135  -13.515  40.762 0.0000000000
89736  48.026  3.078  7.544 0.0000000000
88670  47.475  2.828  7.901 0.0000000000
88669  48.312  2.784  8.044 0.0000000000
91978  51.903  5.498  -0.144 0.0000000000
62713  15.847  -16.910  53.687 0.0000000000
166762  15.881  -16.662  54.312 0.0000000000
145212  15.493  -16.394  54.851 0.0000000000
64229  15.553  -15.328  56.176 0.0000000000
62703  14.264  -16.306  55.215 0.0000000000
64230  14.774  -15.344  56.294 0.0000000000
64213  15.253  -14.715  56.962 0.0000000000
163624  15.042  -14.164  57.641 0.0000000000
65499  14.999  -13.986  58.661 0.0000000000
62682  11.574  -16.210  56.830 0.0000000000
65519  13.320  -14.310  57.935 0.0000000000
156485  13.806  -13.976  58.808 0.0000000000
65484  14.208  -14.236  59.398 0.0000000000
82576  42.181  -2.164  15.756 0.0000000000
81419  42.143  -3.585  16.430 0.0000000000
80293  42.852  -4.327  18.222 0.0000000000
174528  43.941  -3.231  19.574 0.0000000000
81347  43.980  -2.816  20.608 0.0000000000
79147  40.849  -5.125  18.843 0.0000000000
79130  41.493  -4.897  19.124 0.0000000000
166143  42.374  -3.920  20.219 0.0000000000
82503  43.766  -2.768  21.257 0.0000000000
165510  44.141  -2.456  21.708 0.0000000000
82468  44.247  -1.993  23.823 0.0000000000
83613  44.547  -1.594  25.078 0.0000000000
150918  44.909  -1.222  26.272 0.0000000000
169450  34.927  -12.965  30.117 0.0000000000
154538  35.603  -12.997  31.511 0.0000000000
163054  36.783  -12.896  32.330 0.0000000000
69269  32.423  -12.119  32.141 0.0000000000
68140  33.155  -12.441  32.104 0.0000000000
68139  34.035  -12.800  32.040 0.0000000000
68089  35.064  -13.078  34.015 0.0000000000
154860  35.271  -13.118  33.429 0.0000000000
68113  34.857  -13.020  32.402 0.0000000000
68112  35.452  -13.094  32.830 0.0000000000
68110  36.912  -12.963  32.963 0.0000000000
68062  37.918  -12.962  34.569 0.0000000000
146426  38.608  -12.916  35.026 0.0000000000
68018  39.339  -13.037  36.072 0.0000000000
67994  38.557  -13.332  36.956 0.0000000000
67993  39.359  -13.293  36.874 0.0000000000
152666  40.071  -13.271  37.099 0.0000000000
66920  40.782  -13.658  38.248 0.0000000000
66899  41.082  -13.838  38.922 0.0000000000
158439  42.090  -13.950  39.954 0.0000000000
158182  33.076  -13.765  39.553 0.0000000000
66906  33.752  -13.560  39.277 0.0000000000
66905  34.359  -13.698  39.615 0.0000000000
65728  34.860  -14.437  40.954 0.0000000000
162768  35.069  -14.122  40.417 0.0000000000
157550  34.917  -13.544  39.257 0.0000000000
66904  35.573  -13.664  39.325 0.0000000000
165620  36.135  -13.912  39.749 0.0000000000
66878  36.840  -13.991  39.781 0.0000000000
64389  37.215  -16.003  43.402 0.0000000000
65687  37.108  -15.014  42.312 0.0000000000
64409  37.663  -15.500  42.787 0.0000000000
65706  37.374  -14.677  41.738 0.0000000000
65725  37.689  -14.432  41.167 0.0000000000
66877  37.677  -14.038  39.820 0.0000000000
66876  38.463  -14.035  39.876 0.0000000000
66875  39.138  -14.036  39.861 0.0000000000
66874  39.767  -14.043  39.719 0.0000000000
65702  40.654  -14.831  41.575 0.0000000000
65722  40.093  -14.475  41.024 0.0000000000
66845  40.285  -14.210  40.295 0.0000000000
161784  40.919  -14.169  40.178 0.0000000000
66844  41.569  -14.214  40.447 0.0000000000
66871  42.786  -13.872  40.103 0.0000000000
70162  30.136  -10.213  50.227 0.0000000000
70183  28.574  -10.494  47.370 0.0000000000
71281  28.225  -9.612  47.998 0.0000000000
71284  25.874  -9.290  46.881 0.0000000000
157705  26.274  -11.123  45.164 0.0000000000
70194  25.714  -10.336  45.584 0.0000000000
72402  25.394  -8.855  47.579 0.0000000000
168292  23.664  -10.013  46.271 0.0000000000
70168  22.041  -10.585  48.564 0.0000000000
146359  22.619  -11.130  39.288 0.0000000000
146900  22.122  -11.101  40.474 0.0000000000
70223  22.304  -10.657  42.508 0.0000000000
160551  22.113  -10.955  43.143 0.0000000000
67925  20.278  -13.147  41.253 0.0000000000
67894  20.202  -13.257  42.795 0.0000000000
67893  20.739  -12.706  42.500 0.0000000000
158308  21.153  -12.245  42.241 0.0000000000
69086  21.755  -11.684  43.074 0.0000000000
70210  22.284  -11.081  44.422 0.0000000000
70202  22.222  -11.374  45.167 0.0000000000
69051  22.081  -11.564  45.930 0.0000000000
70154  21.744  -10.620  49.366 0.0000000000
70169  21.379  -11.152  48.883 0.0000000000
70155  21.266  -11.192  49.629 0.0000000000
69005  20.847  -11.807  49.782 0.0000000000
156893  20.368  -12.303  48.583 0.0000000000
68990  20.680  -12.200  50.438 0.0000000000
67794  20.528  -12.781  51.061 0.0000000000
66673  20.136  -13.510  51.171 0.0000000000
66662  20.208  -13.883  51.980 0.0000000000
158239  18.941  -13.733  47.578 0.0000000000
66715  19.061  -13.728  48.242 0.0000000000
65613  17.975  -14.657  47.592 0.0000000000
66716  18.525  -14.179  47.910 0.0000000000
66701  19.137  -13.820  48.975 0.0000000000
66687  19.407  -13.975  50.134 0.0000000000
66674  19.631  -14.016  50.855 0.0000000000
65568  19.756  -14.401  51.930 0.0000000000
65562  19.517  -15.023  52.151 0.0000000000
64271  19.024  -15.374  51.697 0.0000000000
64272  18.552  -15.992  51.932 0.0000000000
151743  17.953  -15.821  50.620 0.0000000000
64266  18.574  -16.244  52.692 0.0000000000
62736  17.958  -16.553  53.046 0.0000000000
62737  17.228  -16.907  52.615 0.0000000000
62738  16.449  -17.073  52.567 0.0000000000
62750  16.204  -17.254  51.438 0.0000000000
62739  16.002  -17.218  52.127 0.0000000000
62725  15.747  -17.085  52.871 0.0000000000
61390  14.997  -17.197  52.780 0.0000000000
61391  14.335  -17.175  53.048 0.0000000000
61392  13.508  -17.081  53.005 0.0000000000
62728  12.998  -16.912  53.529 0.0000000000
145961  30.789  -11.636  32.269 0.0000000000
145589  29.898  -11.734  33.127 0.0000000000
166607  30.474  -11.663  33.442 0.0000000000
151859  30.905  -12.048  34.554 0.0000000000
68049  30.883  -12.587  35.766 0.0000000000
68003  31.008  -13.076  37.024 0.0000000000
68092  27.960  -12.679  34.014 0.0000000000
68067  28.923  -12.552  34.829 0.0000000000
146208  28.490  -12.961  36.082 0.0000000000
68051  29.101  -12.740  35.594 0.0000000000
148770  29.852  -13.036  36.595 0.0000000000
68004  30.214  -13.197  37.134 0.0000000000
66909  31.274  -13.757  39.183 0.0000000000
149354  30.783  -13.840  39.525 0.0000000000
66856  30.901  -13.940  40.706 0.0000000000
66886  29.822  -13.865  40.012 0.0000000000
146801  30.588  -13.944  41.412 0.0000000000
66826  31.053  -14.109  42.141 0.0000000000
66804  30.914  -14.119  42.900 0.0000000000
147398  31.042  -14.111  44.233 0.0000000000
66770  30.688  -14.029  44.870 0.0000000000
66888  27.937  -13.592  40.363 0.0000000000
66806  28.873  -13.686  42.334 0.0000000000
149085  28.625  -13.577  43.100 0.0000000000
147385  29.366  -13.769  42.952 0.0000000000
66787  29.844  -13.857  43.591 0.0000000000
67839  30.189  -12.825  47.353 0.0000000000
164884  23.156  -9.098  51.318 0.0000000000
72357  23.934  -8.246  51.955 0.0000000000
64241  16.694  -15.784  55.424 0.0000000000
64227  17.127  -15.143  56.023 0.0000000000
65515  16.824  -13.918  57.424 0.0000000000
65514  17.473  -13.593  57.829 0.0000000000
65513  18.687  -13.607  57.551 0.0000000000
172458  19.310  -14.016  58.413 0.0000000000
64188  19.640  -15.462  58.896 0.0000000000
86287  51.675  0.814  9.023 0.0000000000
86274  52.341  0.901  9.916 0.0000000000
87419  52.660  1.497  10.310 0.0000000000
89701  53.263  4.662  12.422 0.0000000000
88621  51.139  3.437  12.655 0.0000000000
83786  43.900  -1.095  11.545 0.0000000000
83742  43.938  -0.764  14.142 0.0000000000
83741  44.606  -0.537  14.006 0.0000000000
85005  45.287  -0.358  13.831 0.0000000000
145199  46.975  1.045  15.050 0.0000000000
86207  47.487  1.021  15.360 0.0000000000
167091  47.498  0.304  15.561 0.0000000000
81395  45.423  -3.156  17.140 0.0000000000
82547  46.601  -2.630  17.317 0.0000000000
82561  48.130  -2.016  17.028 0.0000000000
84920  49.006  -0.571  19.469 0.0000000000
84908  49.896  -0.088  20.163 0.0000000000
82544  48.726  -1.660  16.933 0.0000000000
83706  49.321  -1.275  16.460 0.0000000000
84941  50.352  -0.727  17.706 0.0000000000
83704  50.789  -0.090  16.558 0.0000000000
80229  39.785  -3.405  21.831 0.0000000000
147979  38.218  -3.695  24.288 0.0000000000
80210  38.731  -3.333  23.647 0.0000000000
151681  39.131  -3.248  24.748 0.0000000000
80199  39.318  -3.070  23.933 0.0000000000
81320  39.973  -3.063  23.101 0.0000000000
81334  40.574  -3.032  22.427 0.0000000000
82470  42.651  -2.080  24.357 0.0000000000
82453  42.588  -2.161  25.061 0.0000000000
83594  43.766  -1.886  25.905 0.0000000000
83581  44.521  -1.456  26.732 0.0000000000
173819  38.046  -12.393  32.308 0.0000000000
69289  37.996  -12.031  30.918 0.0000000000
69288  38.645  -11.674  30.787 0.0000000000
71494  39.921  -10.282  27.653 0.0000000000
71469  40.889  -10.342  29.289 0.0000000000
71482  40.626  -10.167  28.614 0.0000000000
72659  40.312  -9.657  27.390 0.0000000000
154084  40.779  -9.177  27.485 0.0000000000
74000  41.204  -8.936  27.853 0.0000000000
73999  41.693  -8.606  28.226 0.0000000000
67949  43.522  -13.112  39.047 0.0000000000
67969  43.891  -12.687  38.468 0.0000000000
69143  43.926  -12.393  37.856 0.0000000000
69156  44.437  -12.039  37.548 0.0000000000
69177  43.452  -12.043  36.549 0.0000000000
69188  43.697  -11.759  35.847 0.0000000000
70296  44.005  -11.462  35.246 0.0000000000
70306  43.674  -11.279  34.592 0.0000000000
70283  46.062  -10.875  36.853 0.0000000000
71381  46.630  -10.220  36.700 0.0000000000
70293  45.973  -10.592  36.037 0.0000000000
70284  45.450  -11.177  36.423 0.0000000000
70294  45.310  -10.999  35.652 0.0000000000
70305  44.433  -11.079  34.724 0.0000000000
70322  43.403  -11.059  33.905 0.0000000000
71408  43.906  -10.661  33.415 0.0000000000
71430  43.402  -10.186  32.159 0.0000000000
173565  43.189  -9.999  31.618 0.0000000000
72592  44.584  -9.453  32.669 0.0000000000
72604  43.695  -9.635  31.770 0.0000000000
72617  42.874  -9.460  30.611 0.0000000000
173452  43.000  -8.948  30.227 0.0000000000
73981  42.467  -8.547  29.123 0.0000000000
75280  41.938  -7.960  28.006 0.0000000000
75279  42.430  -7.703  28.430 0.0000000000
155044  42.677  -7.174  28.367 0.0000000000
76587  43.074  -6.792  28.635 0.0000000000
75240  44.228  -7.291  30.429 0.0000000000
173048  43.842  -6.880  29.686 0.0000000000
76599  43.165  -5.969  28.292 0.0000000000
77797  43.713  -5.740  28.848 0.0000000000
79011  43.479  -5.095  28.368 0.0000000000
80155  43.648  -4.234  28.468 0.0000000000
76498  47.166  -6.874  34.037 0.0000000000
77759  47.069  -5.518  33.091 0.0000000000
77768  46.172  -5.515  31.976 0.0000000000
77776  45.771  -5.369  31.391 0.0000000000
78994  45.227  -4.737  30.440 0.0000000000
78995  44.776  -4.669  29.928 0.0000000000
80154  44.043  -3.972  29.069 0.0000000000
80162  43.847  -3.286  28.617 0.0000000000
81260  44.205  -2.733  28.929 0.0000000000
82404  44.681  -2.439  29.067 0.0000000000
82412  44.816  -2.096  28.760 0.0000000000
92964  51.599  6.048  0.210 0.0000000000
91967  51.613  5.296  0.541 0.0000000000
91954  51.367  4.765  1.104 0.0000000000
90926  51.997  4.602  0.767 0.0000000000
152183  52.360  4.051  1.149 0.0000000000
89822  53.090  3.480  1.864 0.0000000000
89806  53.465  3.268  2.628 0.0000000000
89788  54.157  3.328  3.203 0.0000000000
91916  53.853  6.010  4.354 0.0000000000
90823  52.432  5.268  5.860 0.0000000000
90837  52.573  4.937  5.046 0.0000000000
90836  53.153  5.537  4.712 0.0000000000
92927  54.254  6.619  4.660 0.0000000000
91893  55.222  6.039  6.355 0.0000000000
62689  14.350  -15.812  55.793 0.0000000000
62711  17.385  -16.463  54.184 0.0000000000
62712  16.633  -16.680  54.092 0.0000000000
64190  17.671  -14.137  58.974 0.0000000000
64200  17.895  -14.786  59.030 0.0000000000
64365  34.441  -15.542  44.350 0.0000000000
65483  14.956  -14.279  59.080 0.0000000000
65497  16.644  -13.741  58.526 0.0000000000
65498  15.898  -13.817  58.419 0.0000000000
65537  20.269  -15.010  55.091 0.0000000000
65672  32.882  -14.840  43.481 0.0000000000
65688  36.303  -15.098  42.392 0.0000000000
65689  35.504  -15.128  42.461 0.0000000000
65690  34.663  -15.054  42.346 0.0000000000
65705  38.478  -14.805  41.976 0.0000000000
65712  32.663  -14.657  42.147 0.0000000000
65723  39.330  -14.447  41.155 0.0000000000
65730  33.610  -14.624  41.352 0.0000000000
66609  18.819  -13.747  58.257 0.0000000000
66615  18.097  -13.501  58.130 0.0000000000
66636  21.357  -14.032  54.472 0.0000000000
66663  19.818  -14.078  51.467 0.0000000000
66702  18.643  -14.233  48.611 0.0000000000
66756  31.743  -14.152  45.688 0.0000000000
66786  30.602  -14.040  43.554 0.0000000000
66788  29.101  -13.688  43.725 0.0000000000
66807  28.176  -13.428  42.477 0.0000000000
66851  35.550  -14.321  40.767 0.0000000000
66880  34.986  -13.839  39.843 0.0000000000
66882  32.502  -13.864  39.756 0.0000000000
66883  31.927  -13.813  39.519 0.0000000000
66901  39.113  -13.860  38.788 0.0000000000
66907  32.532  -13.633  39.169 0.0000000000
66925  36.395  -13.512  38.447 0.0000000000
66937  40.431  -13.461  37.629 0.0000000000
66941  37.472  -13.489  37.707 0.0000000000
67752  22.445  -12.930  54.750 0.0000000000
67920  27.082  -13.100  41.435 0.0000000000
67952  34.424  -13.373  38.938 0.0000000000
67954  33.306  -13.153  38.365 0.0000000000
67955  32.684  -13.302  38.509 0.0000000000
67970  43.269  -12.677  37.823 0.0000000000
67972  41.155  -13.293  37.676 0.0000000000
67975  33.776  -13.015  37.970 0.0000000000
67978  30.684  -13.376  37.731 0.0000000000
67980  29.158  -13.445  37.924 0.0000000000
67992  41.946  -13.089  37.744 0.0000000000
67998  35.515  -13.057  37.361 0.0000000000
68008  26.612  -13.301  37.572 0.0000000000
68026  31.327  -12.783  36.329 0.0000000000
68040  40.546  -12.625  35.848 0.0000000000
68046  34.429  -12.865  35.661 0.0000000000
68060  39.827  -12.483  34.877 0.0000000000
68063  37.099  -13.030  34.404 0.0000000000
68068  28.165  -12.746  34.606 0.0000000000
68088  36.251  -13.081  34.107 0.0000000000
68090  33.772  -12.729  33.579 0.0000000000
68109  37.560  -12.847  33.285 0.0000000000
68111  36.181  -13.041  32.681 0.0000000000
68158  36.644  -12.742  31.123 0.0000000000
68160  35.353  -12.981  31.072 0.0000000000
68180  35.457  -12.924  30.511 0.0000000000
68979  21.352  -12.062  51.720 0.0000000000
68991  20.280  -12.816  50.370 0.0000000000
69020  20.579  -12.088  49.156 0.0000000000
69076  25.788  -11.776  43.409 0.0000000000
69157  43.682  -12.257  37.296 0.0000000000
69159  42.153  -12.638  36.956 0.0000000000
69187  44.312  -11.556  35.765 0.0000000000
69203  42.345  -11.765  34.948 0.0000000000
69204  41.117  -12.049  34.842 0.0000000000
69207  32.444  -12.344  34.722 0.0000000000
69208  31.757  -12.174  34.624 0.0000000000
69223  41.468  -11.739  34.147 0.0000000000
69227  32.924  -12.419  34.051 0.0000000000
69246  39.166  -12.090  32.826 0.0000000000
69266  39.045  -11.707  31.405 0.0000000000
69267  37.840  -12.304  31.721 0.0000000000
70130  21.500  -11.491  51.300 0.0000000000
70222  22.874  -10.304  42.350 0.0000000000
70341  40.494  -11.489  32.509 0.0000000000
70356  39.768  -11.415  31.358 0.0000000000
71211  23.779  -9.384  54.100 0.0000000000
71420  43.647  -10.411  32.782 0.0000000000
71431  42.756  -10.390  31.901 0.0000000000
71443  41.923  -10.362  30.858 0.0000000000
71457  41.144  -10.485  29.979 0.0000000000
71470  40.370  -10.568  29.050 0.0000000000
71493  40.367  -10.064  28.022 0.0000000000
72616  43.300  -9.526  31.177 0.0000000000
72636  42.299  -9.155  29.402 0.0000000000
72649  41.447  -9.238  28.492 0.0000000000
72650  40.855  -9.592  28.096 0.0000000000
73899  45.706  -8.607  33.340 0.0000000000
73916  44.805  -8.712  32.370 0.0000000000
73935  43.885  -8.909  31.315 0.0000000000
73967  42.788  -8.741  29.700 0.0000000000
73998  42.184  -8.294  28.578 0.0000000000
74018  41.434  -8.290  27.619 0.0000000000
74034  40.731  -8.346  26.572 0.0000000000
75165  46.319  -7.552  33.347 0.0000000000
75204  45.143  -7.519  31.757 0.0000000000
75205  44.720  -7.831  31.476 0.0000000000
75224  43.950  -7.833  30.568 0.0000000000
75261  43.290  -7.653  29.541 0.0000000000
76510  46.721  -7.049  33.547 0.0000000000
76539  45.467  -6.906  31.787 0.0000000000
76558  44.653  -6.911  30.685 0.0000000000
76610  41.862  -6.869  27.110 0.0000000000
77786  44.983  -5.339  30.272 0.0000000000
77787  44.585  -5.437  29.854 0.0000000000
79003  43.926  -4.880  28.893 0.0000000000
79021  43.264  -4.547  28.019 0.0000000000
80131  46.826  -4.012  31.973 0.0000000000
80140  45.955  -4.080  31.060 0.0000000000
80148  44.447  -3.888  29.595 0.0000000000
80176  42.010  -3.756  26.874 0.0000000000
80191  39.356  -3.496  25.359 0.0000000000
81245  45.277  -3.188  30.141 0.0000000000
81253  44.521  -2.799  29.302 0.0000000000
81268  43.203  -3.298  27.307 0.0000000000
81292  41.048  -2.255  25.390 0.0000000000
82413  44.358  -2.308  28.536 0.0000000000
82414  44.068  -2.418  28.094 0.0000000000
82421  44.151  -1.831  27.141 0.0000000000
89819  55.037  3.608  1.380 0.0000000000
90908  52.622  3.656  1.613 0.0000000000
90936  55.022  4.091  -0.421 0.0000000000
144863  42.681  -6.593  28.016 0.0000000000
145041  31.544  -13.198  37.656 0.0000000000
145124  32.458  -12.733  36.530 0.0000000000
145129  44.307  -10.135  33.007 0.0000000000
145392  33.760  -12.753  36.018 0.0000000000
145753  30.150  -13.888  40.731 0.0000000000
145962  30.628  -11.586  32.898 0.0000000000
146069  55.933  4.166  2.935 0.0000000000
146320  30.681  -11.812  33.961 0.0000000000
146551  25.916  -13.208  37.578 0.0000000000
147521  16.931  -13.594  58.149 0.0000000000
148226  34.157  -12.840  36.973 0.0000000000
149319  38.678  -13.064  35.747 0.0000000000
149851  14.815  -16.508  54.844 0.0000000000
149867  43.209  -12.966  38.477 0.0000000000
149977  43.476  -6.401  28.894 0.0000000000
150597  18.055  -13.615  57.456 0.0000000000
151214  41.418  -5.138  26.631 0.0000000000
151235  15.276  -13.912  58.256 0.0000000000
152198  38.803  -13.927  39.298 0.0000000000
152720  19.153  -14.557  50.617 0.0000000000
154547  33.128  -14.532  41.254 0.0000000000
154749  37.266  -13.836  39.045 0.0000000000
154861  35.880  -13.125  33.373 0.0000000000
155246  26.798  -12.963  34.062 0.0000000000
155643  34.615  -12.995  33.516 0.0000000000
156750  45.159  -1.072  27.000 0.0000000000
157358  42.599  -5.034  27.425 0.0000000000
157414  43.296  -2.244  25.942 0.0000000000
158021  46.232  -3.467  31.117 0.0000000000
158314  22.297  -10.056  49.201 0.0000000000
158520  44.232  -3.229  29.238 0.0000000000
158825  44.355  -6.073  29.802 0.0000000000
163147  37.987  -14.638  41.692 0.0000000000
163151  19.168  -13.990  49.565 0.0000000000
165302  37.537  -12.947  33.940 0.0000000000
165325  31.663  -14.289  44.237 0.0000000000
167562  30.610  -14.026  42.474 0.0000000000
167755  35.995  -13.051  35.776 0.0000000000
168051  25.617  -13.035  39.224 0.0000000000
168070  31.954  -12.708  36.235 0.0000000000
168506  31.325  -12.088  34.575 0.0000000000
168641  33.188  -13.420  38.929 0.0000000000
171426  25.821  -13.224  38.528 0.0000000000
171889  33.606  -12.684  34.372 0.0000000000
172153  34.906  -13.070  33.008 0.0000000000
173335  30.075  -13.735  38.890 0.0000000000
173385  47.007  -0.717  25.298 0.0000000000
174130  37.877  -3.807  24.072 0.0000000000
174237  48.001  -1.083  11.386 0.0000000000
174614  16.275  -17.173  50.871 0.0000000000
174800  22.366  -11.217  46.341 0.0000000000
174904  21.970  -11.217  42.635 0.0000000000
174906  42.579  -8.028  28.896 0.0000000000
