#!ascii label  , from subject sub-v2s13x29134_ses-1 vox2ras=TkReg
641
74817  15.628  -8.194  -32.473 0.0000000000
84358  21.901  -1.673  -39.653 0.0000000000
94390  16.684  6.913  -43.122 0.0000000000
90338  12.202  3.756  -39.516 0.0000000000
69985  17.752  -11.984  -29.960 0.0000000000
73534  20.901  -9.435  -33.102 0.0000000000
78668  18.348  -6.208  -36.943 0.0000000000
84343  15.689  -1.181  -38.333 0.0000000000
89266  19.799  2.180  -42.425 0.0000000000
96331  22.799  8.473  -43.230 0.0000000000
99659  15.816  11.152  -43.320 0.0000000000
72247  16.889  -10.356  -31.539 0.0000000000
71094  19.086  -10.955  -31.334 0.0000000000
73550  18.406  -9.577  -33.649 0.0000000000
81946  15.058  -2.972  -36.071 0.0000000000
85615  13.028  -0.437  -36.655 0.0000000000
92417  14.616  4.862  -41.027 0.0000000000
89253  16.429  2.382  -41.535 0.0000000000
91444  17.796  4.439  -43.380 0.0000000000
93419  21.394  5.307  -43.325 0.0000000000
160595  20.387  6.941  -43.520 0.0000000000
170907  14.150  14.634  -41.969 0.0000000000
173618  12.962  11.010  -41.836 0.0000000000
102005  16.037  13.627  -44.262 0.0000000000
80894  20.039  -4.225  -38.824 0.0000000000
78666  21.894  -6.377  -36.970 0.0000000000
81957  23.836  -3.375  -37.585 0.0000000000
94358  14.013  6.888  -40.842 0.0000000000
88127  23.839  1.266  -40.583 0.0000000000
77412  14.993  -6.145  -33.318 0.0000000000
76159  16.992  -7.396  -34.485 0.0000000000
78653  16.094  -5.320  -35.214 0.0000000000
81960  17.032  -3.459  -37.377 0.0000000000
84377  18.975  -1.271  -40.111 0.0000000000
167731  13.905  0.737  -39.105 0.0000000000
86904  17.523  0.068  -40.345 0.0000000000
86900  20.309  0.745  -41.177 0.0000000000
90352  22.681  3.020  -42.036 0.0000000000
96304  13.840  9.560  -42.015 0.0000000000
96338  15.948  8.776  -43.102 0.0000000000
102032  19.088  13.394  -44.739 0.0000000000
99655  18.953  11.198  -43.661 0.0000000000
97394  20.210  9.158  -43.513 0.0000000000
98545  22.193  10.065  -44.642 0.0000000000
76167  20.428  -7.870  -35.464 0.0000000000
76118  15.015  -7.767  -32.007 0.0000000000
74788  14.901  -8.708  -30.921 0.0000000000
73525  16.437  -9.673  -31.858 0.0000000000
73524  17.175  -10.076  -32.277 0.0000000000
74815  17.117  -8.977  -33.240 0.0000000000
93404  15.465  5.807  -42.361 0.0000000000
173397  16.546  4.807  -42.649 0.0000000000
93443  18.094  6.066  -43.676 0.0000000000
93442  18.906  5.776  -43.970 0.0000000000
94388  18.319  6.734  -43.833 0.0000000000
103098  16.202  14.084  -42.158 0.0000000000
103104  14.971  14.002  -43.728 0.0000000000
147640  16.973  14.023  -43.466 0.0000000000
81987  21.263  -2.834  -38.934 0.0000000000
80876  22.276  -3.680  -37.764 0.0000000000
83124  23.081  -2.563  -38.773 0.0000000000
93376  13.439  6.249  -39.732 0.0000000000
94344  13.035  7.017  -39.569 0.0000000000
71067  16.353  -11.328  -29.585 0.0000000000
69955  16.622  -12.412  -28.937 0.0000000000
69953  18.290  -12.377  -28.574 0.0000000000
71064  19.287  -11.392  -29.484 0.0000000000
72244  20.340  -10.206  -31.948 0.0000000000
148883  20.805  -10.161  -30.717 0.0000000000
78635  15.743  -5.592  -34.592 0.0000000000
79788  14.980  -4.498  -34.434 0.0000000000
83111  14.999  -1.917  -36.963 0.0000000000
81945  15.791  -3.193  -36.437 0.0000000000
83109  16.472  -2.338  -37.555 0.0000000000
81991  18.479  -2.416  -39.307 0.0000000000
83144  17.367  -1.370  -39.396 0.0000000000
88106  12.438  1.302  -38.252 0.0000000000
88131  12.944  2.037  -39.400 0.0000000000
89268  18.225  2.268  -42.328 0.0000000000
88148  16.340  1.375  -40.606 0.0000000000
88162  18.583  0.847  -41.485 0.0000000000
86902  18.902  -0.062  -40.841 0.0000000000
156248  20.451  1.419  -41.780 0.0000000000
88158  21.869  1.692  -42.071 0.0000000000
89264  21.280  2.349  -42.641 0.0000000000
94383  22.261  6.692  -43.652 0.0000000000
93417  22.863  5.428  -43.154 0.0000000000
99650  14.029  11.360  -42.696 0.0000000000
97381  12.898  10.087  -42.097 0.0000000000
97388  13.268  9.654  -42.435 0.0000000000
96321  14.563  9.393  -42.426 0.0000000000
98541  16.394  10.190  -43.403 0.0000000000
98537  19.959  10.044  -43.576 0.0000000000
98547  21.264  10.147  -45.037 0.0000000000
97393  21.124  8.932  -43.982 0.0000000000
77437  17.624  -6.860  -35.660 0.0000000000
76169  18.666  -7.841  -35.611 0.0000000000
77448  19.751  -6.839  -36.290 0.0000000000
79801  23.029  -5.348  -36.124 0.0000000000
78633  22.529  -6.641  -35.444 0.0000000000
72216  16.159  -10.644  -29.934 0.0000000000
166201  17.191  -11.240  -30.759 0.0000000000
148879  18.187  -11.696  -30.509 0.0000000000
71110  17.976  -11.105  -31.391 0.0000000000
72257  18.638  -10.312  -32.747 0.0000000000
73536  19.660  -10.049  -33.182 0.0000000000
83076  13.617  -2.238  -35.139 0.0000000000
83112  14.172  -1.705  -36.614 0.0000000000
84345  14.094  -0.776  -37.691 0.0000000000
91407  14.131  3.604  -40.281 0.0000000000
90336  14.298  2.800  -40.245 0.0000000000
91415  15.231  3.574  -41.497 0.0000000000
90367  17.024  3.353  -42.492 0.0000000000
90376  18.864  3.494  -43.327 0.0000000000
90362  20.913  3.363  -43.284 0.0000000000
91442  20.123  4.446  -43.887 0.0000000000
93440  20.422  5.791  -43.736 0.0000000000
95351  21.821  7.333  -43.791 0.0000000000
101973  13.745  13.203  -40.622 0.0000000000
101992  13.750  13.608  -42.266 0.0000000000
100837  14.453  13.430  -43.694 0.0000000000
151363  15.739  12.454  -43.714 0.0000000000
170946  19.576  -5.031  -38.477 0.0000000000
78685  20.568  -6.061  -37.920 0.0000000000
79842  20.998  -5.474  -38.535 0.0000000000
80852  22.930  -4.418  -36.850 0.0000000000
91409  11.204  4.973  -39.374 0.0000000000
92418  13.880  5.449  -40.189 0.0000000000
93391  14.591  5.727  -41.370 0.0000000000
93423  15.143  6.782  -42.428 0.0000000000
71063  19.836  -10.921  -29.982 0.0000000000
85650  22.930  -0.328  -40.445 0.0000000000
84357  23.680  -1.445  -39.585 0.0000000000
76131  15.356  -7.492  -32.755 0.0000000000
76144  16.497  -7.437  -33.915 0.0000000000
77410  16.086  -6.820  -33.978 0.0000000000
78634  16.350  -5.995  -34.874 0.0000000000
78670  16.986  -5.442  -36.104 0.0000000000
80839  15.504  -3.666  -35.802 0.0000000000
79814  16.675  -4.679  -36.318 0.0000000000
79828  17.631  -4.883  -37.298 0.0000000000
80879  18.736  -4.205  -38.902 0.0000000000
82001  19.860  -2.733  -39.686 0.0000000000
160691  20.185  -2.091  -39.824 0.0000000000
85630  13.628  -0.116  -37.968 0.0000000000
150546  14.668  -0.083  -38.848 0.0000000000
89228  14.497  2.016  -40.195 0.0000000000
86885  15.018  0.636  -39.710 0.0000000000
85637  17.232  -0.864  -39.899 0.0000000000
85655  17.489  -1.078  -41.132 0.0000000000
85653  19.636  -0.750  -40.429 0.0000000000
85651  21.511  -0.318  -40.456 0.0000000000
86897  22.798  0.808  -41.017 0.0000000000
89236  23.400  2.271  -41.292 0.0000000000
91432  22.061  4.238  -42.729 0.0000000000
95317  14.213  8.564  -41.844 0.0000000000
95316  14.787  8.180  -42.269 0.0000000000
95357  16.196  8.058  -43.190 0.0000000000
170899  17.769  13.165  -44.158 0.0000000000
100834  17.421  12.418  -43.945 0.0000000000
99667  18.878  11.955  -43.910 0.0000000000
99657  17.372  11.360  -43.769 0.0000000000
156783  17.305  9.777  -43.617 0.0000000000
161863  18.410  8.835  -43.497 0.0000000000
167437  18.348  7.983  -43.631 0.0000000000
95353  19.960  7.612  -43.535 0.0000000000
95366  21.681  8.149  -44.010 0.0000000000
96347  22.459  8.623  -43.844 0.0000000000
74844  17.863  -8.364  -34.384 0.0000000000
74842  19.473  -8.974  -34.420 0.0000000000
74841  20.372  -8.865  -34.437 0.0000000000
77446  21.279  -7.169  -36.718 0.0000000000
76154  21.466  -8.235  -34.828 0.0000000000
74804  14.752  -8.021  -31.254 0.0000000000
74803  15.279  -8.468  -31.707 0.0000000000
73526  15.665  -9.175  -31.389 0.0000000000
74802  16.047  -8.923  -32.146 0.0000000000
73539  16.758  -9.393  -32.597 0.0000000000
74816  16.416  -8.575  -32.880 0.0000000000
160802  16.370  6.378  -42.825 0.0000000000
92452  16.661  5.519  -42.870 0.0000000000
93444  17.179  6.216  -43.138 0.0000000000
94389  17.510  6.824  -43.498 0.0000000000
83139  21.527  -2.289  -39.216 0.0000000000
81986  22.200  -2.680  -38.840 0.0000000000
83138  22.538  -2.116  -39.217 0.0000000000
71066  17.039  -11.862  -29.930 0.0000000000
69968  16.710  -11.967  -29.422 0.0000000000
69967  17.279  -12.238  -29.443 0.0000000000
69954  17.485  -12.637  -28.909 0.0000000000
69966  18.018  -12.228  -29.323 0.0000000000
71054  18.776  -11.852  -28.974 0.0000000000
71065  18.483  -11.793  -29.832 0.0000000000
73523  21.028  -9.661  -32.128 0.0000000000
145576  21.373  -9.598  -31.336 0.0000000000
73522  21.804  -9.297  -31.777 0.0000000000
74801  22.307  -8.875  -32.224 0.0000000000
78636  15.204  -5.180  -34.226 0.0000000000
84331  15.325  -1.549  -37.621 0.0000000000
83110  15.739  -2.125  -37.254 0.0000000000
83127  16.113  -1.708  -37.905 0.0000000000
83126  16.918  -1.900  -38.311 0.0000000000
84342  16.596  -1.291  -38.808 0.0000000000
89218  11.504  2.390  -39.175 0.0000000000
89230  12.367  2.703  -39.582 0.0000000000
89267  19.027  2.157  -42.350 0.0000000000
89252  17.946  1.666  -41.865 0.0000000000
89251  19.444  1.538  -41.945 0.0000000000
88161  19.151  0.956  -41.659 0.0000000000
89250  20.158  1.697  -42.006 0.0000000000
89249  20.949  1.832  -42.224 0.0000000000
89265  20.588  2.231  -42.561 0.0000000000
95350  22.801  7.642  -43.313 0.0000000000
94369  22.830  6.815  -43.335 0.0000000000
99649  14.807  10.749  -42.741 0.0000000000
98542  15.511  10.237  -42.998 0.0000000000
98548  20.484  10.441  -44.244 0.0000000000
98552  21.284  10.790  -45.590 0.0000000000
97407  21.622  10.093  -45.211 0.0000000000
77450  17.999  -6.615  -36.368 0.0000000000
77436  18.358  -7.253  -36.030 0.0000000000
77449  18.884  -6.816  -36.650 0.0000000000
79800  23.664  -4.969  -35.806 0.0000000000
78648  23.365  -5.560  -35.413 0.0000000000
73507  16.129  -9.866  -31.050 0.0000000000
72233  15.756  -10.018  -30.240 0.0000000000
71097  16.634  -10.620  -30.720 0.0000000000
72232  17.363  -10.928  -31.225 0.0000000000
72246  17.737  -10.611  -31.853 0.0000000000
73538  17.472  -9.733  -32.938 0.0000000000
72258  17.916  -10.257  -32.574 0.0000000000
73537  18.188  -9.944  -33.188 0.0000000000
72256  19.216  -10.278  -32.807 0.0000000000
72267  18.934  -9.972  -33.404 0.0000000000
84334  13.081  -0.899  -36.218 0.0000000000
84315  13.385  -1.438  -36.107 0.0000000000
84333  13.635  -1.066  -36.902 0.0000000000
84332  14.522  -1.358  -37.332 0.0000000000
91416  14.687  3.987  -40.947 0.0000000000
91426  15.151  4.409  -41.571 0.0000000000
92438  17.097  4.689  -42.968 0.0000000000
91437  16.741  4.130  -42.616 0.0000000000
91436  17.397  3.894  -42.891 0.0000000000
90366  17.759  3.091  -42.667 0.0000000000
91443  18.546  4.201  -43.593 0.0000000000
172032  19.351  4.100  -43.723 0.0000000000
171142  18.907  4.554  -43.884 0.0000000000
94386  19.942  6.311  -43.839 0.0000000000
94385  20.786  6.378  -43.511 0.0000000000
94384  21.595  6.539  -43.638 0.0000000000
160465  21.147  6.948  -43.634 0.0000000000
147412  14.834  14.630  -41.414 0.0000000000
160458  14.066  14.580  -40.504 0.0000000000
103088  13.768  14.506  -40.951 0.0000000000
101986  13.551  14.007  -41.449 0.0000000000
103100  13.820  14.529  -41.742 0.0000000000
103113  15.649  13.852  -44.139 0.0000000000
102006  15.178  13.555  -44.138 0.0000000000
169922  14.726  12.806  -43.798 0.0000000000
79844  19.863  -4.737  -38.683 0.0000000000
79843  20.573  -5.242  -38.718 0.0000000000
80878  20.629  -4.232  -38.125 0.0000000000
81958  23.081  -3.492  -37.740 0.0000000000
80864  22.615  -4.104  -37.352 0.0000000000
80863  23.406  -3.869  -37.177 0.0000000000
80851  23.747  -4.241  -36.644 0.0000000000
92409  12.819  5.027  -39.558 0.0000000000
93392  14.149  6.148  -40.869 0.0000000000
93406  14.591  6.625  -41.779 0.0000000000
94363  14.890  7.398  -42.251 0.0000000000
71082  19.013  -11.354  -30.487 0.0000000000
72231  19.702  -10.782  -30.857 0.0000000000
72215  21.108  -10.177  -30.077 0.0000000000
86882  23.236  0.193  -40.709 0.0000000000
77396  14.747  -6.352  -32.538 0.0000000000
77395  15.158  -6.814  -33.024 0.0000000000
76145  15.766  -7.166  -33.451 0.0000000000
77411  15.543  -6.524  -33.696 0.0000000000
78652  16.681  -5.730  -35.498 0.0000000000
79802  16.471  -5.131  -35.739 0.0000000000
81929  14.763  -3.314  -35.372 0.0000000000
80840  15.129  -4.090  -35.063 0.0000000000
81944  16.433  -3.371  -36.849 0.0000000000
80853  16.794  -4.047  -36.880 0.0000000000
79829  17.127  -4.595  -36.949 0.0000000000
80866  17.431  -4.214  -37.525 0.0000000000
79846  18.501  -4.744  -38.324 0.0000000000
80880  18.068  -4.201  -38.279 0.0000000000
83142  18.860  -1.998  -39.696 0.0000000000
81990  19.069  -2.882  -39.428 0.0000000000
83152  19.545  -2.415  -39.763 0.0000000000
167484  20.275  -2.527  -39.573 0.0000000000
84376  19.653  -1.322  -40.185 0.0000000000
86873  13.267  0.869  -38.645 0.0000000000
86862  12.923  0.597  -37.883 0.0000000000
172063  13.499  0.376  -38.306 0.0000000000
86872  13.997  0.229  -38.652 0.0000000000
148057  14.497  0.410  -39.213 0.0000000000
89239  15.061  2.449  -40.641 0.0000000000
166535  15.893  2.116  -40.881 0.0000000000
88147  17.391  0.884  -40.769 0.0000000000
88128  15.815  0.870  -40.146 0.0000000000
149576  16.906  0.075  -40.037 0.0000000000
86884  15.957  0.136  -39.755 0.0000000000
86883  17.054  -1.193  -41.045 0.0000000000
85657  16.687  -1.563  -40.978 0.0000000000
86903  17.334  -1.063  -41.328 0.0000000000
86901  19.518  0.413  -41.167 0.0000000000
85669  19.036  -0.242  -40.713 0.0000000000
85668  19.915  0.046  -40.808 0.0000000000
85652  20.549  -0.541  -40.427 0.0000000000
85667  20.846  0.284  -40.790 0.0000000000
85666  21.756  0.363  -40.813 0.0000000000
86899  21.229  0.859  -41.185 0.0000000000
89247  22.297  2.172  -42.028 0.0000000000
89237  22.734  1.852  -41.673 0.0000000000
89246  22.977  2.647  -41.711 0.0000000000
90344  23.755  3.053  -41.563 0.0000000000
90351  23.358  3.203  -42.097 0.0000000000
91433  21.283  4.255  -43.108 0.0000000000
156055  21.589  3.478  -42.765 0.0000000000
92436  21.802  4.863  -43.066 0.0000000000
99637  12.864  11.233  -41.465 0.0000000000
155049  12.758  9.701  -42.512 0.0000000000
97373  13.059  10.281  -40.795 0.0000000000
97354  13.230  9.524  -40.157 0.0000000000
96263  13.324  8.553  -40.018 0.0000000000
96289  13.715  9.007  -41.086 0.0000000000
97387  15.228  9.123  -42.796 0.0000000000
95336  14.971  8.441  -42.529 0.0000000000
96320  15.351  8.532  -42.800 0.0000000000
95335  15.497  7.899  -42.778 0.0000000000
103120  18.682  13.749  -44.286 0.0000000000
100846  18.402  13.267  -44.280 0.0000000000
100833  18.265  12.526  -44.055 0.0000000000
99673  19.809  11.597  -44.646 0.0000000000
100844  19.371  12.069  -44.441 0.0000000000
99666  19.439  11.461  -44.026 0.0000000000
99656  18.238  11.706  -43.766 0.0000000000
98539  18.108  10.698  -43.587 0.0000000000
98538  19.092  10.361  -43.489 0.0000000000
97395  19.246  9.440  -43.391 0.0000000000
96335  19.378  8.397  -43.474 0.0000000000
159262  19.009  7.480  -43.695 0.0000000000
97402  21.775  9.538  -44.668 0.0000000000
96349  21.624  8.855  -44.283 0.0000000000
96348  21.965  8.751  -44.120 0.0000000000
97401  22.293  9.362  -44.210 0.0000000000
76143  17.206  -7.921  -34.129 0.0000000000
76168  19.490  -7.828  -35.495 0.0000000000
74851  19.038  -8.384  -35.077 0.0000000000
76156  19.925  -8.334  -34.926 0.0000000000
76155  20.818  -8.379  -34.918 0.0000000000
78667  21.412  -6.658  -37.151 0.0000000000
77456  20.939  -6.632  -37.189 0.0000000000
77445  21.701  -7.069  -36.649 0.0000000000
77421  22.791  -6.675  -34.623 0.0000000000
77422  22.215  -7.186  -34.976 0.0000000000
77409  22.475  -7.210  -34.146 0.0000000000
76142  21.723  -8.379  -34.099 0.0000000000
73551  17.789  -9.347  -33.516 0.0000000000
92427  15.059  5.264  -41.804 0.0000000000
92426  15.622  4.867  -42.080 0.0000000000
92439  16.078  5.231  -42.475 0.0000000000
92451  17.547  5.348  -43.281 0.0000000000
92450  18.450  5.055  -43.710 0.0000000000
159979  19.090  6.373  -44.017 0.0000000000
94387  19.508  6.913  -43.738 0.0000000000
165231  16.087  14.232  -41.013 0.0000000000
103099  14.874  14.315  -42.726 0.0000000000
146983  15.765  14.080  -43.664 0.0000000000
146109  16.372  13.827  -44.174 0.0000000000
81988  20.533  -3.088  -39.369 0.0000000000
81975  20.964  -3.412  -38.527 0.0000000000
159187  21.783  -3.183  -38.235 0.0000000000
81974  22.707  -3.087  -38.305 0.0000000000
81973  23.516  -2.980  -38.204 0.0000000000
72202  15.760  -10.760  -29.427 0.0000000000
71068  15.743  -11.112  -29.036 0.0000000000
71055  16.171  -11.673  -29.036 0.0000000000
69952  19.050  -11.937  -28.151 0.0000000000
167325  19.545  -11.436  -28.582 0.0000000000
72245  19.706  -10.588  -31.686 0.0000000000
72230  20.318  -10.370  -31.147 0.0000000000
72243  20.880  -10.006  -31.330 0.0000000000
78617  14.900  -5.435  -33.563 0.0000000000
78616  15.388  -5.867  -33.972 0.0000000000
79787  15.535  -4.865  -34.855 0.0000000000
83095  15.411  -2.529  -36.662 0.0000000000
81961  16.084  -2.741  -36.987 0.0000000000
81978  17.235  -2.697  -37.907 0.0000000000
163241  17.913  -2.850  -38.551 0.0000000000
83125  17.631  -2.132  -38.855 0.0000000000
83143  17.771  -1.401  -39.758 0.0000000000
83154  17.437  -1.124  -40.591 0.0000000000
88121  12.510  1.728  -38.805 0.0000000000
88120  13.491  1.329  -39.256 0.0000000000
173848  17.146  2.223  -41.891 0.0000000000
88164  17.289  1.609  -41.448 0.0000000000
88163  17.955  0.961  -41.220 0.0000000000
153959  18.405  0.215  -40.903 0.0000000000
148833  18.118  -0.346  -40.667 0.0000000000
88145  18.798  0.350  -41.114 0.0000000000
88144  19.324  0.671  -41.397 0.0000000000
88142  20.787  1.197  -41.558 0.0000000000
88141  21.714  1.305  -41.678 0.0000000000
88159  21.281  1.557  -41.982 0.0000000000
89248  21.704  2.045  -42.377 0.0000000000
90353  22.145  2.659  -42.268 0.0000000000
169907  21.741  5.695  -43.449 0.0000000000
93418  22.208  5.473  -43.387 0.0000000000
93437  22.580  6.064  -43.479 0.0000000000
94368  23.312  6.652  -42.769 0.0000000000
98526  12.935  10.414  -41.846 0.0000000000
99644  13.223  10.822  -42.118 0.0000000000
98525  12.667  9.635  -42.606 0.0000000000
172127  12.667  9.585  -42.530 0.0000000000
98531  14.698  9.797  -42.609 0.0000000000
97398  15.739  9.504  -43.020 0.0000000000
97397  16.527  9.250  -43.428 0.0000000000
99665  20.084  11.087  -44.429 0.0000000000
98549  19.681  10.806  -43.759 0.0000000000
97404  20.842  9.717  -44.051 0.0000000000
97403  21.516  9.495  -44.698 0.0000000000
77424  17.266  -7.113  -35.006 0.0000000000
76158  17.574  -7.727  -34.728 0.0000000000
76170  17.940  -7.548  -35.405 0.0000000000
76177  19.105  -7.392  -36.072 0.0000000000
76176  20.044  -7.340  -35.925 0.0000000000
78665  22.442  -5.861  -36.573 0.0000000000
78650  22.239  -6.573  -36.271 0.0000000000
78649  22.789  -6.016  -35.815 0.0000000000
78632  23.050  -6.123  -35.033 0.0000000000
71084  16.798  -11.278  -30.262 0.0000000000
71083  17.452  -11.661  -30.443 0.0000000000
71096  17.790  -11.422  -30.947 0.0000000000
71095  18.446  -11.296  -31.072 0.0000000000
71109  18.476  -10.881  -31.673 0.0000000000
169557  18.391  -10.548  -32.205 0.0000000000
146663  19.070  -10.593  -32.141 0.0000000000
72255  19.725  -10.346  -32.466 0.0000000000
73535  20.317  -9.946  -32.769 0.0000000000
73548  20.202  -9.615  -33.491 0.0000000000
83075  14.333  -2.619  -35.611 0.0000000000
83097  13.811  -2.031  -35.869 0.0000000000
83096  14.642  -2.306  -36.320 0.0000000000
84344  14.871  -1.004  -38.024 0.0000000000
90337  13.436  3.205  -39.770 0.0000000000
90346  14.824  3.203  -40.834 0.0000000000
90345  15.541  2.825  -41.219 0.0000000000
91425  15.744  4.028  -41.930 0.0000000000
91424  16.346  3.647  -42.253 0.0000000000
90355  16.670  2.857  -42.124 0.0000000000
90354  17.430  2.554  -42.266 0.0000000000
90365  18.538  2.909  -42.758 0.0000000000
90364  19.327  2.828  -42.874 0.0000000000
90363  20.195  2.890  -43.057 0.0000000000
90375  19.566  3.386  -43.370 0.0000000000
91434  20.659  4.084  -43.587 0.0000000000
92437  20.795  4.769  -43.609 0.0000000000
92449  19.386  4.970  -43.995 0.0000000000
92448  20.217  5.171  -43.937 0.0000000000
93438  21.986  6.060  -43.552 0.0000000000
174922  22.554  8.015  -43.634 0.0000000000
101997  13.559  12.638  -42.482 0.0000000000
101991  14.215  14.151  -42.850 0.0000000000
101996  13.914  13.075  -43.079 0.0000000000
100825  13.673  12.014  -42.657 0.0000000000
100824  14.166  12.450  -43.370 0.0000000000
100836  14.853  11.815  -43.260 0.0000000000
100835  16.604  11.821  -43.744 0.0000000000
78687  18.692  -5.750  -37.473 0.0000000000
77458  19.049  -6.254  -37.157 0.0000000000
78686  19.613  -5.760  -37.543 0.0000000000
78700  21.229  -5.745  -38.094 0.0000000000
78683  21.564  -6.009  -37.545 0.0000000000
157962  21.359  -5.040  -38.045 0.0000000000
79826  21.654  -5.426  -37.950 0.0000000000
79812  22.064  -5.650  -37.246 0.0000000000
79811  22.618  -5.128  -36.729 0.0000000000
91408  13.136  4.137  -39.681 0.0000000000
91417  13.997  4.474  -40.198 0.0000000000
93405  14.961  6.032  -42.044 0.0000000000
93422  15.702  6.545  -42.636 0.0000000000
94370  16.043  6.950  -42.833 0.0000000000
71081  20.377  -10.451  -30.366 0.0000000000
84372  23.300  -0.968  -40.106 0.0000000000
154581  22.910  -1.541  -39.696 0.0000000000
76130  16.084  -7.833  -33.179 0.0000000000
77425  16.586  -6.766  -34.537 0.0000000000
77426  15.950  -6.261  -34.286 0.0000000000
77438  16.965  -6.417  -35.226 0.0000000000
78651  17.328  -6.116  -35.852 0.0000000000
78669  17.634  -5.839  -36.505 0.0000000000
171678  14.802  -4.039  -34.556 0.0000000000
79803  15.955  -4.516  -35.603 0.0000000000
80854  16.208  -3.899  -36.291 0.0000000000
79813  17.318  -5.143  -36.692 0.0000000000
78688  17.939  -5.520  -37.120 0.0000000000
79827  18.278  -5.142  -37.682 0.0000000000
79845  19.151  -4.727  -38.726 0.0000000000
79858  19.484  -4.044  -39.210 0.0000000000
81977  18.371  -3.482  -38.768 0.0000000000
80895  19.036  -3.436  -39.354 0.0000000000
146756  19.984  -3.672  -39.553 0.0000000000
83150  20.821  -2.014  -39.686 0.0000000000
85614  13.472  -0.506  -37.340 0.0000000000
85629  14.427  -0.407  -38.333 0.0000000000
84361  15.286  -0.580  -38.743 0.0000000000
89229  13.616  2.339  -39.858 0.0000000000
88130  13.898  1.621  -39.821 0.0000000000
88149  15.401  1.736  -40.369 0.0000000000
88129  14.762  1.301  -40.014 0.0000000000
86886  14.243  0.996  -39.580 0.0000000000
86871  15.213  0.027  -39.278 0.0000000000
85638  16.200  -0.423  -39.393 0.0000000000
84360  16.413  -0.894  -39.103 0.0000000000
163622  17.393  -1.025  -39.969 0.0000000000
84379  16.709  -1.584  -41.140 0.0000000000
167611  18.121  -1.219  -40.326 0.0000000000
85670  18.086  -0.560  -40.629 0.0000000000
85654  18.749  -0.832  -40.375 0.0000000000
84375  20.276  -1.429  -40.122 0.0000000000
84374  21.255  -1.183  -40.118 0.0000000000
84373  22.361  -0.926  -40.215 0.0000000000
173194  22.252  -0.151  -40.520 0.0000000000
166943  22.527  0.314  -40.770 0.0000000000
86896  23.386  0.743  -40.839 0.0000000000
88140  22.454  1.282  -41.492 0.0000000000
88139  23.188  1.423  -41.142 0.0000000000
168960  21.311  2.856  -42.897 0.0000000000
90361  21.729  2.711  -42.633 0.0000000000
92435  22.595  4.843  -43.079 0.0000000000
91423  23.264  3.686  -42.452 0.0000000000
95289  13.775  7.879  -40.700 0.0000000000
94364  14.407  7.565  -41.774 0.0000000000
96303  14.474  9.171  -42.270 0.0000000000
94372  15.142  7.691  -42.539 0.0000000000
95334  16.119  7.448  -42.997 0.0000000000
95356  16.927  7.459  -43.447 0.0000000000
103112  17.290  13.782  -44.087 0.0000000000
102017  17.854  13.597  -44.145 0.0000000000
102004  16.998  13.543  -44.355 0.0000000000
165198  16.582  12.742  -43.949 0.0000000000
100845  18.883  12.669  -44.365 0.0000000000
99658  16.675  10.996  -43.632 0.0000000000
98540  17.142  10.582  -43.713 0.0000000000
157939  18.323  9.717  -43.478 0.0000000000
97396  17.712  9.129  -43.557 0.0000000000
168073  17.104  8.977  -43.648 0.0000000000
96336  17.524  8.404  -43.620 0.0000000000
95355  17.680  7.721  -43.659 0.0000000000
154756  17.686  7.282  -43.652 0.0000000000
95354  18.294  7.323  -43.770 0.0000000000
96334  20.490  8.346  -43.607 0.0000000000
96333  21.275  8.355  -43.950 0.0000000000
95352  20.987  7.650  -43.700 0.0000000000
96332  22.166  8.032  -43.855 0.0000000000
161646  22.497  10.775  -44.272 0.0000000000
98536  22.666  10.276  -43.731 0.0000000000
97392  22.682  9.336  -43.473 0.0000000000
97386  22.959  9.293  -42.648 0.0000000000
74830  16.780  -8.227  -33.562 0.0000000000
74829  17.484  -8.620  -33.813 0.0000000000
74828  18.170  -9.010  -33.997 0.0000000000
76157  18.280  -8.111  -34.967 0.0000000000
74843  18.611  -8.758  -34.534 0.0000000000
73557  18.858  -9.395  -34.017 0.0000000000
73549  19.521  -9.592  -33.787 0.0000000000
74827  20.060  -9.277  -34.023 0.0000000000
74826  20.717  -9.180  -33.843 0.0000000000
77457  19.943  -6.364  -36.892 0.0000000000
77447  20.608  -7.066  -36.582 0.0000000000
77435  20.960  -7.492  -36.107 0.0000000000
77433  21.962  -7.187  -35.879 0.0000000000
76166  21.231  -7.893  -35.510 0.0000000000
74825  21.495  -8.914  -33.541 0.0000000000
83137  23.407  -2.003  -39.209 0.0000000000
83123  23.916  -2.393  -38.621 0.0000000000
74814  21.609  -9.162  -32.658 0.0000000000
74840  21.128  -8.701  -34.290 0.0000000000
76153  21.936  -7.800  -34.525 0.0000000000
77423  21.717  -7.742  -35.399 0.0000000000
77434  21.524  -7.538  -36.171 0.0000000000
78684  21.075  -6.140  -37.721 0.0000000000
78701  20.845  -5.668  -38.492 0.0000000000
78702  20.175  -5.409  -38.449 0.0000000000
79810  23.292  -4.700  -36.346 0.0000000000
79825  22.231  -4.908  -37.283 0.0000000000
79847  17.932  -4.658  -37.848 0.0000000000
80865  21.885  -4.555  -37.582 0.0000000000
80877  21.369  -3.929  -37.774 0.0000000000
81959  17.654  -3.509  -38.046 0.0000000000
81976  20.354  -3.639  -39.241 0.0000000000
81989  20.094  -3.208  -39.625 0.0000000000
83140  20.657  -2.611  -39.384 0.0000000000
83141  20.073  -2.720  -39.598 0.0000000000
83151  19.671  -2.130  -39.896 0.0000000000
83153  18.278  -1.060  -40.179 0.0000000000
84359  16.893  -1.459  -40.418 0.0000000000
84378  16.990  -1.495  -41.045 0.0000000000
85656  16.900  -1.392  -40.932 0.0000000000
85658  17.147  -0.561  -39.979 0.0000000000
85671  17.301  -1.063  -41.370 0.0000000000
86898  22.074  0.868  -41.156 0.0000000000
86905  16.938  0.627  -40.366 0.0000000000
88143  19.967  1.006  -41.462 0.0000000000
88146  17.963  0.071  -40.656 0.0000000000
88157  22.211  1.618  -41.880 0.0000000000
88160  19.715  1.194  -41.691 0.0000000000
89238  16.683  1.693  -41.049 0.0000000000
90350  23.739  3.603  -42.047 0.0000000000
90356  15.958  3.214  -41.798 0.0000000000
91435  18.109  3.666  -43.149 0.0000000000
91438  16.186  4.458  -42.316 0.0000000000
93420  20.784  5.386  -43.585 0.0000000000
93421  16.027  5.915  -42.607 0.0000000000
93439  21.245  5.878  -43.505 0.0000000000
93441  19.671  5.739  -44.047 0.0000000000
94371  15.558  7.259  -42.691 0.0000000000
96337  16.701  8.526  -43.497 0.0000000000
97372  13.408  9.871  -41.476 0.0000000000
97380  13.723  9.999  -42.258 0.0000000000
98532  13.763  10.313  -42.189 0.0000000000
100818  13.134  11.772  -42.013 0.0000000000
148030  13.982  14.727  -41.170 0.0000000000
151144  18.192  -1.509  -39.835 0.0000000000
157312  17.026  7.935  -43.594 0.0000000000
158249  19.229  -1.678  -39.921 0.0000000000
159246  18.769  1.497  -41.950 0.0000000000
160864  23.092  6.059  -43.054 0.0000000000
161314  19.712  -3.248  -39.703 0.0000000000
162057  20.144  3.705  -43.564 0.0000000000
164826  18.809  6.932  -43.903 0.0000000000
165583  22.472  7.406  -43.696 0.0000000000
171805  18.623  6.270  -43.955 0.0000000000
172462  19.115  -5.243  -38.101 0.0000000000
172925  16.647  -2.928  -37.301 0.0000000000
173613  21.300  4.827  -43.227 0.0000000000
174107  17.327  7.600  -43.606 0.0000000000
174276  20.917  2.706  -42.933 0.0000000000
