#!ascii label  , from subject sub-v2s13x29128_ses-1 vox2ras=TkReg
1418
49510  -10.102  -34.688  43.312 0.0000000000
66717  -33.516  -21.811  34.658 0.0000000000
169428  -30.804  -17.565  33.033 0.0000000000
64291  -27.296  -23.041  38.511 0.0000000000
84547  -39.420  -7.669  20.443 0.0000000000
189528  -33.786  -12.864  24.914 0.0000000000
65489  -35.388  -21.278  39.768 0.0000000000
60617  -29.968  -24.981  36.245 0.0000000000
86878  -44.880  -6.083  23.108 0.0000000000
183554  -48.925  -4.357  21.126 0.0000000000
98210  -48.410  2.545  21.656 0.0000000000
77286  -34.340  -12.703  33.589 0.0000000000
76243  -31.004  -14.879  28.735 0.0000000000
162080  -36.095  -12.336  29.838 0.0000000000
161821  -39.332  -12.141  26.262 0.0000000000
61745  -20.523  -24.943  38.643 0.0000000000
45883  -6.357  -37.666  46.029 0.0000000000
71295  -34.824  -18.922  33.247 0.0000000000
76147  -32.702  -14.582  38.382 0.0000000000
64331  -22.921  -23.507  35.293 0.0000000000
63091  -26.349  -24.550  32.579 0.0000000000
97187  -45.734  1.324  15.437 0.0000000000
102916  -51.165  6.525  17.125 0.0000000000
80810  -36.780  -11.131  22.630 0.0000000000
180857  -41.965  -9.756  24.581 0.0000000000
54316  -12.626  -31.813  41.123 0.0000000000
181987  -3.897  -42.235  44.620 0.0000000000
86912  -47.670  -6.090  21.681 0.0000000000
161367  -34.755  -12.582  31.816 0.0000000000
60583  -18.990  -26.379  37.118 0.0000000000
47119  -8.561  -36.424  44.426 0.0000000000
67850  -34.948  -21.272  32.036 0.0000000000
67834  -35.297  -21.286  33.487 0.0000000000
185684  -25.249  -22.316  37.254 0.0000000000
65587  -25.045  -23.059  33.699 0.0000000000
64333  -26.631  -23.412  35.379 0.0000000000
64319  -31.353  -23.132  36.208 0.0000000000
63056  -29.939  -25.008  34.470 0.0000000000
64348  -31.088  -23.028  34.418 0.0000000000
65479  -26.471  -22.918  40.877 0.0000000000
188359  -23.529  -22.963  38.393 0.0000000000
88063  -46.977  -5.227  17.905 0.0000000000
93802  -45.563  -0.921  17.267 0.0000000000
101702  -49.483  5.154  19.584 0.0000000000
77343  -31.852  -13.866  26.372 0.0000000000
78470  -34.915  -12.194  23.130 0.0000000000
80794  -41.108  -11.027  24.362 0.0000000000
58257  -16.329  -27.833  39.139 0.0000000000
185576  -15.120  -28.562  41.076 0.0000000000
185725  -13.713  -30.048  42.299 0.0000000000
55357  -13.606  -30.937  39.495 0.0000000000
41208  -5.861  -41.803  43.277 0.0000000000
65544  -34.752  -21.594  36.727 0.0000000000
67809  -35.615  -20.940  36.226 0.0000000000
70034  -36.304  -19.141  39.563 0.0000000000
61724  -29.153  -24.515  39.443 0.0000000000
61758  -28.135  -25.011  36.649 0.0000000000
180277  -30.982  -25.234  38.887 0.0000000000
63001  -33.097  -23.490  38.840 0.0000000000
86892  -42.282  -6.997  22.269 0.0000000000
88009  -44.239  -5.891  20.942 0.0000000000
162354  -46.742  -5.801  19.569 0.0000000000
91376  -47.086  -3.744  19.972 0.0000000000
94879  -45.903  -0.419  20.370 0.0000000000
94837  -48.114  -0.545  22.093 0.0000000000
76205  -31.933  -14.347  33.836 0.0000000000
75159  -30.282  -15.918  31.210 0.0000000000
191343  -32.315  -13.661  30.942 0.0000000000
77328  -33.541  -13.187  28.578 0.0000000000
78400  -34.637  -12.648  27.423 0.0000000000
163376  -36.574  -12.118  25.912 0.0000000000
177429  -38.102  -12.066  27.552 0.0000000000
60541  -19.336  -26.097  40.000 0.0000000000
59399  -17.558  -27.114  38.323 0.0000000000
101772  -51.568  5.284  11.768 0.0000000000
47067  -5.026  -37.346  45.940 0.0000000000
189682  -34.954  -20.313  31.409 0.0000000000
71280  -33.256  -18.414  33.544 0.0000000000
72557  -34.745  -18.646  36.369 0.0000000000
72536  -33.434  -17.690  36.168 0.0000000000
75097  -31.959  -15.994  35.746 0.0000000000
77270  -33.199  -13.481  35.216 0.0000000000
189201  -27.980  -25.709  34.439 0.0000000000
183736  -22.727  -24.041  40.200 0.0000000000
63024  -21.457  -24.075  36.791 0.0000000000
190347  -46.562  2.652  18.682 0.0000000000
100543  -47.891  4.360  16.460 0.0000000000
100568  -51.295  3.495  14.171 0.0000000000
104149  -53.709  6.192  14.248 0.0000000000
49537  -10.055  -35.555  40.485 0.0000000000
45953  -8.032  -37.712  41.998 0.0000000000
82013  -38.025  -9.673  21.334 0.0000000000
79672  -38.630  -11.579  23.926 0.0000000000
81988  -39.701  -10.594  22.900 0.0000000000
83278  -40.979  -9.012  23.059 0.0000000000
85726  -43.467  -7.446  23.938 0.0000000000
52031  -11.448  -33.168  41.682 0.0000000000
43432  -6.701  -39.170  43.395 0.0000000000
43411  -4.867  -39.509  45.267 0.0000000000
43409  -3.556  -39.684  45.007 0.0000000000
48307  -9.363  -35.661  44.042 0.0000000000
66737  -32.932  -21.818  33.731 0.0000000000
66738  -33.668  -21.756  33.023 0.0000000000
66718  -34.567  -21.760  34.667 0.0000000000
65525  -25.920  -22.336  37.432 0.0000000000
179675  -26.176  -22.537  36.546 0.0000000000
178455  -27.291  -23.478  37.109 0.0000000000
65557  -32.826  -22.180  36.033 0.0000000000
166119  -31.524  -22.734  35.493 0.0000000000
65572  -31.797  -22.307  34.702 0.0000000000
65588  -31.622  -22.459  33.669 0.0000000000
64262  -28.371  -23.831  40.026 0.0000000000
64249  -27.777  -23.273  41.047 0.0000000000
64276  -27.082  -22.944  39.253 0.0000000000
65499  -25.526  -22.538  39.178 0.0000000000
92599  -46.005  -2.356  17.786 0.0000000000
71305  -31.516  -18.687  32.030 0.0000000000
71304  -30.800  -18.246  31.880 0.0000000000
77365  -33.173  -13.123  25.619 0.0000000000
77376  -32.517  -13.540  24.457 0.0000000000
78458  -34.376  -12.571  24.149 0.0000000000
57259  -15.480  -29.017  38.360 0.0000000000
58248  -15.668  -28.120  40.533 0.0000000000
56338  -14.847  -29.286  39.745 0.0000000000
56337  -14.367  -29.744  40.255 0.0000000000
55375  -14.099  -30.469  38.953 0.0000000000
64310  -35.032  -21.459  37.951 0.0000000000
67797  -35.688  -20.779  37.849 0.0000000000
67784  -35.905  -20.222  39.547 0.0000000000
60513  -30.767  -25.197  41.238 0.0000000000
60559  -29.687  -25.260  39.157 0.0000000000
59377  -31.503  -25.348  40.698 0.0000000000
64264  -35.049  -22.306  40.186 0.0000000000
62986  -33.759  -23.417  39.682 0.0000000000
64294  -34.491  -22.358  38.878 0.0000000000
64308  -33.677  -22.235  37.791 0.0000000000
86893  -43.243  -6.729  22.581 0.0000000000
190425  -43.098  -6.195  21.380 0.0000000000
86894  -44.702  -6.028  22.352 0.0000000000
88013  -48.853  -5.969  20.612 0.0000000000
164060  -47.205  -5.902  20.212 0.0000000000
88030  -48.572  -5.693  19.948 0.0000000000
89184  -47.826  -5.124  19.087 0.0000000000
90218  -48.331  -4.019  20.831 0.0000000000
92546  -46.822  -2.318  21.229 0.0000000000
91356  -48.101  -3.021  21.790 0.0000000000
77284  -33.151  -13.260  33.278 0.0000000000
77293  -32.050  -13.772  32.327 0.0000000000
77295  -33.624  -13.044  32.765 0.0000000000
162361  -35.687  -12.320  30.852 0.0000000000
78382  -34.573  -12.820  30.390 0.0000000000
166515  -34.778  -12.799  28.877 0.0000000000
78399  -34.058  -12.933  27.947 0.0000000000
78393  -35.440  -12.569  28.502 0.0000000000
78402  -36.028  -12.233  27.315 0.0000000000
79557  -36.885  -12.194  28.468 0.0000000000
61735  -21.085  -25.048  39.779 0.0000000000
60543  -20.386  -25.849  40.407 0.0000000000
61734  -20.200  -25.426  39.119 0.0000000000
59401  -18.514  -26.705  37.329 0.0000000000
104161  -51.276  6.379  12.516 0.0000000000
105375  -49.891  7.598  12.362 0.0000000000
45882  -5.624  -37.839  46.010 0.0000000000
68927  -35.442  -20.159  32.880 0.0000000000
67857  -34.805  -21.130  31.328 0.0000000000
68934  -35.222  -19.842  32.248 0.0000000000
70087  -34.273  -18.851  32.301 0.0000000000
71294  -34.364  -18.716  33.039 0.0000000000
71240  -35.814  -18.940  38.448 0.0000000000
71258  -35.454  -19.260  36.745 0.0000000000
72527  -35.325  -18.368  37.952 0.0000000000
75048  -33.110  -15.435  38.599 0.0000000000
73829  -33.820  -17.039  37.663 0.0000000000
164733  -32.606  -16.317  37.326 0.0000000000
73847  -32.273  -16.715  36.089 0.0000000000
75082  -32.150  -15.434  36.915 0.0000000000
76179  -32.151  -14.614  35.833 0.0000000000
164631  -32.671  -13.941  37.068 0.0000000000
64366  -26.002  -23.870  32.880 0.0000000000
60599  -28.806  -25.357  36.146 0.0000000000
61786  -27.870  -25.423  35.391 0.0000000000
61788  -28.770  -25.510  35.509 0.0000000000
163335  -29.609  -25.647  33.206 0.0000000000
64246  -23.567  -23.911  40.874 0.0000000000
65536  -23.173  -22.951  36.779 0.0000000000
64289  -22.399  -23.334  37.863 0.0000000000
64316  -22.043  -23.736  36.406 0.0000000000
172890  -21.681  -24.323  35.754 0.0000000000
97118  -47.275  1.438  20.984 0.0000000000
96028  -45.877  0.671  19.598 0.0000000000
98244  -47.678  2.594  20.529 0.0000000000
161347  -50.225  6.254  18.035 0.0000000000
101711  -48.272  4.793  17.830 0.0000000000
191967  -49.399  5.501  16.405 0.0000000000
100550  -49.480  4.501  15.289 0.0000000000
101743  -51.420  5.008  15.597 0.0000000000
164723  -53.116  4.670  14.194 0.0000000000
102937  -52.672  5.573  15.690 0.0000000000
75173  -30.710  -15.298  30.003 0.0000000000
73968  -29.848  -16.638  29.485 0.0000000000
182191  -37.027  -10.211  20.789 0.0000000000
82000  -37.433  -10.185  21.500 0.0000000000
162035  -37.998  -12.104  26.068 0.0000000000
79658  -37.094  -11.946  24.612 0.0000000000
79645  -39.265  -12.052  25.321 0.0000000000
81981  -41.606  -10.329  24.525 0.0000000000
80802  -40.155  -11.066  23.705 0.0000000000
81979  -40.621  -10.498  23.602 0.0000000000
82003  -40.123  -10.125  22.758 0.0000000000
83265  -41.115  -9.405  23.493 0.0000000000
84502  -42.066  -8.087  23.366 0.0000000000
84485  -42.702  -8.753  24.478 0.0000000000
55319  -13.280  -30.630  41.965 0.0000000000
53241  -12.528  -31.644  42.218 0.0000000000
53220  -12.156  -32.135  42.572 0.0000000000
52032  -11.905  -32.733  41.361 0.0000000000
50829  -11.260  -33.883  40.364 0.0000000000
52054  -11.804  -33.490  40.031 0.0000000000
44710  -7.699  -39.193  41.480 0.0000000000
45945  -7.588  -38.155  42.634 0.0000000000
43439  -6.653  -40.091  42.676 0.0000000000
41200  -4.766  -42.091  44.219 0.0000000000
42281  -5.354  -40.706  44.522 0.0000000000
42280  -4.131  -40.930  44.990 0.0000000000
43410  -4.184  -39.451  45.105 0.0000000000
42279  -3.438  -40.919  44.948 0.0000000000
62947  -33.898  -23.897  41.791 0.0000000000
86865  -46.476  -5.879  23.372 0.0000000000
86896  -46.879  -5.943  22.459 0.0000000000
161217  -48.156  -6.138  22.995 0.0000000000
78354  -34.803  -12.461  32.713 0.0000000000
61770  -20.491  -24.999  36.747 0.0000000000
60570  -19.394  -25.886  37.795 0.0000000000
47071  -8.591  -35.855  46.193 0.0000000000
45894  -7.171  -37.286  45.795 0.0000000000
66747  -33.533  -21.891  32.272 0.0000000000
67842  -35.147  -21.228  32.683 0.0000000000
68919  -35.422  -20.440  33.500 0.0000000000
182756  -33.822  -12.850  37.766 0.0000000000
65537  -23.919  -22.648  36.457 0.0000000000
64332  -23.553  -23.130  35.054 0.0000000000
65554  -24.799  -22.599  35.241 0.0000000000
65556  -26.118  -22.970  34.769 0.0000000000
186135  -26.758  -24.155  34.144 0.0000000000
61791  -30.603  -24.110  36.295 0.0000000000
61807  -30.124  -24.703  35.271 0.0000000000
63039  -30.422  -24.178  35.251 0.0000000000
64347  -30.587  -23.841  34.624 0.0000000000
64368  -31.261  -23.173  33.178 0.0000000000
65466  -25.836  -23.066  41.389 0.0000000000
64260  -24.085  -23.353  40.411 0.0000000000
65485  -24.902  -22.887  39.943 0.0000000000
65511  -24.228  -22.626  38.256 0.0000000000
88074  -45.605  -5.699  17.436 0.0000000000
96062  -45.376  0.088  16.592 0.0000000000
100454  -49.739  4.008  22.160 0.0000000000
100495  -48.864  3.990  20.458 0.0000000000
76246  -31.366  -14.291  27.502 0.0000000000
79698  -34.699  -12.304  22.328 0.0000000000
79686  -36.316  -11.631  23.119 0.0000000000
79630  -41.321  -12.209  26.450 0.0000000000
162360  -40.632  -12.016  25.211 0.0000000000
170793  -41.947  -11.749  25.562 0.0000000000
59371  -16.760  -27.176  40.341 0.0000000000
58242  -16.130  -27.520  40.819 0.0000000000
57217  -14.874  -28.370  42.734 0.0000000000
56312  -14.163  -29.513  41.959 0.0000000000
55345  -13.870  -30.221  40.749 0.0000000000
54343  -13.116  -31.408  40.005 0.0000000000
172462  -12.617  -32.600  39.477 0.0000000000
53273  -13.084  -32.437  38.807 0.0000000000
65559  -34.191  -21.925  36.038 0.0000000000
163870  -35.354  -21.643  35.093 0.0000000000
190382  -35.665  -21.302  36.531 0.0000000000
67804  -35.845  -20.222  37.714 0.0000000000
62984  -28.227  -23.895  38.680 0.0000000000
64306  -27.772  -24.008  37.414 0.0000000000
61747  -28.669  -24.784  37.986 0.0000000000
60572  -29.300  -25.280  37.830 0.0000000000
60587  -30.055  -25.187  37.496 0.0000000000
60547  -32.769  -24.423  40.339 0.0000000000
60590  -31.611  -24.525  38.535 0.0000000000
61760  -31.172  -24.243  37.717 0.0000000000
63029  -32.392  -22.868  37.400 0.0000000000
64321  -32.928  -22.313  36.979 0.0000000000
61697  -29.783  -24.260  41.353 0.0000000000
85756  -41.024  -7.318  21.478 0.0000000000
85773  -40.557  -6.745  20.123 0.0000000000
86928  -41.949  -6.249  20.812 0.0000000000
88024  -43.083  -5.746  20.139 0.0000000000
88047  -44.328  -5.693  19.475 0.0000000000
88011  -45.915  -5.812  21.163 0.0000000000
88027  -45.535  -5.776  20.381 0.0000000000
88061  -45.456  -5.699  18.406 0.0000000000
162368  -46.984  -5.585  18.800 0.0000000000
89192  -47.365  -4.877  18.109 0.0000000000
91393  -46.937  -3.798  19.064 0.0000000000
91391  -45.640  -2.838  18.802 0.0000000000
91375  -46.311  -3.098  20.138 0.0000000000
189983  -46.826  -1.083  21.430 0.0000000000
95985  -48.266  1.014  22.084 0.0000000000
93710  -49.192  -1.366  22.841 0.0000000000
98201  -49.185  2.599  22.690 0.0000000000
175256  -31.019  -15.792  33.540 0.0000000000
189073  -30.255  -16.937  32.052 0.0000000000
76222  -30.976  -14.898  31.955 0.0000000000
76227  -31.029  -14.761  31.176 0.0000000000
76233  -31.586  -14.204  29.986 0.0000000000
77306  -33.561  -13.137  31.071 0.0000000000
77315  -32.836  -13.508  29.885 0.0000000000
77321  -32.149  -13.936  28.676 0.0000000000
77330  -32.636  -13.536  27.439 0.0000000000
194753  -33.708  -12.939  26.636 0.0000000000
78437  -34.434  -12.593  25.801 0.0000000000
166027  -35.157  -12.321  25.479 0.0000000000
182949  -36.023  -12.169  26.338 0.0000000000
79627  -37.068  -12.114  26.745 0.0000000000
79604  -38.279  -12.105  27.033 0.0000000000
79578  -39.233  -12.079  27.992 0.0000000000
190444  -40.146  -12.144  27.287 0.0000000000
60540  -18.802  -26.271  40.166 0.0000000000
181093  -19.123  -26.101  38.500 0.0000000000
59386  -18.118  -26.638  38.859 0.0000000000
59385  -17.497  -26.922  39.149 0.0000000000
58258  -16.911  -27.408  38.689 0.0000000000
71307  -33.506  -18.850  32.195 0.0000000000
71279  -32.288  -18.302  33.463 0.0000000000
67817  -35.369  -21.158  34.876 0.0000000000
70067  -35.135  -19.731  35.016 0.0000000000
71269  -34.434  -18.946  34.669 0.0000000000
72538  -34.078  -18.050  36.375 0.0000000000
72571  -33.792  -18.396  34.910 0.0000000000
72570  -33.665  -18.178  34.858 0.0000000000
72568  -31.980  -17.522  34.731 0.0000000000
73874  -31.507  -16.761  34.649 0.0000000000
76191  -31.843  -14.878  34.662 0.0000000000
77269  -32.680  -13.867  34.802 0.0000000000
78316  -33.883  -13.065  34.812 0.0000000000
78301  -34.571  -12.576  36.669 0.0000000000
78307  -34.495  -12.868  35.224 0.0000000000
63025  -27.133  -24.171  35.892 0.0000000000
187974  -27.091  -24.760  34.657 0.0000000000
63071  -26.965  -25.010  33.119 0.0000000000
61805  -29.092  -25.546  34.852 0.0000000000
61821  -28.211  -26.016  33.284 0.0000000000
61723  -21.895  -24.912  40.707 0.0000000000
189995  -21.674  -24.492  39.644 0.0000000000
64258  -22.734  -23.723  39.594 0.0000000000
62998  -22.133  -23.871  39.204 0.0000000000
62996  -20.969  -24.480  38.233 0.0000000000
63023  -21.068  -24.657  36.227 0.0000000000
94891  -45.330  -0.756  19.045 0.0000000000
96040  -45.373  0.611  18.185 0.0000000000
98292  -45.864  2.442  17.135 0.0000000000
190482  -48.030  3.847  19.324 0.0000000000
100530  -47.261  3.877  17.403 0.0000000000
99394  -46.955  3.394  15.969 0.0000000000
99400  -47.786  3.310  14.788 0.0000000000
99412  -49.844  3.036  13.883 0.0000000000
99425  -52.133  2.827  12.643 0.0000000000
100577  -52.761  3.842  13.095 0.0000000000
102961  -53.063  5.859  12.823 0.0000000000
48326  -9.749  -35.129  42.262 0.0000000000
48325  -9.372  -35.643  42.721 0.0000000000
48337  -9.123  -36.390  41.452 0.0000000000
166763  -30.161  -17.776  31.052 0.0000000000
84524  -38.620  -8.611  20.804 0.0000000000
79670  -36.101  -12.060  24.505 0.0000000000
79671  -36.721  -11.809  23.836 0.0000000000
79687  -37.328  -11.447  23.281 0.0000000000
79674  -39.996  -11.510  24.083 0.0000000000
79689  -39.135  -11.268  23.438 0.0000000000
80827  -38.635  -10.758  22.548 0.0000000000
82002  -39.118  -10.380  22.365 0.0000000000
83276  -39.900  -9.618  22.217 0.0000000000
84526  -40.504  -8.028  21.773 0.0000000000
84512  -41.259  -8.221  22.734 0.0000000000
85741  -42.583  -7.300  22.908 0.0000000000
86862  -44.027  -6.701  23.476 0.0000000000
50785  -11.138  -33.251  43.873 0.0000000000
52000  -11.422  -32.954  43.177 0.0000000000
182005  -10.861  -33.774  42.519 0.0000000000
174746  -10.373  -34.614  41.316 0.0000000000
49554  -10.677  -35.453  39.732 0.0000000000
47133  -8.254  -36.801  43.429 0.0000000000
191006  -7.364  -37.730  44.115 0.0000000000
44683  -6.545  -38.365  44.965 0.0000000000
42289  -6.209  -40.592  43.224 0.0000000000
43424  -6.032  -39.464  44.543 0.0000000000
43403  -5.614  -38.616  45.488 0.0000000000
44673  -4.889  -38.385  45.611 0.0000000000
44672  -4.362  -38.428  45.457 0.0000000000
41198  -2.775  -42.039  44.380 0.0000000000
42278  -2.926  -40.748  44.659 0.0000000000
49511  -10.414  -34.328  43.642 0.0000000000
48308  -9.755  -35.131  43.822 0.0000000000
167651  -34.006  -21.729  33.818 0.0000000000
65514  -26.671  -22.597  38.034 0.0000000000
65526  -26.769  -22.818  37.232 0.0000000000
64305  -27.345  -23.255  37.770 0.0000000000
66704  -33.121  -21.991  35.474 0.0000000000
65573  -32.305  -22.211  35.523 0.0000000000
66716  -32.603  -21.939  34.725 0.0000000000
66715  -32.179  -22.042  34.001 0.0000000000
64277  -27.834  -23.530  38.940 0.0000000000
64261  -27.656  -23.413  39.777 0.0000000000
65500  -26.503  -22.542  38.801 0.0000000000
91407  -46.682  -2.946  17.882 0.0000000000
71290  -31.121  -18.202  32.593 0.0000000000
77377  -33.241  -13.098  24.863 0.0000000000
173253  -32.649  -13.391  25.163 0.0000000000
77387  -33.058  -13.213  24.027 0.0000000000
78468  -33.593  -12.910  23.518 0.0000000000
78457  -33.745  -12.877  24.414 0.0000000000
56368  -15.132  -29.630  37.988 0.0000000000
166814  -15.341  -28.843  39.247 0.0000000000
56354  -14.963  -29.438  38.832 0.0000000000
56353  -14.481  -29.880  39.359 0.0000000000
65502  -35.353  -21.218  39.194 0.0000000000
66684  -35.579  -20.845  38.979 0.0000000000
66677  -35.628  -20.798  39.456 0.0000000000
59351  -31.697  -25.176  41.611 0.0000000000
59363  -31.305  -25.298  41.150 0.0000000000
60515  -32.227  -25.244  41.599 0.0000000000
65488  -35.192  -21.778  40.022 0.0000000000
64278  -34.702  -22.548  39.514 0.0000000000
161952  -34.814  -22.100  39.204 0.0000000000
64295  -34.712  -21.968  38.642 0.0000000000
59340  -31.795  -25.154  42.218 0.0000000000
163232  -43.975  -6.456  22.791 0.0000000000
168602  -43.845  -6.274  22.157 0.0000000000
89160  -49.211  -5.116  20.710 0.0000000000
88031  -48.952  -5.575  20.187 0.0000000000
89170  -48.881  -5.059  20.040 0.0000000000
91367  -48.609  -3.671  21.603 0.0000000000
77285  -33.812  -12.954  33.418 0.0000000000
165216  -35.310  -12.513  30.196 0.0000000000
78388  -35.396  -12.572  29.312 0.0000000000
78389  -36.133  -12.359  28.909 0.0000000000
78394  -36.216  -12.271  27.993 0.0000000000
79544  -36.856  -12.260  29.316 0.0000000000
189629  -20.688  -25.116  39.318 0.0000000000
61720  -20.542  -25.495  39.816 0.0000000000
105369  -51.128  7.801  13.035 0.0000000000
105368  -50.540  7.196  12.727 0.0000000000
106519  -50.391  8.040  12.720 0.0000000000
45876  -7.006  -36.795  46.423 0.0000000000
47057  -6.783  -36.803  46.399 0.0000000000
174085  -6.087  -36.820  46.367 0.0000000000
165435  -5.982  -37.882  45.973 0.0000000000
70089  -35.149  -19.435  32.874 0.0000000000
70088  -34.812  -19.100  32.545 0.0000000000
72528  -35.626  -18.645  38.245 0.0000000000
72517  -35.607  -18.192  38.665 0.0000000000
76139  -33.138  -14.688  38.929 0.0000000000
75067  -32.406  -15.380  37.874 0.0000000000
179469  -32.336  -14.398  37.744 0.0000000000
76156  -32.192  -14.625  37.075 0.0000000000
77256  -32.868  -13.863  37.879 0.0000000000
64330  -22.296  -23.934  35.466 0.0000000000
60600  -29.290  -25.333  36.507 0.0000000000
60616  -29.649  -25.230  36.056 0.0000000000
64304  -22.495  -23.296  37.051 0.0000000000
64317  -22.642  -23.342  36.115 0.0000000000
97196  -46.478  1.626  14.386 0.0000000000
98229  -47.842  2.102  21.201 0.0000000000
98228  -47.352  2.041  20.636 0.0000000000
99328  -48.193  2.870  20.967 0.0000000000
102915  -50.517  6.351  17.511 0.0000000000
102914  -49.895  5.998  17.462 0.0000000000
102929  -50.558  6.112  16.858 0.0000000000
101737  -49.928  5.382  15.979 0.0000000000
102935  -50.755  5.616  16.121 0.0000000000
101744  -52.264  4.980  15.422 0.0000000000
102930  -51.719  6.176  16.589 0.0000000000
76238  -31.098  -14.843  29.599 0.0000000000
75181  -30.507  -15.459  29.188 0.0000000000
75188  -30.537  -15.336  28.370 0.0000000000
80825  -36.341  -11.018  21.793 0.0000000000
80824  -35.682  -11.441  21.404 0.0000000000
80840  -36.689  -10.568  21.236 0.0000000000
80826  -37.114  -10.689  22.077 0.0000000000
79644  -38.687  -12.104  25.948 0.0000000000
161818  -38.381  -12.046  25.359 0.0000000000
192232  -41.054  -10.269  23.928 0.0000000000
83256  -41.426  -9.705  24.003 0.0000000000
81980  -40.886  -9.977  23.548 0.0000000000
83257  -42.047  -9.166  24.284 0.0000000000
54317  -12.858  -31.347  41.650 0.0000000000
53240  -12.296  -32.111  41.712 0.0000000000
53257  -12.278  -32.306  40.910 0.0000000000
52044  -11.929  -32.898  40.575 0.0000000000
179549  -7.357  -39.520  41.826 0.0000000000
182299  -4.160  -41.647  44.721 0.0000000000
164397  -4.750  -41.297  44.624 0.0000000000
41199  -3.607  -41.612  44.908 0.0000000000
78341  -35.509  -12.299  33.148 0.0000000000
61769  -20.096  -25.562  36.270 0.0000000000
48296  -9.359  -35.513  45.193 0.0000000000
48285  -9.169  -35.461  45.974 0.0000000000
47085  -8.819  -35.988  45.504 0.0000000000
47084  -8.223  -36.398  45.747 0.0000000000
45918  -7.997  -36.898  44.756 0.0000000000
66746  -32.849  -21.990  32.777 0.0000000000
66739  -34.623  -21.606  33.173 0.0000000000
67843  -35.514  -20.861  33.013 0.0000000000
177221  -35.413  -20.947  33.585 0.0000000000
65524  -24.666  -22.440  36.982 0.0000000000
65538  -24.700  -22.468  36.140 0.0000000000
65540  -26.194  -22.778  35.649 0.0000000000
64346  -26.031  -23.159  34.027 0.0000000000
172336  -26.466  -23.539  34.465 0.0000000000
63027  -30.991  -23.628  36.410 0.0000000000
63040  -30.711  -23.827  35.836 0.0000000000
64367  -30.808  -23.748  33.586 0.0000000000
65595  -31.884  -22.763  32.650 0.0000000000
65468  -27.055  -23.032  41.187 0.0000000000
64236  -27.307  -23.089  41.963 0.0000000000
65467  -26.550  -23.038  41.501 0.0000000000
64235  -26.151  -23.195  42.089 0.0000000000
65478  -25.607  -22.890  40.583 0.0000000000
65486  -25.776  -22.693  39.823 0.0000000000
165284  -24.953  -22.395  37.784 0.0000000000
65512  -24.843  -22.523  38.633 0.0000000000
65523  -23.897  -22.688  37.491 0.0000000000
88075  -46.330  -5.511  17.160 0.0000000000
77329  -31.975  -13.892  27.110 0.0000000000
76254  -31.282  -14.272  26.780 0.0000000000
77342  -31.159  -14.295  26.046 0.0000000000
192361  -34.455  -12.413  22.809 0.0000000000
79685  -35.457  -11.905  22.772 0.0000000000
79631  -42.080  -12.037  26.215 0.0000000000
81962  -43.043  -10.284  25.721 0.0000000000
58249  -16.224  -27.688  39.992 0.0000000000
186104  -15.562  -27.878  41.504 0.0000000000
57216  -14.587  -28.959  42.334 0.0000000000
57224  -14.679  -29.071  41.543 0.0000000000
55358  -13.971  -30.326  39.868 0.0000000000
55344  -13.488  -30.822  40.369 0.0000000000
54342  -12.845  -32.041  39.683 0.0000000000
54352  -13.302  -31.609  39.155 0.0000000000
66697  -34.848  -21.762  36.077 0.0000000000
68880  -35.862  -19.948  38.835 0.0000000000
67798  -35.800  -20.257  37.977 0.0000000000
70040  -35.987  -19.479  38.926 0.0000000000
62985  -28.785  -24.344  39.159 0.0000000000
63000  -28.618  -24.499  38.419 0.0000000000
61736  -28.967  -24.690  38.762 0.0000000000
59402  -29.902  -25.400  39.022 0.0000000000
183069  -29.577  -25.357  38.553 0.0000000000
59420  -29.705  -25.412  38.344 0.0000000000
60586  -29.547  -25.374  37.410 0.0000000000
59422  -30.489  -25.163  38.196 0.0000000000
189536  -34.237  -23.551  41.439 0.0000000000
61711  -33.205  -24.270  40.873 0.0000000000
60575  -32.742  -24.026  39.256 0.0000000000
61762  -32.511  -23.771  38.526 0.0000000000
61761  -31.887  -23.925  38.125 0.0000000000
61775  -31.363  -23.758  37.362 0.0000000000
63016  -32.774  -23.149  38.134 0.0000000000
65527  -34.256  -21.833  37.423 0.0000000000
64322  -33.619  -22.045  37.125 0.0000000000
65543  -34.223  -21.771  36.604 0.0000000000
65542  -33.561  -22.010  36.521 0.0000000000
162552  -29.945  -24.629  40.807 0.0000000000
176796  -29.135  -24.336  39.879 0.0000000000
62970  -28.743  -24.123  39.731 0.0000000000
86908  -41.766  -6.834  21.531 0.0000000000
172689  -41.190  -6.641  20.796 0.0000000000
189020  -43.689  -6.109  21.528 0.0000000000
88008  -43.467  -5.941  20.841 0.0000000000
88025  -43.902  -5.788  20.205 0.0000000000
88046  -43.513  -5.629  19.452 0.0000000000
88026  -44.719  -5.783  20.270 0.0000000000
88001  -46.332  -5.872  21.885 0.0000000000
86911  -47.102  -5.977  21.975 0.0000000000
88028  -46.352  -5.847  20.400 0.0000000000
192455  -45.992  -5.782  19.774 0.0000000000
164151  -45.255  -5.746  19.444 0.0000000000
187114  -46.146  -5.721  19.023 0.0000000000
88062  -46.308  -5.596  18.106 0.0000000000
90242  -48.264  -4.927  19.667 0.0000000000
177747  -47.736  -4.716  18.949 0.0000000000
90249  -47.429  -4.198  18.464 0.0000000000
188430  -46.366  -3.447  19.536 0.0000000000
92529  -47.227  -1.744  21.686 0.0000000000
94836  -47.444  -0.865  21.757 0.0000000000
95984  -47.652  -0.073  21.710 0.0000000000
177837  -48.241  0.234  22.097 0.0000000000
97089  -49.051  1.870  22.842 0.0000000000
75127  -31.375  -14.824  33.293 0.0000000000
75137  -30.982  -15.210  32.724 0.0000000000
77298  -32.124  -13.718  31.508 0.0000000000
76223  -31.435  -14.152  31.700 0.0000000000
76228  -31.643  -14.059  30.868 0.0000000000
77304  -32.226  -13.794  30.318 0.0000000000
188487  -34.042  -12.948  31.653 0.0000000000
78372  -34.334  -12.878  31.071 0.0000000000
78386  -34.054  -13.009  29.889 0.0000000000
77316  -33.454  -13.202  30.261 0.0000000000
77323  -33.466  -13.223  29.457 0.0000000000
77322  -32.828  -13.550  29.052 0.0000000000
77327  -32.762  -13.558  28.216 0.0000000000
78419  -33.901  -12.909  27.218 0.0000000000
78420  -34.422  -12.642  26.603 0.0000000000
168544  -35.217  -12.305  26.174 0.0000000000
78421  -35.438  -12.321  26.900 0.0000000000
192621  -36.988  -12.138  27.771 0.0000000000
79575  -36.717  -12.153  27.270 0.0000000000
79603  -37.518  -12.091  27.245 0.0000000000
79628  -37.772  -12.094  26.647 0.0000000000
171435  -39.719  -12.046  28.532 0.0000000000
79579  -39.997  -12.104  27.828 0.0000000000
171433  -39.500  -12.131  27.358 0.0000000000
185916  -41.242  -12.238  27.093 0.0000000000
177247  -19.886  -26.033  40.414 0.0000000000
60526  -19.513  -26.189  40.707 0.0000000000
60569  -18.818  -26.400  37.898 0.0000000000
59400  -18.180  -26.808  37.958 0.0000000000
48266  -4.996  -36.907  45.957 0.0000000000
70111  -34.421  -19.732  31.210 0.0000000000
71293  -33.762  -18.627  32.915 0.0000000000
71292  -32.911  -18.613  32.833 0.0000000000
67808  -35.611  -21.429  35.653 0.0000000000
66720  -35.533  -21.441  34.944 0.0000000000
67818  -35.520  -20.862  35.624 0.0000000000
71257  -34.957  -18.948  36.048 0.0000000000
70056  -35.296  -19.466  35.896 0.0000000000
71270  -34.806  -19.192  35.212 0.0000000000
70066  -34.862  -19.344  34.348 0.0000000000
71256  -34.469  -18.827  35.499 0.0000000000
73849  -33.735  -17.455  36.945 0.0000000000
73850  -34.063  -17.718  36.809 0.0000000000
72537  -33.849  -17.908  36.225 0.0000000000
72555  -33.819  -18.241  35.620 0.0000000000
72554  -33.753  -18.070  35.521 0.0000000000
72553  -33.195  -17.810  35.457 0.0000000000
72552  -32.476  -17.541  35.313 0.0000000000
73861  -31.989  -16.865  35.393 0.0000000000
75114  -31.278  -16.085  34.290 0.0000000000
75115  -31.653  -15.866  34.926 0.0000000000
163994  -32.586  -14.000  35.577 0.0000000000
193406  -32.182  -14.431  35.128 0.0000000000
77277  -33.285  -13.343  34.421 0.0000000000
186393  -34.451  -12.431  37.444 0.0000000000
78293  -34.018  -12.797  37.076 0.0000000000
170387  -35.104  -12.719  34.809 0.0000000000
65569  -24.239  -22.934  34.716 0.0000000000
185952  -23.849  -23.430  34.392 0.0000000000
64345  -24.523  -23.213  33.977 0.0000000000
63014  -27.958  -24.630  37.013 0.0000000000
64318  -27.441  -24.140  36.698 0.0000000000
63026  -27.653  -24.755  36.301 0.0000000000
63038  -27.405  -24.933  35.456 0.0000000000
182149  -27.590  -25.370  34.684 0.0000000000
63055  -27.090  -24.869  33.951 0.0000000000
61803  -27.617  -25.613  33.798 0.0000000000
61806  -29.736  -25.184  34.988 0.0000000000
61823  -29.618  -25.425  34.122 0.0000000000
62967  -22.425  -24.468  40.567 0.0000000000
62966  -21.979  -24.614  40.238 0.0000000000
62983  -22.277  -24.184  39.943 0.0000000000
64275  -24.038  -23.114  39.648 0.0000000000
64259  -23.321  -23.650  40.107 0.0000000000
64274  -23.369  -23.264  39.237 0.0000000000
64303  -21.950  -23.644  37.380 0.0000000000
64288  -21.995  -23.653  38.315 0.0000000000
62997  -21.503  -24.105  38.764 0.0000000000
63013  -21.414  -23.979  37.812 0.0000000000
63012  -20.953  -24.505  37.255 0.0000000000
92568  -45.560  -1.747  20.015 0.0000000000
93774  -45.379  -1.549  19.279 0.0000000000
94878  -45.475  -0.944  19.859 0.0000000000
98255  -46.112  1.781  19.062 0.0000000000
96027  -45.549  0.658  18.982 0.0000000000
98268  -46.103  2.148  18.531 0.0000000000
98283  -45.693  1.988  17.795 0.0000000000
99376  -46.250  2.705  17.920 0.0000000000
101690  -49.012  4.497  19.926 0.0000000000
100505  -48.400  3.813  19.953 0.0000000000
100506  -48.453  4.320  19.293 0.0000000000
101723  -48.305  4.858  16.953 0.0000000000
163953  -47.791  4.245  17.937 0.0000000000
100531  -47.777  4.407  17.204 0.0000000000
99389  -46.770  3.416  16.864 0.0000000000
100547  -47.538  3.927  16.047 0.0000000000
99395  -47.566  3.666  15.452 0.0000000000
100555  -48.271  3.819  15.193 0.0000000000
100558  -50.817  3.970  14.765 0.0000000000
100566  -49.431  3.532  14.403 0.0000000000
100567  -50.349  3.507  14.321 0.0000000000
99424  -51.240  2.628  13.086 0.0000000000
99414  -51.720  3.093  13.469 0.0000000000
99426  -52.579  3.375  12.602 0.0000000000
186132  -52.175  3.581  13.795 0.0000000000
101753  -53.434  5.384  14.214 0.0000000000
102953  -53.374  5.171  13.421 0.0000000000
188140  -53.485  5.829  13.575 0.0000000000
104155  -52.730  6.821  13.245 0.0000000000
102962  -53.472  6.473  13.551 0.0000000000
49527  -9.952  -35.166  41.413 0.0000000000
175252  -9.454  -35.723  41.922 0.0000000000
48338  -9.598  -35.906  41.043 0.0000000000
73913  -30.314  -16.130  31.802 0.0000000000
73926  -30.069  -16.830  31.182 0.0000000000
83288  -37.532  -9.658  20.697 0.0000000000
84523  -38.121  -9.136  20.727 0.0000000000
83289  -38.615  -9.268  21.377 0.0000000000
78438  -35.842  -12.175  25.828 0.0000000000
78449  -35.208  -12.296  24.657 0.0000000000
79656  -35.850  -12.168  25.257 0.0000000000
184076  -38.031  -11.888  24.629 0.0000000000
169778  -37.720  -11.662  23.909 0.0000000000
79662  -40.945  -11.666  24.771 0.0000000000
79661  -39.873  -12.001  24.932 0.0000000000
79675  -40.539  -11.326  24.133 0.0000000000
80814  -39.915  -10.872  23.355 0.0000000000
80801  -39.692  -11.177  23.569 0.0000000000
80813  -39.462  -10.990  23.186 0.0000000000
80812  -38.881  -11.057  23.029 0.0000000000
80828  -39.201  -10.804  22.846 0.0000000000
83277  -40.487  -9.503  22.692 0.0000000000
84510  -40.170  -8.857  22.028 0.0000000000
84511  -40.758  -8.648  22.457 0.0000000000
85747  -41.042  -7.950  22.191 0.0000000000
85734  -42.750  -7.734  23.555 0.0000000000
86877  -43.317  -7.042  23.187 0.0000000000
85735  -44.087  -6.932  24.087 0.0000000000
191699  -11.751  -32.694  42.709 0.0000000000
53203  -11.859  -32.355  43.314 0.0000000000
52015  -11.321  -33.216  42.443 0.0000000000
50809  -10.989  -33.700  41.944 0.0000000000
50808  -10.630  -34.169  41.588 0.0000000000
50828  -10.981  -34.608  40.047 0.0000000000
47153  -8.941  -36.250  42.444 0.0000000000
174983  -8.670  -36.419  43.131 0.0000000000
47152  -8.359  -36.857  42.659 0.0000000000
44698  -7.121  -38.586  43.055 0.0000000000
45931  -7.422  -37.880  43.470 0.0000000000
44691  -6.885  -38.318  44.017 0.0000000000
44692  -7.099  -37.864  44.731 0.0000000000
43425  -6.385  -38.966  44.290 0.0000000000
41215  -6.218  -41.422  42.860 0.0000000000
42285  -5.806  -41.053  43.662 0.0000000000
42273  -5.047  -40.066  45.072 0.0000000000
43423  -5.614  -39.843  44.843 0.0000000000
43413  -5.787  -39.116  45.090 0.0000000000
43412  -5.342  -39.315  45.289 0.0000000000
43402  -5.172  -38.699  45.544 0.0000000000
192259  -4.459  -38.857  45.319 0.0000000000
44681  -3.928  -39.019  45.140 0.0000000000
45891  -4.082  -38.076  45.383 0.0000000000
41197  -2.725  -41.411  44.430 0.0000000000
47120  -9.012  -36.050  44.204 0.0000000000
66740  -34.831  -21.646  33.830 0.0000000000
166054  -25.401  -22.346  36.712 0.0000000000
171842  -26.869  -23.246  36.367 0.0000000000
64334  -32.149  -22.484  36.176 0.0000000000
64250  -28.489  -23.737  40.726 0.0000000000
168815  -27.891  -23.497  40.410 0.0000000000
65480  -27.244  -23.088  40.548 0.0000000000
65487  -26.622  -22.802  40.039 0.0000000000
161232  -26.320  -22.631  39.416 0.0000000000
65513  -25.779  -22.364  38.326 0.0000000000
89200  -47.241  -4.800  17.169 0.0000000000
93793  -45.750  -1.578  17.510 0.0000000000
71306  -32.486  -18.935  32.053 0.0000000000
77364  -32.409  -13.492  25.845 0.0000000000
186823  -31.693  -13.935  25.696 0.0000000000
77363  -31.919  -13.867  24.978 0.0000000000
78469  -34.266  -12.506  23.281 0.0000000000
78459  -35.004  -12.271  23.865 0.0000000000
57260  -15.859  -28.398  38.746 0.0000000000
58256  -15.766  -28.267  39.633 0.0000000000
57247  -15.220  -28.691  40.141 0.0000000000
178702  -14.754  -29.167  40.653 0.0000000000
55374  -13.804  -31.143  38.601 0.0000000000
65528  -34.639  -21.655  37.460 0.0000000000
65545  -35.218  -21.301  36.926 0.0000000000
165388  -35.541  -20.919  38.206 0.0000000000
67790  -35.665  -20.721  38.462 0.0000000000
68874  -36.064  -19.808  39.420 0.0000000000
193052  -30.028  -24.917  40.349 0.0000000000
60544  -29.625  -24.784  39.860 0.0000000000
59374  -30.316  -25.246  40.283 0.0000000000
59375  -30.551  -25.459  40.243 0.0000000000
162030  -31.237  -25.437  40.228 0.0000000000
62971  -34.312  -23.245  40.458 0.0000000000
62987  -34.379  -23.009  39.925 0.0000000000
63003  -34.200  -22.906  39.345 0.0000000000
191134  -34.004  -22.749  38.835 0.0000000000
63017  -33.495  -22.829  38.397 0.0000000000
64293  -34.068  -22.274  38.270 0.0000000000
64309  -34.571  -21.868  38.114 0.0000000000
59338  -30.990  -24.975  41.930 0.0000000000
190203  -42.770  -6.871  22.464 0.0000000000
86909  -43.056  -6.518  22.010 0.0000000000
86910  -44.490  -5.967  21.648 0.0000000000
86913  -48.421  -6.202  21.320 0.0000000000
163257  -46.880  -5.949  21.209 0.0000000000
88012  -47.719  -6.017  20.845 0.0000000000
88029  -47.980  -5.844  19.969 0.0000000000
88048  -47.572  -5.672  19.409 0.0000000000
88049  -48.152  -5.528  19.494 0.0000000000
90227  -48.056  -4.235  20.098 0.0000000000
91365  -46.996  -3.108  20.829 0.0000000000
91377  -47.676  -3.714  20.593 0.0000000000
92547  -47.471  -2.653  21.525 0.0000000000
92530  -48.099  -2.281  22.096 0.0000000000
77283  -32.404  -13.692  33.162 0.0000000000
175601  -31.787  -14.155  33.017 0.0000000000
77294  -32.897  -13.349  32.561 0.0000000000
77299  -32.671  -13.441  31.931 0.0000000000
165340  -35.019  -12.553  30.982 0.0000000000
78387  -34.696  -12.783  29.622 0.0000000000
78391  -34.131  -12.988  29.146 0.0000000000
194506  -34.246  -12.931  28.543 0.0000000000
78392  -34.743  -12.734  28.179 0.0000000000
78401  -35.396  -12.432  27.722 0.0000000000
79576  -37.578  -12.068  27.984 0.0000000000
60528  -20.833  -25.840  40.917 0.0000000000
61721  -20.969  -25.494  40.342 0.0000000000
60542  -19.867  -25.821  39.740 0.0000000000
58269  -17.051  -27.671  37.890 0.0000000000
190259  -51.494  5.816  12.165 0.0000000000
101771  -50.374  5.346  11.750 0.0000000000
102968  -50.752  5.899  12.148 0.0000000000
104159  -49.385  6.682  12.083 0.0000000000
104167  -48.870  6.878  11.632 0.0000000000
47068  -5.295  -37.324  46.102 0.0000000000
68926  -35.380  -20.717  32.185 0.0000000000
70099  -34.695  -19.413  31.847 0.0000000000
71281  -33.914  -18.541  33.623 0.0000000000
192356  -35.783  -20.016  36.799 0.0000000000
70057  -35.672  -19.813  36.593 0.0000000000
162568  -35.683  -19.498  37.267 0.0000000000
71246  -35.285  -18.825  36.927 0.0000000000
72540  -35.070  -18.493  37.189 0.0000000000
73814  -34.193  -16.746  38.110 0.0000000000
173679  -33.959  -16.039  38.590 0.0000000000
184418  -33.236  -16.400  38.082 0.0000000000
162734  -33.190  -16.939  37.432 0.0000000000
73848  -32.795  -17.047  36.705 0.0000000000
75081  -32.198  -16.195  36.536 0.0000000000
76167  -32.011  -15.324  36.140 0.0000000000
76178  -31.908  -15.156  35.407 0.0000000000
76168  -32.125  -14.790  36.443 0.0000000000
77261  -32.390  -14.178  36.352 0.0000000000
77262  -33.099  -13.541  36.183 0.0000000000
79414  -35.180  -12.213  37.026 0.0000000000
64365  -25.584  -23.276  33.360 0.0000000000
61772  -28.415  -25.227  36.387 0.0000000000
61771  -27.946  -25.193  35.988 0.0000000000
61787  -28.357  -25.412  35.725 0.0000000000
61804  -28.284  -25.627  34.988 0.0000000000
63072  -30.136  -24.990  33.437 0.0000000000
62968  -22.974  -24.163  40.699 0.0000000000
64290  -22.692  -23.334  38.675 0.0000000000
65510  -23.014  -23.085  37.731 0.0000000000
63036  -22.054  -24.639  34.962 0.0000000000
96002  -46.483  0.059  20.861 0.0000000000
96014  -46.114  0.382  20.184 0.0000000000
97129  -46.843  1.627  20.362 0.0000000000
98243  -47.089  2.319  19.975 0.0000000000
99347  -47.121  2.904  19.278 0.0000000000
101701  -48.927  4.895  19.129 0.0000000000
101712  -48.933  5.244  18.314 0.0000000000
101724  -48.804  5.275  17.436 0.0000000000
101736  -48.887  5.205  16.641 0.0000000000
100549  -48.724  4.354  15.556 0.0000000000
101741  -49.207  5.002  15.919 0.0000000000
101749  -50.329  4.479  15.213 0.0000000000
101750  -51.167  4.448  15.223 0.0000000000
100559  -51.822  4.026  14.612 0.0000000000
167106  -51.872  4.545  15.162 0.0000000000
101752  -53.030  5.103  14.977 0.0000000000
175626  -53.232  5.685  15.338 0.0000000000
48357  -9.848  -36.271  40.264 0.0000000000
48356  -9.419  -36.655  40.604 0.0000000000
75160  -30.577  -15.434  30.730 0.0000000000
169571  -30.127  -16.110  30.703 0.0000000000
75172  -30.178  -15.905  29.972 0.0000000000
185335  -29.888  -16.555  28.784 0.0000000000
82012  -36.577  -10.655  20.332 0.0000000000
186871  -37.258  -12.106  26.228 0.0000000000
79657  -36.551  -12.091  25.263 0.0000000000
165292  -37.418  -12.070  25.466 0.0000000000
79659  -38.886  -11.848  24.583 0.0000000000
80795  -41.537  -10.955  24.729 0.0000000000
80804  -41.020  -10.693  24.131 0.0000000000
81989  -40.208  -10.535  23.237 0.0000000000
81990  -40.525  -10.099  23.168 0.0000000000
187080  -40.787  -9.654  23.196 0.0000000000
84501  -41.485  -8.492  23.209 0.0000000000
83266  -41.626  -8.904  23.685 0.0000000000
84493  -42.319  -8.456  23.915 0.0000000000
84494  -42.896  -8.126  24.100 0.0000000000
186630  -13.249  -30.529  42.611 0.0000000000
54308  -12.886  -30.955  42.901 0.0000000000
53221  -12.513  -31.465  42.778 0.0000000000
52016  -11.852  -32.707  42.087 0.0000000000
50818  -11.152  -33.648  41.183 0.0000000000
52043  -11.569  -33.134  41.105 0.0000000000
182212  -11.517  -33.367  40.658 0.0000000000
45952  -7.787  -38.545  41.917 0.0000000000
44704  -7.414  -38.899  42.223 0.0000000000
43440  -7.048  -39.395  42.508 0.0000000000
41207  -5.502  -42.118  43.642 0.0000000000
41201  -5.363  -41.539  43.995 0.0000000000
169761  -4.736  -40.659  44.952 0.0000000000
42272  -4.522  -40.219  45.126 0.0000000000
170960  -4.458  -39.729  45.143 0.0000000000
42271  -3.944  -40.213  45.039 0.0000000000
42270  -3.301  -40.294  44.909 0.0000000000
61686  -33.418  -24.387  42.300 0.0000000000
65470  -35.358  -21.665  41.009 0.0000000000
86879  -45.835  -5.835  23.109 0.0000000000
86895  -45.806  -5.823  22.541 0.0000000000
86880  -46.625  -5.898  22.901 0.0000000000
86881  -47.503  -6.018  22.803 0.0000000000
86897  -47.650  -6.071  22.314 0.0000000000
89161  -49.810  -5.355  21.224 0.0000000000
162212  -49.423  -4.637  21.505 0.0000000000
169817  -49.149  -3.645  22.244 0.0000000000
78340  -34.832  -12.490  33.422 0.0000000000
77296  -34.257  -12.722  33.057 0.0000000000
78355  -35.428  -12.258  32.342 0.0000000000
161703  -35.527  -12.302  31.566 0.0000000000
78373  -36.234  -12.218  31.326 0.0000000000
61757  -20.444  -24.901  37.744 0.0000000000
61744  -20.014  -25.394  38.236 0.0000000000
61756  -19.975  -25.431  37.262 0.0000000000
60584  -19.490  -25.927  36.731 0.0000000000
45886  -7.127  -37.093  46.020 0.0000000000
45893  -6.921  -37.270  46.098 0.0000000000
66748  -34.403  -21.599  32.455 0.0000000000
70080  -35.128  -19.534  33.548 0.0000000000
181579  -33.361  -13.372  38.039 0.0000000000
65552  -23.296  -22.930  35.836 0.0000000000
65553  -24.034  -22.728  35.537 0.0000000000
65570  -24.928  -22.815  34.376 0.0000000000
65539  -25.505  -22.471  35.876 0.0000000000
65555  -25.550  -22.656  34.993 0.0000000000
65571  -25.555  -22.896  34.143 0.0000000000
174620  -26.265  -23.606  33.628 0.0000000000
63070  -26.601  -24.270  33.330 0.0000000000
61790  -30.224  -24.650  36.084 0.0000000000
61789  -29.889  -24.987  35.678 0.0000000000
165038  -30.384  -24.308  35.767 0.0000000000
173795  -30.883  -23.400  35.382 0.0000000000
63057  -30.263  -24.533  34.489 0.0000000000
180042  -30.466  -24.292  33.794 0.0000000000
64247  -24.250  -23.641  41.099 0.0000000000
65477  -24.756  -23.167  40.664 0.0000000000
65497  -24.079  -22.845  38.912 0.0000000000
65498  -24.653  -22.763  39.263 0.0000000000
161550  -44.793  -5.721  17.639 0.0000000000
97186  -45.511  0.592  15.865 0.0000000000
99309  -49.215  3.595  21.762 0.0000000000
99329  -48.725  3.200  21.351 0.0000000000
100475  -49.549  4.213  21.427 0.0000000000
101668  -49.877  4.816  21.074 0.0000000000
104121  -52.012  6.640  16.970 0.0000000000
76244  -31.445  -14.341  28.291 0.0000000000
76245  -30.835  -14.858  27.836 0.0000000000
181054  -30.934  -14.679  27.148 0.0000000000
161820  -40.086  -12.161  26.369 0.0000000000
79646  -40.013  -12.121  25.693 0.0000000000
161819  -40.689  -12.162  26.031 0.0000000000
79647  -41.360  -11.994  25.572 0.0000000000
79663  -41.512  -11.517  25.016 0.0000000000
79664  -42.038  -11.292  25.335 0.0000000000
80796  -42.113  -10.744  25.173 0.0000000000
81971  -42.394  -10.133  25.140 0.0000000000
83250  -43.044  -9.689  25.405 0.0000000000
179438  -43.143  -9.022  25.063 0.0000000000
56322  -14.253  -29.619  41.136 0.0000000000
55332  -13.783  -30.126  41.572 0.0000000000
55331  -13.355  -30.727  41.203 0.0000000000
54329  -13.010  -31.329  40.823 0.0000000000
54328  -12.707  -31.891  40.463 0.0000000000
53266  -12.411  -32.442  40.156 0.0000000000
66705  -33.967  -21.919  35.464 0.0000000000
66706  -34.749  -21.845  35.537 0.0000000000
170812  -35.320  -21.703  35.675 0.0000000000
66699  -35.468  -21.386  36.288 0.0000000000
169452  -35.580  -21.007  36.987 0.0000000000
67803  -35.765  -20.708  37.372 0.0000000000
68890  -35.800  -20.518  36.940 0.0000000000
70045  -35.761  -19.402  37.954 0.0000000000
70023  -36.709  -18.885  40.507 0.0000000000
64292  -27.901  -23.729  38.165 0.0000000000
62999  -28.279  -24.441  37.801 0.0000000000
61746  -28.386  -24.891  37.279 0.0000000000
60571  -29.180  -25.117  38.243 0.0000000000
61759  -28.777  -25.092  37.536 0.0000000000
184632  -28.487  -25.116  36.950 0.0000000000
60585  -28.913  -25.283  36.942 0.0000000000
60602  -30.220  -24.871  36.815 0.0000000000
60516  -32.721  -24.842  41.232 0.0000000000
59378  -32.064  -25.016  40.529 0.0000000000
60560  -32.031  -24.858  39.986 0.0000000000
61737  -33.255  -23.938  39.996 0.0000000000
185577  -32.366  -24.467  39.667 0.0000000000
60573  -31.354  -24.936  38.891 0.0000000000
60589  -31.000  -24.702  38.122 0.0000000000
60603  -30.637  -24.540  37.261 0.0000000000
61773  -30.460  -24.466  36.600 0.0000000000
61774  -30.825  -24.136  36.937 0.0000000000
63028  -31.555  -23.273  36.972 0.0000000000
64320  -32.162  -22.676  36.745 0.0000000000
64307  -33.104  -22.507  37.671 0.0000000000
65541  -32.859  -22.223  36.432 0.0000000000
65558  -33.475  -22.036  36.049 0.0000000000
62945  -29.186  -24.007  41.150 0.0000000000
62959  -28.912  -24.055  40.336 0.0000000000
62969  -28.339  -23.923  39.355 0.0000000000
85755  -40.219  -7.360  20.865 0.0000000000
85772  -39.786  -7.127  19.903 0.0000000000
193879  -40.728  -6.975  20.815 0.0000000000
171927  -42.499  -6.458  21.515 0.0000000000
189371  -42.731  -6.019  20.817 0.0000000000
88023  -42.251  -5.863  20.089 0.0000000000
88000  -45.383  -5.847  21.792 0.0000000000
88010  -45.049  -5.821  21.059 0.0000000000
161806  -44.628  -5.667  18.614 0.0000000000
88064  -47.535  -5.318  18.883 0.0000000000
90250  -47.439  -4.508  18.021 0.0000000000
91399  -46.884  -3.481  18.284 0.0000000000
91398  -46.064  -2.959  18.284 0.0000000000
91392  -46.165  -3.329  18.915 0.0000000000
92587  -45.850  -3.028  19.495 0.0000000000
175533  -45.937  -1.908  20.532 0.0000000000
92545  -46.310  -2.449  20.714 0.0000000000
93737  -46.397  -1.644  21.096 0.0000000000
94859  -46.339  -0.776  21.003 0.0000000000
96003  -47.224  0.552  21.285 0.0000000000
97119  -47.776  1.271  21.568 0.0000000000
97102  -48.247  1.800  21.926 0.0000000000
92531  -48.793  -2.410  22.527 0.0000000000
185822  -48.653  -1.732  22.487 0.0000000000
174991  -48.648  -0.964  22.451 0.0000000000
95986  -48.786  0.650  22.576 0.0000000000
97103  -48.660  1.472  22.473 0.0000000000
99308  -48.929  2.922  22.039 0.0000000000
99297  -49.423  3.323  22.461 0.0000000000
73886  -30.678  -16.661  33.249 0.0000000000
194744  -30.428  -17.041  32.677 0.0000000000
73899  -30.449  -16.342  32.494 0.0000000000
168306  -30.634  -15.611  32.233 0.0000000000
75147  -30.591  -15.410  31.522 0.0000000000
76214  -31.345  -14.400  32.486 0.0000000000
76232  -31.109  -14.771  30.401 0.0000000000
76239  -31.556  -14.319  29.143 0.0000000000
77301  -34.153  -12.845  32.339 0.0000000000
77300  -33.397  -13.158  31.953 0.0000000000
77305  -32.831  -13.387  31.342 0.0000000000
78381  -33.998  -13.023  30.545 0.0000000000
186685  -32.863  -13.417  30.648 0.0000000000
77314  -32.207  -13.896  29.512 0.0000000000
77326  -32.064  -13.922  27.866 0.0000000000
77331  -33.338  -13.194  27.739 0.0000000000
77345  -33.183  -13.150  27.011 0.0000000000
77344  -32.517  -13.490  26.691 0.0000000000
187885  -33.127  -13.144  26.320 0.0000000000
78436  -33.804  -12.910  26.072 0.0000000000
78447  -33.810  -12.863  25.386 0.0000000000
78448  -34.357  -12.602  24.988 0.0000000000
78422  -36.347  -12.166  26.801 0.0000000000
192072  -36.669  -12.122  26.404 0.0000000000
79629  -38.505  -12.115  26.506 0.0000000000
163155  -39.021  -12.137  26.912 0.0000000000
79558  -37.578  -12.105  28.821 0.0000000000
79577  -38.360  -12.048  28.236 0.0000000000
79560  -39.460  -12.044  29.162 0.0000000000
79559  -38.999  -12.044  28.775 0.0000000000
171434  -38.757  -12.089  27.463 0.0000000000
163154  -39.783  -12.156  26.852 0.0000000000
79605  -40.591  -12.189  26.834 0.0000000000
79606  -41.814  -12.241  26.938 0.0000000000
60557  -19.607  -25.766  38.803 0.0000000000
60556  -19.201  -26.066  39.230 0.0000000000
60568  -18.675  -26.376  38.657 0.0000000000
60555  -18.721  -26.317  39.441 0.0000000000
59373  -18.124  -26.520  39.648 0.0000000000
59372  -17.426  -26.807  39.953 0.0000000000
59384  -16.850  -27.297  39.537 0.0000000000
58268  -16.460  -28.015  38.286 0.0000000000
106525  -49.937  8.267  12.164 0.0000000000
105382  -49.511  7.824  11.948 0.0000000000
70098  -34.041  -19.220  31.641 0.0000000000
70097  -33.174  -19.284  31.514 0.0000000000
71291  -31.936  -18.523  32.742 0.0000000000
71278  -31.424  -18.070  33.311 0.0000000000
66719  -35.341  -21.504  34.289 0.0000000000
67816  -35.366  -21.228  34.168 0.0000000000
68905  -35.480  -20.105  35.728 0.0000000000
68904  -35.304  -20.477  34.867 0.0000000000
67835  -35.323  -20.750  34.116 0.0000000000
68920  -35.182  -20.037  34.163 0.0000000000
71283  -34.649  -18.948  33.949 0.0000000000
72539  -34.534  -18.281  36.743 0.0000000000
72525  -34.390  -17.856  37.152 0.0000000000
72556  -34.208  -18.464  35.912 0.0000000000
72572  -34.043  -18.620  35.081 0.0000000000
71268  -34.134  -18.707  34.378 0.0000000000
72585  -33.908  -18.494  34.268 0.0000000000
72584  -33.483  -18.287  34.218 0.0000000000
72569  -32.897  -17.915  34.814 0.0000000000
72583  -32.580  -18.074  34.163 0.0000000000
72582  -31.715  -17.834  33.998 0.0000000000
72581  -31.113  -17.408  33.700 0.0000000000
73873  -31.106  -16.694  33.996 0.0000000000
167283  -31.458  -15.294  34.127 0.0000000000
76192  -32.239  -14.221  34.492 0.0000000000
77276  -32.707  -13.680  33.977 0.0000000000
174078  -33.394  -13.198  33.819 0.0000000000
78327  -34.012  -12.913  34.053 0.0000000000
77257  -33.359  -13.303  37.195 0.0000000000
78300  -33.945  -12.982  36.338 0.0000000000
184727  -34.628  -12.746  35.925 0.0000000000
78306  -33.794  -13.139  35.572 0.0000000000
78317  -34.617  -12.787  34.496 0.0000000000
78328  -34.762  -12.627  33.959 0.0000000000
63054  -26.873  -24.207  35.001 0.0000000000
60630  -29.545  -25.268  35.469 0.0000000000
168026  -28.387  -25.812  34.212 0.0000000000
61822  -29.021  -25.827  33.721 0.0000000000
61820  -27.351  -25.716  32.888 0.0000000000
61707  -21.783  -25.225  41.252 0.0000000000
61722  -21.513  -25.007  40.266 0.0000000000
62982  -21.068  -24.663  39.093 0.0000000000
91397  -45.646  -2.532  18.236 0.0000000000
93786  -45.358  -1.401  18.482 0.0000000000
187402  -45.313  -0.687  18.258 0.0000000000
96013  -45.570  -0.050  19.551 0.0000000000
165527  -45.335  -0.027  18.674 0.0000000000
94901  -45.283  -0.077  17.916 0.0000000000
96051  -45.284  0.401  17.364 0.0000000000
98282  -45.499  1.742  16.996 0.0000000000
185290  -45.736  2.154  16.502 0.0000000000
99348  -48.042  3.177  20.294 0.0000000000
187718  -47.791  3.372  19.642 0.0000000000
99356  -47.507  3.552  18.951 0.0000000000
100519  -48.423  4.671  18.610 0.0000000000
100517  -47.344  3.725  18.179 0.0000000000
99365  -46.911  3.150  18.443 0.0000000000
99388  -46.316  2.974  17.188 0.0000000000
99393  -46.219  2.786  16.403 0.0000000000
98298  -46.438  2.669  15.481 0.0000000000
99399  -47.095  3.060  15.106 0.0000000000
99409  -47.368  2.699  14.395 0.0000000000
99410  -48.106  2.903  14.153 0.0000000000
100556  -49.044  3.953  14.963 0.0000000000
99411  -48.945  2.997  14.002 0.0000000000
99422  -49.332  2.518  13.438 0.0000000000
99436  -52.438  3.739  11.397 0.0000000000
100592  -52.543  4.421  11.510 0.0000000000
163869  -53.108  4.464  13.338 0.0000000000
101767  -53.124  5.011  12.631 0.0000000000
102970  -52.823  5.264  12.216 0.0000000000
102960  -52.258  6.357  12.737 0.0000000000
104154  -51.620  7.040  12.973 0.0000000000
105370  -51.955  7.599  13.370 0.0000000000
49518  -10.115  -34.670  42.596 0.0000000000
48317  -9.690  -35.139  42.990 0.0000000000
47174  -8.603  -36.988  41.730 0.0000000000
47192  -8.957  -37.172  40.843 0.0000000000
47191  -8.534  -37.803  41.095 0.0000000000
72599  -30.305  -17.658  31.654 0.0000000000
71303  -30.515  -18.248  31.241 0.0000000000
75195  -30.360  -15.577  27.698 0.0000000000
176158  -39.157  -8.228  20.855 0.0000000000
186788  -35.522  -12.163  24.182 0.0000000000
162850  -35.726  -12.009  23.633 0.0000000000
79660  -39.526  -11.831  24.496 0.0000000000
79673  -39.349  -11.546  23.957 0.0000000000
79688  -38.363  -11.353  23.337 0.0000000000
80811  -37.923  -10.999  22.774 0.0000000000
181296  -37.899  -10.553  22.249 0.0000000000
82001  -38.321  -10.266  22.018 0.0000000000
82014  -38.680  -9.883  21.805 0.0000000000
170951  -39.681  -10.141  22.425 0.0000000000
83275  -39.266  -9.742  21.927 0.0000000000
83290  -39.339  -8.894  21.535 0.0000000000
84525  -39.784  -8.133  21.284 0.0000000000
85748  -41.574  -7.520  22.222 0.0000000000
85740  -41.864  -7.754  22.823 0.0000000000
50784  -10.735  -33.863  43.703 0.0000000000
182575  -11.500  -32.713  43.749 0.0000000000
50797  -10.994  -33.538  43.097 0.0000000000
49519  -10.528  -34.169  42.986 0.0000000000
49529  -10.531  -34.214  42.233 0.0000000000
49528  -10.207  -34.659  41.912 0.0000000000
50817  -10.752  -34.257  40.871 0.0000000000
49538  -10.407  -34.889  40.654 0.0000000000
52055  -12.262  -33.027  39.758 0.0000000000
52066  -12.255  -33.698  39.303 0.0000000000
48316  -9.371  -35.607  43.420 0.0000000000
47134  -9.114  -35.973  43.724 0.0000000000
163021  -8.708  -36.348  43.751 0.0000000000
45946  -7.857  -37.385  43.019 0.0000000000
45932  -7.782  -37.300  43.778 0.0000000000
45933  -8.175  -36.826  44.090 0.0000000000
45903  -7.346  -37.439  45.186 0.0000000000
44684  -6.828  -38.050  45.148 0.0000000000
165237  -6.419  -38.060  45.630 0.0000000000
180722  -6.610  -41.034  42.374 0.0000000000
43431  -6.300  -39.756  43.731 0.0000000000
42282  -5.914  -40.252  44.140 0.0000000000
43414  -6.130  -38.876  44.876 0.0000000000
44682  -6.035  -38.491  45.333 0.0000000000
44664  -5.842  -38.057  45.870 0.0000000000
44663  -5.713  -38.012  45.891 0.0000000000
44662  -5.356  -38.146  45.847 0.0000000000
45881  -5.173  -37.841  45.929 0.0000000000
43401  -4.698  -39.083  45.302 0.0000000000
45892  -4.819  -37.945  45.818 0.0000000000
47083  -4.664  -37.277  45.722 0.0000000000
40114  -3.604  -42.874  44.592 0.0000000000
167526  -3.259  -42.196  44.624 0.0000000000
167613  -3.079  -41.494  44.672 0.0000000000
43422  -2.919  -39.816  44.788 0.0000000000
44665  -6.411  -37.737  46.016 0.0000000000
44671  -3.744  -38.523  45.204 0.0000000000
44674  -5.619  -38.194  45.807 0.0000000000
44675  -6.727  -37.693  45.838 0.0000000000
45873  -5.732  -37.396  46.172 0.0000000000
45874  -5.958  -37.538  46.100 0.0000000000
45875  -6.769  -37.188  46.144 0.0000000000
45884  -6.747  -37.310  46.251 0.0000000000
45885  -7.010  -36.991  46.266 0.0000000000
45895  -7.701  -36.736  45.863 0.0000000000
45904  -7.787  -36.895  45.408 0.0000000000
45917  -7.634  -37.342  44.448 0.0000000000
47069  -7.455  -36.569  46.377 0.0000000000
47102  -8.411  -36.453  45.087 0.0000000000
47103  -8.921  -36.030  44.802 0.0000000000
47154  -9.051  -36.047  43.214 0.0000000000
48268  -8.979  -35.240  46.628 0.0000000000
48286  -9.591  -35.070  45.768 0.0000000000
59329  -32.066  -25.253  42.841 0.0000000000
59341  -31.978  -25.232  41.990 0.0000000000
59350  -31.286  -25.143  41.685 0.0000000000
59352  -32.085  -25.201  41.763 0.0000000000
59353  -32.050  -25.156  41.318 0.0000000000
59364  -31.701  -25.227  40.955 0.0000000000
59365  -32.003  -25.107  41.049 0.0000000000
59366  -32.129  -25.083  40.973 0.0000000000
59376  -30.986  -25.529  40.112 0.0000000000
59387  -30.144  -25.374  39.771 0.0000000000
59388  -30.390  -25.572  39.533 0.0000000000
59389  -30.844  -25.537  39.536 0.0000000000
59390  -31.208  -25.370  39.722 0.0000000000
59391  -31.804  -24.859  39.434 0.0000000000
59403  -30.044  -25.445  39.039 0.0000000000
59404  -30.370  -25.428  38.939 0.0000000000
59405  -31.195  -25.088  38.932 0.0000000000
59421  -30.022  -25.346  38.212 0.0000000000
59423  -30.943  -25.023  38.515 0.0000000000
60514  -32.150  -25.295  42.064 0.0000000000
60530  -32.312  -25.077  41.088 0.0000000000
60531  -32.729  -24.653  40.742 0.0000000000
60545  -29.876  -25.099  39.755 0.0000000000
60546  -32.385  -24.892  40.670 0.0000000000
60558  -29.428  -24.937  39.227 0.0000000000
60561  -32.797  -24.217  39.869 0.0000000000
60574  -31.906  -24.706  39.324 0.0000000000
60588  -30.489  -24.899  37.754 0.0000000000
60601  -29.805  -25.245  36.720 0.0000000000
60615  -29.195  -25.351  35.770 0.0000000000
61698  -32.859  -24.873  41.958 0.0000000000
61699  -33.279  -24.378  41.453 0.0000000000
61709  -29.458  -24.302  40.583 0.0000000000
61710  -29.584  -24.597  40.129 0.0000000000
61726  -33.770  -23.570  40.177 0.0000000000
61748  -32.203  -24.275  38.943 0.0000000000
61749  -33.260  -23.780  39.471 0.0000000000
62960  -33.770  -23.848  41.143 0.0000000000
62961  -34.268  -23.416  40.961 0.0000000000
63002  -33.653  -23.222  39.119 0.0000000000
63015  -32.065  -23.448  37.784 0.0000000000
64248  -24.998  -23.285  41.269 0.0000000000
64279  -34.986  -22.087  39.671 0.0000000000
65481  -35.211  -21.983  40.514 0.0000000000
65501  -35.156  -21.579  39.564 0.0000000000
65515  -35.022  -21.637  39.054 0.0000000000
65516  -35.308  -21.218  38.477 0.0000000000
65529  -35.459  -21.091  37.504 0.0000000000
66685  -35.716  -20.546  38.965 0.0000000000
66698  -35.363  -21.512  36.015 0.0000000000
66707  -35.683  -21.501  35.574 0.0000000000
67791  -35.746  -20.436  38.529 0.0000000000
68866  -36.222  -19.760  39.875 0.0000000000
68885  -35.821  -19.946  38.361 0.0000000000
68895  -35.634  -20.280  36.162 0.0000000000
70046  -35.839  -19.708  38.191 0.0000000000
70050  -35.811  -19.923  37.360 0.0000000000
71247  -35.595  -19.042  37.614 0.0000000000
71282  -34.314  -18.715  33.726 0.0000000000
72541  -35.421  -18.691  37.599 0.0000000000
72567  -31.404  -17.302  34.273 0.0000000000
72592  -30.530  -17.662  32.350 0.0000000000
72606  -29.982  -17.586  30.468 0.0000000000
73816  -35.518  -17.619  38.992 0.0000000000
73862  -32.662  -17.329  35.900 0.0000000000
73946  -29.924  -16.718  30.284 0.0000000000
75136  -30.715  -15.894  32.868 0.0000000000
75180  -30.025  -16.065  29.171 0.0000000000
79648  -42.487  -11.637  25.820 0.0000000000
80803  -40.572  -10.908  23.857 0.0000000000
80815  -40.280  -10.789  23.536 0.0000000000
83249  -42.539  -9.431  24.839 0.0000000000
88014  -49.397  -5.852  20.768 0.0000000000
89185  -48.537  -5.467  19.670 0.0000000000
90210  -49.131  -4.111  21.754 0.0000000000
90211  -49.529  -4.185  22.169 0.0000000000
90228  -48.661  -4.660  20.392 0.0000000000
90241  -47.745  -4.321  19.300 0.0000000000
91357  -48.669  -3.022  22.219 0.0000000000
91366  -47.867  -3.376  21.203 0.0000000000
92569  -45.816  -2.482  20.106 0.0000000000
92586  -45.516  -2.347  19.419 0.0000000000
92592  -45.440  -2.152  18.666 0.0000000000
92598  -45.543  -1.947  17.991 0.0000000000
93723  -48.009  -1.354  22.108 0.0000000000
94860  -46.970  -0.362  21.364 0.0000000000
96004  -47.840  0.593  21.750 0.0000000000
96015  -46.652  0.891  20.669 0.0000000000
97128  -46.302  1.110  19.984 0.0000000000
97139  -45.960  1.240  19.306 0.0000000000
97140  -46.428  1.767  19.690 0.0000000000
97151  -45.662  1.401  18.506 0.0000000000
97166  -45.396  1.206  17.608 0.0000000000
97177  -45.311  0.927  16.748 0.0000000000
97178  -45.503  1.502  16.196 0.0000000000
98211  -48.737  2.212  22.283 0.0000000000
98256  -46.554  2.278  19.217 0.0000000000
98297  -45.906  2.103  15.827 0.0000000000
98303  -46.172  1.912  15.076 0.0000000000
98304  -46.714  2.367  14.715 0.0000000000
99330  -49.025  3.814  21.060 0.0000000000
99349  -48.549  3.475  20.674 0.0000000000
99377  -46.775  3.328  17.659 0.0000000000
99401  -48.575  3.443  14.578 0.0000000000
99413  -50.791  3.046  13.741 0.0000000000
100496  -49.328  4.376  20.705 0.0000000000
100518  -47.957  4.124  18.674 0.0000000000
100542  -47.336  3.935  16.642 0.0000000000
100548  -48.055  4.145  15.812 0.0000000000
100557  -49.906  4.001  14.816 0.0000000000
100569  -52.686  4.099  14.023 0.0000000000
100576  -52.341  3.302  13.140 0.0000000000
100582  -52.756  3.959  12.123 0.0000000000
101735  -48.456  4.716  16.190 0.0000000000
101742  -50.591  4.975  15.610 0.0000000000
101751  -52.538  4.493  14.777 0.0000000000
101773  -52.442  5.005  11.777 0.0000000000
101774  -52.880  4.714  12.048 0.0000000000
102899  -49.283  5.655  17.725 0.0000000000
102900  -49.668  5.808  18.361 0.0000000000
102928  -49.952  5.780  16.604 0.0000000000
102931  -52.396  6.098  16.343 0.0000000000
102936  -51.779  5.626  16.037 0.0000000000
102938  -53.638  6.196  15.111 0.0000000000
102944  -53.445  5.661  14.799 0.0000000000
102967  -49.752  6.019  12.021 0.0000000000
102969  -52.257  5.702  12.213 0.0000000000
104160  -49.809  7.074  12.342 0.0000000000
105361  -52.219  8.147  13.694 0.0000000000
105374  -49.338  7.282  12.050 0.0000000000
105381  -49.053  7.593  11.441 0.0000000000
106526  -50.439  8.769  12.441 0.0000000000
161949  -31.016  -23.763  36.760 0.0000000000
162076  -31.236  -25.381  40.713 0.0000000000
162656  -31.796  -25.105  40.211 0.0000000000
162976  -30.946  -25.253  41.129 0.0000000000
164145  -45.452  -1.232  17.802 0.0000000000
164150  -31.847  -25.183  41.289 0.0000000000
164303  -5.995  -38.116  45.775 0.0000000000
165347  -30.859  -25.357  40.718 0.0000000000
165844  -48.295  -6.196  22.525 0.0000000000
166705  -35.548  -21.529  35.991 0.0000000000
168605  -40.475  -11.744  24.544 0.0000000000
168906  -32.406  -24.680  40.225 0.0000000000
169043  -35.731  -20.832  36.864 0.0000000000
169277  -30.346  -24.918  41.103 0.0000000000
169385  -9.262  -35.725  44.546 0.0000000000
170511  -35.830  -20.183  39.062 0.0000000000
170985  -36.362  -19.334  39.884 0.0000000000
171379  -51.191  6.017  16.524 0.0000000000
172247  -49.047  1.226  22.877 0.0000000000
172710  -5.119  -37.007  46.076 0.0000000000
173308  -34.842  -22.560  39.938 0.0000000000
173318  -50.181  6.555  12.376 0.0000000000
175510  -10.166  -34.641  43.928 0.0000000000
176090  -36.127  -19.518  39.338 0.0000000000
181860  -45.857  -1.234  20.531 0.0000000000
182959  -6.269  -42.033  42.756 0.0000000000
183298  -30.729  -25.340  40.718 0.0000000000
183459  -31.076  -25.337  39.274 0.0000000000
183797  -7.056  -37.766  45.347 0.0000000000
185301  -49.314  5.655  17.038 0.0000000000
185432  -30.612  -23.822  35.287 0.0000000000
185674  -47.554  2.893  19.964 0.0000000000
186855  -12.875  -31.097  42.360 0.0000000000
188663  -53.060  4.388  12.589 0.0000000000
189591  -47.070  -5.941  23.054 0.0000000000
189981  -49.905  4.885  15.583 0.0000000000
190384  -48.109  4.471  18.281 0.0000000000
190929  -35.049  -21.511  38.561 0.0000000000
191535  -34.208  -12.942  35.744 0.0000000000
192040  -30.302  -24.945  40.955 0.0000000000
193060  -36.212  -12.128  25.614 0.0000000000
193329  -48.191  -6.096  20.634 0.0000000000
194073  -45.377  -0.649  17.666 0.0000000000
194239  -41.243  -8.967  23.396 0.0000000000
194377  -35.833  -12.329  30.373 0.0000000000
