#!ascii label  , from subject sub-v2s13x29128_ses-1 vox2ras=TkReg
1996
40063  -28.006  -43.868  -33.623 0.5000000000
178961  -26.371  -44.139  -33.501 0.4000000060
180872  -25.905  -44.067  -33.265 0.6000000238
41146  -26.408  -42.522  -33.785 0.6000000238
177983  -28.091  -42.584  -33.852 0.6000000238
179146  -27.617  -43.178  -33.789 0.5000000000
42226  -29.242  -41.459  -33.560 0.6000000238
41145  -25.821  -42.673  -33.389 0.6999999881
40053  -25.588  -43.499  -32.674 0.6999999881
42224  -26.533  -41.671  -34.051 0.6999999881
41147  -27.199  -42.436  -34.030 0.6999999881
176510  -28.457  -41.306  -34.007 0.6999999881
43343  -29.535  -40.663  -33.510 0.5000000000
43342  -28.734  -40.692  -33.876 0.6999999881
190839  -29.695  -41.859  -33.191 0.5000000000
33257  -24.915  -49.037  -25.748 0.5000000000
41132  -25.632  -42.774  -32.966 0.6999999881
42223  -25.823  -41.446  -33.598 0.6999999881
43341  -27.870  -40.750  -34.187 0.6999999881
43326  -25.712  -40.811  -33.421 0.6999999881
44598  -27.185  -39.965  -34.029 0.6999999881
43339  -26.148  -40.965  -33.880 0.6999999881
44597  -26.165  -40.310  -33.792 0.6999999881
44583  -29.768  -40.010  -33.401 0.6000000238
40014  -28.609  -44.153  -29.341 0.6999999881
40029  -28.412  -43.625  -29.742 0.6999999881
41102  -25.756  -43.025  -31.913 0.6999999881
41103  -26.201  -42.854  -31.445 0.6999999881
167673  -24.963  -48.239  -25.740 0.6000000238
32058  -23.097  -49.562  -26.794 0.4000000060
42199  -25.630  -41.634  -32.468 0.6999999881
193373  -28.157  -40.131  -33.974 0.6999999881
44582  -28.919  -39.864  -33.716 0.6999999881
46972  -28.806  -38.380  -33.294 0.6999999881
169165  -30.501  -39.073  -32.797 0.6000000238
38925  -29.896  -44.264  -28.301 0.6999999881
38935  -29.521  -43.832  -28.734 0.6999999881
41089  -28.128  -43.001  -30.157 0.6999999881
40015  -29.095  -43.571  -29.246 0.6999999881
40016  -29.735  -43.248  -28.873 0.6999999881
165655  -26.363  -46.753  -24.975 0.6000000238
174349  -28.472  -42.362  -30.128 0.6999999881
42187  -26.930  -41.691  -31.167 0.6999999881
41105  -27.757  -42.298  -30.620 0.6999999881
186506  -29.007  -42.341  -29.787 0.6999999881
41074  -29.471  -42.654  -29.350 0.6999999881
34463  -23.636  -47.935  -26.334 0.5000000000
163421  -23.505  -48.535  -26.500 0.5000000000
44580  -26.152  -39.483  -33.367 0.6999999881
43314  -25.696  -40.857  -32.581 0.6999999881
42174  -29.397  -41.869  -29.642 0.6999999881
33271  -22.999  -48.919  -26.677 0.4000000060
45797  -27.492  -38.746  -33.540 0.6999999881
43301  -26.370  -40.781  -31.671 0.6999999881
42188  -28.232  -41.716  -30.385 0.6999999881
42173  -28.820  -41.780  -30.019 0.6999999881
33280  -21.798  -49.386  -27.259 0.4000000060
44565  -25.913  -39.992  -32.370 0.6999999881
43286  -28.442  -40.666  -30.248 0.6999999881
43287  -29.171  -41.090  -29.912 0.6999999881
45798  -28.471  -38.973  -33.591 0.6999999881
45796  -26.578  -38.735  -33.124 0.6999999881
44538  -27.351  -38.932  -30.265 0.6999999881
44539  -28.210  -39.978  -30.180 0.6999999881
46973  -29.774  -38.455  -32.933 0.6999999881
45772  -26.581  -38.518  -30.904 0.6999999881
46974  -30.627  -38.367  -32.555 0.6000000238
185205  -29.048  -37.779  -32.864 0.6999999881
46957  -27.850  -37.669  -33.033 0.6999999881
49366  -32.300  -36.110  -32.507 0.5000000000
49377  -34.226  -36.982  -34.489 0.4000000060
49368  -33.762  -36.802  -33.746 0.5000000000
41064  -30.694  -42.582  -28.433 0.6999999881
36773  -26.122  -45.978  -25.115 0.6000000238
194790  -27.665  -41.522  -30.753 0.6999999881
34447  -24.349  -47.771  -26.056 0.5000000000
42160  -30.069  -41.897  -29.205 0.6999999881
44566  -26.128  -39.159  -32.303 0.6999999881
44552  -26.592  -39.944  -31.317 0.6999999881
46971  -27.958  -38.340  -33.397 0.6999999881
46948  -26.380  -37.591  -31.369 0.6999999881
50608  -31.151  -35.346  -32.263 0.6999999881
49357  -30.907  -36.700  -32.134 0.6999999881
48136  -30.340  -37.299  -32.301 0.6999999881
50615  -31.968  -35.291  -32.796 0.6999999881
39950  -30.850  -44.250  -24.424 0.6999999881
39952  -31.761  -43.661  -25.067 0.6999999881
39975  -31.905  -43.598  -25.709 0.8000000119
41038  -32.256  -43.056  -26.084 0.8000000119
38876  -30.223  -44.802  -24.296 0.6000000238
38855  -30.176  -44.024  -24.004 0.6000000238
39951  -31.433  -43.655  -24.546 0.6000000238
41051  -32.054  -42.914  -26.963 0.8000000119
38875  -29.420  -44.466  -24.012 0.6000000238
177658  -28.576  -44.081  -24.095 0.6000000238
165997  -31.200  -42.598  -28.044 0.6999999881
37844  -27.422  -45.448  -24.530 0.6000000238
187725  -27.835  -44.550  -24.307 0.6000000238
190963  -25.112  -46.176  -25.523 0.6000000238
37842  -25.872  -45.319  -25.222 0.6000000238
42161  -30.767  -41.517  -28.920 0.6999999881
35615  -23.815  -47.243  -26.107 0.5000000000
36789  -24.527  -46.122  -25.628 0.6000000238
43262  -31.382  -41.215  -28.632 0.6999999881
189101  -29.799  -40.806  -29.619 0.6999999881
45783  -27.092  -38.150  -33.033 0.6999999881
191397  -26.404  -39.050  -31.407 0.6999999881
44540  -28.890  -39.696  -29.846 0.6999999881
175610  -29.924  -35.850  -31.933 0.8000000119
182403  -29.395  -37.253  -32.413 0.6999999881
45782  -26.382  -38.324  -32.116 0.6999999881
173924  -28.054  -39.324  -30.021 0.6999999881
50607  -30.375  -35.287  -32.007 0.8000000119
194461  -27.253  -37.013  -32.479 0.6999999881
50616  -32.765  -35.615  -33.184 0.5000000000
49376  -33.832  -36.001  -34.384 0.5000000000
50623  -33.698  -35.206  -34.365 0.5000000000
50633  -34.487  -36.022  -34.631 0.4000000060
39934  -30.832  -43.409  -24.037 0.6000000238
178764  -31.901  -43.076  -24.743 0.6999999881
41000  -32.357  -42.497  -24.962 0.8000000119
41023  -32.569  -42.497  -25.652 0.8999999762
39933  -30.012  -43.303  -23.881 0.6000000238
42119  -32.770  -41.840  -26.780 0.8000000119
41052  -32.421  -42.293  -27.104 0.8000000119
42147  -32.595  -40.987  -27.820 0.8000000119
38874  -26.947  -44.643  -24.711 0.6000000238
38873  -26.201  -44.679  -25.089 0.6000000238
42146  -31.938  -41.512  -28.099 0.8000000119
35614  -23.368  -46.569  -25.991 0.6000000238
190051  -24.910  -45.632  -25.496 0.6000000238
38872  -25.509  -44.719  -25.320 0.6000000238
192838  -31.471  -40.755  -28.785 0.6999999881
35632  -22.903  -47.347  -26.221 0.5000000000
44526  -31.025  -39.971  -29.227 0.6999999881
35630  -21.344  -47.537  -26.436 0.5000000000
35631  -21.937  -47.076  -26.119 0.5000000000
44525  -30.336  -39.686  -29.483 0.6999999881
44541  -29.646  -40.147  -29.672 0.6999999881
50606  -29.465  -35.319  -31.784 0.8000000119
46958  -28.329  -37.126  -32.558 0.8000000119
46956  -26.689  -37.505  -32.409 0.6999999881
48127  -26.449  -37.059  -30.640 0.6999999881
45746  -27.413  -38.162  -29.774 0.6999999881
167380  -27.601  -36.542  -32.054 0.6999999881
40982  -30.231  -42.662  -23.832 0.6999999881
42069  -31.200  -41.781  -23.884 0.6999999881
40984  -31.590  -42.374  -24.049 0.6999999881
42086  -32.413  -41.897  -24.570 0.8000000119
171238  -33.122  -41.040  -25.274 0.8000000119
40981  -29.458  -42.712  -23.944 0.6999999881
43208  -32.259  -41.292  -24.176 0.8000000119
43227  -33.389  -40.713  -25.955 0.8000000119
39948  -28.433  -43.359  -24.202 0.6000000238
172586  -32.920  -41.233  -27.120 0.8000000119
176336  -27.210  -43.888  -24.631 0.6000000238
163735  -32.904  -40.341  -27.753 0.6999999881
36788  -23.778  -45.975  -25.695 0.6000000238
162701  -24.744  -44.864  -25.424 0.6000000238
45749  -31.752  -39.430  -28.981 0.8000000119
45750  -32.513  -39.324  -28.478 0.6999999881
36787  -22.939  -45.708  -25.683 0.6000000238
46930  -32.280  -38.642  -28.792 0.8000000119
186281  -20.895  -47.277  -26.575 0.4000000060
45764  -28.705  -39.014  -29.678 0.6999999881
45765  -29.541  -39.347  -29.576 0.6999999881
45748  -30.985  -39.186  -29.299 0.6999999881
34476  -20.266  -48.125  -28.298 0.4000000060
46941  -29.320  -38.526  -29.411 0.6999999881
45747  -30.214  -38.935  -29.430 0.6999999881
49356  -29.119  -36.031  -31.844 0.8000000119
48134  -27.011  -36.284  -31.369 0.8000000119
46940  -28.322  -38.370  -29.509 0.6999999881
46924  -26.938  -37.454  -29.734 0.6999999881
51816  -30.800  -34.692  -32.374 0.8000000119
50614  -31.408  -34.812  -32.719 0.6999999881
51835  -32.408  -34.080  -34.127 0.5000000000
51824  -34.933  -34.437  -33.169 0.5000000000
51836  -33.116  -34.620  -34.238 0.5000000000
50625  -34.906  -35.516  -34.203 0.4000000060
43187  -30.528  -41.228  -23.916 0.6000000238
172713  -31.674  -41.345  -23.958 0.6999999881
43209  -32.773  -41.236  -24.690 0.8000000119
44477  -33.411  -40.397  -25.220 0.8000000119
40997  -28.687  -42.737  -24.211 0.6999999881
40996  -27.890  -42.820  -24.531 0.6999999881
44489  -33.560  -40.084  -26.571 0.8000000119
39946  -26.795  -43.283  -24.953 0.6000000238
44478  -33.641  -39.927  -25.770 0.8000000119
175742  -26.065  -43.334  -25.203 0.6000000238
45707  -33.576  -39.497  -27.239 0.8000000119
45724  -33.151  -39.335  -27.958 0.8000000119
37861  -23.564  -45.318  -25.575 0.6000000238
38899  -24.314  -44.127  -25.423 0.6000000238
179407  -31.571  -38.584  -29.166 0.8999999762
45723  -32.949  -38.659  -28.242 0.8000000119
46928  -30.808  -38.458  -29.306 0.8000000119
174457  -31.293  -37.838  -29.200 0.8000000119
36803  -21.682  -46.270  -25.901 0.5000000000
48106  -29.914  -37.159  -28.995 0.8000000119
185153  -30.100  -38.324  -29.311 0.6999999881
36801  -20.487  -46.083  -26.667 0.4000000060
51815  -29.987  -34.578  -31.976 0.8000000119
179993  -27.959  -35.999  -31.626 0.8000000119
50597  -27.678  -35.443  -31.056 0.8000000119
48120  -26.840  -36.672  -29.774 0.8000000119
46926  -28.612  -37.821  -29.205 0.6999999881
51821  -30.456  -33.920  -32.679 0.8000000119
48128  -26.764  -36.431  -30.744 0.8000000119
46925  -27.793  -37.812  -29.394 0.6999999881
180938  -27.378  -35.264  -30.086 0.8000000119
169906  -30.985  -33.621  -33.436 0.8000000119
51806  -27.949  -34.839  -30.882 0.8000000119
53033  -32.568  -33.723  -34.160 0.6000000238
53032  -31.972  -33.425  -34.031 0.6000000238
53035  -34.039  -34.195  -33.820 0.5000000000
43207  -29.877  -40.800  -24.171 0.6000000238
43190  -32.646  -40.570  -24.260 0.6999999881
42083  -28.272  -42.034  -24.567 0.6000000238
45653  -33.305  -39.509  -24.405 0.6999999881
45673  -33.819  -39.208  -25.589 0.6999999881
40995  -27.160  -42.686  -24.915 0.6000000238
42084  -29.352  -41.341  -24.200 0.6000000238
187967  -26.916  -42.106  -25.131 0.6000000238
174134  -33.882  -38.797  -26.876 0.8000000119
39972  -24.656  -43.584  -25.397 0.6000000238
41021  -26.387  -42.566  -25.204 0.6000000238
175954  -34.008  -38.742  -26.147 0.6999999881
38897  -23.059  -44.724  -25.578 0.5000000000
46910  -33.518  -38.737  -27.603 0.8000000119
38907  -21.730  -44.498  -26.196 0.3000000119
190364  -32.448  -37.343  -28.746 0.8000000119
46909  -32.722  -37.944  -28.521 0.8000000119
48107  -30.841  -37.136  -29.101 0.8000000119
48108  -31.778  -37.082  -29.034 0.8000000119
50572  -29.718  -35.662  -28.571 0.8000000119
50605  -28.522  -35.421  -31.534 0.8000000119
165959  -27.405  -36.249  -29.081 0.8000000119
48105  -28.888  -37.185  -28.876 0.8000000119
46927  -29.569  -37.818  -29.166 0.6999999881
49344  -27.094  -35.981  -29.917 0.8000000119
51834  -31.627  -33.744  -33.793 0.6999999881
54171  -32.893  -33.273  -33.698 0.6000000238
53020  -36.261  -33.958  -32.170 0.3000000119
44434  -31.366  -39.767  -23.963 0.6000000238
45637  -32.763  -39.337  -23.979 0.6999999881
45638  -33.317  -38.770  -24.120 0.6999999881
173688  -23.584  -41.150  -27.514 0.5000000000
170245  -28.668  -41.320  -24.557 0.6000000238
43206  -29.100  -40.568  -24.602 0.6000000238
46852  -34.036  -38.456  -25.417 0.6999999881
41019  -24.656  -42.876  -25.473 0.5000000000
164056  -25.830  -42.144  -25.439 0.5000000000
43204  -27.905  -41.263  -24.959 0.6000000238
46853  -34.362  -37.819  -25.860 0.6999999881
39994  -22.417  -43.060  -26.794 0.3000000119
39971  -24.040  -43.473  -25.505 0.5000000000
46879  -34.143  -38.250  -26.479 0.8000000119
49316  -33.666  -36.532  -27.897 0.8000000119
48077  -33.914  -37.315  -27.507 0.8000000119
49330  -31.155  -36.421  -29.038 0.8999999762
49332  -32.503  -36.042  -28.712 0.8999999762
48088  -33.111  -37.143  -28.276 0.8000000119
37874  -21.494  -45.372  -25.987 0.4000000060
49329  -30.279  -36.462  -28.896 0.8999999762
49331  -31.913  -36.241  -28.941 0.8999999762
53005  -29.609  -33.838  -32.009 0.8000000119
170202  -28.907  -34.591  -31.527 0.8000000119
49314  -27.869  -35.874  -28.676 0.8000000119
177318  -28.225  -36.451  -28.701 0.8000000119
53015  -29.888  -33.279  -32.815 0.8000000119
53031  -31.119  -33.080  -33.794 0.6999999881
163514  -32.195  -33.225  -34.096 0.6000000238
54146  -34.711  -32.882  -31.814 0.6000000238
53018  -34.582  -33.826  -32.795 0.6000000238
44452  -30.556  -39.495  -24.315 0.6000000238
45635  -31.084  -39.046  -24.080 0.6000000238
167492  -32.633  -38.732  -23.854 0.6999999881
44451  -29.791  -39.919  -24.516 0.6000000238
46821  -33.471  -38.087  -24.073 0.6999999881
44449  -28.534  -40.106  -25.027 0.6000000238
48020  -33.854  -37.631  -24.303 0.8000000119
190663  -24.762  -41.758  -26.075 0.6000000238
42102  -25.713  -41.632  -25.730 0.5000000000
43226  -27.949  -40.431  -25.195 0.6000000238
48032  -34.224  -37.749  -24.984 0.6999999881
48065  -34.571  -37.070  -26.191 0.8000000119
41017  -23.087  -42.877  -26.288 0.4000000060
190156  -34.398  -37.034  -26.900 0.6999999881
39985  -22.660  -43.541  -26.083 0.4000000060
50574  -32.096  -35.538  -28.889 0.8000000119
50560  -33.562  -35.810  -28.080 0.8000000119
176509  -29.772  -34.872  -28.560 0.8999999762
50573  -31.329  -35.696  -29.010 0.8000000119
49315  -33.041  -36.275  -28.385 0.8000000119
51782  -30.484  -34.369  -28.839 0.8000000119
51807  -28.274  -34.176  -30.761 0.8000000119
51795  -28.410  -33.927  -29.894 0.8000000119
49328  -28.626  -35.804  -28.519 0.6999999881
53014  -29.207  -33.153  -32.246 0.8000000119
50570  -28.074  -35.397  -28.648 0.8000000119
193561  -27.550  -35.001  -29.450 0.8000000119
54156  -30.337  -32.672  -33.623 0.8000000119
54144  -28.784  -33.084  -31.610 0.8000000119
55157  -31.788  -32.193  -33.242 0.6999999881
166017  -32.944  -32.702  -33.012 0.6999999881
55133  -34.332  -31.410  -31.202 0.6000000238
55134  -35.118  -31.501  -31.068 0.6000000238
55135  -35.739  -31.449  -31.100 0.6000000238
45650  -29.322  -39.220  -24.875 0.6000000238
170337  -32.535  -36.903  -23.754 0.8000000119
48019  -33.221  -37.473  -23.834 0.6999999881
44487  -25.068  -39.830  -26.792 0.5000000000
44475  -27.458  -39.968  -25.504 0.5000000000
49259  -34.250  -37.075  -24.605 0.8000000119
48047  -34.528  -37.096  -25.339 0.6999999881
43236  -25.526  -41.007  -26.139 0.5000000000
43224  -26.638  -40.992  -25.553 0.5000000000
49240  -34.134  -36.427  -24.274 0.8000000119
50508  -34.789  -35.756  -25.073 0.8000000119
43235  -24.982  -40.604  -26.709 0.5000000000
49274  -34.772  -36.290  -25.708 0.8000000119
49289  -34.617  -36.403  -26.702 0.8000000119
51749  -35.229  -34.934  -26.617 0.8000000119
192903  -34.419  -36.237  -27.232 0.8000000119
50548  -34.116  -36.058  -27.611 0.8000000119
166052  -34.884  -35.140  -27.146 0.8000000119
50559  -32.897  -35.505  -28.540 0.8000000119
167912  -31.264  -34.160  -28.957 0.8000000119
179168  -33.512  -35.196  -28.217 0.8000000119
52998  -28.633  -33.642  -30.798 0.8000000119
51781  -29.372  -34.261  -28.677 0.8000000119
52973  -29.054  -33.756  -29.295 0.8999999762
54155  -29.542  -32.485  -33.211 0.8000000119
54154  -28.790  -32.483  -32.453 0.8000000119
55156  -31.023  -32.031  -33.499 0.6999999881
54169  -30.636  -32.463  -33.760 0.6999999881
55159  -33.358  -32.356  -32.325 0.6999999881
56151  -31.352  -31.537  -32.873 0.6999999881
55145  -32.192  -31.659  -32.372 0.6999999881
56141  -32.656  -31.110  -31.762 0.6999999881
56142  -33.498  -31.254  -31.438 0.6999999881
184344  -30.962  -36.081  -23.872 0.8000000119
46817  -30.508  -37.759  -24.431 0.6000000238
48017  -31.083  -37.378  -24.032 0.6000000238
49238  -31.979  -36.318  -23.763 0.8000000119
49271  -25.124  -36.605  -25.452 0.6000000238
48045  -26.265  -37.409  -25.459 0.5000000000
46831  -28.892  -38.524  -25.023 0.6000000238
48030  -29.263  -37.812  -24.813 0.6000000238
193075  -33.196  -36.805  -23.801 0.8000000119
50535  -24.278  -35.546  -26.025 0.6000000238
171591  -24.838  -35.935  -25.462 0.6000000238
49254  -26.161  -36.155  -24.698 0.6000000238
48046  -27.044  -37.520  -25.329 0.5000000000
46830  -28.149  -38.449  -25.310 0.5000000000
177681  -24.607  -33.158  -25.405 0.5000000000
51737  -24.368  -34.496  -25.784 0.5000000000
51716  -25.415  -34.609  -24.503 0.6000000238
50521  -25.388  -35.996  -24.999 0.6000000238
45690  -25.785  -39.295  -26.422 0.5000000000
46851  -27.427  -38.243  -25.604 0.5000000000
49241  -34.415  -35.847  -24.511 0.8000000119
50522  -35.028  -35.537  -25.613 0.8000000119
54051  -25.087  -33.059  -24.556 0.5000000000
168142  -27.016  -39.501  -25.807 0.5000000000
54068  -24.266  -32.512  -25.998 0.4000000060
44474  -26.787  -40.196  -25.738 0.5000000000
50523  -35.302  -34.997  -25.948 0.6999999881
51771  -33.823  -34.539  -28.157 0.8000000119
51772  -34.655  -34.542  -27.628 0.8000000119
51763  -35.239  -34.440  -27.080 0.6999999881
52975  -30.874  -33.721  -29.010 0.8000000119
52963  -32.013  -34.148  -28.885 0.8000000119
52966  -34.391  -33.962  -27.962 0.8000000119
52965  -33.194  -34.218  -28.474 0.8000000119
52964  -32.709  -33.757  -28.614 0.8000000119
161528  -28.673  -31.647  -33.170 0.8999999762
193989  -28.644  -32.476  -31.803 0.8999999762
52987  -28.890  -33.366  -30.125 0.8000000119
52974  -30.002  -33.594  -29.072 0.8000000119
52988  -29.513  -33.052  -29.586 0.8000000119
54168  -30.022  -32.190  -33.652 0.8000000119
56150  -30.432  -31.460  -33.422 0.6999999881
185974  -30.310  -36.196  -24.023 0.8000000119
171804  -31.442  -35.829  -23.771 0.8000000119
162914  -32.174  -35.622  -23.732 0.8000000119
51717  -26.083  -34.892  -24.130 0.6000000238
48015  -29.748  -36.734  -24.373 0.6000000238
186116  -32.748  -36.270  -23.766 0.8000000119
50494  -32.548  -35.022  -23.732 0.8000000119
52912  -24.962  -33.868  -24.858 0.5000000000
50506  -25.146  -35.292  -24.892 0.6000000238
49255  -26.933  -36.253  -24.487 0.6000000238
49258  -29.028  -36.655  -24.357 0.6000000238
173237  -33.067  -35.653  -23.803 0.8000000119
50496  -34.253  -35.236  -24.281 0.8000000119
51718  -34.834  -34.377  -24.695 0.6999999881
52913  -25.456  -33.826  -24.255 0.5000000000
49234  -28.032  -36.012  -24.160 0.6000000238
190708  -29.320  -37.171  -24.595 0.6000000238
54039  -25.492  -32.657  -23.918 0.4000000060
52895  -25.926  -33.835  -23.760 0.4000000060
51739  -35.371  -34.334  -25.679 0.6999999881
55044  -25.038  -32.180  -24.516 0.4000000060
52897  -27.279  -34.095  -23.244 0.4000000060
51750  -35.424  -34.375  -26.408 0.6999999881
55004  -25.772  -31.586  -23.231 0.4000000060
55006  -26.959  -32.200  -22.452 0.5000000000
52956  -35.106  -33.739  -27.507 0.6999999881
56021  -25.313  -31.006  -23.726 0.3000000119
55005  -26.297  -31.964  -22.814 0.5000000000
54025  -27.331  -32.884  -22.675 0.5000000000
192893  -31.492  -33.716  -28.947 0.8000000119
182876  -32.000  -33.366  -28.772 0.8000000119
175774  -33.583  -33.617  -28.299 0.8000000119
190434  -34.488  -33.255  -27.964 0.8000000119
55144  -28.372  -31.944  -32.376 0.8000000119
54137  -28.778  -32.831  -31.010 1.0000000000
54125  -29.175  -32.686  -30.240 0.8000000119
54126  -29.839  -32.146  -29.849 0.8000000119
54111  -30.336  -32.835  -29.338 0.8000000119
166552  -31.326  -33.225  -28.966 0.8000000119
54113  -31.767  -32.588  -28.758 0.8000000119
55132  -28.499  -32.073  -31.552 1.0000000000
55106  -31.090  -31.621  -28.998 0.8000000119
55155  -29.443  -31.720  -33.597 0.8000000119
177022  -29.271  -31.579  -30.357 0.8000000119
166038  -30.702  -32.187  -29.265 0.8000000119
56149  -29.565  -31.312  -33.680 0.8999999762
56139  -30.854  -30.875  -32.735 0.6999999881
56140  -31.779  -30.982  -32.167 0.6999999881
57078  -32.287  -30.351  -31.632 0.6999999881
56130  -33.183  -30.521  -31.307 0.6999999881
57067  -34.014  -30.677  -31.091 0.6999999881
56132  -35.464  -30.912  -31.048 0.6000000238
182820  -34.550  -30.086  -30.971 0.6999999881
57065  -32.914  -29.743  -31.209 0.6999999881
57080  -36.316  -30.291  -31.565 0.6000000238
57068  -35.245  -30.259  -31.014 0.6000000238
50492  -30.749  -35.471  -23.733 0.8000000119
50493  -31.518  -35.208  -23.702 0.8000000119
186625  -26.520  -35.565  -24.282 0.5000000000
51698  -29.434  -34.856  -23.512 0.8000000119
51699  -30.233  -34.820  -23.538 0.8000000119
51700  -31.016  -34.709  -23.584 0.8000000119
51702  -32.722  -34.281  -23.725 0.8000000119
51695  -25.817  -34.317  -24.045 0.5000000000
176661  -26.807  -34.984  -23.886 0.6000000238
171665  -27.626  -34.838  -23.607 0.5000000000
50491  -29.872  -35.480  -23.781 0.8000000119
193154  -33.489  -34.915  -23.916 0.6999999881
181265  -25.583  -33.308  -23.954 0.4000000060
52885  -26.877  -33.420  -23.032 0.5000000000
51697  -28.595  -34.869  -23.511 0.6999999881
50490  -29.056  -35.475  -23.800 0.6999999881
52902  -34.479  -33.824  -24.329 0.6999999881
178318  -34.788  -33.096  -24.485 0.6999999881
55029  -25.397  -31.867  -23.851 0.3000000119
52914  -35.091  -33.701  -24.829 0.6999999881
52915  -35.405  -33.655  -25.424 0.6999999881
54069  -35.575  -33.018  -25.764 0.6999999881
55990  -27.077  -30.964  -22.059 0.5000000000
54096  -35.514  -32.489  -27.065 0.6999999881
56944  -25.793  -30.074  -22.739 0.4000000060
56002  -26.345  -30.737  -22.356 0.4000000060
175249  -33.112  -31.977  -28.297 0.8000000119
54095  -35.158  -32.890  -27.561 0.6999999881
166805  -32.305  -32.030  -28.462 0.8000000119
55093  -32.162  -31.385  -28.439 0.8000000119
55094  -32.876  -31.143  -28.281 0.6999999881
56121  -29.845  -31.277  -29.915 0.8000000119
180133  -31.274  -32.187  -28.951 0.8000000119
55143  -28.004  -30.842  -33.291 0.8999999762
56148  -28.773  -31.049  -33.539 0.8999999762
56138  -27.586  -30.815  -32.755 0.8999999762
56129  -27.638  -30.780  -31.975 0.8000000119
56119  -28.097  -30.632  -31.038 0.8000000119
57059  -29.757  -30.554  -29.881 0.8000000119
57088  -29.068  -30.701  -33.595 0.8999999762
57087  -28.082  -30.479  -33.508 0.8000000119
57089  -29.981  -30.914  -33.353 0.8999999762
168351  -30.067  -30.170  -32.818 0.8000000119
176672  -36.369  -31.696  -31.374 0.4000000060
57077  -31.284  -30.238  -32.075 0.8000000119
58053  -31.924  -29.450  -31.547 0.6999999881
57066  -33.764  -29.929  -31.040 0.6999999881
163092  -35.926  -28.523  -33.058 0.5000000000
51690  -30.555  -34.179  -23.361 0.6999999881
175175  -30.021  -33.004  -22.880 0.6999999881
182952  -32.177  -33.160  -23.521 0.6999999881
55030  -25.877  -32.342  -23.320 0.4000000060
54005  -28.730  -32.352  -22.434 0.6000000238
182169  -30.826  -33.637  -23.261 0.6999999881
52901  -33.624  -33.907  -23.922 0.6999999881
176119  -34.126  -33.263  -24.083 0.6999999881
54052  -35.342  -33.020  -25.076 0.6999999881
54984  -28.220  -31.647  -22.163 0.5000000000
172233  -35.553  -32.379  -25.447 0.6999999881
168346  -26.906  -30.285  -21.924 0.4000000060
55079  -35.652  -32.106  -26.503 0.6999999881
57934  -26.083  -28.936  -22.272 0.3000000119
57917  -26.849  -29.594  -21.826 0.3000000119
171584  -28.074  -30.422  -21.880 0.5000000000
190941  -32.573  -31.628  -28.356 0.6999999881
54105  -34.556  -32.481  -27.920 0.6999999881
179655  -27.522  -29.889  -21.779 0.4000000060
55087  -35.189  -32.128  -27.536 0.6999999881
180341  -33.783  -31.428  -28.109 0.6999999881
56093  -32.185  -30.694  -28.407 0.6999999881
56120  -29.097  -30.950  -30.404 0.8000000119
55105  -30.451  -31.536  -29.417 0.8000000119
57044  -30.353  -30.364  -29.323 0.8000000119
57064  -27.290  -30.036  -31.798 0.8000000119
57076  -28.657  -29.951  -33.274 0.8000000119
57075  -27.568  -29.913  -33.189 0.8000000119
57086  -27.462  -30.362  -33.128 0.8999999762
58065  -29.511  -29.321  -32.589 0.8000000119
58052  -31.281  -28.731  -31.633 0.8000000119
58069  -34.891  -28.835  -31.305 0.6999999881
58071  -36.112  -29.499  -31.850 0.6000000238
167393  -32.797  -28.950  -31.134 0.6999999881
60261  -31.427  -27.516  -31.431 0.6999999881
52898  -31.272  -34.011  -23.495 0.6999999881
56003  -30.505  -31.130  -22.530 0.6000000238
55008  -30.879  -31.848  -22.824 0.6000000238
173272  -31.176  -32.515  -23.069 0.6999999881
54029  -32.497  -32.036  -23.375 0.6999999881
54042  -32.701  -32.750  -23.548 0.6999999881
54043  -33.463  -33.013  -23.791 0.6999999881
54027  -29.419  -32.756  -22.691 0.6000000238
179468  -33.009  -31.478  -23.524 0.6999999881
55031  -33.289  -32.218  -23.655 0.6999999881
54044  -34.209  -32.437  -24.064 0.6999999881
54006  -29.497  -32.080  -22.481 0.6000000238
172919  -26.013  -29.514  -22.358 0.3000000119
55992  -28.526  -30.959  -22.032 0.5000000000
54985  -28.993  -31.554  -22.215 0.5000000000
56004  -31.024  -30.611  -22.656 0.6000000238
174426  -35.139  -32.254  -24.724 0.6999999881
57920  -28.757  -29.398  -21.910 0.4000000060
56934  -28.791  -30.229  -21.969 0.5000000000
56936  -29.931  -29.879  -22.179 0.6000000238
55046  -35.528  -31.684  -25.227 0.6999999881
165487  -35.541  -30.799  -27.074 0.6999999881
56073  -35.733  -31.234  -26.413 0.6999999881
56086  -35.160  -31.363  -27.520 0.6999999881
173386  -27.906  -27.987  -21.812 0.3000000119
57029  -34.035  -29.935  -27.989 0.6999999881
56107  -30.812  -30.958  -29.112 0.8000000119
57045  -31.061  -30.213  -28.879 0.8000000119
57046  -31.699  -30.315  -28.570 0.6999999881
57027  -32.193  -29.966  -28.396 0.6999999881
57058  -28.894  -30.267  -30.279 0.8000000119
58036  -30.898  -29.407  -28.816 0.8000000119
57074  -27.220  -29.889  -32.616 0.8000000119
57057  -27.960  -29.989  -30.815 0.8000000119
57043  -29.703  -29.812  -29.653 0.8000000119
59165  -27.560  -28.840  -32.484 0.8000000119
191143  -26.811  -28.701  -30.491 0.8000000119
59139  -28.672  -28.446  -29.042 0.8000000119
59119  -28.415  -27.749  -28.577 0.8000000119
180209  -27.424  -27.363  -28.940 0.8000000119
59171  -35.283  -28.552  -31.794 0.6000000238
59170  -34.683  -28.061  -31.745 0.6999999881
59157  -30.824  -28.055  -31.574 0.8000000119
186093  -32.778  -28.263  -31.157 0.6000000238
61425  -31.099  -26.844  -31.693 0.6999999881
60269  -31.883  -27.067  -31.594 0.6000000238
59168  -33.087  -27.749  -31.290 0.6000000238
55009  -31.261  -31.185  -22.836 0.6000000238
55995  -30.525  -30.304  -22.425 0.6000000238
56023  -33.444  -30.865  -23.691 0.6999999881
173811  -33.800  -31.577  -23.843 0.6999999881
56005  -31.609  -30.552  -22.862 0.6000000238
56024  -34.214  -30.895  -24.007 0.6999999881
187119  -35.223  -31.495  -24.743 0.6999999881
59021  -29.145  -28.639  -21.974 0.4000000060
172474  -29.548  -29.251  -22.063 0.4000000060
57936  -31.592  -29.139  -22.805 0.5000000000
56044  -35.483  -30.975  -25.022 0.6999999881
56937  -30.574  -29.677  -22.384 0.5000000000
57935  -30.902  -29.147  -22.536 0.5000000000
185026  -35.763  -30.290  -25.407 0.6999999881
56056  -35.709  -31.116  -25.649 0.6999999881
59020  -28.749  -27.953  -21.933 0.3000000119
178136  -29.194  -27.188  -22.113 0.3000000119
60129  -29.517  -27.951  -22.101 0.4000000060
187147  -33.719  -30.585  -28.081 0.6999999881
56991  -36.032  -29.985  -26.045 0.6999999881
60128  -28.306  -27.264  -21.981 0.3000000119
179027  -29.309  -26.467  -22.288 0.3000000119
172923  -35.322  -30.002  -27.427 0.6999999881
183836  -35.725  -30.091  -26.960 0.6999999881
58020  -34.656  -29.564  -27.814 0.6999999881
58002  -35.735  -29.437  -27.075 0.6999999881
176432  -30.461  -29.773  -29.143 0.8000000119
162449  -32.854  -29.569  -28.259 0.6999999881
59104  -35.208  -28.235  -27.621 0.6999999881
58018  -32.953  -28.681  -28.240 0.6999999881
59125  -34.429  -28.025  -28.002 0.6999999881
58034  -29.174  -29.137  -29.411 0.8000000119
58017  -32.143  -29.198  -28.365 0.6999999881
59124  -33.546  -27.941  -28.185 0.6999999881
60229  -34.123  -27.323  -28.152 0.6999999881
57042  -28.484  -29.634  -30.104 0.8000000119
59140  -29.713  -28.633  -28.733 0.8000000119
59141  -30.618  -28.717  -28.679 0.8000000119
59123  -32.658  -27.813  -28.246 0.8000000119
61398  -33.019  -26.575  -28.269 0.6999999881
58051  -27.033  -29.244  -31.966 0.8000000119
60225  -29.801  -27.454  -28.177 0.8000000119
61396  -31.401  -26.790  -28.157 0.8000000119
58063  -27.183  -29.329  -32.601 0.8000000119
59164  -26.786  -28.728  -32.096 0.8000000119
59138  -27.296  -28.174  -29.561 0.8000000119
174069  -29.037  -27.472  -28.147 0.8000000119
61395  -30.608  -26.345  -28.141 0.8000000119
59166  -28.827  -28.682  -32.316 0.8000000119
59149  -26.251  -28.133  -30.716 0.8000000119
60224  -28.496  -27.152  -28.147 0.8000000119
169256  -29.166  -27.093  -27.999 0.8000000119
62630  -30.686  -25.650  -28.305 0.8000000119
59155  -27.666  -28.129  -32.185 0.8000000119
61392  -27.869  -26.665  -28.451 0.8000000119
59156  -29.588  -28.004  -31.932 0.8000000119
164275  -35.413  -28.021  -33.474 0.5000000000
60272  -34.137  -27.456  -32.033 0.6000000238
60259  -29.030  -27.281  -31.773 0.8000000119
59180  -35.297  -28.093  -32.541 0.6000000238
60279  -34.581  -27.518  -32.595 0.6000000238
60270  -32.606  -27.175  -31.671 0.6000000238
60271  -33.359  -27.173  -32.021 0.6000000238
188940  -31.841  -31.129  -23.028 0.6999999881
55010  -32.349  -31.339  -23.233 0.6999999881
56946  -31.191  -29.894  -22.666 0.6000000238
56955  -33.138  -30.228  -23.551 0.6999999881
57952  -34.115  -29.551  -23.946 0.6999999881
56957  -34.573  -30.223  -24.192 0.6999999881
57937  -32.305  -29.019  -23.046 0.5000000000
180458  -33.458  -29.703  -23.673 0.6999999881
60130  -30.188  -27.931  -22.299 0.4000000060
61306  -30.418  -27.253  -22.396 0.4000000060
59033  -31.208  -28.485  -22.668 0.5000000000
56973  -35.299  -30.255  -24.719 0.6999999881
56974  -36.009  -29.426  -25.532 0.6999999881
62544  -29.790  -25.960  -22.472 0.3000000119
61313  -30.585  -26.449  -22.519 0.3000000119
185669  -31.788  -27.209  -22.824 0.5000000000
57972  -35.926  -28.755  -25.078 0.6999999881
57986  -36.160  -29.247  -26.188 0.6999999881
62542  -28.233  -25.965  -22.373 0.3000000119
62555  -30.514  -25.622  -22.690 0.3000000119
59090  -36.153  -28.549  -26.426 0.6999999881
63866  -29.640  -24.795  -22.945 0.3000000119
61358  -35.975  -27.000  -26.834 0.6999999881
58016  -31.395  -28.904  -28.512 0.8000000119
60210  -35.035  -27.323  -27.808 0.6999999881
59122  -32.010  -28.368  -28.330 0.6999999881
60228  -33.251  -27.244  -28.245 0.6999999881
193603  -34.218  -26.270  -28.185 0.6999999881
58033  -27.869  -28.955  -29.872 0.8000000119
163108  -31.824  -27.506  -28.254 0.6999999881
60227  -32.471  -27.098  -28.223 0.8000000119
58046  -27.255  -29.333  -30.949 0.8000000119
61397  -32.199  -26.425  -28.224 0.8000000119
161092  -26.538  -28.641  -31.348 0.8000000119
61394  -29.806  -26.750  -28.082 0.8000000119
63925  -31.372  -25.301  -28.441 0.8000000119
60248  -25.828  -27.619  -30.980 0.8000000119
59154  -26.039  -28.087  -31.765 0.8000000119
60241  -26.193  -27.536  -30.029 0.8000000119
62628  -28.547  -26.068  -28.110 0.8000000119
62650  -28.869  -25.348  -28.374 0.8000000119
190327  -30.816  -25.180  -28.526 0.8000000119
60258  -27.034  -27.232  -31.910 0.8000000119
60257  -25.749  -27.383  -31.546 0.8000000119
61408  -26.386  -26.839  -29.417 0.8000000119
62627  -27.371  -25.883  -28.820 0.8000000119
165508  -30.271  -24.411  -28.866 0.8000000119
61424  -30.105  -26.675  -31.741 0.8000000119
56947  -32.057  -29.857  -22.999 0.6000000238
180627  -32.840  -29.545  -23.354 0.6000000238
186187  -29.849  -27.417  -22.225 0.3000000119
59023  -30.556  -28.529  -22.404 0.5000000000
57950  -32.861  -28.817  -23.303 0.6000000238
60139  -32.166  -27.707  -22.944 0.5000000000
57951  -33.504  -28.948  -23.640 0.6999999881
59053  -34.995  -28.148  -24.393 0.6999999881
60140  -32.800  -27.617  -23.197 0.6000000238
59051  -33.788  -28.056  -23.716 0.6999999881
59052  -34.434  -28.679  -24.093 0.6999999881
59066  -35.612  -28.079  -24.782 0.6999999881
62554  -29.295  -25.337  -22.686 0.3000000119
62556  -31.161  -26.008  -22.760 0.3000000119
60153  -34.476  -27.734  -24.069 0.6999999881
63865  -28.905  -24.779  -22.947 0.3000000119
65132  -31.539  -23.963  -23.552 0.3000000119
60169  -35.817  -27.322  -24.913 0.6999999881
59067  -36.089  -28.008  -25.266 0.6999999881
67507  -28.992  -21.862  -24.654 0.3000000119
67489  -30.024  -22.519  -24.156 0.3000000119
66362  -30.332  -23.117  -23.811 0.3000000119
189961  -31.596  -22.812  -24.074 0.3000000119
68584  -28.774  -21.249  -25.023 0.3000000119
60211  -35.656  -27.624  -27.236 0.6999999881
61379  -35.123  -26.571  -27.769 0.6999999881
184548  -32.854  -25.992  -28.306 0.8000000119
62632  -32.261  -25.531  -28.431 0.8000000119
61415  -25.658  -26.991  -30.663 0.8000000119
62649  -25.811  -26.265  -29.996 0.8000000119
63943  -28.045  -24.896  -28.878 0.8000000119
63944  -29.368  -24.573  -28.749 0.8000000119
61422  -27.477  -26.406  -31.630 0.8000000119
63942  -26.320  -25.437  -29.626 0.8000000119
61423  -28.831  -26.484  -31.629 0.8000000119
61434  -29.794  -26.042  -31.938 0.6999999881
61435  -30.682  -26.173  -32.198 0.6000000238
59050  -33.133  -28.227  -23.410 0.6000000238
60152  -33.879  -27.134  -23.711 0.6000000238
63869  -32.000  -25.134  -23.235 0.4000000060
62568  -33.773  -25.696  -23.784 0.6000000238
61327  -34.668  -26.914  -24.107 0.6999999881
60154  -35.173  -27.461  -24.462 0.6999999881
63881  -33.937  -25.017  -23.925 0.4000000060
61328  -35.378  -26.591  -24.558 0.6999999881
178116  -35.991  -26.565  -25.077 0.6999999881
171709  -36.281  -27.916  -25.961 0.6999999881
67510  -32.349  -22.034  -24.617 0.3000000119
65135  -33.923  -24.293  -24.126 0.4000000060
62579  -35.736  -25.771  -24.851 0.6000000238
62587  -36.233  -25.803  -25.881 0.6999999881
61380  -35.541  -26.774  -27.355 0.6999999881
62613  -35.803  -25.335  -27.084 0.6999999881
62612  -35.382  -25.936  -27.531 0.6999999881
62635  -34.815  -25.386  -27.952 0.6999999881
190440  -31.968  -26.966  -28.194 0.8000000119
62631  -31.426  -25.990  -28.137 0.8000000119
62651  -30.132  -25.100  -28.536 0.8000000119
63946  -31.689  -24.100  -28.960 0.8000000119
65192  -29.848  -23.881  -29.081 0.8000000119
182124  -25.729  -25.865  -31.083 0.8000000119
181203  -25.548  -25.971  -30.424 0.8000000119
65190  -27.425  -24.440  -29.394 0.8000000119
65191  -28.750  -24.057  -29.060 0.8000000119
63961  -26.023  -24.845  -30.062 0.8000000119
193640  -32.136  -26.673  -32.195 0.6000000238
62668  -28.622  -25.872  -31.767 0.8000000119
173889  -29.521  -25.560  -32.299 0.6999999881
61325  -33.127  -26.982  -23.372 0.6000000238
61326  -33.483  -26.354  -23.592 0.6000000238
165201  -34.194  -26.321  -23.894 0.6000000238
177074  -32.756  -24.377  -23.732 0.3000000119
62570  -35.150  -25.886  -24.427 0.6000000238
66365  -32.646  -23.295  -24.045 0.3000000119
63882  -34.585  -24.767  -24.292 0.5000000000
65143  -33.868  -23.556  -24.394 0.3000000119
65144  -34.594  -23.991  -24.532 0.5000000000
63892  -36.079  -25.200  -25.404 0.6999999881
69703  -30.691  -20.852  -25.297 0.3000000119
68588  -32.353  -21.400  -25.006 0.3000000119
65152  -35.990  -23.708  -25.612 0.4000000060
177203  -36.242  -25.103  -26.066 0.6999999881
163120  -29.889  -19.579  -25.948 0.3000000119
63918  -35.969  -24.728  -26.866 0.6000000238
63930  -35.132  -24.654  -27.840 0.6000000238
181780  -35.376  -24.089  -27.685 0.6000000238
177331  -34.005  -25.334  -28.282 0.8000000119
63929  -34.428  -24.663  -28.212 0.6999999881
65182  -35.369  -23.449  -27.824 0.6000000238
62633  -33.188  -25.403  -28.433 0.8000000119
65180  -34.045  -23.903  -28.527 0.6999999881
180648  -34.877  -24.012  -28.107 0.6999999881
63926  -31.944  -24.767  -28.703 0.8000000119
63927  -32.776  -24.793  -28.639 0.8000000119
65179  -33.180  -24.121  -28.750 0.6999999881
65196  -33.400  -23.437  -28.901 0.6999999881
66411  -34.099  -23.088  -28.749 0.6999999881
63945  -31.025  -24.671  -28.750 0.8000000119
63947  -32.448  -24.190  -28.891 0.8000000119
66420  -32.743  -23.040  -29.204 0.6999999881
66421  -33.541  -22.754  -29.097 0.6999999881
65193  -30.848  -23.832  -29.091 0.8000000119
174172  -31.565  -23.521  -29.165 0.8000000119
67554  -32.278  -22.340  -29.547 0.6999999881
190594  -33.059  -22.418  -29.373 0.6999999881
62659  -25.457  -26.362  -30.949 0.8000000119
66418  -31.143  -23.070  -29.356 0.8000000119
63962  -25.600  -25.492  -30.495 0.8000000119
65212  -28.234  -23.570  -29.510 0.8000000119
65213  -29.333  -23.316  -29.379 0.8000000119
61421  -26.040  -26.773  -31.545 0.8000000119
170376  -26.987  -23.952  -29.826 0.8000000119
66431  -28.823  -22.754  -29.717 0.8000000119
166787  -26.734  -26.081  -31.447 0.8000000119
62677  -27.056  -25.396  -31.664 0.8000000119
61436  -31.471  -26.391  -32.305 0.6000000238
183201  -31.090  -25.649  -34.956 0.6000000238
190950  -27.949  -25.651  -31.731 0.8000000119
62678  -28.706  -25.247  -32.210 0.6999999881
63997  -29.030  -24.502  -33.086 0.6999999881
63891  -35.259  -24.506  -24.711 0.5000000000
172152  -35.704  -25.015  -24.902 0.5000000000
194651  -32.799  -22.924  -24.284 0.3000000119
66380  -34.529  -23.213  -24.788 0.4000000060
63898  -35.847  -24.409  -25.230 0.5000000000
63899  -36.153  -24.421  -25.797 0.6000000238
67511  -32.999  -21.767  -24.960 0.3000000119
65160  -36.191  -23.709  -26.235 0.6000000238
69724  -32.670  -20.337  -25.782 0.3000000119
68604  -33.951  -21.114  -25.664 0.3000000119
181561  -36.123  -23.473  -26.843 0.6000000238
70895  -30.680  -19.703  -25.994 0.3000000119
70897  -32.273  -19.718  -26.083 0.3000000119
170177  -34.874  -21.341  -25.945 0.3000000119
70910  -31.147  -19.223  -26.320 0.3000000119
166539  -30.330  -18.557  -26.610 0.3000000119
65181  -34.751  -23.294  -28.344 0.6999999881
66432  -29.791  -22.579  -29.674 0.8000000119
67553  -31.505  -22.542  -29.533 0.6999999881
66433  -30.747  -22.408  -29.715 0.6999999881
67566  -29.303  -22.061  -30.028 0.6999999881
65211  -25.708  -24.143  -30.391 0.8000000119
66430  -27.611  -23.065  -29.996 0.8000000119
67565  -28.372  -22.218  -30.187 0.6000000238
184242  -32.134  -26.072  -35.793 0.6000000238
63972  -25.822  -25.313  -31.168 0.6999999881
63982  -26.773  -24.886  -31.993 0.6999999881
63981  -25.589  -24.723  -31.548 0.6999999881
62688  -29.812  -24.991  -33.493 0.6999999881
62689  -30.266  -25.117  -34.460 0.6999999881
63983  -28.025  -24.836  -32.261 0.6999999881
67611  -28.065  -22.294  -33.519 0.5000000000
66475  -29.175  -22.631  -33.007 0.5000000000
66397  -36.078  -22.938  -26.568 0.6000000238
66405  -35.871  -22.932  -27.306 0.6000000238
67542  -35.975  -22.244  -26.938 0.6000000238
67548  -35.567  -21.613  -28.051 0.6000000238
66412  -34.689  -22.687  -28.548 0.6999999881
67547  -34.966  -22.046  -28.594 0.6999999881
169681  -33.702  -22.082  -29.316 0.6999999881
74695  -27.814  -16.343  -26.991 0.3000000119
67555  -33.029  -21.840  -29.681 0.6999999881
66422  -34.244  -22.401  -28.921 0.6999999881
67564  -27.279  -22.340  -30.534 0.6999999881
68643  -30.847  -21.624  -30.128 0.6999999881
67567  -31.521  -21.963  -29.854 0.6000000238
168055  -30.117  -21.910  -30.032 0.6999999881
63971  -25.546  -24.868  -30.760 0.6999999881
65226  -25.210  -24.180  -31.164 0.6999999881
66429  -26.255  -23.145  -30.469 0.6999999881
65240  -25.194  -24.026  -31.975 0.6999999881
163015  -30.667  -25.192  -35.095 0.6000000238
61447  -31.412  -25.822  -35.127 0.5000000000
63996  -27.785  -24.339  -32.690 0.6999999881
65259  -27.555  -23.785  -33.026 0.6999999881
65260  -28.631  -23.976  -33.120 0.6999999881
173202  -29.405  -24.230  -33.418 0.6000000238
68617  -35.773  -21.726  -26.736 0.5000000000
162796  -35.595  -20.965  -27.038 0.4000000060
68625  -35.800  -21.575  -27.304 0.5000000000
67541  -35.768  -22.167  -27.516 0.6000000238
68627  -35.654  -20.860  -27.696 0.5000000000
67557  -35.159  -21.287  -28.722 0.6000000238
186310  -28.174  -15.921  -27.303 0.3000000119
74696  -29.162  -16.617  -27.240 0.3000000119
68633  -33.836  -21.316  -29.654 0.6000000238
67568  -32.258  -21.593  -29.963 0.6000000238
68641  -28.857  -21.589  -30.455 0.6000000238
68644  -31.550  -21.284  -30.268 0.6000000238
65210  -25.167  -23.529  -31.018 0.6999999881
67582  -27.900  -21.649  -30.695 0.6000000238
187272  -30.309  -21.381  -30.371 0.6000000238
66428  -25.522  -22.789  -31.130 0.6999999881
67581  -26.648  -21.651  -31.115 0.6000000238
173665  -26.521  -23.597  -33.117 0.6999999881
63998  -30.089  -24.702  -33.727 0.6999999881
62704  -30.503  -24.939  -34.855 0.6000000238
62706  -31.754  -25.218  -35.341 0.5000000000
63999  -30.430  -24.731  -34.301 0.6000000238
64012  -30.878  -24.953  -35.080 0.6000000238
64001  -31.839  -24.797  -34.045 0.5000000000
180389  -29.987  -24.130  -33.355 0.5000000000
65261  -30.803  -24.226  -33.206 0.5000000000
66476  -29.983  -23.022  -32.745 0.5000000000
70919  -35.390  -19.656  -27.498 0.4000000060
69742  -35.512  -20.333  -27.477 0.4000000060
72150  -33.557  -18.759  -26.855 0.4000000060
68635  -35.331  -20.525  -28.805 0.6000000238
75847  -28.867  -15.904  -27.487 0.3000000119
75849  -30.199  -16.183  -27.888 0.3000000119
74699  -31.302  -16.962  -27.808 0.3000000119
68647  -34.258  -20.563  -29.821 0.6000000238
76957  -29.457  -15.025  -28.424 0.3000000119
68646  -33.575  -20.743  -30.074 0.6000000238
68660  -31.647  -20.707  -30.711 0.5000000000
67569  -32.977  -21.152  -30.057 0.6000000238
68658  -29.993  -20.979  -30.769 0.6000000238
167900  -28.419  -21.189  -30.936 0.6000000238
68659  -30.852  -20.968  -30.646 0.6000000238
68656  -27.449  -21.098  -31.386 0.6000000238
68657  -29.170  -21.050  -30.858 0.6000000238
66456  -24.800  -22.982  -32.174 0.6999999881
66472  -25.955  -22.844  -33.381 0.6999999881
66474  -28.370  -23.257  -33.194 0.5000000000
177554  -29.246  -23.582  -33.114 0.5000000000
182437  -29.015  -21.920  -33.325 0.5000000000
72151  -34.345  -19.158  -26.858 0.4000000060
69744  -35.555  -20.002  -28.148 0.4000000060
70918  -35.080  -19.000  -27.366 0.4000000060
190361  -35.516  -20.850  -28.293 0.5000000000
73442  -34.807  -17.935  -27.792 0.4000000060
69751  -35.416  -19.867  -28.861 0.4000000060
68634  -34.689  -20.948  -29.272 0.5000000000
75861  -30.147  -15.511  -28.333 0.3000000119
75862  -31.226  -15.847  -28.489 0.3000000119
74709  -31.709  -16.379  -28.263 0.4000000060
76959  -30.765  -15.333  -28.739 0.3000000119
74710  -32.393  -16.538  -28.252 0.4000000060
69756  -32.921  -20.453  -30.451 0.5000000000
68645  -32.247  -20.934  -30.362 0.5000000000
69770  -30.368  -20.434  -31.153 0.6000000238
69772  -31.854  -20.154  -31.033 0.5000000000
69768  -28.344  -20.609  -31.642 0.6000000238
69769  -29.469  -20.507  -31.339 0.6000000238
67608  -25.085  -21.489  -33.147 0.6000000238
68676  -26.939  -20.481  -32.365 0.6000000238
67609  -25.535  -21.798  -33.609 0.5000000000
66473  -27.240  -23.059  -33.419 0.5000000000
67610  -26.642  -22.162  -33.822 0.5000000000
67612  -30.037  -22.062  -32.913 0.5000000000
70928  -35.487  -19.318  -28.624 0.4000000060
72163  -35.408  -18.874  -28.114 0.4000000060
73451  -35.269  -18.094  -28.608 0.4000000060
70927  -35.198  -19.349  -29.304 0.4000000060
69758  -34.503  -19.808  -29.904 0.4000000060
76958  -30.153  -15.025  -28.739 0.3000000119
69774  -33.261  -19.779  -30.739 0.4000000060
78016  -29.431  -14.055  -29.488 0.3000000119
69773  -32.532  -19.990  -30.919 0.4000000060
69771  -31.158  -20.326  -31.076 0.5000000000
70947  -32.158  -19.635  -31.344 0.4000000060
69788  -31.461  -19.795  -31.446 0.5000000000
69786  -29.851  -20.030  -31.843 0.5000000000
69787  -30.724  -19.944  -31.605 0.5000000000
67622  -26.243  -21.129  -34.113 0.5000000000
68689  -25.366  -20.836  -33.364 0.6000000238
69784  -27.610  -20.004  -32.847 0.6000000238
69785  -28.822  -20.079  -32.265 0.6000000238
69783  -26.423  -20.026  -33.532 0.6000000238
185612  -27.211  -21.527  -34.048 0.5000000000
68691  -28.071  -21.334  -33.917 0.5000000000
175827  -30.989  -21.892  -32.735 0.5000000000
68706  -26.221  -20.387  -34.275 0.5000000000
80312  -28.423  -12.278  -30.401 0.3000000119
80314  -29.794  -12.588  -30.777 0.4000000060
79139  -31.125  -12.551  -30.939 0.4000000060
69797  -27.938  -19.509  -33.353 0.5000000000
81469  -28.547  -11.061  -30.683 0.4000000060
69796  -26.908  -19.640  -34.085 0.5000000000
72210  -29.922  -18.728  -33.604 0.5000000000
72211  -30.954  -18.571  -33.125 0.5000000000
69806  -27.328  -19.508  -34.492 0.5000000000
72209  -28.577  -18.648  -34.128 0.5000000000
186094  -26.824  -20.569  -34.549 0.5000000000
69805  -26.750  -19.999  -34.472 0.6000000238
68693  -31.414  -21.389  -32.957 0.5000000000
68692  -29.076  -21.171  -33.752 0.6000000238
69807  -29.676  -20.651  -34.076 0.5000000000
68708  -30.878  -20.891  -33.553 0.6000000238
68709  -31.837  -20.874  -33.409 0.4000000060
80325  -30.133  -12.090  -30.959 0.4000000060
79141  -32.692  -13.014  -30.797 0.4000000060
169451  -27.380  -19.060  -34.285 0.5000000000
70985  -27.723  -18.795  -34.888 0.5000000000
70997  -27.791  -18.864  -35.328 0.5000000000
72222  -27.878  -18.512  -34.722 0.5000000000
68707  -27.502  -20.324  -34.557 0.5000000000
170392  -28.222  -20.127  -34.624 0.5000000000
69809  -32.249  -20.340  -33.864 0.4000000060
69819  -29.674  -20.045  -34.686 0.5000000000
192118  -30.425  -20.512  -34.033 0.5000000000
80328  -32.483  -12.363  -31.202 0.4000000060
82733  -29.695  -10.655  -31.320 0.4000000060
70974  -27.843  -18.690  -34.298 0.5000000000
72224  -30.364  -18.242  -33.942 0.4000000060
69818  -27.950  -19.436  -35.102 0.4000000060
184491  -29.941  -19.589  -35.147 0.4000000060
69808  -31.145  -20.363  -34.029 0.5000000000
69820  -31.698  -19.941  -34.530 0.3000000119
72223  -29.075  -18.371  -34.415 0.4000000060
70998  -28.648  -19.269  -35.381 0.4000000060
182708  -30.741  -19.938  -34.716 0.5000000000
71000  -32.150  -19.531  -35.123 0.4000000060
70999  -30.945  -19.539  -35.269 0.4000000060
172614  -29.598  -19.073  -35.703 0.4000000060
70987  -34.806  -19.391  -33.778 0.4000000060
72262  -29.728  -18.027  -36.483 0.4000000060
71012  -33.449  -19.044  -35.561 0.4000000060
71003  -34.418  -19.105  -34.434 0.4000000060
189373  -34.758  -18.769  -34.019 0.4000000060
72226  -35.097  -18.719  -33.477 0.4000000060
194216  -31.444  -18.877  -36.359 0.4000000060
71010  -31.526  -19.188  -35.895 0.3000000119
71011  -32.623  -19.184  -35.801 0.4000000060
71020  -31.313  -18.506  -36.694 0.4000000060
73554  -30.641  -17.745  -36.856 0.4000000060
72248  -32.896  -18.888  -36.408 0.3000000119
72250  -34.085  -18.236  -35.142 0.4000000060
72238  -34.492  -18.346  -34.516 0.4000000060
165496  -35.286  -17.984  -33.162 0.4000000060
71021  -32.189  -18.987  -36.549 0.3000000119
73542  -33.875  -17.669  -35.438 0.4000000060
72264  -32.384  -18.619  -37.133 0.4000000060
73541  -33.368  -17.712  -36.186 0.4000000060
42186  -26.090  -41.554  -31.868 0.6999999881
41050  -31.461  -43.036  -27.607 0.6999999881
35616  -24.945  -46.764  -25.637 0.6000000238
40998  -31.543  -42.978  -24.226 0.6999999881
43263  -31.947  -40.748  -28.449 0.8000000119
43238  -33.276  -40.722  -26.782 0.8000000119
42085  -29.947  -41.444  -23.977 0.6000000238
43189  -31.734  -40.635  -23.945 0.6000000238
44435  -32.239  -39.902  -23.911 0.6999999881
41049  -22.939  -42.303  -27.162 0.4000000060
53004  -28.785  -33.779  -31.537 0.8000000119
173957  -31.679  -37.690  -23.820 0.6000000238
46878  -26.279  -38.607  -26.179 0.5000000000
50561  -34.184  -35.312  -27.755 0.8000000119
50495  -33.852  -35.748  -24.066 0.8000000119
49236  -29.459  -36.088  -24.083 0.6000000238
51696  -26.321  -34.409  -23.769 0.5000000000
51688  -29.008  -34.237  -23.200 0.6000000238
52900  -32.790  -33.483  -23.667 0.6999999881
56108  -31.526  -31.005  -28.690 0.6999999881
56948  -32.609  -30.217  -23.261 0.6999999881
62629  -29.659  -25.963  -28.156 0.8000000119
62611  -34.774  -26.115  -27.969 0.6999999881
188978  -34.307  -25.823  -28.168 0.6999999881
62578  -35.209  -25.248  -24.509 0.6000000238
175540  -35.385  -25.176  -27.554 0.6000000238
62567  -33.111  -25.708  -23.520 0.6000000238
66381  -35.358  -23.662  -25.028 0.5000000000
73447  -35.191  -18.186  -28.129 0.4000000060
184593  -30.414  -21.351  -33.178 0.5000000000
170132  -35.143  -18.646  -29.468 0.4000000060
71009  -28.258  -18.673  -35.590 0.4000000060
179666  -28.299  -43.280  -33.635 0.5000000000
41149  -29.395  -42.269  -33.313 0.5000000000
38965  -25.523  -44.183  -32.326 0.6999999881
166522  -30.384  -39.802  -33.022 0.5000000000
34439  -26.218  -48.226  -25.066 0.5000000000
45799  -29.557  -39.214  -33.333 0.6999999881
40003  -30.274  -43.140  -28.474 0.6999999881
41075  -30.141  -42.606  -28.867 0.6999999881
43302  -27.222  -40.869  -30.977 0.6999999881
43303  -27.985  -41.052  -30.537 0.6999999881
46939  -26.517  -37.851  -30.387 0.6999999881
166723  -27.217  -39.459  -30.598 0.6999999881
175332  -30.699  -37.806  -32.425 0.6999999881
49375  -33.331  -36.085  -33.527 0.5000000000
49358  -31.794  -36.768  -32.272 0.6000000238
50621  -32.583  -34.830  -33.761 0.5000000000
37843  -26.556  -45.363  -24.903 0.6000000238
43276  -30.382  -40.431  -29.441 0.6999999881
176871  -30.665  -35.966  -31.999 0.6999999881
190945  -28.185  -45.280  -24.258 0.6000000238
41065  -31.831  -42.302  -27.682 0.8000000119
43277  -30.999  -40.763  -29.067 0.6999999881
51838  -34.417  -34.828  -34.084 0.4000000060
175507  -33.069  -41.354  -25.775 0.8000000119
38900  -25.786  -44.040  -25.252 0.6000000238
173618  -25.059  -44.118  -25.378 0.6000000238
42068  -30.421  -41.938  -23.848 0.6999999881
44499  -33.314  -40.209  -27.251 0.6999999881
37860  -22.242  -45.044  -25.726 0.5000000000
46929  -32.041  -37.908  -28.964 0.8000000119
53034  -33.243  -33.931  -34.157 0.5000000000
44453  -33.190  -40.145  -24.634 0.6999999881
41020  -25.555  -42.730  -25.347 0.6000000238
46894  -33.904  -38.131  -27.208 0.8000000119
54170  -31.512  -32.834  -33.873 0.6999999881
53017  -33.739  -33.595  -33.268 0.6000000238
45654  -33.684  -39.008  -24.816 0.6999999881
42104  -27.110  -41.484  -25.213 0.6000000238
50571  -28.797  -34.982  -28.484 0.8999999762
51794  -27.845  -34.543  -29.795 0.8000000119
54158  -33.560  -32.957  -32.748 0.6000000238
53008  -36.506  -33.376  -31.868 0.4000000060
42130  -23.076  -41.560  -27.660 0.3000000119
42101  -25.135  -42.110  -25.654 0.5000000000
41037  -24.330  -42.200  -25.889 0.5000000000
41018  -23.807  -42.822  -25.785 0.5000000000
185004  -30.640  -35.894  -28.906 0.8999999762
46818  -31.233  -38.259  -23.994 0.6000000238
45652  -30.415  -38.614  -24.475 0.6000000238
46819  -32.113  -38.252  -23.795 0.6000000238
167304  -33.748  -36.973  -24.065 0.8000000119
44476  -28.029  -39.786  -25.307 0.5000000000
41036  -23.636  -42.231  -26.433 0.4000000060
42118  -24.868  -41.280  -26.458 0.5000000000
165768  -26.088  -41.191  -25.741 0.5000000000
177752  -32.704  -34.361  -28.695 0.8000000119
55158  -32.603  -32.223  -32.743 0.6999999881
56131  -34.784  -30.819  -30.988 0.6000000238
56143  -36.603  -30.971  -31.567 0.4000000060
46832  -29.625  -38.550  -24.806 0.6000000238
45689  -25.007  -39.040  -26.722 0.5000000000
44488  -25.643  -40.201  -26.377 0.5000000000
45672  -27.672  -39.141  -25.562 0.5000000000
44473  -26.275  -39.864  -26.117 0.5000000000
182948  -34.666  -35.366  -24.712 0.6999999881
48016  -30.434  -36.987  -24.307 0.6000000238
48044  -25.502  -37.302  -25.596 0.5000000000
168837  -26.676  -38.066  -25.789 0.5000000000
49273  -26.595  -36.860  -24.944 0.6000000238
46877  -25.523  -38.496  -26.330 0.5000000000
50520  -24.678  -35.247  -25.460 0.6000000238
188985  -25.009  -35.649  -25.153 0.6000000238
48029  -28.128  -37.279  -24.807 0.6000000238
48028  -27.453  -36.955  -24.766 0.6000000238
45671  -26.980  -38.757  -25.962 0.5000000000
170996  -28.488  -37.835  -24.989 0.5000000000
54050  -24.708  -32.408  -25.276 0.4000000060
52935  -35.563  -33.680  -26.119 0.6999999881
52946  -35.483  -33.745  -26.856 0.6999999881
180751  -30.730  -33.241  -29.138 0.8000000119
55121  -28.976  -32.135  -30.675 0.8999999762
192921  -26.893  -34.467  -23.542 0.5000000000
50488  -27.393  -35.638  -24.074 0.6000000238
49257  -28.230  -36.640  -24.433 0.6000000238
50489  -28.240  -35.485  -23.864 0.6000000238
54024  -26.529  -32.687  -22.910 0.4000000060
51687  -28.142  -34.226  -23.203 0.5000000000
52886  -27.738  -33.560  -22.922 0.5000000000
54086  -35.613  -32.945  -26.516 0.6999999881
181843  -26.136  -31.357  -22.728 0.4000000060
54983  -27.403  -31.620  -22.192 0.5000000000
54004  -27.810  -32.298  -22.380 0.5000000000
54104  -33.729  -32.711  -28.208 0.6999999881
55120  -28.446  -31.437  -31.166 0.8000000119
58055  -34.359  -29.343  -31.039 0.6999999881
52899  -32.034  -33.784  -23.589 0.6999999881
51689  -29.811  -34.214  -23.276 0.6999999881
52889  -30.217  -33.622  -23.114 0.6999999881
52888  -29.428  -33.517  -22.956 0.6000000238
55064  -35.692  -31.835  -25.876 0.6999999881
55991  -27.806  -31.035  -21.981 0.5000000000
55088  -35.531  -31.698  -27.029 0.6999999881
56945  -26.363  -29.932  -22.153 0.4000000060
58066  -30.730  -29.466  -32.037 0.8000000119
54028  -30.685  -33.093  -23.066 0.6000000238
185108  -29.917  -32.460  -22.696 0.6000000238
54041  -31.949  -32.583  -23.310 0.6999999881
52887  -28.581  -33.611  -22.930 0.6000000238
54026  -28.196  -32.974  -22.661 0.5000000000
57918  -27.299  -29.258  -21.731 0.3000000119
56095  -34.510  -31.027  -27.849 0.6999999881
56074  -35.805  -30.419  -26.526 0.6999999881
59019  -27.532  -28.682  -21.720 0.3000000119
58064  -28.144  -29.273  -32.854 0.8999999762
59167  -30.210  -28.704  -32.020 0.8000000119
59158  -31.632  -28.089  -31.332 0.6000000238
58067  -33.415  -28.412  -31.138 0.6000000238
59159  -32.256  -27.760  -31.251 0.6000000238
60260  -30.432  -27.378  -31.603 0.8000000119
54986  -29.720  -31.369  -22.336 0.6000000238
167564  -31.710  -31.818  -23.096 0.6999999881
56022  -32.786  -30.813  -23.391 0.6999999881
56935  -29.422  -30.284  -22.078 0.5000000000
57921  -30.245  -29.176  -22.265 0.4000000060
57030  -34.596  -30.302  -27.805 0.6999999881
57026  -31.563  -29.668  -28.580 0.8000000119
186590  -33.861  -28.545  -28.101 0.6999999881
56043  -34.957  -30.910  -24.461 0.6999999881
59034  -31.885  -28.414  -22.883 0.5000000000
57959  -35.618  -29.523  -24.937 0.6999999881
57005  -35.962  -29.738  -26.606 0.6999999881
62543  -28.982  -25.922  -22.440 0.3000000119
58001  -35.291  -29.095  -27.511 0.6999999881
57985  -35.994  -29.103  -26.711 0.6999999881
166702  -34.572  -28.789  -27.872 0.6999999881
59089  -35.782  -28.558  -27.063 0.6999999881
188553  -34.535  -26.714  -28.050 0.6999999881
177504  -30.222  -28.083  -28.439 0.8000000119
59121  -31.125  -28.081  -28.396 0.8000000119
60226  -30.573  -27.057  -28.226 0.8000000119
57958  -34.920  -29.506  -24.392 0.6999999881
61305  -29.868  -26.777  -22.301 0.3000000119
61314  -31.141  -27.091  -22.625 0.5000000000
59065  -35.304  -28.785  -24.591 0.6999999881
176415  -29.920  -25.313  -22.732 0.3000000119
178315  -32.399  -26.931  -23.033 0.5000000000
61315  -31.681  -26.534  -22.832 0.4000000060
59078  -36.196  -28.654  -25.705 0.6999999881
60192  -36.069  -27.815  -26.648 0.6999999881
65113  -29.293  -24.212  -23.250 0.3000000119
62593  -35.888  -26.186  -27.002 0.6999999881
60151  -33.343  -27.599  -23.480 0.6000000238
63879  -32.163  -24.502  -23.521 0.3000000119
66364  -31.946  -23.309  -23.888 0.3000000119
60181  -36.177  -27.254  -25.479 0.6999999881
67490  -30.892  -22.552  -24.164 0.3000000119
67491  -31.653  -22.269  -24.387 0.3000000119
162793  -33.384  -25.208  -23.698 0.6000000238
62569  -34.533  -25.592  -24.113 0.6000000238
167506  -34.786  -26.258  -24.207 0.6000000238
179033  -33.319  -24.629  -23.834 0.4000000060
61344  -36.218  -26.525  -25.703 0.6999999881
60193  -36.239  -27.163  -26.213 0.6999999881
61359  -36.164  -26.394  -26.413 0.6999999881
63917  -35.653  -24.557  -27.318 0.6000000238
65194  -32.203  -23.598  -29.103 0.8000000119
65214  -30.301  -23.169  -29.372 0.8000000119
62679  -30.148  -25.545  -32.986 0.6000000238
61446  -30.789  -25.689  -33.818 0.6000000238
65134  -33.163  -23.874  -24.013 0.3000000119
63880  -32.750  -25.026  -23.519 0.5000000000
66366  -33.221  -23.155  -24.301 0.3000000119
163793  -31.033  -20.266  -25.682 0.3000000119
68603  -32.186  -20.840  -25.413 0.3000000119
66391  -36.027  -23.045  -25.980 0.5000000000
65170  -35.779  -23.764  -27.302 0.6000000238
63928  -33.602  -24.701  -28.485 0.8000000119
66413  -35.353  -22.596  -28.060 0.6000000238
66419  -31.902  -23.011  -29.315 0.6999999881
67512  -33.673  -22.146  -24.971 0.3000000119
69723  -31.836  -20.272  -25.736 0.3000000119
67520  -34.237  -21.795  -25.415 0.3000000119
189898  -32.055  -18.673  -26.724 0.3000000119
65241  -26.344  -24.264  -32.540 0.6999999881
67556  -34.463  -21.695  -29.109 0.6999999881
65258  -25.510  -23.539  -32.769 0.6999999881
62705  -31.207  -25.353  -35.381 0.5000000000
69736  -35.326  -20.240  -26.997 0.4000000060
67595  -24.926  -22.197  -32.382 0.6000000238
68655  -26.046  -21.097  -32.004 0.6000000238
175526  -30.573  -24.675  -34.549 0.6000000238
189243  -30.641  -23.505  -32.614 0.4000000060
70913  -34.966  -19.655  -26.910 0.4000000060
72157  -32.830  -17.923  -27.303 0.4000000060
74698  -30.569  -16.859  -27.609 0.3000000119
75848  -29.527  -15.697  -27.923 0.3000000119
69757  -33.739  -20.142  -30.266 0.5000000000
68661  -32.224  -20.453  -30.706 0.5000000000
66471  -24.985  -22.598  -32.852 0.5000000000
69750  -34.954  -20.182  -29.348 0.4000000060
75863  -31.856  -15.754  -28.696 0.4000000060
70937  -34.680  -19.045  -29.964 0.4000000060
80313  -29.128  -12.456  -30.609 0.3000000119
79140  -31.815  -12.860  -30.749 0.4000000060
194110  -28.308  -19.207  -33.632 0.5000000000
80327  -31.692  -12.118  -31.156 0.4000000060
192379  -30.625  -19.195  -35.812 0.4000000060
72247  -28.924  -18.375  -36.074 0.4000000060
180264  -34.891  -18.122  -33.795 0.4000000060
72276  -32.255  -18.033  -37.538 0.4000000060
73501  -35.451  -17.214  -32.914 0.3000000119
33310  -27.844  -48.504  -29.626 0.5000000000
34534  -27.070  -48.363  -30.702 0.5000000000
30853  -29.426  -50.881  -26.481 0.4000000060
33282  -29.677  -49.419  -27.717 0.5000000000
32079  -29.235  -49.889  -28.223 0.5000000000
33311  -28.392  -49.029  -29.146 0.5000000000
34504  -27.710  -47.733  -29.470 0.6000000238
35691  -27.287  -47.304  -29.919 0.6000000238
32070  -29.853  -49.886  -27.098 0.5000000000
167450  -30.044  -49.584  -26.505 0.5000000000
33296  -29.451  -48.749  -28.083 0.5000000000
35662  -28.727  -47.676  -28.559 0.5000000000
33260  -30.041  -48.862  -25.623 0.5000000000
164685  -28.133  -46.725  -29.018 0.6000000238
36840  -27.830  -46.278  -29.291 0.6000000238
35676  -27.692  -46.993  -29.387 0.6000000238
36849  -27.280  -46.522  -29.804 0.6000000238
37912  -26.494  -45.141  -30.554 0.6000000238
37900  -27.430  -45.756  -29.680 0.6000000238
37924  -26.120  -45.636  -31.011 0.6000000238
38957  -25.750  -44.138  -31.668 0.6000000238
183557  -26.488  -44.534  -30.697 0.6000000238
34478  -30.403  -48.460  -26.696 0.5000000000
34493  -29.423  -48.035  -28.122 0.5000000000
36828  -28.666  -46.888  -28.649 0.6000000238
33259  -29.619  -49.332  -25.263 0.5000000000
34465  -30.407  -48.379  -25.968 0.5000000000
36841  -28.531  -46.107  -28.833 0.6000000238
33251  -28.012  -48.904  -24.670 0.5000000000
33252  -29.174  -49.033  -24.927 0.5000000000
37901  -28.122  -45.548  -29.238 0.6000000238
38947  -26.859  -44.664  -30.339 0.6000000238
40045  -25.594  -43.540  -32.108 0.6000000238
34494  -29.970  -47.566  -27.698 0.5000000000
36829  -29.267  -46.290  -28.345 0.5000000000
34449  -30.125  -48.178  -25.472 0.5000000000
34450  -30.435  -47.794  -25.755 0.5000000000
179911  -30.454  -47.776  -27.092 0.5000000000
35648  -30.432  -47.061  -27.346 0.5000000000
194170  -29.018  -45.748  -28.569 0.6000000238
34442  -28.253  -48.258  -24.685 0.5000000000
34444  -29.787  -47.973  -25.054 0.5000000000
37889  -28.795  -45.328  -28.846 0.6000000238
33250  -27.252  -48.905  -24.720 0.5000000000
35606  -28.508  -47.532  -24.655 0.5000000000
169581  -28.059  -44.303  -29.711 0.6000000238
38948  -27.403  -44.481  -30.071 0.6000000238
40036  -25.955  -43.503  -31.500 0.6000000238
40037  -26.576  -43.413  -30.999 0.6000000238
35618  -30.695  -47.136  -25.854 0.5000000000
37883  -30.850  -46.012  -27.082 0.5000000000
37882  -30.372  -45.627  -27.680 0.6000000238
172624  -30.408  -44.832  -27.818 0.6000000238
35609  -30.478  -46.724  -25.263 0.5000000000
177170  -29.918  -46.067  -27.965 0.6000000238
37890  -29.571  -45.312  -28.290 0.6000000238
34440  -26.933  -48.133  -24.809 0.5000000000
34448  -25.643  -47.902  -25.368 0.5000000000
40038  -27.158  -43.364  -30.634 0.6000000238
41104  -26.961  -42.690  -30.969 0.6000000238
186015  -30.486  -45.988  -24.967 0.5000000000
36791  -30.799  -46.286  -25.597 0.5000000000
37875  -31.074  -45.649  -26.234 0.5000000000
38917  -30.991  -44.455  -27.306 0.6000000238
175454  -28.770  -46.745  -24.553 0.5000000000
35605  -27.808  -46.896  -24.575 0.5000000000
194575  -31.107  -44.943  -25.212 0.6000000238
192346  -31.174  -45.106  -25.716 0.5000000000
179597  -31.289  -44.751  -26.422 0.5000000000
39995  -31.046  -43.710  -27.564 0.6000000238
172970  -29.105  -46.057  -24.413 0.6000000238
175966  -29.847  -46.042  -24.601 0.6000000238
184584  -30.543  -44.176  -27.836 0.6000000238
36774  -26.830  -46.079  -24.790 0.5000000000
36775  -27.467  -46.228  -24.587 0.5000000000
37845  -28.742  -45.509  -24.203 0.6000000238
179228  -25.004  -47.506  -25.688 0.4000000060
37847  -30.221  -45.459  -24.567 0.6000000238
37848  -30.761  -45.065  -24.798 0.6000000238
38901  -31.621  -44.075  -25.430 0.6000000238
38909  -31.638  -44.122  -26.073 0.5000000000
39996  -31.612  -43.468  -27.116 0.6000000238
180320  -30.852  -43.127  -28.063 0.6000000238
39987  -31.846  -43.544  -26.473 0.6999999881
55148  -34.721  -32.212  -31.408 0.5000000000
59035  -32.539  -28.302  -23.101 0.5000000000
62634  -33.619  -26.011  -28.277 0.6000000238
191413  -32.324  -26.490  -33.452 0.5000000000
62703  -30.323  -24.969  -34.461 0.5000000000
73516  -34.689  -17.501  -34.149 0.4000000060
74805  -35.223  -16.647  -33.343 0.3000000119
74789  -35.534  -16.488  -32.787 0.3000000119
75924  -36.169  -15.438  -31.772 0.3000000119
29718  -29.160  -51.603  -26.404 0.4000000060
30864  -29.262  -51.048  -27.827 0.5000000000
32090  -28.779  -49.859  -28.872 0.5000000000
35704  -26.473  -47.208  -31.001 0.5000000000
32060  -29.582  -50.360  -25.927 0.4000000060
34520  -26.920  -47.629  -30.503 0.6000000238
35690  -26.805  -46.844  -30.380 0.6000000238
36860  -26.312  -46.431  -30.945 0.5000000000
37923  -25.691  -45.346  -31.717 0.5000000000
179713  -28.662  -51.325  -25.175 0.4000000060
32038  -28.818  -50.187  -24.837 0.5000000000
163130  -27.367  -50.304  -24.562 0.5000000000
163741  -28.558  -49.503  -24.735 0.5000000000
32035  -26.798  -49.636  -24.701 0.3000000119
33258  -25.529  -49.543  -25.280 0.4000000060
33273  -24.237  -49.416  -26.203 0.4000000060
53006  -35.028  -33.418  -32.008 0.4000000060
54148  -36.243  -32.691  -31.554 0.4000000060
54147  -35.362  -32.823  -31.571 0.4000000060
168059  -32.815  -26.308  -23.288 0.5000000000
62558  -32.466  -25.689  -23.241 0.4000000060
61437  -32.589  -26.685  -32.544 0.5000000000
61449  -32.934  -26.729  -34.155 0.5000000000
61448  -32.061  -26.306  -34.763 0.5000000000
67523  -35.882  -22.395  -26.369 0.4000000060
75943  -35.331  -15.988  -33.211 0.3000000119
77022  -36.150  -14.602  -31.792 0.3000000119
29712  -28.856  -51.819  -25.788 0.4000000060
167647  -29.105  -44.461  -28.843 0.6000000238
36790  -25.614  -46.456  -25.333 0.5000000000
35604  -26.305  -47.580  -25.041 0.5000000000
170752  -27.092  -46.657  -24.720 0.6000000238
60278  -33.727  -27.091  -33.012 0.5000000000
33249  -26.505  -48.821  -24.909 0.4000000060
34521  -27.386  -48.076  -30.070 0.6000000238
32069  -29.453  -50.261  -27.708 0.4000000060
33295  -28.858  -48.477  -28.551 0.5000000000
34492  -28.234  -48.124  -29.057 0.6000000238
33297  -30.014  -48.481  -27.491 0.5000000000
32049  -29.327  -50.106  -25.328 0.5000000000
36819  -30.738  -46.636  -27.055 0.5000000000
36804  -30.895  -46.498  -26.432 0.5000000000
35607  -29.455  -47.329  -24.777 0.5000000000
36777  -29.472  -46.588  -24.627 0.5000000000
74804  -34.847  -16.787  -33.865 0.4000000060
30817  -28.435  -50.812  -24.814 0.4000000060
35703  -26.041  -46.833  -31.536 0.4000000060
176747  -25.555  -45.820  -32.258 0.4000000060
32037  -28.147  -50.236  -24.646 0.4000000060
45705  -23.887  -39.160  -27.497 0.4000000060
44497  -23.912  -39.875  -27.589 0.3000000119
44498  -24.454  -40.257  -27.218 0.4000000060
42131  -23.631  -41.665  -27.099 0.4000000060
46875  -24.035  -37.858  -26.803 0.4000000060
46893  -24.331  -38.733  -27.013 0.4000000060
49301  -22.742  -34.704  -28.664 0.4000000060
49302  -23.273  -36.011  -27.520 0.4000000060
46892  -23.406  -37.629  -27.457 0.4000000060
46848  -24.550  -37.635  -26.259 0.4000000060
51761  -22.484  -33.665  -28.528 0.3000000119
50546  -22.722  -33.945  -28.500 0.3000000119
51762  -22.752  -33.604  -28.031 0.4000000060
49288  -24.497  -36.363  -25.945 0.4000000060
50547  -23.191  -34.799  -27.723 0.5000000000
52944  -23.637  -33.539  -26.813 0.4000000060
52933  -24.071  -33.876  -26.168 0.4000000060
50519  -24.146  -34.905  -26.056 0.5000000000
52945  -24.033  -33.178  -26.237 0.4000000060
62557  -31.804  -25.791  -22.996 0.3000000119
66389  -35.110  -22.838  -25.244 0.3000000119
67513  -34.395  -22.481  -25.080 0.3000000119
67522  -35.594  -22.541  -25.762 0.3000000119
67521  -34.989  -22.120  -25.548 0.3000000119
67530  -35.496  -21.883  -26.122 0.3000000119
70960  -29.173  -19.620  -32.754 0.4000000060
70961  -30.192  -19.538  -32.321 0.4000000060
70975  -29.339  -19.166  -33.357 0.4000000060
72158  -33.517  -18.143  -27.234 0.3000000119
73441  -32.470  -17.480  -27.584 0.3000000119
74700  -32.042  -16.986  -27.926 0.3000000119
70963  -31.803  -19.297  -31.847 0.4000000060
70977  -31.425  -18.957  -32.457 0.3000000119
70976  -30.566  -19.093  -32.783 0.4000000060
72236  -28.304  -18.256  -35.173 0.3000000119
72159  -34.423  -18.442  -27.292 0.3000000119
178523  -34.159  -17.822  -27.513 0.3000000119
73446  -34.972  -17.601  -28.360 0.3000000119
74701  -32.874  -16.922  -28.015 0.3000000119
165955  -33.448  -17.470  -27.642 0.3000000119
73445  -34.348  -17.387  -27.975 0.3000000119
72171  -35.411  -18.663  -28.851 0.3000000119
74711  -33.820  -16.823  -28.218 0.3000000119
74712  -34.583  -16.910  -28.585 0.3000000119
73450  -34.928  -17.287  -29.069 0.3000000119
72170  -35.177  -18.005  -29.242 0.3000000119
70936  -33.996  -19.453  -30.442 0.3000000119
176153  -32.330  -16.102  -28.501 0.3000000119
75864  -33.137  -16.248  -28.524 0.3000000119
76982  -31.979  -15.120  -29.172 0.3000000119
78018  -31.603  -14.505  -29.577 0.3000000119
70949  -33.561  -19.108  -30.966 0.3000000119
182456  -30.923  -14.332  -29.557 0.3000000119
182649  -31.315  -14.023  -29.877 0.3000000119
70948  -32.854  -19.416  -31.199 0.3000000119
70964  -32.506  -19.106  -31.714 0.3000000119
72198  -32.150  -18.763  -32.242 0.3000000119
80324  -29.553  -11.916  -30.850 0.3000000119
80315  -30.471  -12.606  -30.879 0.3000000119
81471  -30.095  -11.390  -31.161 0.3000000119
81470  -29.277  -11.202  -30.969 0.3000000119
72246  -28.397  -18.275  -35.566 0.3000000119
75865  -34.151  -16.209  -28.781 0.3000000119
73465  -34.828  -17.400  -29.884 0.3000000119
70950  -34.250  -18.714  -30.573 0.3000000119
75874  -32.629  -15.640  -28.880 0.3000000119
75875  -33.624  -15.575  -29.105 0.3000000119
189051  -34.078  -15.353  -29.460 0.3000000119
74734  -34.725  -16.600  -29.754 0.3000000119
73475  -34.513  -17.262  -30.586 0.3000000119
177615  -34.437  -17.917  -30.597 0.3000000119
76983  -32.945  -15.021  -29.302 0.3000000119
182132  -33.709  -15.003  -29.552 0.3000000119
180067  -34.534  -15.881  -29.854 0.3000000119
78040  -30.694  -13.694  -30.046 0.3000000119
78019  -32.373  -14.534  -29.647 0.3000000119
70965  -33.160  -18.782  -31.475 0.3000000119
72199  -32.787  -18.460  -31.990 0.3000000119
173036  -31.491  -13.497  -30.221 0.3000000119
80326  -30.839  -11.920  -31.122 0.3000000119
80342  -32.226  -11.665  -31.684 0.3000000119
72212  -31.769  -18.385  -32.806 0.3000000119
80341  -31.484  -11.547  -31.402 0.3000000119
72225  -31.354  -18.060  -33.501 0.3000000119
73512  -29.506  -17.869  -34.853 0.3000000119
72261  -28.881  -17.738  -36.073 0.3000000119
169031  -34.642  -16.793  -30.274 0.3000000119
73474  -34.003  -17.514  -31.256 0.3000000119
76984  -33.861  -14.571  -30.065 0.3000000119
75892  -34.498  -15.355  -30.420 0.3000000119
74753  -34.601  -16.099  -30.446 0.3000000119
72190  -33.804  -18.363  -31.124 0.3000000119
78041  -31.942  -14.003  -29.946 0.3000000119
79125  -32.930  -13.496  -30.442 0.3000000119
78043  -33.455  -13.918  -30.324 0.3000000119
72200  -33.391  -18.070  -31.682 0.3000000119
73499  -32.709  -17.463  -32.767 0.3000000119
73484  -33.013  -17.776  -32.201 0.3000000119
80329  -33.144  -12.753  -31.313 0.3000000119
72213  -32.451  -18.130  -32.536 0.3000000119
80343  -32.884  -12.207  -31.810 0.3000000119
81487  -32.707  -11.715  -32.262 0.3000000119
73513  -30.782  -17.683  -34.324 0.3000000119
73539  -28.837  -17.757  -35.732 0.3000000119
74752  -34.398  -16.750  -30.926 0.3000000119
78056  -34.119  -14.345  -31.049 0.3000000119
75922  -34.341  -14.906  -30.985 0.3000000119
75907  -34.300  -16.165  -31.226 0.3000000119
79142  -33.329  -13.325  -30.855 0.3000000119
75921  -33.950  -15.754  -31.859 0.3000000119
74771  -33.837  -16.726  -31.745 0.3000000119
73485  -33.502  -17.444  -31.873 0.3000000119
179571  -33.580  -13.245  -31.435 0.3000000119
78072  -33.855  -13.877  -31.537 0.3000000119
80357  -33.426  -12.756  -32.459 0.3000000119
79171  -33.166  -12.632  -33.083 0.3000000119
73515  -32.389  -17.187  -33.364 0.3000000119
73498  -32.097  -17.786  -33.102 0.3000000119
81495  -32.683  -11.599  -32.894 0.3000000119
193315  -32.942  -12.082  -32.982 0.3000000119
73514  -31.719  -17.479  -33.748 0.3000000119
73527  -29.947  -17.101  -35.379 0.3000000119
73553  -29.596  -17.266  -36.436 0.3000000119
75908  -34.422  -15.518  -31.034 0.3000000119
182962  -34.120  -14.531  -31.578 0.3000000119
73500  -33.255  -17.080  -32.365 0.3000000119
77020  -33.839  -14.949  -32.116 0.3000000119
79155  -33.638  -13.332  -32.124 0.3000000119
78083  -33.492  -13.834  -32.792 0.3000000119
74787  -32.889  -16.750  -32.979 0.3000000119
81505  -32.316  -11.280  -33.622 0.3000000119
79172  -33.427  -13.178  -32.772 0.3000000119
78093  -33.127  -13.463  -33.350 0.3000000119
80376  -32.720  -12.048  -33.586 0.3000000119
79185  -32.759  -12.972  -33.868 0.3000000119
174133  -32.028  -16.976  -33.875 0.3000000119
73528  -31.327  -17.086  -34.455 0.3000000119
74819  -30.172  -16.591  -35.863 0.3000000119
73540  -29.468  -17.075  -36.185 0.3000000119
176786  -29.993  -16.762  -36.587 0.3000000119
74788  -33.418  -16.288  -32.504 0.3000000119
77032  -33.498  -14.630  -32.771 0.3000000119
75933  -33.475  -15.448  -32.665 0.3000000119
167858  -32.937  -15.918  -33.264 0.3000000119
78092  -33.094  -14.270  -33.379 0.3000000119
77031  -33.073  -15.060  -33.304 0.3000000119
74803  -32.480  -16.563  -33.629 0.3000000119
74802  -31.904  -16.521  -34.279 0.3000000119
80394  -32.355  -12.497  -34.430 0.3000000119
79194  -32.286  -13.366  -34.619 0.3000000119
78102  -32.671  -13.879  -34.035 0.3000000119
77041  -32.702  -14.704  -33.918 0.3000000119
74820  -31.059  -16.537  -35.102 0.3000000119
74831  -30.218  -16.459  -36.343 0.3000000119
73556  -32.862  -17.663  -36.963 0.3000000119
73567  -32.201  -17.434  -37.687 0.3000000119
189064  -30.230  -17.036  -36.893 0.3000000119
162675  -32.695  -15.371  -33.788 0.3000000119
75941  -32.372  -15.929  -34.007 0.3000000119
172563  -31.993  -12.811  -35.033 0.3000000119
191575  -32.347  -13.921  -34.530 0.3000000119
183786  -32.341  -14.416  -34.503 0.3000000119
75954  -32.221  -15.220  -34.439 0.3000000119
75953  -31.741  -15.943  -34.745 0.3000000119
193722  -31.632  -15.419  -35.131 0.3000000119
75952  -30.933  -15.976  -35.638 0.3000000119
74841  -30.630  -16.023  -36.816 0.3000000119
75983  -31.762  -15.987  -37.868 0.3000000119
74854  -31.125  -16.174  -37.396 0.3000000119
74856  -32.366  -16.936  -37.865 0.3000000119
74855  -31.802  -16.729  -37.664 0.3000000119
80393  -31.915  -12.134  -35.030 0.3000000119
79205  -31.630  -12.590  -35.655 0.3000000119
78101  -32.018  -14.028  -34.951 0.3000000119
77060  -31.525  -14.299  -35.622 0.3000000119
77050  -31.836  -14.754  -35.057 0.3000000119
78111  -31.237  -13.845  -36.073 0.3000000119
75962  -31.185  -15.165  -35.779 0.3000000119
75994  -31.676  -15.332  -37.962 0.3000000119
77074  -30.895  -15.162  -36.977 0.3000000119
166982  -30.849  -15.364  -36.457 0.3000000119
75995  -32.315  -15.612  -38.185 0.3000000119
75982  -31.116  -15.589  -37.440 0.3000000119
74842  -32.731  -16.862  -37.329 0.3000000119
75984  -32.459  -16.226  -37.930 0.3000000119
74833  -34.128  -17.045  -35.067 0.3000000119
74843  -33.153  -17.080  -36.485 0.3000000119
73529  -34.335  -17.612  -34.808 0.3000000119
80406  -31.282  -12.316  -36.322 0.3000000119
79193  -31.707  -13.432  -35.447 0.3000000119
79221  -30.964  -13.224  -37.192 0.3000000119
78122  -30.958  -13.835  -36.694 0.3000000119
77059  -31.019  -14.586  -36.370 0.3000000119
77089  -31.178  -14.973  -37.584 0.3000000119
75971  -32.869  -15.892  -37.242 0.3000000119
167223  -34.136  -16.341  -35.009 0.3000000119
74821  -34.505  -16.795  -34.476 0.3000000119
79204  -31.172  -13.087  -36.297 0.3000000119
38974  -25.717  -44.221  -32.859 0.4000000060
50558  -22.229  -34.205  -29.011 0.3000000119
48063  -24.069  -36.899  -26.513 0.4000000060
46849  -25.139  -37.836  -25.975 0.4000000060
52934  -24.511  -33.891  -25.587 0.4000000060
51736  -23.872  -34.239  -26.498 0.4000000060
61316  -32.248  -26.239  -23.053 0.3000000119
70962  -31.059  -19.431  -32.019 0.4000000060
79123  -30.943  -13.061  -30.565 0.3000000119
79124  -32.274  -13.436  -30.320 0.3000000119
81472  -30.880  -11.202  -31.456 0.3000000119
72181  -34.810  -18.270  -29.959 0.3000000119
49312  -21.826  -34.866  -29.614 0.4000000060
192765  -22.107  -35.370  -29.431 0.4000000060
48076  -23.109  -36.799  -27.689 0.4000000060
48062  -23.595  -37.096  -27.130 0.4000000060
52943  -22.544  -33.502  -28.081 0.3000000119
173940  -23.097  -34.062  -27.801 0.4000000060
74719  -34.579  -16.428  -29.255 0.3000000119
78042  -32.716  -13.944  -30.033 0.3000000119
76985  -34.290  -15.217  -29.889 0.3000000119
81485  -31.617  -11.065  -31.847 0.3000000119
82747  -30.982  -10.632  -31.850 0.3000000119
76996  -34.293  -14.750  -30.503 0.3000000119
78055  -33.737  -13.817  -30.966 0.3000000119
80344  -33.372  -12.714  -31.940 0.3000000119
192222  -34.243  -15.109  -31.540 0.3000000119
165372  -33.784  -14.174  -32.161 0.3000000119
81494  -32.240  -11.025  -33.099 0.3000000119
169237  -33.220  -16.333  -36.417 0.3000000119
181692  -30.976  -14.468  -37.154 0.3000000119
78151  -31.376  -14.385  -37.902 0.3000000119
50557  -21.568  -34.791  -29.576 0.4000000060
53019  -35.425  -33.966  -32.362 0.4000000060
35647  -20.699  -47.808  -26.949 0.3000000119
186923  -21.414  -48.891  -27.145 0.3000000119
35646  -20.170  -47.538  -27.599 0.3000000119
33270  -22.159  -48.737  -26.755 0.3000000119
187566  -22.759  -33.491  -27.659 0.3000000119
54084  -23.434  -32.962  -26.918 0.3000000119
54085  -23.717  -32.469  -26.577 0.3000000119
46908  -22.400  -37.682  -28.659 0.3000000119
48087  -22.222  -36.477  -29.039 0.3000000119
48075  -22.792  -37.152  -28.156 0.3000000119
166925  -22.641  -35.864  -28.567 0.3000000119
45704  -23.349  -38.837  -27.818 0.3000000119
46891  -23.058  -38.136  -27.930 0.3000000119
48103  -21.273  -35.864  -30.168 0.3000000119
46907  -21.834  -36.992  -29.602 0.3000000119
51825  -35.858  -34.527  -32.747 0.3000000119
30816  -27.763  -50.898  -24.607 0.4000000060
30818  -28.920  -50.682  -25.092 0.5000000000
30838  -29.174  -50.982  -25.693 0.4000000060
30865  -29.524  -50.631  -27.137 0.4000000060
30873  -29.112  -50.518  -28.404 0.5000000000
32036  -27.702  -49.588  -24.641 0.5000000000
32050  -29.885  -49.633  -25.823 0.5000000000
32061  -29.791  -50.177  -26.491 0.4000000060
33248  -25.709  -48.723  -25.300 0.5000000000
33253  -29.716  -48.621  -25.166 0.5000000000
33272  -23.636  -49.110  -26.529 0.4000000060
33274  -30.243  -49.025  -26.205 0.5000000000
33283  -30.147  -49.170  -26.964 0.5000000000
33312  -29.067  -49.249  -28.432 0.5000000000
34441  -27.672  -47.745  -24.672 0.5000000000
34443  -29.109  -48.225  -24.832 0.5000000000
34460  -21.389  -48.281  -26.755 0.3000000119
34461  -22.105  -47.886  -26.414 0.5000000000
34462  -22.893  -48.224  -26.485 0.5000000000
34464  -24.203  -48.554  -26.249 0.5000000000
34466  -30.599  -47.804  -26.372 0.5000000000
34477  -20.796  -48.511  -27.505 0.3000000119
34479  -30.717  -47.170  -26.726 0.5000000000
34533  -26.606  -47.954  -31.127 0.5000000000
35608  -30.205  -47.424  -25.245 0.5000000000
35613  -22.504  -46.484  -25.909 0.5000000000
35617  -25.647  -47.164  -25.347 0.4000000060
35629  -20.406  -46.986  -26.872 0.3000000119
35663  -29.333  -47.205  -28.224 0.5000000000
35677  -28.148  -47.356  -29.011 0.6000000238
36776  -28.212  -46.033  -24.414 0.5000000000
36786  -22.156  -45.792  -25.757 0.5000000000
36802  -21.108  -45.987  -26.178 0.4000000060
36818  -30.404  -46.364  -27.529 0.6000000238
36830  -29.934  -46.767  -27.896 0.5000000000
36859  -25.840  -46.106  -31.585 0.5000000000
37846  -29.494  -45.331  -24.239 0.6000000238
37862  -24.218  -45.444  -25.527 0.6000000238
37863  -25.499  -45.824  -25.372 0.6000000238
37864  -30.926  -45.534  -25.326 0.5000000000
37873  -20.890  -45.440  -26.445 0.4000000060
37913  -27.086  -45.183  -30.066 0.6000000238
37914  -27.753  -45.027  -29.669 0.6000000238
37931  -25.575  -44.979  -32.446 0.6999999881
38877  -31.299  -44.336  -24.959 0.6000000238
38898  -23.587  -44.076  -25.516 0.5000000000
38908  -22.380  -44.230  -25.849 0.4000000060
38934  -28.410  -44.803  -29.265 0.6000000238
38958  -25.975  -44.802  -31.174 0.6000000238
38959  -26.915  -44.019  -30.529 0.6000000238
39947  -27.867  -43.651  -24.366 0.6000000238
39949  -29.255  -43.547  -23.964 0.6000000238
39970  -23.333  -43.453  -25.711 0.5000000000
39973  -25.291  -43.429  -25.300 0.6000000238
39974  -26.498  -43.975  -24.968 0.6000000238
39986  -31.442  -44.024  -26.842 0.6000000238
40004  -30.414  -43.675  -28.134 0.6000000238
40028  -27.676  -43.688  -30.182 0.6999999881
40061  -25.738  -43.424  -33.138 0.6999999881
40062  -26.209  -43.382  -33.555 0.6000000238
40983  -31.011  -42.556  -23.909 0.6999999881
40999  -31.985  -42.474  -24.435 0.6999999881
41022  -32.163  -43.081  -25.320 0.6999999881
41039  -32.567  -42.457  -26.448 0.8000000119
41088  -27.552  -43.008  -30.502 0.6999999881
41090  -28.800  -42.954  -29.772 0.6999999881
41118  -25.520  -42.882  -32.433 0.6999999881
42067  -29.695  -42.001  -23.926 0.6999999881
42070  -31.899  -41.884  -24.127 0.8000000119
42087  -32.799  -41.801  -25.254 0.8000000119
42103  -26.387  -41.732  -25.422 0.5000000000
42105  -32.881  -41.905  -26.045 0.8000000119
42117  -24.256  -41.682  -26.499 0.4000000060
42132  -24.259  -41.036  -27.065 0.5000000000
42133  -32.477  -41.728  -27.465 0.8000000119
42145  -31.191  -41.972  -28.378 0.6999999881
42175  -29.773  -41.374  -29.562 0.6999999881
42198  -25.802  -42.320  -32.045 0.6999999881
42211  -25.573  -42.164  -32.742 0.6999999881
42212  -25.555  -41.453  -33.067 0.6999999881
42222  -25.649  -42.048  -33.260 0.6999999881
42225  -27.679  -41.649  -34.210 0.6999999881
43188  -31.159  -41.075  -23.898 0.6000000238
43205  -28.438  -40.734  -24.876 0.6000000238
43223  -26.156  -40.580  -25.929 0.5000000000
43225  -27.301  -40.727  -25.353 0.6000000238
43237  -33.075  -41.299  -26.404 0.8000000119
43251  -33.028  -40.702  -27.348 0.8000000119
43327  -30.041  -41.410  -33.060 0.5000000000
43340  -26.879  -40.845  -34.210 0.6999999881
44433  -30.693  -40.405  -24.031 0.6000000238
44436  -32.864  -39.908  -24.191 0.6999999881
44450  -29.067  -39.823  -24.866 0.6000000238
44454  -33.582  -39.725  -25.034 0.6999999881
44512  -32.747  -39.881  -28.132 0.6999999881
44527  -32.167  -40.013  -28.556 0.8000000119
44553  -27.634  -40.327  -30.610 0.6999999881
44579  -25.739  -40.207  -33.170 0.6999999881
44581  -27.014  -39.183  -33.705 0.6999999881
44599  -27.888  -39.438  -33.831 0.6999999881
45636  -31.908  -39.052  -23.857 0.6999999881
45649  -28.529  -39.292  -25.171 0.5000000000
45651  -29.947  -39.164  -24.634 0.6000000238
45691  -26.509  -39.242  -26.110 0.5000000000
45692  -33.785  -39.374  -26.381 0.8000000119
45706  -24.500  -39.507  -27.203 0.5000000000
45763  -27.871  -38.734  -29.873 0.6999999881
46820  -32.901  -38.167  -23.846 0.6999999881
46829  -27.791  -37.697  -25.175 0.6000000238
46833  -33.797  -38.293  -24.580 0.6999999881
46850  -25.913  -37.951  -25.902 0.5000000000
46876  -24.763  -38.281  -26.496 0.4000000060
46959  -29.983  -37.848  -32.597 0.6999999881
48018  -31.697  -36.977  -23.799 0.8000000119
48031  -29.875  -37.397  -24.580 0.6000000238
48043  -24.797  -37.144  -25.882 0.4000000060
48064  -34.300  -37.632  -26.705 0.8000000119
48086  -21.706  -35.715  -29.916 0.3000000119
48104  -27.732  -37.114  -29.120 0.6999999881
48109  -32.490  -36.678  -28.726 0.8999999762
48133  -26.578  -36.796  -31.658 0.8000000119
48135  -28.770  -36.632  -32.094 0.8000000119
48137  -31.212  -37.372  -32.288 0.6999999881
49235  -28.682  -36.055  -24.099 0.6000000238
49237  -31.393  -36.358  -23.814 0.8000000119
49239  -33.500  -36.325  -23.911 0.8000000119
49256  -27.597  -36.290  -24.371 0.6000000238
49260  -34.544  -36.438  -24.884 0.8000000119
49272  -25.840  -36.736  -25.176 0.6000000238
49287  -23.844  -35.773  -26.718 0.6000000238
49303  -34.251  -36.621  -27.344 0.8000000119
49311  -20.910  -35.411  -29.471 0.4000000060
49313  -22.254  -34.792  -29.236 0.4000000060
49349  -27.145  -35.868  -30.741 0.8000000119
50507  -25.770  -35.431  -24.548 0.6000000238
50534  -23.675  -34.737  -26.877 0.5000000000
50536  -34.978  -35.615  -26.403 0.8000000119
50545  -21.814  -34.242  -28.760 0.3000000119
50549  -34.581  -35.814  -27.176 0.8000000119
50569  -27.486  -35.494  -29.152 0.8000000119
50609  -31.508  -36.024  -32.180 0.6999999881
50622  -33.261  -35.308  -34.060 0.5000000000
50624  -34.073  -35.312  -34.499 0.4000000060
50632  -34.060  -35.748  -34.585 0.5000000000
51701  -31.858  -34.579  -23.654 0.8000000119
51703  -34.246  -34.540  -24.227 0.8000000119
51715  -24.840  -34.603  -25.132 0.5000000000
51719  -35.224  -34.208  -25.137 0.6999999881
51738  -35.091  -34.969  -25.139 0.6999999881
51748  -23.355  -33.841  -27.337 0.4000000060
51760  -22.387  -33.646  -28.435 0.3000000119
51770  -33.090  -34.788  -28.492 0.8000000119
51779  -27.910  -34.881  -28.949 0.8000000119
51780  -28.465  -34.305  -29.012 0.8000000119
51783  -31.476  -34.865  -28.998 0.8000000119
51784  -32.401  -34.872  -28.840 0.8000000119
51822  -31.197  -34.218  -33.062 0.8000000119
51823  -31.869  -34.471  -33.425 0.6999999881
51837  -33.580  -34.607  -34.282 0.5000000000
51839  -35.394  -35.012  -33.516 0.4000000060
52896  -26.529  -33.920  -23.413 0.5000000000
52955  -23.058  -33.439  -27.351 0.3000000119
53007  -35.816  -33.409  -31.842 0.4000000060
53016  -30.467  -33.246  -33.410 0.8000000119
54040  -26.056  -33.187  -23.407 0.4000000060
54103  -32.714  -32.852  -28.475 0.8000000119
54112  -31.048  -32.721  -29.081 0.8000000119
54145  -34.085  -32.613  -31.996 0.5000000000
54157  -32.276  -32.763  -33.601 0.6000000238
54159  -34.292  -33.236  -32.369 0.6000000238
54982  -26.681  -31.493  -22.389 0.5000000000
55007  -30.169  -31.908  -22.607 0.6000000238
55045  -34.632  -31.596  -24.262 0.6999999881
55095  -33.943  -32.075  -28.110 0.6999999881
55096  -34.558  -31.759  -27.880 0.6999999881
55107  -31.686  -31.802  -28.687 0.8000000119
55131  -28.086  -31.390  -32.156 1.0000000000
55136  -36.072  -30.960  -31.233 0.6000000238
55146  -33.023  -31.769  -31.990 0.6999999881
55147  -33.835  -31.948  -31.665 0.6999999881
55149  -35.606  -32.094  -31.241 0.6000000238
55168  -30.108  -31.898  -33.638 0.8000000119
55993  -29.225  -30.843  -22.115 0.5000000000
55994  -29.894  -30.641  -22.225 0.6000000238
56001  -25.755  -30.882  -22.994 0.4000000060
56006  -32.216  -30.649  -23.102 0.6999999881
56057  -35.855  -30.622  -26.013 0.6999999881
56094  -32.842  -30.319  -28.270 0.6999999881
56106  -30.267  -30.944  -29.499 0.8000000119
56144  -37.164  -31.391  -31.876 0.4000000060
56956  -33.812  -30.238  -23.830 0.6999999881
57016  -35.102  -30.703  -27.577 0.6999999881
57028  -33.428  -29.941  -28.145 0.6999999881
57069  -35.781  -30.442  -31.185 0.6000000238
57079  -35.691  -29.846  -31.307 0.6000000238
57919  -27.937  -29.290  -21.746 0.4000000060
57933  -25.667  -29.275  -22.802 0.3000000119
58019  -33.765  -29.289  -28.080 0.6999999881
58035  -30.153  -29.252  -29.072 0.8000000119
58054  -33.572  -29.172  -31.050 0.6999999881
58056  -35.079  -29.548  -31.071 0.6999999881
58068  -34.177  -28.580  -31.187 0.6999999881
58070  -35.506  -29.153  -31.516 0.6000000238
58077  -35.808  -28.796  -32.174 0.5000000000
59022  -29.886  -28.580  -22.156 0.4000000060
59120  -29.316  -27.991  -28.386 0.8000000119
59169  -33.872  -27.839  -31.418 0.6000000238
60131  -30.832  -27.855  -22.539 0.4000000060
60138  -31.499  -27.800  -22.754 0.5000000000
61304  -28.664  -26.553  -22.193 0.3000000119
61393  -28.883  -26.609  -27.932 0.8000000119
61399  -33.790  -26.687  -28.230 0.6999999881
61438  -32.892  -26.697  -33.213 0.5000000000
61456  -31.781  -25.657  -35.441 0.6000000238
62580  -36.095  -25.966  -25.328 0.6999999881
62594  -36.109  -25.656  -26.549 0.6999999881
63867  -30.381  -24.930  -22.933 0.3000000119
63906  -36.184  -24.520  -26.383 0.6000000238
65133  -32.373  -23.878  -23.781 0.3000000119
65171  -36.039  -24.125  -26.840 0.6000000238
65195  -32.801  -23.683  -28.984 0.6999999881
65239  -24.832  -23.539  -31.685 0.6999999881
65257  -24.823  -23.391  -32.306 0.6999999881
66377  -32.293  -22.734  -24.253 0.3000000119
66390  -35.674  -23.137  -25.497 0.4000000060
66445  -24.933  -22.871  -31.685 0.6999999881
67488  -29.235  -22.454  -24.280 0.3000000119
67563  -26.283  -22.358  -30.948 0.6999999881
67580  -25.390  -21.951  -31.707 0.6999999881
67621  -25.590  -20.875  -33.777 0.5000000000
68602  -31.446  -20.794  -25.388 0.3000000119
68642  -29.644  -21.462  -30.350 0.6000000238
68674  -25.200  -21.292  -32.675 0.6000000238
68675  -25.772  -20.564  -33.018 0.6000000238
68690  -25.894  -20.376  -33.795 0.6000000238
68722  -26.533  -20.144  -34.471 0.5000000000
69795  -26.396  -20.021  -34.252 0.6000000238
70909  -30.461  -19.138  -26.316 0.3000000119
71002  -33.876  -19.282  -34.763 0.4000000060
72160  -35.135  -18.442  -27.720 0.4000000060
72235  -27.868  -18.589  -35.207 0.4000000060
72237  -34.017  -18.795  -35.067 0.4000000060
72249  -33.539  -18.474  -35.817 0.3000000119
72263  -31.767  -18.164  -37.181 0.4000000060
72265  -32.919  -18.352  -36.691 0.4000000060
73517  -35.074  -17.367  -33.526 0.4000000060
73555  -32.446  -17.610  -37.599 0.3000000119
73565  -30.736  -16.651  -37.092 0.3000000119
73566  -31.405  -17.413  -37.284 0.3000000119
74772  -35.773  -16.278  -32.337 0.3000000119
74832  -33.644  -16.854  -35.696 0.3000000119
74864  -32.286  -16.320  -38.005 0.3000000119
75876  -34.309  -15.739  -29.378 0.3000000119
75923  -35.860  -15.802  -32.201 0.3000000119
75934  -35.601  -15.842  -32.681 0.3000000119
75961  -30.711  -15.814  -36.256 0.3000000119
75963  -33.712  -15.927  -35.616 0.3000000119
76960  -31.390  -15.417  -28.887 0.4000000060
78020  -33.210  -14.431  -29.701 0.3000000119
78044  -33.980  -14.251  -30.587 0.3000000119
80356  -33.099  -12.206  -32.485 0.3000000119
82734  -30.367  -10.734  -31.534 0.3000000119
162587  -30.246  -40.567  -33.063 0.5000000000
162840  -30.938  -45.224  -27.158 0.6000000238
163303  -28.703  -44.881  -24.052 0.6000000238
165050  -32.486  -40.406  -28.175 0.8000000119
165053  -28.640  -48.790  -24.740 0.5000000000
165173  -30.310  -41.135  -29.310 0.6999999881
166601  -27.022  -47.296  -24.769 0.5000000000
166710  -24.144  -46.653  -25.847 0.6000000238
166748  -29.283  -36.470  -28.682 0.8000000119
167041  -23.896  -44.748  -25.472 0.6000000238
167591  -27.551  -42.071  -24.903 0.6000000238
168103  -28.887  -33.049  -22.735 0.6000000238
169318  -26.254  -44.062  -31.052 0.6000000238
169386  -32.136  -28.535  -31.247 0.6000000238
169465  -30.586  -35.220  -28.817 0.8999999762
170313  -27.612  -48.382  -24.691 0.5000000000
170492  -28.990  -40.357  -29.965 0.6999999881
171477  -28.349  -28.665  -21.821 0.3000000119
172132  -30.025  -46.698  -24.904 0.5000000000
173277  -31.686  -26.237  -33.655 0.5000000000
173300  -29.285  -29.812  -22.029 0.4000000060
173627  -30.469  -32.482  -22.849 0.6000000238
173738  -21.086  -46.766  -26.272 0.4000000060
174502  -30.979  -36.641  -23.991 0.6000000238
174507  -26.390  -42.211  -31.468 0.6999999881
174545  -29.886  -36.579  -32.059 0.6999999881
174549  -30.453  -37.801  -29.214 0.8000000119
174666  -33.393  -37.992  -27.927 0.8000000119
176352  -27.093  -43.846  -33.689 0.4000000060
176570  -28.993  -42.013  -24.208 0.6000000238
176630  -36.078  -25.075  -26.608 0.6999999881
176663  -28.731  -37.238  -24.673 0.6000000238
177134  -32.955  -34.178  -34.267 0.5000000000
178008  -26.735  -45.941  -30.297 0.6000000238
178337  -25.993  -42.034  -33.630 0.6999999881
178392  -35.456  -33.156  -27.122 0.6999999881
178598  -32.544  -18.151  -37.302 0.3000000119
178857  -28.655  -42.029  -33.761 0.6000000238
178987  -22.984  -44.001  -25.671 0.4000000060
178989  -25.641  -44.699  -31.879 0.6000000238
179152  -34.643  -34.914  -24.586 0.6999999881
179165  -26.882  -43.067  -33.840 0.6000000238
179217  -25.824  -44.922  -32.988 0.4000000060
179791  -28.497  -16.459  -27.084 0.3000000119
180272  -32.365  -37.582  -23.749 0.6000000238
180333  -28.970  -52.180  -26.383 0.4000000060
180851  -26.123  -49.342  -24.972 0.4000000060
181340  -31.433  -33.236  -23.367 0.6999999881
181858  -27.263  -30.375  -32.561 0.8999999762
182110  -23.708  -38.422  -27.395 0.3000000119
182653  -31.122  -27.403  -28.271 0.8000000119
183064  -30.591  -27.607  -28.353 0.8000000119
183491  -33.068  -40.689  -24.805 0.8000000119
183758  -33.567  -21.570  -25.291 0.3000000119
184086  -24.463  -47.193  -25.884 0.6000000238
184133  -26.412  -29.361  -22.044 0.3000000119
184585  -30.374  -18.786  -36.250 0.4000000060
184897  -33.187  -39.857  -27.700 0.8000000119
185017  -28.228  -29.854  -21.842 0.4000000060
185490  -31.569  -40.284  -28.896 0.6999999881
186153  -27.466  -30.522  -21.888 0.5000000000
186333  -28.105  -31.293  -32.827 0.8999999762
186983  -32.898  -36.267  -32.834 0.5000000000
187144  -35.679  -32.453  -26.024 0.6999999881
187537  -27.124  -38.478  -30.204 0.6999999881
187636  -29.925  -38.021  -24.677 0.6000000238
187672  -32.005  -35.100  -23.710 0.8000000119
188016  -25.213  -41.564  -26.011 0.6000000238
189263  -31.385  -44.577  -25.593 0.5000000000
189420  -29.146  -49.646  -24.979 0.5000000000
189421  -27.381  -43.260  -24.678 0.6000000238
189582  -25.318  -45.282  -25.395 0.6000000238
189914  -28.548  -41.261  -30.224 0.6999999881
190879  -29.423  -40.604  -29.803 0.6999999881
191376  -30.581  -10.368  -31.812 0.3000000119
191818  -20.450  -48.043  -27.564 0.3000000119
191965  -34.184  -38.329  -25.988 0.6999999881
191976  -29.995  -32.988  -33.151 0.8000000119
191989  -26.671  -23.595  -30.097 0.8000000119
193170  -28.866  -20.109  -34.687 0.5000000000
193331  -26.656  -39.696  -25.953 0.5000000000
194276  -20.126  -46.442  -27.083 0.4000000060
194279  -30.577  -42.109  -28.773 0.6999999881
194411  -31.142  -26.520  -22.682 0.5000000000
194633  -34.709  -16.394  -34.097 0.3000000119
194746  -29.943  -43.633  -28.502 0.6999999881
