#!ascii label  , from subject sub-v2s13x29128_ses-1 vox2ras=TkReg
935
94848  20.975  -4.235  -36.664 0.0000000000
99657  34.201  -0.979  -45.844 0.0000000000
110609  30.175  9.088  -42.368 0.0000000000
107343  26.386  6.090  -39.520 0.0000000000
87823  22.585  -9.682  -35.070 0.0000000000
91285  26.114  -6.578  -37.178 0.0000000000
98274  27.686  -1.397  -39.400 0.0000000000
103130  29.844  2.240  -41.602 0.0000000000
162828  27.068  4.117  -47.221 0.0000000000
111735  34.128  9.084  -50.358 0.0000000000
117214  30.284  14.053  -39.701 0.0000000000
91256  21.545  -7.135  -35.863 0.0000000000
90101  24.568  -8.055  -36.318 0.0000000000
93668  23.405  -5.250  -37.627 0.0000000000
161689  23.412  1.941  -40.929 0.0000000000
105213  22.582  4.090  -41.010 0.0000000000
108468  29.819  6.651  -40.124 0.0000000000
105231  29.947  4.330  -42.865 0.0000000000
107388  30.342  5.992  -44.260 0.0000000000
106303  32.270  4.861  -46.092 0.0000000000
110632  31.324  8.620  -46.269 0.0000000000
178321  26.949  15.377  -37.494 0.0000000000
117193  27.256  13.685  -38.112 0.0000000000
119298  29.127  16.389  -39.987 0.0000000000
160961  31.486  -0.117  -42.932 0.0000000000
98270  31.143  -2.410  -40.165 0.0000000000
102034  33.518  1.302  -41.863 0.0000000000
187786  27.702  9.304  -38.784 0.0000000000
102085  35.399  1.984  -46.358 0.0000000000
98236  20.110  -1.243  -37.960 0.0000000000
97178  23.430  -2.444  -39.050 0.0000000000
99573  23.478  -0.222  -40.343 0.0000000000
100855  28.037  0.809  -39.825 0.0000000000
99659  29.613  -0.911  -44.942 0.0000000000
105196  28.920  4.061  -40.126 0.0000000000
103150  28.561  2.885  -44.831 0.0000000000
100946  30.864  0.124  -47.263 0.0000000000
104213  33.896  3.307  -46.530 0.0000000000
114986  27.327  11.832  -38.543 0.0000000000
113813  30.895  11.338  -40.529 0.0000000000
119318  29.728  16.264  -43.372 0.0000000000
117231  30.065  13.801  -43.812 0.0000000000
113864  30.324  11.442  -45.403 0.0000000000
115074  32.617  11.867  -50.235 0.0000000000
94898  26.807  -4.089  -38.977 0.0000000000
94830  20.085  -3.947  -35.799 0.0000000000
92440  20.554  -5.111  -35.560 0.0000000000
92454  21.806  -6.086  -36.558 0.0000000000
92453  22.352  -6.488  -36.841 0.0000000000
93669  22.107  -4.982  -37.379 0.0000000000
172897  30.216  7.822  -41.488 0.0000000000
108489  30.173  6.314  -42.840 0.0000000000
109543  30.160  7.433  -43.676 0.0000000000
185653  30.863  7.283  -45.168 0.0000000000
110619  30.262  8.693  -44.392 0.0000000000
120297  27.381  16.878  -38.802 0.0000000000
119289  28.160  15.913  -38.754 0.0000000000
121322  28.003  17.550  -40.348 0.0000000000
99647  31.972  -0.681  -44.205 0.0000000000
100887  32.535  0.630  -42.116 0.0000000000
100915  33.583  0.505  -43.740 0.0000000000
167334  26.425  8.840  -39.307 0.0000000000
160891  25.651  10.241  -39.658 0.0000000000
87825  21.168  -8.788  -34.550 0.0000000000
87824  21.686  -9.595  -34.695 0.0000000000
87807  23.234  -9.851  -34.414 0.0000000000
88931  23.891  -9.214  -34.621 0.0000000000
90100  25.137  -7.538  -36.393 0.0000000000
90084  25.397  -7.676  -35.123 0.0000000000
99553  21.598  -0.619  -39.506 0.0000000000
100838  20.928  0.777  -39.380 0.0000000000
160910  26.364  2.293  -40.096 0.0000000000
101997  26.068  1.591  -39.889 0.0000000000
192942  29.899  1.124  -41.408 0.0000000000
100901  30.557  0.550  -43.235 0.0000000000
102057  30.299  1.335  -43.569 0.0000000000
106243  24.291  5.174  -41.014 0.0000000000
107353  26.086  5.353  -39.962 0.0000000000
105248  26.221  5.999  -45.581 0.0000000000
176314  27.647  5.067  -44.200 0.0000000000
103158  26.376  3.100  -46.327 0.0000000000
100942  28.371  0.966  -46.432 0.0000000000
103179  28.757  2.404  -46.966 0.0000000000
102088  31.574  1.171  -46.667 0.0000000000
167754  31.086  3.018  -46.643 0.0000000000
108515  33.688  6.885  -49.029 0.0000000000
183352  33.845  5.610  -48.549 0.0000000000
117192  28.694  13.914  -38.226 0.0000000000
192786  27.301  13.089  -38.258 0.0000000000
116122  29.415  12.771  -38.142 0.0000000000
114983  29.874  11.691  -38.390 0.0000000000
116140  30.838  12.577  -40.285 0.0000000000
115038  30.206  12.516  -44.393 0.0000000000
115057  30.456  12.358  -46.711 0.0000000000
113889  31.222  11.209  -47.450 0.0000000000
98254  24.938  -1.820  -39.090 0.0000000000
96095  24.536  -3.304  -38.687 0.0000000000
97175  26.521  -2.545  -39.081 0.0000000000
98249  31.915  -1.204  -38.794 0.0000000000
96089  30.267  -2.934  -39.369 0.0000000000
90088  21.166  -7.397  -35.243 0.0000000000
166485  22.070  -8.526  -35.571 0.0000000000
162643  23.645  -8.914  -35.735 0.0000000000
90103  23.161  -7.993  -36.573 0.0000000000
91269  24.095  -7.382  -37.222 0.0000000000
92469  25.263  -6.171  -37.912 0.0000000000
105180  20.294  3.561  -38.430 0.0000000000
104165  23.298  3.203  -41.106 0.0000000000
104152  24.742  3.389  -41.109 0.0000000000
107342  27.615  6.313  -39.058 0.0000000000
106238  29.377  5.194  -40.182 0.0000000000
107374  30.154  5.519  -41.826 0.0000000000
166664  29.956  5.064  -43.546 0.0000000000
106293  28.103  6.232  -45.848 0.0000000000
165517  30.198  4.622  -46.930 0.0000000000
180386  31.175  5.124  -45.398 0.0000000000
108509  32.011  6.524  -46.542 0.0000000000
110644  32.834  8.460  -49.216 0.0000000000
118229  24.984  14.967  -37.155 0.0000000000
118245  26.578  14.658  -37.785 0.0000000000
118258  28.763  15.419  -38.681 0.0000000000
118266  29.794  15.255  -39.642 0.0000000000
186342  29.994  -0.659  -40.569 0.0000000000
98272  29.385  -1.905  -40.104 0.0000000000
190506  31.402  -0.129  -40.776 0.0000000000
177203  32.198  -0.153  -39.841 0.0000000000
109513  24.894  7.575  -39.562 0.0000000000
109498  27.437  7.732  -38.765 0.0000000000
109480  28.701  8.191  -38.874 0.0000000000
111651  30.308  9.197  -40.150 0.0000000000
88945  24.285  -8.709  -35.099 0.0000000000
100940  34.682  -0.133  -47.035 0.0000000000
102063  35.532  1.075  -44.838 0.0000000000
96057  20.402  -3.102  -37.101 0.0000000000
94882  22.091  -3.866  -38.110 0.0000000000
97180  21.814  -2.189  -39.013 0.0000000000
162814  23.154  -0.993  -39.942 0.0000000000
99549  25.377  -0.316  -39.199 0.0000000000
102011  23.083  1.276  -40.780 0.0000000000
100834  26.363  0.564  -39.370 0.0000000000
180570  28.056  0.090  -39.766 0.0000000000
99607  30.341  -0.031  -41.704 0.0000000000
99648  30.823  -0.640  -44.362 0.0000000000
98322  31.785  -1.571  -45.989 0.0000000000
105201  24.900  4.018  -41.061 0.0000000000
178207  29.858  2.922  -41.526 0.0000000000
105219  30.175  4.257  -41.739 0.0000000000
104180  29.298  3.292  -43.102 0.0000000000
103143  29.544  2.576  -43.421 0.0000000000
102067  29.511  1.407  -45.078 0.0000000000
178183  29.566  -0.746  -46.431 0.0000000000
98334  32.523  -1.571  -47.658 0.0000000000
184682  33.909  -0.011  -47.701 0.0000000000
170194  34.198  2.296  -46.087 0.0000000000
105257  32.919  3.981  -46.217 0.0000000000
185532  27.587  10.275  -38.572 0.0000000000
112721  29.965  10.357  -39.131 0.0000000000
173015  30.742  9.859  -41.432 0.0000000000
120328  29.411  16.757  -41.343 0.0000000000
119313  30.205  15.604  -41.759 0.0000000000
118288  29.936  15.367  -43.578 0.0000000000
118276  30.756  14.112  -41.554 0.0000000000
115027  30.844  12.338  -42.434 0.0000000000
113842  30.605  11.304  -43.242 0.0000000000
111688  30.204  9.709  -43.629 0.0000000000
112819  30.976  10.015  -46.262 0.0000000000
112834  32.289  10.003  -48.839 0.0000000000
182728  33.427  9.991  -51.034 0.0000000000
94880  23.465  -4.173  -38.286 0.0000000000
163501  24.754  -4.769  -38.216 0.0000000000
93683  26.169  -5.464  -38.497 0.0000000000
182880  28.243  -2.946  -39.660 0.0000000000
172945  27.694  -4.480  -39.177 0.0000000000
189449  20.507  -3.937  -36.334 0.0000000000
93640  20.091  -4.446  -35.298 0.0000000000
93653  21.072  -4.889  -36.372 0.0000000000
92455  21.188  -5.639  -36.127 0.0000000000
93652  21.668  -5.337  -36.791 0.0000000000
93670  21.531  -4.622  -37.039 0.0000000000
160530  30.134  8.245  -42.265 0.0000000000
168244  30.194  7.472  -42.268 0.0000000000
109538  30.075  7.866  -42.958 0.0000000000
176492  30.344  7.822  -44.427 0.0000000000
110614  30.085  8.363  -43.643 0.0000000000
120310  27.513  17.356  -39.595 0.0000000000
98313  32.609  -0.991  -44.726 0.0000000000
187449  33.282  -0.096  -44.003 0.0000000000
100927  33.837  0.130  -44.531 0.0000000000
88948  21.921  -9.029  -35.173 0.0000000000
87808  22.251  -10.226  -34.567 0.0000000000
88946  23.320  -9.387  -35.213 0.0000000000
91267  25.512  -6.994  -36.866 0.0000000000
91255  25.679  -7.202  -35.806 0.0000000000
91266  26.212  -6.682  -36.330 0.0000000000
92452  26.699  -6.164  -36.852 0.0000000000
100839  20.415  0.518  -38.726 0.0000000000
102000  20.510  1.251  -38.964 0.0000000000
103108  28.216  2.211  -39.974 0.0000000000
161460  27.570  1.961  -39.808 0.0000000000
102023  29.768  1.759  -41.253 0.0000000000
102048  30.242  1.222  -42.534 0.0000000000
103136  29.996  2.071  -42.187 0.0000000000
107355  24.862  5.551  -40.437 0.0000000000
107352  26.833  5.459  -39.701 0.0000000000
106317  24.789  5.028  -47.582 0.0000000000
161610  25.933  4.753  -46.150 0.0000000000
104228  26.327  3.776  -47.528 0.0000000000
171072  27.176  2.852  -47.097 0.0000000000
104227  27.724  3.180  -47.076 0.0000000000
189382  29.594  2.272  -46.961 0.0000000000
104226  28.786  3.473  -46.875 0.0000000000
109565  34.076  7.876  -49.903 0.0000000000
108522  34.371  7.425  -49.671 0.0000000000
117202  29.879  13.964  -38.965 0.0000000000
161359  29.237  13.397  -38.309 0.0000000000
180012  30.191  13.314  -39.180 0.0000000000
116135  30.127  12.724  -38.786 0.0000000000
116141  30.604  13.266  -39.936 0.0000000000
116185  30.151  13.114  -46.766 0.0000000000
116193  30.426  13.529  -47.466 0.0000000000
116192  31.063  13.036  -48.174 0.0000000000
164555  25.808  -1.763  -39.056 0.0000000000
98251  26.752  -1.669  -39.154 0.0000000000
98234  32.151  -1.515  -38.190 0.0000000000
97156  31.649  -2.838  -39.389 0.0000000000
90087  21.806  -7.868  -35.695 0.0000000000
90086  22.577  -8.340  -36.037 0.0000000000
90104  22.280  -7.568  -36.252 0.0000000000
183983  23.005  -5.736  -37.393 0.0000000000
91288  23.033  -6.488  -37.163 0.0000000000
91287  23.844  -6.778  -37.343 0.0000000000
189108  24.418  -7.005  -37.399 0.0000000000
92470  24.422  -6.271  -37.615 0.0000000000
106230  20.961  4.309  -39.547 0.0000000000
105190  21.341  3.692  -39.623 0.0000000000
105202  22.185  3.733  -40.559 0.0000000000
104164  24.068  3.295  -41.195 0.0000000000
105212  23.061  3.815  -41.144 0.0000000000
108457  29.436  6.586  -39.518 0.0000000000
162861  29.917  6.106  -40.649 0.0000000000
171488  30.135  6.189  -41.357 0.0000000000
107383  30.149  5.661  -43.441 0.0000000000
167154  30.133  5.512  -44.143 0.0000000000
106282  29.876  5.317  -44.466 0.0000000000
172309  29.471  5.583  -45.367 0.0000000000
106292  30.383  5.334  -45.466 0.0000000000
106281  30.581  5.544  -44.866 0.0000000000
109550  31.115  8.063  -45.752 0.0000000000
108504  31.454  6.413  -45.494 0.0000000000
108510  31.554  7.309  -46.152 0.0000000000
109555  32.010  7.656  -47.171 0.0000000000
110631  31.783  8.386  -47.048 0.0000000000
119259  26.869  15.826  -37.128 0.0000000000
118228  26.090  15.255  -37.191 0.0000000000
118244  27.395  15.277  -37.935 0.0000000000
119288  28.557  16.138  -39.285 0.0000000000
119287  29.233  15.682  -39.415 0.0000000000
99606  30.676  -0.161  -41.820 0.0000000000
99589  30.844  -0.349  -41.061 0.0000000000
99618  31.381  -0.055  -42.088 0.0000000000
102047  33.065  1.046  -42.349 0.0000000000
102035  32.874  1.070  -41.620 0.0000000000
102022  33.324  1.250  -41.187 0.0000000000
100853  32.977  0.429  -40.098 0.0000000000
109517  22.269  8.237  -40.331 0.0000000000
109514  24.275  8.005  -39.659 0.0000000000
109499  25.507  7.555  -39.332 0.0000000000
171759  25.868  8.285  -39.261 0.0000000000
163460  26.995  9.228  -39.152 0.0000000000
110575  27.250  8.469  -39.027 0.0000000000
110574  28.398  8.587  -38.910 0.0000000000
109479  29.212  8.282  -39.160 0.0000000000
110573  29.563  8.814  -39.291 0.0000000000
88958  24.245  -8.537  -35.867 0.0000000000
90058  25.732  -7.745  -34.330 0.0000000000
102092  34.568  0.763  -46.799 0.0000000000
98219  19.632  -1.645  -37.246 0.0000000000
97141  20.063  -2.449  -37.227 0.0000000000
96076  20.788  -2.775  -37.882 0.0000000000
98235  20.777  -1.490  -38.427 0.0000000000
99575  22.043  -0.254  -39.907 0.0000000000
99552  22.302  -0.890  -39.814 0.0000000000
99551  23.926  -0.733  -40.006 0.0000000000
100837  24.128  -0.059  -40.272 0.0000000000
103112  22.686  1.977  -40.715 0.0000000000
165058  22.098  1.723  -40.331 0.0000000000
102007  27.439  1.278  -39.723 0.0000000000
192226  26.184  1.073  -39.614 0.0000000000
100833  27.291  0.503  -39.563 0.0000000000
190221  28.524  0.447  -39.981 0.0000000000
99591  29.961  -0.173  -40.983 0.0000000000
100875  29.514  0.379  -40.786 0.0000000000
99649  30.239  -0.337  -44.697 0.0000000000
99636  30.779  0.002  -43.919 0.0000000000
98316  30.146  -1.153  -44.877 0.0000000000
98315  30.811  -1.270  -44.879 0.0000000000
98323  30.381  -1.490  -45.425 0.0000000000
106241  25.778  4.689  -40.458 0.0000000000
106254  23.695  4.781  -41.225 0.0000000000
105199  26.663  4.096  -40.175 0.0000000000
175208  27.699  3.585  -39.922 0.0000000000
105197  28.314  3.757  -39.969 0.0000000000
185319  30.264  4.735  -42.263 0.0000000000
106251  29.811  4.967  -40.786 0.0000000000
104202  27.758  3.972  -44.921 0.0000000000
175391  28.866  3.827  -43.501 0.0000000000
104193  29.039  3.157  -43.863 0.0000000000
104187  29.700  2.727  -42.547 0.0000000000
103149  29.454  2.217  -44.481 0.0000000000
103155  28.998  1.996  -45.199 0.0000000000
184880  29.291  0.656  -46.949 0.0000000000
100941  28.904  0.445  -46.643 0.0000000000
99670  30.132  -0.657  -46.965 0.0000000000
98335  31.508  -1.303  -47.054 0.0000000000
164383  31.925  -0.968  -47.764 0.0000000000
99667  33.631  -0.622  -48.301 0.0000000000
183427  32.427  -0.541  -47.903 0.0000000000
103177  32.302  1.620  -46.431 0.0000000000
103176  33.088  1.724  -46.675 0.0000000000
104212  34.440  2.962  -46.719 0.0000000000
103174  35.208  2.892  -47.272 0.0000000000
104223  35.206  3.503  -48.013 0.0000000000
105246  31.742  4.592  -45.723 0.0000000000
181721  31.997  4.002  -46.073 0.0000000000
105258  32.374  4.362  -45.997 0.0000000000
117194  26.578  13.868  -38.093 0.0000000000
116125  25.900  13.262  -38.371 0.0000000000
161661  27.899  12.608  -38.304 0.0000000000
189289  26.893  12.564  -38.481 0.0000000000
114987  26.281  11.973  -38.871 0.0000000000
113791  26.568  11.269  -38.980 0.0000000000
112705  26.887  10.512  -38.996 0.0000000000
186405  27.544  10.968  -38.455 0.0000000000
174677  30.532  11.788  -39.337 0.0000000000
112702  29.637  10.904  -38.610 0.0000000000
112742  30.489  10.522  -39.616 0.0000000000
166586  30.634  9.975  -40.202 0.0000000000
112761  30.909  10.864  -41.091 0.0000000000
121360  29.018  17.142  -42.532 0.0000000000
120336  29.630  16.564  -42.548 0.0000000000
120327  29.858  16.322  -41.727 0.0000000000
120335  30.019  15.911  -42.590 0.0000000000
117239  29.447  14.488  -44.894 0.0000000000
118295  29.809  14.503  -44.166 0.0000000000
172080  30.155  14.429  -43.293 0.0000000000
117226  30.422  13.688  -43.088 0.0000000000
117225  30.771  13.531  -42.326 0.0000000000
116164  30.304  13.243  -43.551 0.0000000000
163886  30.293  11.697  -44.591 0.0000000000
115034  30.430  11.904  -43.833 0.0000000000
113853  30.387  11.083  -43.978 0.0000000000
112797  30.416  10.481  -43.398 0.0000000000
161879  30.339  10.830  -44.767 0.0000000000
112814  30.380  9.986  -44.907 0.0000000000
112820  30.600  10.569  -45.651 0.0000000000
113899  31.546  11.612  -48.195 0.0000000000
112825  31.557  10.442  -47.579 0.0000000000
113898  31.881  10.834  -48.526 0.0000000000
191400  32.970  11.003  -50.673 0.0000000000
96098  22.214  -2.898  -38.902 0.0000000000
94881  22.764  -4.053  -38.314 0.0000000000
96073  23.149  -3.614  -38.571 0.0000000000
160149  25.372  -3.286  -38.902 0.0000000000
94879  24.702  -4.073  -38.456 0.0000000000
94878  25.558  -4.650  -38.518 0.0000000000
168415  25.439  -5.494  -38.272 0.0000000000
94877  26.485  -4.821  -38.732 0.0000000000
98271  30.326  -2.118  -40.060 0.0000000000
97195  28.820  -2.375  -39.827 0.0000000000
97194  29.569  -2.503  -39.920 0.0000000000
166985  29.078  -3.685  -38.417 0.0000000000
94874  28.630  -3.587  -39.246 0.0000000000
94863  28.552  -4.123  -38.452 0.0000000000
93681  27.359  -5.063  -38.616 0.0000000000
92439  21.361  -6.384  -35.966 0.0000000000
91271  21.991  -6.802  -36.380 0.0000000000
92472  22.354  -5.789  -37.149 0.0000000000
165617  22.695  -5.154  -37.607 0.0000000000
160170  30.019  7.281  -40.368 0.0000000000
167687  30.070  6.749  -40.853 0.0000000000
192091  30.206  6.822  -42.350 0.0000000000
178523  30.160  7.085  -42.949 0.0000000000
108499  30.427  6.861  -44.358 0.0000000000
108498  30.857  6.204  -44.869 0.0000000000
109546  30.596  8.300  -45.074 0.0000000000
120282  27.325  16.601  -38.085 0.0000000000
119272  27.301  15.933  -37.690 0.0000000000
119271  27.662  16.052  -38.375 0.0000000000
120296  27.874  16.524  -39.109 0.0000000000
120309  28.259  16.860  -39.797 0.0000000000
169037  31.449  -0.428  -43.788 0.0000000000
100900  32.012  0.188  -42.466 0.0000000000
99634  32.168  -0.159  -43.376 0.0000000000
100898  33.311  0.783  -43.062 0.0000000000
102046  33.748  1.224  -42.659 0.0000000000
111632  26.020  9.624  -39.555 0.0000000000
186853  20.756  -7.987  -34.269 0.0000000000
88932  20.582  -8.501  -33.798 0.0000000000
87809  20.923  -9.337  -34.088 0.0000000000
86636  22.816  -10.530  -33.989 0.0000000000
86635  23.640  -10.144  -33.615 0.0000000000
87806  24.108  -9.452  -33.811 0.0000000000
90085  24.786  -8.155  -35.476 0.0000000000
188109  25.122  -7.731  -35.824 0.0000000000
184293  19.993  -0.689  -38.042 0.0000000000
99532  20.584  -0.780  -38.404 0.0000000000
99533  20.266  -0.160  -38.324 0.0000000000
99576  21.508  0.205  -39.697 0.0000000000
100858  22.182  0.395  -40.193 0.0000000000
103111  24.820  2.149  -40.747 0.0000000000
159609  24.109  2.027  -40.904 0.0000000000
103100  26.869  1.788  -39.771 0.0000000000
102006  28.143  1.499  -39.904 0.0000000000
102005  29.174  1.105  -40.531 0.0000000000
100874  29.924  0.450  -41.267 0.0000000000
100917  30.455  0.601  -44.232 0.0000000000
100928  29.979  0.634  -44.940 0.0000000000
174178  25.447  5.242  -40.289 0.0000000000
186207  28.423  4.354  -39.837 0.0000000000
106273  29.228  4.804  -43.593 0.0000000000
105233  28.456  4.560  -43.744 0.0000000000
104203  26.652  3.605  -45.734 0.0000000000
186790  27.693  2.923  -45.421 0.0000000000
103156  27.834  1.823  -45.487 0.0000000000
103157  26.928  2.479  -46.326 0.0000000000
102097  28.116  1.551  -46.773 0.0000000000
102096  29.790  1.046  -47.084 0.0000000000
172660  31.848  0.166  -47.225 0.0000000000
103178  30.052  1.760  -46.976 0.0000000000
174212  30.877  2.022  -46.748 0.0000000000
103168  31.731  2.276  -46.518 0.0000000000
107414  32.809  6.250  -47.688 0.0000000000
107405  32.978  5.384  -47.339 0.0000000000
107413  33.796  6.203  -48.806 0.0000000000
107418  34.741  6.828  -49.505 0.0000000000
180340  27.905  14.058  -38.127 0.0000000000
116124  27.959  13.412  -38.142 0.0000000000
116123  28.713  13.103  -38.146 0.0000000000
164548  28.827  12.362  -38.066 0.0000000000
113778  28.891  11.762  -38.065 0.0000000000
116121  29.872  12.427  -38.348 0.0000000000
114998  30.204  12.067  -38.812 0.0000000000
115006  30.778  11.908  -39.982 0.0000000000
117244  29.577  13.914  -45.357 0.0000000000
116170  30.084  13.203  -44.155 0.0000000000
174987  29.838  13.210  -45.547 0.0000000000
116180  30.075  12.775  -46.090 0.0000000000
115048  30.329  11.958  -46.051 0.0000000000
113877  30.732  11.594  -46.691 0.0000000000
115056  30.939  11.973  -47.378 0.0000000000
115066  31.248  12.312  -48.116 0.0000000000
163738  24.089  -1.949  -39.217 0.0000000000
168970  24.094  -2.644  -38.881 0.0000000000
97177  24.761  -2.564  -38.957 0.0000000000
97176  25.585  -2.550  -39.010 0.0000000000
96094  26.236  -3.324  -38.970 0.0000000000
98250  31.569  -2.222  -39.690 0.0000000000
96105  31.099  -2.904  -40.023 0.0000000000
97173  31.545  -2.955  -40.003 0.0000000000
96070  30.346  -2.973  -38.648 0.0000000000
188022  20.835  -7.545  -34.674 0.0000000000
90071  21.334  -8.191  -35.076 0.0000000000
88947  22.804  -9.038  -35.645 0.0000000000
88959  23.212  -8.632  -36.146 0.0000000000
88973  23.823  -8.437  -36.335 0.0000000000
91270  22.718  -7.121  -36.722 0.0000000000
176044  23.484  -7.333  -37.045 0.0000000000
90102  23.994  -7.904  -36.874 0.0000000000
91268  24.707  -7.482  -37.008 0.0000000000
91286  25.036  -6.806  -37.460 0.0000000000
185457  25.740  -6.511  -37.643 0.0000000000
164494  21.834  2.650  -39.901 0.0000000000
104155  22.261  3.040  -40.449 0.0000000000
104154  22.718  2.763  -40.769 0.0000000000
104153  24.439  2.724  -41.063 0.0000000000
182357  25.953  2.886  -40.490 0.0000000000
103107  28.866  2.514  -40.279 0.0000000000
192938  27.045  6.063  -39.317 0.0000000000
106239  27.550  5.599  -39.463 0.0000000000
107341  28.265  5.849  -39.295 0.0000000000
163390  30.021  5.537  -41.103 0.0000000000
190880  30.098  5.024  -42.918 0.0000000000
108485  30.182  6.233  -42.097 0.0000000000
107378  30.168  5.548  -42.588 0.0000000000
106283  28.478  5.544  -44.530 0.0000000000
106294  26.876  6.722  -45.657 0.0000000000
106306  27.405  6.082  -46.881 0.0000000000
105261  28.428  5.465  -47.285 0.0000000000
106305  29.523  5.432  -46.643 0.0000000000
106304  30.880  4.867  -46.049 0.0000000000
107395  31.718  5.205  -45.650 0.0000000000
107396  31.290  5.635  -45.269 0.0000000000
108503  31.751  5.824  -45.730 0.0000000000
107406  32.245  5.629  -46.336 0.0000000000
108516  32.607  7.062  -47.812 0.0000000000
109560  33.107  7.861  -49.326 0.0000000000
111736  33.445  8.890  -50.297 0.0000000000
164458  27.399  14.505  -38.055 0.0000000000
118259  27.974  15.363  -38.307 0.0000000000
118243  28.328  14.691  -38.258 0.0000000000
118242  29.075  14.610  -38.542 0.0000000000
118257  29.425  15.027  -39.030 0.0000000000
118265  30.179  14.771  -39.970 0.0000000000
99570  29.023  -1.008  -40.104 0.0000000000
98273  28.544  -1.593  -39.848 0.0000000000
99569  29.714  -1.254  -40.344 0.0000000000
98285  30.337  -1.146  -40.253 0.0000000000
99546  30.910  -0.947  -39.886 0.0000000000
170380  32.102  0.477  -41.526 0.0000000000
100873  32.020  0.260  -40.611 0.0000000000
99545  31.558  -0.644  -39.370 0.0000000000
108469  25.204  6.847  -39.697 0.0000000000
108461  25.951  6.803  -39.398 0.0000000000
108459  27.684  6.993  -38.606 0.0000000000
178833  29.097  6.951  -38.940 0.0000000000
108456  29.648  7.294  -39.590 0.0000000000
109512  29.947  7.910  -40.049 0.0000000000
163206  30.182  8.445  -40.405 0.0000000000
110601  30.332  8.904  -40.910 0.0000000000
188892  23.759  -9.089  -35.233 0.0000000000
88944  25.040  -8.192  -34.623 0.0000000000
99656  34.569  -0.411  -46.296 0.0000000000
100935  34.269  -0.099  -45.423 0.0000000000
100934  34.644  0.439  -45.894 0.0000000000
96039  20.109  -3.434  -36.351 0.0000000000
94849  20.737  -3.660  -36.877 0.0000000000
94865  21.395  -3.913  -37.387 0.0000000000
188026  20.978  -3.341  -37.437 0.0000000000
97157  21.555  -2.784  -38.508 0.0000000000
97179  22.602  -2.285  -39.259 0.0000000000
97181  21.309  -1.693  -38.885 0.0000000000
190835  22.209  -1.884  -39.337 0.0000000000
165572  23.259  -1.764  -39.493 0.0000000000
188512  23.764  -1.320  -39.674 0.0000000000
98253  25.144  -1.065  -39.137 0.0000000000
98252  26.022  -0.949  -39.035 0.0000000000
101999  21.069  1.560  -39.468 0.0000000000
102013  21.658  1.129  -39.954 0.0000000000
100857  22.981  0.494  -40.557 0.0000000000
102009  24.482  1.467  -40.557 0.0000000000
100836  24.277  0.705  -40.424 0.0000000000
176292  24.853  0.318  -39.754 0.0000000000
100835  25.659  0.316  -39.268 0.0000000000
99548  26.216  -0.174  -39.093 0.0000000000
99572  27.515  -0.374  -39.470 0.0000000000
99592  29.443  -0.392  -40.468 0.0000000000
99619  30.937  -0.026  -42.553 0.0000000000
170064  30.465  0.324  -42.375 0.0000000000
99620  30.801  0.243  -42.888 0.0000000000
99635  31.031  -0.047  -43.459 0.0000000000
175801  31.314  -0.925  -44.392 0.0000000000
98314  31.706  -1.237  -45.007 0.0000000000
98328  32.731  -1.800  -46.529 0.0000000000
106245  21.260  4.914  -40.132 0.0000000000
105211  23.717  3.966  -41.265 0.0000000000
104151  25.534  3.577  -40.842 0.0000000000
104148  28.148  3.011  -39.969 0.0000000000
103122  29.669  2.520  -41.165 0.0000000000
106228  28.164  5.014  -39.632 0.0000000000
105187  28.902  4.741  -39.876 0.0000000000
105208  29.921  4.168  -41.096 0.0000000000
105232  29.243  3.949  -43.227 0.0000000000
105225  29.700  3.542  -42.536 0.0000000000
104172  30.054  3.629  -41.589 0.0000000000
104179  29.909  3.199  -42.008 0.0000000000
182639  29.831  2.615  -41.937 0.0000000000
103148  29.934  1.949  -43.825 0.0000000000
102066  30.057  1.419  -44.452 0.0000000000
100929  29.070  0.481  -45.397 0.0000000000
100937  28.251  0.965  -45.958 0.0000000000
99660  28.968  0.022  -45.615 0.0000000000
174622  29.433  -0.651  -45.457 0.0000000000
98330  30.073  -1.287  -46.132 0.0000000000
98329  32.050  -1.673  -46.799 0.0000000000
175049  33.512  -1.915  -47.041 0.0000000000
98331  34.750  -1.474  -47.946 0.0000000000
100943  34.648  -0.390  -47.856 0.0000000000
102093  34.245  0.407  -47.276 0.0000000000
102094  33.501  0.765  -46.930 0.0000000000
103165  34.809  2.330  -46.450 0.0000000000
104217  30.322  3.749  -46.874 0.0000000000
104215  32.080  3.208  -46.479 0.0000000000
106316  33.571  4.926  -47.761 0.0000000000
104224  34.405  3.710  -47.495 0.0000000000
161549  26.622  13.204  -38.321 0.0000000000
112723  26.439  10.009  -39.359 0.0000000000
111606  27.996  9.772  -38.543 0.0000000000
112703  28.967  10.619  -38.358 0.0000000000
112722  29.348  10.123  -38.801 0.0000000000
111629  29.137  9.368  -38.923 0.0000000000
174221  30.237  9.789  -39.604 0.0000000000
111666  30.626  9.567  -40.844 0.0000000000
161065  30.443  9.326  -41.554 0.0000000000
120319  28.709  17.092  -40.473 0.0000000000
121346  28.964  17.185  -41.671 0.0000000000
120318  29.318  16.664  -40.712 0.0000000000
119307  29.734  16.157  -40.476 0.0000000000
119296  30.078  15.462  -40.381 0.0000000000
118272  30.474  14.722  -40.758 0.0000000000
118281  30.267  15.083  -42.568 0.0000000000
118277  30.476  14.890  -41.678 0.0000000000
117213  30.704  13.876  -40.581 0.0000000000
117219  30.907  13.251  -41.481 0.0000000000
116147  30.940  12.575  -41.133 0.0000000000
115020  30.938  11.942  -41.714 0.0000000000
167202  30.374  12.653  -43.674 0.0000000000
115028  30.640  12.120  -43.129 0.0000000000
113826  30.911  11.144  -41.824 0.0000000000
112786  30.718  10.651  -42.549 0.0000000000
111680  30.328  9.825  -42.881 0.0000000000
162531  30.070  9.110  -43.207 0.0000000000
111696  30.239  9.478  -44.315 0.0000000000
111708  30.468  9.155  -44.978 0.0000000000
111718  31.109  9.313  -46.197 0.0000000000
172455  30.968  10.754  -46.631 0.0000000000
112826  31.270  10.104  -46.924 0.0000000000
111717  31.568  9.080  -46.884 0.0000000000
111737  32.615  9.164  -49.103 0.0000000000
112833  33.235  9.539  -50.528 0.0000000000
111746  33.818  9.323  -50.698 0.0000000000
115079  33.377  11.655  -51.006 0.0000000000
113904  33.615  10.881  -50.954 0.0000000000
113897  34.013  10.740  -49.948 0.0000000000
182436  34.124  10.034  -50.200 0.0000000000
94864  21.936  -4.382  -37.579 0.0000000000
93687  22.427  -4.531  -37.901 0.0000000000
93686  23.080  -4.623  -37.989 0.0000000000
96072  23.940  -3.734  -38.452 0.0000000000
172051  24.158  -4.276  -38.250 0.0000000000
93685  23.938  -4.825  -37.981 0.0000000000
93684  24.671  -5.477  -37.915 0.0000000000
92489  25.949  -6.039  -38.189 0.0000000000
184745  26.387  -6.168  -37.782 0.0000000000
97196  28.178  -2.191  -39.634 0.0000000000
97174  27.514  -2.579  -39.423 0.0000000000
96092  27.822  -3.575  -39.761 0.0000000000
96091  28.920  -2.937  -39.619 0.0000000000
94896  27.913  -3.944  -39.609 0.0000000000
94897  27.575  -4.098  -39.418 0.0000000000
93682  26.807  -5.383  -38.645 0.0000000000
92468  26.959  -5.686  -38.091 0.0000000000
188537  26.831  -5.944  -37.508 0.0000000000
102065  34.169  0.856  -44.166 0.0000000000
102055  34.623  1.074  -43.798 0.0000000000
92471  23.611  -5.993  -37.460 0.0000000000
92488  26.453  -5.785  -38.294 0.0000000000
93654  20.550  -4.425  -36.003 0.0000000000
93667  24.019  -5.509  -37.670 0.0000000000
93680  27.999  -4.711  -38.469 0.0000000000
94875  28.097  -4.223  -39.140 0.0000000000
94876  27.182  -4.697  -38.925 0.0000000000
94899  25.954  -4.017  -38.792 0.0000000000
96071  29.529  -3.253  -38.832 0.0000000000
96074  22.506  -3.497  -38.648 0.0000000000
96075  21.481  -3.314  -37.977 0.0000000000
96088  31.308  -3.016  -39.616 0.0000000000
96090  29.422  -3.079  -39.384 0.0000000000
96093  27.143  -3.414  -39.266 0.0000000000
96096  23.651  -3.126  -38.734 0.0000000000
96097  22.879  -3.010  -38.896 0.0000000000
96106  29.945  -2.814  -39.724 0.0000000000
97158  21.076  -2.180  -38.483 0.0000000000
97159  20.409  -1.969  -37.878 0.0000000000
97172  31.748  -2.532  -39.328 0.0000000000
97193  30.433  -2.663  -39.948 0.0000000000
97231  32.936  -1.863  -47.275 0.0000000000
97232  33.735  -1.961  -47.588 0.0000000000
97233  33.795  -1.806  -48.016 0.0000000000
98255  24.384  -1.216  -39.491 0.0000000000
98256  22.560  -1.570  -39.596 0.0000000000
98257  21.845  -1.430  -39.335 0.0000000000
98258  21.169  -1.036  -38.935 0.0000000000
98320  33.691  -1.585  -46.376 0.0000000000
98321  32.610  -1.408  -45.645 0.0000000000
98324  29.779  -1.202  -45.349 0.0000000000
98325  29.499  -0.979  -45.873 0.0000000000
98326  34.650  -1.192  -47.072 0.0000000000
98327  34.306  -1.828  -47.387 0.0000000000
98332  34.443  -1.725  -47.976 0.0000000000
98333  33.212  -1.877  -47.799 0.0000000000
98336  30.657  -1.262  -46.820 0.0000000000
98337  34.804  -1.230  -48.359 0.0000000000
98338  34.249  -1.390  -48.357 0.0000000000
98339  33.349  -1.563  -48.155 0.0000000000
99547  26.875  -0.033  -39.251 0.0000000000
99550  24.578  -0.518  -39.686 0.0000000000
99554  20.908  -0.158  -39.009 0.0000000000
99568  31.309  -0.321  -40.250 0.0000000000
99571  28.255  -0.728  -39.765 0.0000000000
99574  22.690  -0.275  -40.187 0.0000000000
99590  30.387  -0.380  -41.044 0.0000000000
99605  31.371  -0.033  -41.302 0.0000000000
99633  33.275  -0.525  -44.568 0.0000000000
99650  29.518  -0.231  -45.178 0.0000000000
99658  33.398  -1.054  -45.312 0.0000000000
99661  28.636  0.441  -46.042 0.0000000000
99664  29.198  -0.248  -46.133 0.0000000000
99665  34.873  -1.020  -48.093 0.0000000000
99666  34.534  -0.937  -48.572 0.0000000000
99668  32.866  -1.069  -48.239 0.0000000000
99669  31.031  -0.822  -47.322 0.0000000000
99671  29.436  -0.105  -46.838 0.0000000000
99672  34.840  -0.910  -48.449 0.0000000000
99673  33.741  -1.121  -48.506 0.0000000000
100854  29.030  0.409  -40.290 0.0000000000
100856  23.690  0.463  -40.582 0.0000000000
100872  32.802  0.900  -40.879 0.0000000000
100888  30.168  0.708  -41.824 0.0000000000
100899  32.667  0.385  -42.789 0.0000000000
100916  32.945  0.136  -43.478 0.0000000000
100926  34.494  0.595  -44.966 0.0000000000
100936  28.527  0.675  -45.702 0.0000000000
100944  34.482  -0.524  -48.223 0.0000000000
100945  31.600  -0.430  -47.490 0.0000000000
100947  29.951  0.322  -47.124 0.0000000000
100948  28.677  1.060  -46.872 0.0000000000
101996  26.704  1.136  -39.629 0.0000000000
101998  25.565  0.976  -39.623 0.0000000000
102008  25.227  1.578  -40.244 0.0000000000
102010  23.778  1.236  -40.758 0.0000000000
102012  22.397  1.179  -40.507 0.0000000000
102021  34.017  1.207  -41.264 0.0000000000
102024  29.608  1.131  -41.014 0.0000000000
102036  29.999  1.532  -41.767 0.0000000000
102056  33.947  1.071  -43.419 0.0000000000
102064  34.834  0.988  -44.529 0.0000000000
102075  34.956  1.157  -45.276 0.0000000000
102076  28.590  1.200  -45.464 0.0000000000
102077  28.021  1.277  -45.763 0.0000000000
102078  27.492  1.804  -45.843 0.0000000000
102084  36.417  2.065  -47.030 0.0000000000
102086  34.694  1.769  -45.904 0.0000000000
102087  34.281  1.546  -46.269 0.0000000000
102089  27.767  1.538  -46.226 0.0000000000
102095  32.562  0.828  -46.456 0.0000000000
102098  27.405  2.243  -46.747 0.0000000000
103109  27.056  2.428  -39.908 0.0000000000
103110  25.594  2.222  -40.419 0.0000000000
103113  22.204  2.348  -40.381 0.0000000000
103123  29.364  1.951  -40.747 0.0000000000
103124  23.750  2.624  -41.060 0.0000000000
103142  30.007  2.005  -42.975 0.0000000000
103164  35.691  2.492  -47.199 0.0000000000
103166  33.601  2.550  -46.200 0.0000000000
103167  32.607  2.478  -46.581 0.0000000000
103169  30.289  2.671  -46.772 0.0000000000
103173  35.769  3.080  -48.189 0.0000000000
103175  33.744  1.529  -46.623 0.0000000000
103180  27.892  2.200  -46.977 0.0000000000
103181  26.531  3.103  -46.956 0.0000000000
104141  21.387  3.052  -39.427 0.0000000000
104147  28.884  3.322  -40.259 0.0000000000
104149  27.248  3.112  -39.987 0.0000000000
104150  26.456  3.503  -40.328 0.0000000000
104156  21.799  3.352  -40.024 0.0000000000
104162  29.800  3.324  -41.123 0.0000000000
104163  29.360  2.894  -40.737 0.0000000000
104166  22.690  3.443  -40.892 0.0000000000
104194  28.380  4.004  -43.994 0.0000000000
104204  25.394  3.726  -46.530 0.0000000000
104205  24.892  4.184  -46.781 0.0000000000
104216  31.103  3.792  -46.658 0.0000000000
104218  29.378  4.467  -47.124 0.0000000000
104219  25.688  3.451  -46.786 0.0000000000
104225  29.572  3.163  -46.897 0.0000000000
104229  25.712  3.846  -47.322 0.0000000000
105188  27.735  4.247  -39.828 0.0000000000
105189  27.070  4.347  -39.925 0.0000000000
105198  27.143  3.812  -40.021 0.0000000000
105200  26.089  4.124  -40.521 0.0000000000
105203  21.574  4.071  -40.129 0.0000000000
105209  29.405  3.719  -40.640 0.0000000000
105210  24.374  3.828  -41.226 0.0000000000
105239  26.929  5.905  -44.704 0.0000000000
105247  26.813  5.143  -44.987 0.0000000000
105249  24.532  4.411  -46.752 0.0000000000
105259  31.236  4.274  -46.239 0.0000000000
105260  29.117  5.252  -47.188 0.0000000000
105262  27.240  5.056  -47.038 0.0000000000
105263  25.811  4.517  -47.710 0.0000000000
105264  24.446  5.033  -47.254 0.0000000000
105265  24.560  4.643  -47.032 0.0000000000
105273  33.427  4.328  -47.018 0.0000000000
105274  28.199  4.265  -46.955 0.0000000000
105275  25.299  4.573  -47.688 0.0000000000
105276  25.019  4.255  -47.230 0.0000000000
106229  27.316  4.892  -39.730 0.0000000000
106231  20.541  5.059  -39.460 0.0000000000
106240  26.543  4.700  -40.051 0.0000000000
106242  25.007  4.724  -40.830 0.0000000000
106244  22.005  4.454  -40.676 0.0000000000
106252  29.410  4.477  -40.420 0.0000000000
106253  24.356  4.424  -41.223 0.0000000000
106261  30.137  4.861  -41.467 0.0000000000
106274  27.781  5.378  -44.102 0.0000000000
106284  27.176  6.171  -44.893 0.0000000000
106285  26.523  6.518  -45.388 0.0000000000
106295  26.042  6.037  -46.026 0.0000000000
106296  25.055  5.495  -46.574 0.0000000000
106302  32.877  4.571  -46.606 0.0000000000
106307  26.083  5.400  -46.619 0.0000000000
106308  24.611  5.511  -47.110 0.0000000000
106309  24.649  5.014  -47.380 0.0000000000
107340  28.875  5.473  -39.649 0.0000000000
107350  29.759  5.554  -40.528 0.0000000000
107351  29.486  5.945  -39.941 0.0000000000
107354  25.543  6.011  -39.890 0.0000000000
107397  27.180  6.635  -46.424 0.0000000000
107398  26.588  6.688  -45.926 0.0000000000
107407  26.648  6.476  -46.344 0.0000000000
107412  34.708  6.187  -49.540 0.0000000000
108458  28.339  6.606  -38.827 0.0000000000
108460  26.845  6.896  -38.946 0.0000000000
108470  24.412  6.983  -39.959 0.0000000000
108478  30.202  6.950  -41.627 0.0000000000
108494  30.217  6.543  -43.603 0.0000000000
108521  34.713  7.296  -49.533 0.0000000000
109481  27.997  8.241  -38.884 0.0000000000
109495  29.605  8.085  -39.482 0.0000000000
109496  29.169  7.727  -39.011 0.0000000000
109497  28.341  7.540  -38.668 0.0000000000
109525  30.135  7.838  -40.707 0.0000000000
109556  31.560  8.010  -46.407 0.0000000000
109559  33.445  7.403  -49.221 0.0000000000
109564  34.522  7.778  -49.765 0.0000000000
110558  28.946  8.709  -38.997 0.0000000000
110589  29.958  8.596  -39.804 0.0000000000
110606  30.242  8.622  -41.597 0.0000000000
110626  30.883  8.849  -45.623 0.0000000000
110637  32.360  8.113  -48.104 0.0000000000
110642  34.278  8.429  -50.072 0.0000000000
110643  33.744  8.410  -50.061 0.0000000000
111605  28.701  9.872  -38.509 0.0000000000
111607  27.275  9.817  -38.929 0.0000000000
111628  29.731  9.598  -39.219 0.0000000000
111630  28.403  9.177  -38.777 0.0000000000
111631  27.815  8.796  -38.869 0.0000000000
111673  30.538  9.858  -42.106 0.0000000000
111707  30.734  9.655  -45.584 0.0000000000
111728  31.771  9.617  -47.634 0.0000000000
112704  28.217  10.410  -38.323 0.0000000000
112741  30.809  10.671  -40.320 0.0000000000
112762  30.824  10.211  -40.919 0.0000000000
112774  30.832  10.421  -41.677 0.0000000000
112806  30.280  10.259  -44.159 0.0000000000
112832  33.989  9.556  -50.678 0.0000000000
112840  33.580  9.804  -50.950 0.0000000000
112841  32.850  10.456  -50.022 0.0000000000
113789  29.266  11.378  -38.230 0.0000000000
113790  28.450  11.181  -38.175 0.0000000000
113803  30.225  11.216  -39.032 0.0000000000
113814  30.676  11.227  -39.748 0.0000000000
113821  30.945  11.447  -41.220 0.0000000000
113833  30.832  11.578  -42.514 0.0000000000
113878  30.562  11.263  -46.080 0.0000000000
113905  32.270  11.300  -49.377 0.0000000000
113909  33.406  11.132  -51.203 0.0000000000
114984  29.448  12.074  -38.108 0.0000000000
114985  28.232  11.862  -38.196 0.0000000000
115007  30.523  12.535  -39.417 0.0000000000
115013  30.927  11.963  -40.820 0.0000000000
115042  30.121  12.399  -45.273 0.0000000000
115072  33.667  11.663  -50.758 0.0000000000
115073  33.294  11.337  -51.146 0.0000000000
116153  30.926  12.592  -41.827 0.0000000000
116158  30.859  12.917  -42.236 0.0000000000
116159  30.627  12.921  -42.954 0.0000000000
116175  29.892  13.187  -44.880 0.0000000000
116184  30.701  12.736  -47.377 0.0000000000
117190  29.784  13.228  -38.520 0.0000000000
117191  29.409  13.949  -38.532 0.0000000000
117203  29.580  14.462  -38.834 0.0000000000
117220  30.540  14.292  -42.439 0.0000000000
117238  29.791  13.855  -44.568 0.0000000000
118246  25.724  14.541  -37.518 0.0000000000
118256  29.895  14.619  -39.311 0.0000000000
119297  29.653  15.825  -39.947 0.0000000000
119306  30.027  15.907  -41.048 0.0000000000
120317  29.724  16.388  -41.034 0.0000000000
121334  28.980  17.067  -41.064 0.0000000000
159486  32.693  -0.378  -44.053 0.0000000000
160946  30.225  8.317  -41.004 0.0000000000
161416  25.173  2.827  -40.885 0.0000000000
162246  33.746  10.053  -50.835 0.0000000000
162504  28.251  5.952  -47.065 0.0000000000
162831  28.981  6.186  -39.236 0.0000000000
163378  30.590  -0.696  -40.640 0.0000000000
163968  26.874  -0.750  -39.136 0.0000000000
164099  27.653  2.549  -39.878 0.0000000000
164525  30.301  15.349  -41.096 0.0000000000
164572  32.054  8.787  -47.948 0.0000000000
164824  28.774  1.717  -40.245 0.0000000000
165109  27.059  2.392  -45.829 0.0000000000
165293  30.112  3.956  -42.144 0.0000000000
165518  33.776  -0.521  -45.094 0.0000000000
166389  30.126  9.071  -43.839 0.0000000000
167465  30.587  0.020  -42.263 0.0000000000
167731  29.880  -2.327  -40.043 0.0000000000
167935  22.004  -3.277  -38.487 0.0000000000
167987  23.848  7.486  -40.017 0.0000000000
168233  28.644  1.009  -40.107 0.0000000000
168552  28.738  -0.179  -40.034 0.0000000000
171409  26.671  7.955  -38.997 0.0000000000
171988  32.970  0.092  -47.267 0.0000000000
173546  34.740  1.117  -46.001 0.0000000000
174140  29.221  1.497  -47.002 0.0000000000
175216  29.398  16.793  -41.945 0.0000000000
175531  31.058  -1.503  -45.495 0.0000000000
175592  22.995  5.153  -41.159 0.0000000000
175691  19.565  -0.922  -37.594 0.0000000000
176983  31.306  9.637  -46.734 0.0000000000
178012  30.493  1.092  -47.106 0.0000000000
179486  30.848  13.126  -40.649 0.0000000000
181550  32.669  7.613  -48.268 0.0000000000
181935  30.049  8.541  -42.896 0.0000000000
182753  30.000  9.183  -39.570 0.0000000000
182839  30.157  7.323  -41.000 0.0000000000
183203  25.233  -3.864  -38.717 0.0000000000
184139  33.966  8.940  -50.379 0.0000000000
184509  30.992  -1.527  -46.222 0.0000000000
184666  28.504  1.656  -46.946 0.0000000000
184726  24.833  6.264  -40.070 0.0000000000
185957  26.158  7.471  -39.089 0.0000000000
186414  24.843  1.043  -40.059 0.0000000000
186564  23.387  0.827  -40.762 0.0000000000
187751  33.481  10.532  -51.043 0.0000000000
187906  23.158  2.515  -40.939 0.0000000000
188099  27.887  11.452  -38.300 0.0000000000
188574  31.985  7.140  -46.865 0.0000000000
188799  30.434  14.381  -40.220 0.0000000000
188969  24.514  5.216  -47.449 0.0000000000
189081  28.133  -3.457  -39.644 0.0000000000
189893  31.170  -2.865  -40.215 0.0000000000
190177  26.616  2.855  -40.161 0.0000000000
193005  25.461  4.207  -40.805 0.0000000000
