#!ascii label  , from subject sub-v2s13x29108_ses-1 vox2ras=TkReg
409
93044  26.747  3.005  -52.327 0.0000000000
84043  24.294  -3.988  -48.318 0.0000000000
154414  26.198  9.002  -50.539 0.0000000000
111662  24.034  19.759  -52.008 0.0000000000
82905  22.120  -5.452  -46.742 0.0000000000
100534  26.693  9.814  -54.336 0.0000000000
104586  26.012  12.641  -54.041 0.0000000000
91881  24.706  2.045  -49.770 0.0000000000
174191  25.449  -0.892  -51.105 0.0000000000
90773  27.174  0.547  -53.093 0.0000000000
94184  27.970  3.863  -56.549 0.0000000000
93086  30.264  3.034  -54.880 0.0000000000
181208  27.118  6.034  -51.154 0.0000000000
97257  26.550  6.581  -55.453 0.0000000000
108720  24.183  16.785  -50.824 0.0000000000
164081  25.285  15.312  -54.185 0.0000000000
87336  26.358  -2.085  -49.430 0.0000000000
103572  26.380  12.246  -52.468 0.0000000000
105607  25.958  13.436  -52.023 0.0000000000
93034  26.329  2.808  -51.023 0.0000000000
91879  25.983  1.093  -50.923 0.0000000000
91927  26.383  0.884  -53.958 0.0000000000
82915  22.599  -5.091  -47.315 0.0000000000
169899  27.047  7.456  -51.014 0.0000000000
96234  27.298  6.225  -53.424 0.0000000000
160641  27.594  7.785  -52.893 0.0000000000
101616  26.082  9.687  -56.590 0.0000000000
99463  26.043  8.298  -56.805 0.0000000000
111633  21.704  19.121  -51.313 0.0000000000
108722  22.194  16.485  -50.999 0.0000000000
110665  24.246  18.451  -51.432 0.0000000000
176597  21.685  19.133  -57.222 0.0000000000
109772  23.243  17.354  -56.509 0.0000000000
108763  24.627  16.601  -54.769 0.0000000000
107734  24.231  16.072  -55.991 0.0000000000
105628  24.893  13.800  -55.723 0.0000000000
89588  27.315  -0.371  -50.754 0.0000000000
86317  25.932  -1.723  -50.461 0.0000000000
81786  21.162  -6.142  -45.615 0.0000000000
100515  27.090  9.610  -52.399 0.0000000000
164521  26.740  10.725  -52.152 0.0000000000
102599  26.296  11.062  -54.672 0.0000000000
102606  25.744  11.088  -56.193 0.0000000000
164644  23.701  -0.328  -49.878 0.0000000000
90745  25.211  1.114  -49.811 0.0000000000
89605  25.996  -0.319  -51.891 0.0000000000
90756  27.967  0.709  -51.407 0.0000000000
94172  26.732  3.336  -54.631 0.0000000000
183164  28.253  2.360  -54.769 0.0000000000
93088  28.709  3.154  -55.986 0.0000000000
94133  26.522  3.893  -50.895 0.0000000000
96180  25.301  5.638  -49.842 0.0000000000
95209  27.288  4.716  -52.022 0.0000000000
95230  26.938  4.607  -53.873 0.0000000000
153750  26.848  5.389  -55.788 0.0000000000
97270  27.270  6.368  -56.872 0.0000000000
99454  26.699  8.203  -54.780 0.0000000000
98357  26.494  7.444  -56.734 0.0000000000
106645  23.993  15.092  -50.659 0.0000000000
111676  24.366  18.970  -53.702 0.0000000000
109733  24.961  17.990  -53.067 0.0000000000
108737  25.397  16.652  -52.515 0.0000000000
106657  25.711  14.711  -52.057 0.0000000000
105620  25.573  13.955  -54.130 0.0000000000
104601  25.165  12.532  -56.018 0.0000000000
85170  23.367  -3.554  -49.256 0.0000000000
87347  23.748  -1.241  -50.043 0.0000000000
93054  29.104  2.863  -53.317 0.0000000000
91899  29.726  2.294  -52.068 0.0000000000
104569  25.836  13.226  -51.452 0.0000000000
105590  25.393  14.073  -50.892 0.0000000000
93057  26.305  1.827  -53.258 0.0000000000
93045  26.374  1.855  -52.226 0.0000000000
172975  20.343  -6.900  -44.721 0.0000000000
80648  20.717  -6.557  -45.146 0.0000000000
84044  23.736  -4.321  -47.581 0.0000000000
98287  26.973  8.175  -51.058 0.0000000000
98299  27.280  7.843  -51.668 0.0000000000
183311  27.173  8.467  -51.639 0.0000000000
101617  25.669  9.756  -57.221 0.0000000000
100548  25.593  9.192  -57.620 0.0000000000
184313  23.200  19.477  -51.378 0.0000000000
169769  22.088  18.430  -51.124 0.0000000000
110651  23.691  18.294  -51.110 0.0000000000
111650  24.163  19.071  -51.765 0.0000000000
108773  23.907  16.612  -56.122 0.0000000000
106686  24.216  14.928  -56.584 0.0000000000
89587  28.269  0.236  -50.049 0.0000000000
88411  26.926  -0.863  -50.355 0.0000000000
82926  21.552  -4.818  -47.903 0.0000000000
101578  26.610  10.319  -51.644 0.0000000000
102574  26.455  11.100  -51.647 0.0000000000
104582  26.234  12.623  -53.176 0.0000000000
103580  26.512  11.779  -53.076 0.0000000000
162697  26.285  12.069  -53.721 0.0000000000
102600  25.942  11.499  -55.364 0.0000000000
103584  26.066  11.933  -54.524 0.0000000000
113777  22.733  21.132  -51.744 0.0000000000
165765  24.258  1.239  -49.492 0.0000000000
90774  26.495  0.401  -53.170 0.0000000000
90758  26.019  0.224  -52.094 0.0000000000
161372  27.154  0.155  -52.558 0.0000000000
164210  27.123  -0.106  -52.052 0.0000000000
90772  28.186  1.416  -51.878 0.0000000000
81796  21.638  -5.809  -46.173 0.0000000000
81785  21.895  -5.910  -45.406 0.0000000000
153273  26.950  3.128  -55.434 0.0000000000
93089  27.686  2.877  -55.890 0.0000000000
93098  28.125  3.374  -56.374 0.0000000000
93023  25.338  3.581  -50.127 0.0000000000
96179  26.243  6.345  -50.093 0.0000000000
96199  26.924  5.498  -50.919 0.0000000000
94132  27.091  4.784  -51.324 0.0000000000
158166  27.246  5.471  -51.563 0.0000000000
95219  27.191  4.655  -52.860 0.0000000000
156405  27.383  5.481  -52.342 0.0000000000
156832  27.145  6.896  -53.804 0.0000000000
153975  26.894  6.083  -54.191 0.0000000000
96243  26.648  5.848  -55.067 0.0000000000
96248  26.999  5.781  -56.403 0.0000000000
97264  26.706  6.433  -56.210 0.0000000000
100533  26.990  9.319  -53.820 0.0000000000
179249  27.299  8.951  -53.343 0.0000000000
99450  26.784  9.039  -54.556 0.0000000000
184851  26.216  7.857  -56.752 0.0000000000
98356  27.281  7.119  -57.087 0.0000000000
108721  23.592  16.483  -50.766 0.0000000000
152960  21.954  15.870  -51.102 0.0000000000
107695  22.790  15.994  -50.843 0.0000000000
106646  23.059  15.065  -50.770 0.0000000000
107694  24.331  16.211  -50.749 0.0000000000
110713  22.777  18.538  -56.397 0.0000000000
110714  22.200  19.141  -56.714 0.0000000000
111682  23.655  18.952  -55.016 0.0000000000
110688  24.463  18.429  -54.105 0.0000000000
107725  24.943  15.945  -54.544 0.0000000000
108745  25.249  16.762  -53.282 0.0000000000
107717  25.468  16.044  -52.910 0.0000000000
163169  25.589  15.377  -52.486 0.0000000000
158991  25.473  15.341  -53.338 0.0000000000
106662  25.658  14.687  -52.901 0.0000000000
106669  25.512  14.652  -53.755 0.0000000000
104610  24.390  13.015  -56.897 0.0000000000
104602  24.828  13.131  -56.156 0.0000000000
154428  24.460  12.270  -57.008 0.0000000000
166234  24.585  11.540  -57.132 0.0000000000
85171  22.481  -3.368  -48.984 0.0000000000
166330  24.415  -0.356  -50.086 0.0000000000
174069  23.491  -0.840  -50.149 0.0000000000
88413  24.879  -0.954  -50.760 0.0000000000
86304  25.744  -2.241  -49.878 0.0000000000
86318  25.367  -2.022  -50.383 0.0000000000
86305  25.207  -2.657  -49.716 0.0000000000
85168  24.746  -3.305  -49.361 0.0000000000
93079  29.721  3.224  -54.402 0.0000000000
93070  28.270  2.227  -54.074 0.0000000000
93068  29.697  3.125  -53.606 0.0000000000
103557  25.885  11.884  -51.010 0.0000000000
160983  25.666  12.755  -50.962 0.0000000000
104568  26.154  12.654  -51.812 0.0000000000
104578  26.002  13.378  -52.843 0.0000000000
91891  25.943  2.156  -50.651 0.0000000000
91880  25.537  1.724  -50.203 0.0000000000
91890  26.197  1.419  -51.540 0.0000000000
90791  26.053  0.734  -53.601 0.0000000000
91914  27.035  0.819  -53.519 0.0000000000
82904  22.806  -5.135  -46.485 0.0000000000
82903  23.472  -4.715  -46.167 0.0000000000
94191  28.428  4.355  -57.180 0.0000000000
94183  28.616  3.831  -56.953 0.0000000000
155160  26.589  7.031  -50.383 0.0000000000
97188  27.088  6.692  -51.065 0.0000000000
96220  27.433  6.231  -52.697 0.0000000000
175437  27.459  6.832  -52.327 0.0000000000
97225  27.546  7.035  -53.011 0.0000000000
98326  26.916  7.560  -54.254 0.0000000000
163417  26.366  10.076  -55.438 0.0000000000
99458  26.287  8.534  -56.071 0.0000000000
176532  26.157  9.014  -56.489 0.0000000000
99464  25.849  8.475  -57.675 0.0000000000
163703  22.843  16.965  -50.865 0.0000000000
109711  24.332  17.298  -50.991 0.0000000000
110724  22.461  18.063  -56.901 0.0000000000
110712  23.408  17.988  -55.982 0.0000000000
109753  24.472  17.798  -54.546 0.0000000000
107733  24.599  15.981  -55.288 0.0000000000
106670  24.999  15.291  -55.022 0.0000000000
106679  24.949  14.555  -55.388 0.0000000000
107742  24.609  15.282  -55.863 0.0000000000
106693  24.267  14.278  -56.714 0.0000000000
88412  25.908  -0.770  -51.387 0.0000000000
87361  25.804  -1.176  -50.996 0.0000000000
88428  26.221  -1.178  -50.907 0.0000000000
87335  26.597  -1.397  -49.945 0.0000000000
81787  20.419  -6.309  -45.751 0.0000000000
81797  20.890  -5.932  -46.265 0.0000000000
160120  21.900  -5.186  -47.409 0.0000000000
82925  22.353  -4.837  -48.022 0.0000000000
166970  23.480  -4.334  -48.350 0.0000000000
100498  25.763  9.520  -50.458 0.0000000000
99419  27.184  9.007  -51.984 0.0000000000
100507  26.839  9.629  -51.730 0.0000000000
100516  26.883  10.127  -52.119 0.0000000000
100525  26.852  10.060  -53.594 0.0000000000
102580  26.592  11.300  -52.153 0.0000000000
179670  26.728  10.788  -53.369 0.0000000000
101606  26.438  10.302  -54.828 0.0000000000
102605  26.206  10.730  -55.425 0.0000000000
101612  25.743  10.379  -56.744 0.0000000000
101618  25.161  10.347  -57.391 0.0000000000
112654  22.043  20.023  -51.369 0.0000000000
163257  22.948  20.525  -51.707 0.0000000000
112680  23.679  20.310  -52.352 0.0000000000
89592  24.004  0.371  -49.606 0.0000000000
89591  25.447  0.232  -50.414 0.0000000000
90744  25.752  0.886  -50.356 0.0000000000
89589  25.732  0.081  -51.417 0.0000000000
89590  25.658  -0.445  -51.271 0.0000000000
89604  26.734  -0.348  -51.786 0.0000000000
89603  27.652  0.108  -51.103 0.0000000000
90743  28.617  0.792  -50.444 0.0000000000
93071  26.508  2.354  -54.308 0.0000000000
91938  26.586  1.795  -54.508 0.0000000000
176126  26.948  2.169  -55.064 0.0000000000
180254  28.146  2.787  -55.684 0.0000000000
93087  29.706  3.251  -55.370 0.0000000000
182945  29.690  3.357  -57.088 0.0000000000
93096  29.696  3.283  -56.340 0.0000000000
93095  30.310  2.959  -55.848 0.0000000000
185096  25.846  2.997  -50.409 0.0000000000
94134  26.031  3.666  -50.434 0.0000000000
93033  26.755  3.368  -51.489 0.0000000000
95197  26.590  4.792  -50.727 0.0000000000
175189  26.890  4.192  -51.213 0.0000000000
94155  27.134  3.822  -52.559 0.0000000000
94166  26.881  3.611  -53.573 0.0000000000
95236  26.887  4.220  -54.874 0.0000000000
183587  27.056  5.536  -53.822 0.0000000000
154123  26.820  5.220  -54.493 0.0000000000
94185  27.509  4.231  -56.165 0.0000000000
95244  27.891  4.650  -56.723 0.0000000000
96254  27.666  5.498  -57.007 0.0000000000
99438  27.501  8.372  -53.126 0.0000000000
99449  27.090  8.450  -53.911 0.0000000000
98334  26.544  7.354  -55.094 0.0000000000
98335  26.389  7.947  -55.588 0.0000000000
98346  26.448  7.166  -55.992 0.0000000000
106641  24.393  14.553  -50.561 0.0000000000
112697  23.408  20.333  -54.015 0.0000000000
111678  23.566  19.639  -54.559 0.0000000000
111671  24.153  19.801  -52.723 0.0000000000
111661  24.431  19.202  -52.350 0.0000000000
165331  24.614  18.479  -51.951 0.0000000000
109723  24.927  17.737  -51.887 0.0000000000
108746  24.965  17.155  -53.754 0.0000000000
109732  25.181  17.387  -52.603 0.0000000000
108727  25.248  16.899  -51.782 0.0000000000
107701  25.330  16.055  -51.425 0.0000000000
107692  25.380  15.309  -51.139 0.0000000000
106643  25.269  14.637  -50.855 0.0000000000
155796  25.745  14.117  -51.787 0.0000000000
105608  25.821  14.049  -52.474 0.0000000000
104583  25.882  13.309  -53.654 0.0000000000
105627  25.304  13.893  -54.968 0.0000000000
177868  25.319  13.088  -55.360 0.0000000000
103585  25.718  12.630  -54.729 0.0000000000
103596  25.468  11.868  -56.040 0.0000000000
102619  24.639  10.859  -57.475 0.0000000000
84065  22.949  -4.056  -48.751 0.0000000000
84053  23.792  -3.916  -48.929 0.0000000000
87348  23.286  -1.554  -49.746 0.0000000000
87346  24.875  -1.527  -50.576 0.0000000000
86319  24.757  -2.164  -50.126 0.0000000000
85180  23.698  -2.920  -49.501 0.0000000000
85169  24.115  -3.503  -49.410 0.0000000000
85157  24.376  -3.687  -49.054 0.0000000000
176149  26.708  1.374  -54.282 0.0000000000
155059  27.426  1.440  -53.889 0.0000000000
91913  28.046  1.711  -52.800 0.0000000000
185421  30.261  2.726  -53.363 0.0000000000
91912  28.956  2.504  -52.594 0.0000000000
91900  28.800  2.166  -52.000 0.0000000000
90771  29.478  1.833  -51.423 0.0000000000
84045  23.056  -4.707  -47.835 0.0000000000
84054  22.862  -4.530  -48.347 0.0000000000
86320  23.934  -2.056  -49.805 0.0000000000
87345  25.418  -1.407  -50.817 0.0000000000
88414  24.232  -0.970  -50.356 0.0000000000
88427  26.422  -0.684  -51.345 0.0000000000
90757  26.403  -0.012  -52.499 0.0000000000
90775  26.084  0.592  -52.941 0.0000000000
90790  26.579  0.556  -53.546 0.0000000000
91901  25.940  0.951  -53.491 0.0000000000
91911  29.844  2.722  -52.794 0.0000000000
91915  26.042  1.102  -53.905 0.0000000000
91926  27.300  1.903  -54.626 0.0000000000
91928  26.238  1.337  -54.070 0.0000000000
91937  27.132  2.611  -55.495 0.0000000000
91955  30.936  2.443  -56.380 0.0000000000
93055  28.419  2.267  -53.248 0.0000000000
93056  26.497  2.774  -53.354 0.0000000000
93069  29.165  3.021  -54.117 0.0000000000
93072  26.326  1.514  -54.186 0.0000000000
93080  28.894  2.924  -55.142 0.0000000000
93081  27.626  2.439  -55.350 0.0000000000
93082  26.801  2.399  -55.010 0.0000000000
93097  29.001  3.504  -56.697 0.0000000000
93104  29.345  3.712  -57.461 0.0000000000
94145  27.090  4.018  -51.756 0.0000000000
94177  27.436  3.297  -55.975 0.0000000000
94178  27.132  4.034  -55.627 0.0000000000
95198  25.897  5.068  -50.066 0.0000000000
95241  26.887  4.908  -55.243 0.0000000000
95250  28.244  4.973  -57.303 0.0000000000
96200  26.432  5.638  -50.349 0.0000000000
96211  27.327  6.274  -51.825 0.0000000000
96247  27.320  5.055  -56.324 0.0000000000
97189  25.787  6.993  -49.961 0.0000000000
97208  27.309  7.105  -51.698 0.0000000000
97248  26.688  6.720  -54.621 0.0000000000
98307  27.492  7.487  -52.334 0.0000000000
98316  27.400  7.696  -53.469 0.0000000000
98347  26.264  7.837  -56.337 0.0000000000
99405  26.489  8.409  -50.562 0.0000000000
99420  26.781  8.934  -51.210 0.0000000000
99430  27.447  8.295  -52.340 0.0000000000
99455  26.536  8.807  -55.327 0.0000000000
100497  26.402  9.744  -51.063 0.0000000000
100524  27.146  9.551  -53.112 0.0000000000
100540  26.532  9.584  -55.056 0.0000000000
100543  26.348  9.442  -55.864 0.0000000000
100547  25.864  9.054  -57.060 0.0000000000
101568  26.299  10.567  -51.182 0.0000000000
101585  26.912  10.293  -52.772 0.0000000000
101601  26.593  10.567  -54.107 0.0000000000
101611  26.152  10.260  -56.049 0.0000000000
101624  25.197  9.697  -57.870 0.0000000000
102566  26.167  11.236  -51.137 0.0000000000
102588  26.685  11.124  -52.729 0.0000000000
102595  26.460  11.353  -53.810 0.0000000000
102607  25.189  11.004  -56.956 0.0000000000
103556  26.253  11.656  -51.427 0.0000000000
103567  26.399  11.837  -51.894 0.0000000000
103589  25.611  12.273  -55.354 0.0000000000
103597  24.917  12.072  -56.575 0.0000000000
104550  25.189  13.605  -50.541 0.0000000000
104560  26.134  12.168  -51.425 0.0000000000
104577  26.191  12.867  -52.458 0.0000000000
104587  25.640  13.250  -54.472 0.0000000000
105581  25.157  14.181  -50.626 0.0000000000
105584  23.648  14.430  -50.589 0.0000000000
105600  25.674  13.828  -51.368 0.0000000000
105614  25.745  14.002  -53.295 0.0000000000
105635  24.526  13.731  -56.448 0.0000000000
106640  24.934  14.513  -50.638 0.0000000000
106644  24.862  15.107  -50.754 0.0000000000
106678  25.308  14.621  -54.614 0.0000000000
106685  24.607  14.437  -56.118 0.0000000000
107693  24.965  15.859  -50.931 0.0000000000
107709  25.509  16.089  -52.094 0.0000000000
107724  25.264  15.998  -53.743 0.0000000000
108719  24.808  16.668  -51.077 0.0000000000
108755  24.966  16.597  -54.084 0.0000000000
109710  24.733  17.425  -51.361 0.0000000000
109712  23.244  17.734  -50.871 0.0000000000
109742  25.057  17.430  -53.298 0.0000000000
109743  24.833  17.814  -53.806 0.0000000000
109752  24.719  17.191  -54.317 0.0000000000
109761  24.432  17.208  -54.897 0.0000000000
109762  24.011  17.672  -55.294 0.0000000000
109771  23.737  17.215  -55.973 0.0000000000
110650  24.318  17.886  -51.156 0.0000000000
110666  23.799  18.847  -51.473 0.0000000000
111632  22.623  19.202  -51.284 0.0000000000
111651  23.635  19.534  -51.567 0.0000000000
111670  24.494  19.184  -53.080 0.0000000000
111677  24.045  19.010  -54.303 0.0000000000
112653  22.978  19.977  -51.469 0.0000000000
112667  23.474  20.175  -51.796 0.0000000000
112689  23.690  20.368  -53.137 0.0000000000
113776  23.201  20.753  -52.037 0.0000000000
154124  27.299  5.478  -53.141 0.0000000000
156154  25.549  13.511  -50.992 0.0000000000
157764  26.669  6.006  -55.797 0.0000000000
160054  25.556  14.595  -51.319 0.0000000000
160082  24.025  19.654  -53.648 0.0000000000
161399  24.335  -1.570  -50.180 0.0000000000
161638  26.138  4.361  -50.417 0.0000000000
161764  27.348  8.981  -52.723 0.0000000000
161783  26.313  1.855  -53.872 0.0000000000
162250  26.767  6.864  -56.596 0.0000000000
162980  23.683  15.741  -50.722 0.0000000000
163467  25.559  15.376  -51.679 0.0000000000
163926  24.582  17.997  -51.505 0.0000000000
165551  23.698  17.175  -50.824 0.0000000000
165766  24.807  0.368  -49.770 0.0000000000
165883  24.409  15.616  -50.731 0.0000000000
168206  22.908  17.871  -56.542 0.0000000000
169245  26.781  6.212  -50.603 0.0000000000
171175  25.057  -0.496  -50.682 0.0000000000
174505  24.132  15.585  -56.434 0.0000000000
176743  24.917  18.057  -52.444 0.0000000000
179673  26.531  11.663  -52.449 0.0000000000
180662  23.882  17.699  -50.954 0.0000000000
180924  22.376  18.560  -56.827 0.0000000000
182242  27.166  4.727  -55.796 0.0000000000
182615  26.614  11.265  -53.232 0.0000000000
182957  24.744  12.603  -56.526 0.0000000000
185135  25.191  11.555  -56.612 0.0000000000
