#!ascii label  , from subject sub-v2s13x29106_ses-1 vox2ras=TkReg
657
45821  28.817  -32.344  42.616 0.0000000000
67888  41.904  -14.071  29.958 0.0000000000
71882  48.841  -10.576  30.996 0.0000000000
59893  42.888  -21.277  37.072 0.0000000000
48260  34.342  -30.812  40.281 0.0000000000
41399  32.463  -35.914  40.245 0.0000000000
69798  44.957  -11.536  30.822 0.0000000000
68772  44.302  -12.711  36.104 0.0000000000
149025  41.022  -24.254  39.359 0.0000000000
161111  37.552  -30.485  36.675 0.0000000000
73087  53.724  -8.479  22.529 0.0000000000
70882  50.645  -10.394  27.015 0.0000000000
63033  37.753  -19.059  35.261 0.0000000000
65848  41.473  -15.986  36.818 0.0000000000
45830  31.554  -32.747  41.289 0.0000000000
43534  30.389  -33.965  42.227 0.0000000000
68843  43.525  -12.812  30.701 0.0000000000
69772  44.277  -11.334  33.359 0.0000000000
68810  42.953  -13.048  33.146 0.0000000000
50648  43.809  -28.406  35.731 0.0000000000
43596  35.145  -33.491  38.583 0.0000000000
47076  36.507  -31.035  39.483 0.0000000000
43625  36.525  -33.533  36.522 0.0000000000
72033  52.240  -9.858  22.214 0.0000000000
71981  53.645  -9.377  24.665 0.0000000000
70922  51.989  -10.316  24.598 0.0000000000
70846  47.600  -11.278  28.904 0.0000000000
68884  48.556  -12.430  27.062 0.0000000000
71929  49.642  -10.116  29.082 0.0000000000
70842  51.479  -10.912  28.928 0.0000000000
69809  50.301  -11.955  30.689 0.0000000000
57499  42.039  -22.795  38.287 0.0000000000
59887  39.927  -21.435  38.378 0.0000000000
61931  40.292  -19.653  38.120 0.0000000000
63970  39.678  -17.451  35.964 0.0000000000
63008  41.992  -18.086  37.815 0.0000000000
64861  42.916  -16.468  37.219 0.0000000000
141699  42.571  -19.662  35.583 0.0000000000
43568  33.550  -33.711  40.798 0.0000000000
69842  45.434  -12.275  28.495 0.0000000000
71885  46.799  -10.282  31.854 0.0000000000
70771  46.217  -10.181  33.649 0.0000000000
152097  45.870  -12.587  34.699 0.0000000000
51744  40.033  -27.380  38.342 0.0000000000
52836  41.347  -26.480  37.482 0.0000000000
53882  43.361  -25.461  36.308 0.0000000000
56254  43.848  -24.195  35.290 0.0000000000
58749  43.293  -22.140  34.706 0.0000000000
50608  38.663  -28.507  39.011 0.0000000000
49475  39.296  -29.161  35.326 0.0000000000
73085  54.282  -8.748  23.065 0.0000000000
69887  50.931  -11.685  24.727 0.0000000000
71945  51.466  -9.996  27.220 0.0000000000
68866  51.661  -12.483  28.162 0.0000000000
142839  41.670  -15.300  33.029 0.0000000000
67802  43.255  -13.937  36.693 0.0000000000
146003  43.828  -15.620  35.687 0.0000000000
43517  29.117  -33.621  42.916 0.0000000000
43516  29.815  -33.759  42.598 0.0000000000
42400  29.818  -34.361  42.326 0.0000000000
67887  42.516  -13.710  30.432 0.0000000000
68823  42.953  -13.291  31.868 0.0000000000
67873  42.553  -13.839  31.281 0.0000000000
43608  35.955  -33.449  37.110 0.0000000000
70940  51.673  -10.625  22.337 0.0000000000
72016  52.289  -9.961  23.084 0.0000000000
70930  51.841  -10.624  23.667 0.0000000000
70818  48.219  -10.617  30.275 0.0000000000
70830  49.080  -10.426  29.262 0.0000000000
71897  49.324  -10.319  30.287 0.0000000000
70817  50.378  -10.417  30.095 0.0000000000
58706  42.463  -21.649  37.846 0.0000000000
142795  41.433  -20.794  38.662 0.0000000000
60918  41.973  -20.377  38.141 0.0000000000
62989  41.103  -18.348  38.023 0.0000000000
60926  42.332  -19.719  37.522 0.0000000000
63007  42.325  -18.395  37.345 0.0000000000
139003  42.875  -20.368  36.021 0.0000000000
144903  32.930  -32.665  41.371 0.0000000000
42424  32.931  -34.035  41.069 0.0000000000
42455  33.951  -35.484  39.505 0.0000000000
68853  44.091  -12.732  28.759 0.0000000000
68889  44.568  -12.818  27.312 0.0000000000
69824  45.258  -12.033  29.200 0.0000000000
70833  46.442  -11.328  29.656 0.0000000000
145701  45.943  -10.891  30.954 0.0000000000
71856  46.803  -10.013  32.985 0.0000000000
70788  45.486  -10.648  32.235 0.0000000000
69730  44.578  -12.085  35.649 0.0000000000
69740  45.222  -11.318  35.182 0.0000000000
67810  45.029  -12.873  35.800 0.0000000000
67829  45.038  -14.034  34.450 0.0000000000
67819  44.935  -13.661  35.606 0.0000000000
50634  40.769  -27.722  36.352 0.0000000000
51751  40.669  -26.962  37.891 0.0000000000
51767  41.603  -27.348  36.310 0.0000000000
51765  43.413  -27.069  36.118 0.0000000000
54997  43.546  -24.790  36.199 0.0000000000
47089  37.158  -30.793  38.125 0.0000000000
48298  37.525  -30.155  38.559 0.0000000000
49448  38.469  -29.356  37.555 0.0000000000
49447  38.953  -28.980  37.069 0.0000000000
48321  38.039  -30.059  36.184 0.0000000000
73098  52.313  -9.237  20.847 0.0000000000
73086  54.123  -8.549  22.831 0.0000000000
70880  52.853  -10.257  26.049 0.0000000000
69874  49.282  -11.998  26.867 0.0000000000
68915  49.275  -13.119  25.929 0.0000000000
68914  49.886  -12.484  25.776 0.0000000000
68927  50.354  -12.628  24.375 0.0000000000
69872  50.584  -10.962  26.311 0.0000000000
143589  50.978  -10.516  26.385 0.0000000000
70859  51.026  -9.992  27.536 0.0000000000
68852  50.866  -12.329  29.615 0.0000000000
69837  51.396  -12.157  28.933 0.0000000000
54963  40.531  -24.541  39.638 0.0000000000
56215  40.439  -23.833  39.385 0.0000000000
60927  38.918  -20.126  36.843 0.0000000000
59904  38.848  -20.752  36.275 0.0000000000
64862  40.887  -16.569  36.374 0.0000000000
64884  39.896  -17.006  34.643 0.0000000000
65871  41.012  -16.124  34.969 0.0000000000
65895  41.138  -15.975  32.986 0.0000000000
144716  41.517  -15.479  34.639 0.0000000000
66861  42.314  -14.291  35.511 0.0000000000
66853  42.378  -14.897  36.865 0.0000000000
63969  42.827  -17.427  35.316 0.0000000000
64871  43.489  -16.159  36.008 0.0000000000
64882  43.024  -16.925  34.646 0.0000000000
64894  43.392  -16.458  34.161 0.0000000000
43533  31.141  -33.528  41.877 0.0000000000
42427  31.089  -34.840  41.344 0.0000000000
40427  31.357  -35.955  40.062 0.0000000000
41377  30.380  -35.036  41.353 0.0000000000
69813  43.980  -12.399  30.455 0.0000000000
69783  44.456  -11.376  32.353 0.0000000000
69784  43.874  -11.958  32.490 0.0000000000
69773  43.705  -11.955  33.395 0.0000000000
68795  43.379  -12.502  34.685 0.0000000000
44690  34.777  -32.717  40.236 0.0000000000
155697  35.640  -31.183  40.379 0.0000000000
44716  35.578  -32.794  38.538 0.0000000000
45901  36.378  -32.079  37.220 0.0000000000
45914  36.968  -32.077  35.901 0.0000000000
47134  37.497  -31.553  35.403 0.0000000000
44763  37.366  -32.888  35.638 0.0000000000
72015  52.967  -8.945  22.813 0.0000000000
73062  53.878  -8.627  23.877 0.0000000000
71998  53.234  -8.891  23.629 0.0000000000
156424  52.574  -9.755  24.941 0.0000000000
71969  52.709  -9.979  25.718 0.0000000000
69858  47.335  -12.377  27.828 0.0000000000
69857  48.208  -12.053  27.690 0.0000000000
69838  48.738  -11.235  28.171 0.0000000000
71928  50.058  -10.054  28.595 0.0000000000
71927  50.760  -10.025  28.249 0.0000000000
71911  50.580  -9.918  29.002 0.0000000000
69808  50.751  -11.415  30.130 0.0000000000
153466  41.721  -23.320  38.661 0.0000000000
167467  40.554  -22.652  39.166 0.0000000000
58694  41.229  -22.268  39.087 0.0000000000
60921  40.122  -20.369  38.334 0.0000000000
63011  39.367  -18.977  36.995 0.0000000000
63031  38.552  -18.354  35.891 0.0000000000
63010  40.010  -18.493  37.379 0.0000000000
63941  40.927  -17.506  37.564 0.0000000000
65833  41.857  -16.216  37.464 0.0000000000
65832  42.497  -15.902  37.554 0.0000000000
63939  42.522  -16.872  37.689 0.0000000000
63021  42.565  -18.155  36.653 0.0000000000
141920  42.335  -18.890  35.249 0.0000000000
45845  32.167  -32.335  41.048 0.0000000000
45861  32.841  -31.863  40.824 0.0000000000
45843  34.155  -31.954  41.000 0.0000000000
43582  34.657  -33.642  39.461 0.0000000000
42467  34.994  -34.999  38.277 0.0000000000
69822  46.746  -11.555  29.010 0.0000000000
70832  47.359  -11.010  29.722 0.0000000000
71883  48.136  -10.572  31.150 0.0000000000
71855  47.453  -10.205  32.843 0.0000000000
69753  47.220  -10.733  34.035 0.0000000000
69771  47.067  -11.825  34.001 0.0000000000
70755  45.427  -10.509  34.124 0.0000000000
68782  45.906  -11.551  35.034 0.0000000000
51732  39.365  -26.758  39.332 0.0000000000
51743  40.285  -26.707  38.825 0.0000000000
52828  41.180  -25.803  38.425 0.0000000000
150982  41.702  -25.350  38.116 0.0000000000
51766  42.509  -27.112  36.304 0.0000000000
52842  42.752  -25.983  36.618 0.0000000000
54984  42.506  -24.761  37.355 0.0000000000
146634  42.929  -24.329  37.110 0.0000000000
57509  43.309  -22.984  36.889 0.0000000000
58718  43.442  -22.527  36.517 0.0000000000
59902  43.352  -21.766  35.746 0.0000000000
146948  43.706  -23.621  34.803 0.0000000000
50606  39.638  -27.950  38.263 0.0000000000
50636  39.513  -28.602  36.331 0.0000000000
49474  39.994  -29.130  34.818 0.0000000000
48361  38.682  -30.736  34.648 0.0000000000
48359  40.229  -30.305  34.474 0.0000000000
74046  54.730  -7.945  21.216 0.0000000000
70931  51.181  -11.543  23.157 0.0000000000
70912  51.459  -10.745  25.099 0.0000000000
71970  52.142  -9.984  26.107 0.0000000000
71944  52.086  -10.202  26.968 0.0000000000
71926  51.290  -10.001  27.870 0.0000000000
151419  52.141  -11.081  27.923 0.0000000000
69853  52.462  -11.260  27.373 0.0000000000
58720  39.772  -22.064  37.674 0.0000000000
65923  41.051  -15.886  31.158 0.0000000000
66904  41.843  -14.892  31.885 0.0000000000
67831  42.340  -14.053  33.632 0.0000000000
67820  42.746  -13.531  35.314 0.0000000000
67812  44.025  -13.210  36.479 0.0000000000
66836  43.202  -14.976  37.076 0.0000000000
66851  43.660  -14.294  36.707 0.0000000000
163113  44.382  -14.181  36.113 0.0000000000
65881  44.265  -15.333  34.248 0.0000000000
59921  42.898  -21.062  34.911 0.0000000000
60950  42.570  -20.482  34.503 0.0000000000
44660  28.805  -32.903  43.054 0.0000000000
155672  28.505  -33.485  43.186 0.0000000000
44659  29.580  -32.904  42.590 0.0000000000
67874  42.059  -14.245  30.763 0.0000000000
156974  51.627  -10.864  22.904 0.0000000000
70941  51.191  -11.308  22.377 0.0000000000
159521  48.777  -10.481  30.548 0.0000000000
71914  48.944  -10.419  29.931 0.0000000000
71881  49.444  -10.341  30.581 0.0000000000
70802  49.254  -10.697  31.242 0.0000000000
59885  42.443  -20.974  37.809 0.0000000000
142447  42.602  -20.487  37.346 0.0000000000
61944  41.670  -19.502  38.120 0.0000000000
60932  42.689  -19.999  36.776 0.0000000000
141793  42.897  -20.650  36.668 0.0000000000
42425  32.340  -34.332  41.239 0.0000000000
42440  32.651  -35.090  40.572 0.0000000000
41398  32.958  -36.050  40.076 0.0000000000
69812  44.508  -12.087  30.238 0.0000000000
69825  44.616  -12.282  29.382 0.0000000000
69811  45.095  -11.822  29.975 0.0000000000
70821  45.523  -11.304  30.498 0.0000000000
70804  45.448  -10.989  31.309 0.0000000000
70805  44.919  -11.189  31.744 0.0000000000
159114  44.927  -11.761  35.582 0.0000000000
69729  44.768  -12.408  35.874 0.0000000000
50651  40.892  -28.271  35.525 0.0000000000
51785  41.446  -27.797  35.848 0.0000000000
47104  37.158  -30.954  37.195 0.0000000000
48309  37.576  -30.343  37.615 0.0000000000
48308  38.014  -29.755  38.045 0.0000000000
150275  38.015  -29.912  37.127 0.0000000000
72032  52.823  -9.039  22.107 0.0000000000
73097  53.245  -8.644  21.567 0.0000000000
69855  49.803  -11.043  27.308 0.0000000000
68900  49.489  -12.462  26.338 0.0000000000
69873  49.971  -11.557  26.495 0.0000000000
69881  50.368  -11.642  25.922 0.0000000000
67897  50.259  -13.299  29.645 0.0000000000
150351  50.808  -12.937  29.075 0.0000000000
56214  40.778  -23.779  39.360 0.0000000000
61956  38.348  -19.364  36.179 0.0000000000
60942  37.660  -19.594  35.119 0.0000000000
64872  40.691  -16.590  35.610 0.0000000000
65858  41.234  -16.013  35.978 0.0000000000
65870  41.583  -15.452  35.563 0.0000000000
66862  42.090  -14.826  36.110 0.0000000000
65857  41.791  -15.391  36.486 0.0000000000
153219  43.214  -16.755  35.436 0.0000000000
63982  42.572  -17.530  34.369 0.0000000000
43515  30.399  -33.266  42.274 0.0000000000
44669  30.945  -33.017  41.665 0.0000000000
42411  31.487  -34.045  41.746 0.0000000000
42412  30.797  -34.357  41.862 0.0000000000
167192  43.082  -13.110  29.559 0.0000000000
68855  42.983  -13.174  28.980 0.0000000000
68854  43.534  -12.903  29.226 0.0000000000
146042  43.539  -12.850  29.937 0.0000000000
69800  43.897  -12.323  31.126 0.0000000000
148856  42.850  -13.327  32.585 0.0000000000
68822  43.307  -12.697  32.642 0.0000000000
68809  43.251  -12.517  33.623 0.0000000000
69756  43.660  -12.033  34.190 0.0000000000
44702  35.223  -32.873  39.372 0.0000000000
44730  35.939  -32.629  37.693 0.0000000000
44746  36.257  -32.779  36.793 0.0000000000
45915  36.526  -32.252  36.515 0.0000000000
44745  36.718  -32.839  36.156 0.0000000000
70956  51.545  -10.429  21.665 0.0000000000
72049  52.121  -9.654  21.418 0.0000000000
71999  52.633  -9.603  24.165 0.0000000000
71983  52.747  -9.791  25.412 0.0000000000
69840  47.020  -11.904  28.395 0.0000000000
69839  47.874  -11.622  28.280 0.0000000000
70844  49.277  -10.504  28.650 0.0000000000
70861  49.565  -10.719  28.035 0.0000000000
71912  50.075  -9.962  29.326 0.0000000000
152204  50.224  -11.115  30.668 0.0000000000
68842  50.378  -12.566  30.277 0.0000000000
57500  41.492  -22.799  38.939 0.0000000000
58707  41.825  -22.046  38.590 0.0000000000
60920  40.604  -20.205  38.521 0.0000000000
60910  40.870  -20.836  38.788 0.0000000000
61932  39.828  -19.952  37.836 0.0000000000
61945  39.905  -19.245  37.605 0.0000000000
62990  40.466  -18.827  37.887 0.0000000000
62988  41.549  -18.649  38.038 0.0000000000
63926  41.290  -17.609  37.906 0.0000000000
64851  41.487  -16.962  37.713 0.0000000000
64838  41.819  -17.236  37.929 0.0000000000
64850  42.225  -16.643  37.885 0.0000000000
63940  42.134  -17.312  37.933 0.0000000000
61963  42.528  -18.941  36.029 0.0000000000
63030  42.556  -18.177  35.690 0.0000000000
45846  31.008  -32.517  40.983 0.0000000000
45863  31.410  -32.256  40.351 0.0000000000
43550  33.175  -33.059  41.374 0.0000000000
45844  32.987  -32.234  41.171 0.0000000000
160420  33.203  -32.336  41.282 0.0000000000
141053  33.426  -31.999  41.069 0.0000000000
43549  33.687  -32.847  41.112 0.0000000000
43567  34.190  -33.251  40.512 0.0000000000
68868  44.957  -12.697  27.874 0.0000000000
69860  45.609  -12.589  27.821 0.0000000000
69841  46.184  -12.099  28.457 0.0000000000
70803  46.657  -10.664  31.046 0.0000000000
150972  46.807  -10.966  30.261 0.0000000000
70819  47.465  -10.676  30.695 0.0000000000
71884  47.370  -10.416  31.576 0.0000000000
71870  47.748  -10.375  32.047 0.0000000000
71871  47.156  -10.141  32.349 0.0000000000
70770  47.025  -10.240  33.546 0.0000000000
70753  46.611  -10.373  34.081 0.0000000000
70773  44.884  -10.788  33.371 0.0000000000
70756  44.777  -10.916  34.271 0.0000000000
70740  45.641  -10.856  34.690 0.0000000000
147905  46.372  -12.130  34.337 0.0000000000
160957  39.803  -26.947  39.144 0.0000000000
52817  39.868  -26.326  39.346 0.0000000000
146852  40.808  -26.424  38.375 0.0000000000
53884  41.960  -25.787  37.384 0.0000000000
50649  42.843  -28.440  35.858 0.0000000000
51783  43.258  -27.808  36.073 0.0000000000
52841  43.430  -26.292  36.161 0.0000000000
149566  42.911  -26.595  36.375 0.0000000000
53883  42.649  -25.343  36.978 0.0000000000
53875  42.117  -25.196  37.570 0.0000000000
56234  42.374  -24.173  37.744 0.0000000000
54998  43.107  -24.822  36.738 0.0000000000
142342  43.741  -24.392  35.863 0.0000000000
56244  43.446  -24.197  36.526 0.0000000000
56243  43.751  -23.768  35.943 0.0000000000
57519  43.622  -23.081  36.190 0.0000000000
58729  43.587  -22.473  35.913 0.0000000000
57528  43.745  -23.200  35.430 0.0000000000
45858  36.024  -31.474  39.833 0.0000000000
47061  35.428  -30.663  40.477 0.0000000000
47060  36.078  -30.815  40.161 0.0000000000
50595  38.260  -28.112  39.568 0.0000000000
51734  37.956  -27.656  39.576 0.0000000000
51733  38.734  -27.381  39.338 0.0000000000
51745  39.419  -27.532  39.039 0.0000000000
50607  39.150  -28.297  38.549 0.0000000000
49459  38.931  -29.149  36.234 0.0000000000
50652  40.042  -28.628  35.416 0.0000000000
47133  38.073  -31.110  34.993 0.0000000000
73096  54.374  -8.381  21.871 0.0000000000
73095  54.459  -8.607  22.093 0.0000000000
73050  53.847  -8.908  24.264 0.0000000000
68902  48.151  -13.000  26.481 0.0000000000
68916  47.758  -13.398  25.906 0.0000000000
67932  48.553  -13.401  25.967 0.0000000000
68935  50.314  -12.726  23.552 0.0000000000
69895  50.829  -12.100  23.786 0.0000000000
70923  51.418  -11.240  24.162 0.0000000000
71971  51.629  -10.107  26.558 0.0000000000
70900  51.576  -10.281  25.937 0.0000000000
71957  51.747  -10.088  26.726 0.0000000000
70843  51.092  -10.119  28.625 0.0000000000
69836  51.899  -11.523  28.417 0.0000000000
69854  52.165  -11.933  27.795 0.0000000000
58696  40.298  -21.999  38.914 0.0000000000
58708  40.005  -22.064  38.383 0.0000000000
58709  39.584  -21.356  37.689 0.0000000000
63956  39.187  -18.037  36.232 0.0000000000
64897  39.862  -17.011  33.838 0.0000000000
65883  41.562  -15.404  33.746 0.0000000000
65909  41.070  -16.069  32.018 0.0000000000
65894  41.566  -15.440  32.340 0.0000000000
65908  41.483  -15.400  31.581 0.0000000000
66893  41.933  -14.853  32.634 0.0000000000
160985  42.172  -14.486  32.217 0.0000000000
66883  41.998  -14.696  33.534 0.0000000000
162486  42.882  -13.850  36.182 0.0000000000
67813  43.439  -13.392  36.283 0.0000000000
64849  42.604  -16.280  37.602 0.0000000000
66837  42.737  -15.214  37.262 0.0000000000
64848  42.990  -15.727  37.271 0.0000000000
65846  43.552  -15.341  36.688 0.0000000000
65856  44.013  -14.892  36.235 0.0000000000
65868  44.249  -15.106  35.346 0.0000000000
65882  43.772  -15.931  33.714 0.0000000000
58741  43.533  -22.355  35.273 0.0000000000
59911  43.058  -21.066  35.534 0.0000000000
59920  43.220  -21.659  35.134 0.0000000000
42413  30.094  -34.648  41.881 0.0000000000
42401  29.200  -34.324  42.489 0.0000000000
67901  42.507  -13.481  29.572 0.0000000000
68844  43.021  -13.214  30.176 0.0000000000
68835  43.021  -13.269  30.994 0.0000000000
146415  35.236  -34.155  37.981 0.0000000000
44731  35.533  -33.405  37.831 0.0000000000
43609  35.722  -34.126  37.407 0.0000000000
42479  36.323  -34.326  36.951 0.0000000000
70831  48.283  -10.780  29.461 0.0000000000
70845  48.465  -10.958  28.772 0.0000000000
71913  49.547  -10.136  29.648 0.0000000000
71896  49.872  -10.164  29.978 0.0000000000
70801  49.809  -10.486  30.581 0.0000000000
156470  42.403  -22.308  37.892 0.0000000000
59886  41.897  -21.196  38.417 0.0000000000
60919  41.229  -20.143  38.523 0.0000000000
61930  40.961  -19.317  38.236 0.0000000000
61943  42.036  -18.919  37.649 0.0000000000
61954  42.516  -19.114  36.891 0.0000000000
139507  42.642  -19.638  36.239 0.0000000000
44679  32.420  -32.646  41.353 0.0000000000
43551  32.558  -33.370  41.553 0.0000000000
42439  33.312  -34.953  40.215 0.0000000000
68869  44.331  -12.745  27.940 0.0000000000
69843  44.774  -12.477  28.602 0.0000000000
69823  45.954  -11.801  29.076 0.0000000000
69810  45.724  -11.558  29.758 0.0000000000
70820  46.157  -11.112  30.325 0.0000000000
70787  46.130  -10.494  31.774 0.0000000000
71857  46.125  -10.187  32.752 0.0000000000
70772  45.485  -10.373  33.202 0.0000000000
69755  44.180  -11.489  34.269 0.0000000000
69741  44.744  -11.357  35.084 0.0000000000
68783  45.296  -12.128  35.456 0.0000000000
67842  45.474  -13.495  33.939 0.0000000000
67828  45.397  -13.152  35.120 0.0000000000
51752  40.403  -27.523  37.311 0.0000000000
141286  41.069  -27.153  36.989 0.0000000000
52844  41.689  -26.860  36.713 0.0000000000
51782  43.947  -27.582  35.726 0.0000000000
53890  43.743  -25.845  35.715 0.0000000000
55009  43.778  -25.055  35.593 0.0000000000
47090  36.703  -31.234  38.594 0.0000000000
48286  36.615  -30.230  39.940 0.0000000000
47075  37.027  -30.583  39.074 0.0000000000
49411  37.253  -28.922  40.028 0.0000000000
48297  37.890  -29.500  38.968 0.0000000000
49424  38.170  -28.845  39.366 0.0000000000
49436  38.454  -29.103  38.496 0.0000000000
49435  38.909  -28.840  37.961 0.0000000000
49460  38.464  -29.488  36.655 0.0000000000
49476  38.562  -29.616  35.709 0.0000000000
74047  53.953  -7.942  21.147 0.0000000000
152516  53.199  -9.645  25.190 0.0000000000
68901  48.906  -12.792  26.465 0.0000000000
155188  50.029  -12.828  25.070 0.0000000000
69888  50.430  -12.097  25.274 0.0000000000
69880  50.894  -11.068  25.665 0.0000000000
71958  51.292  -9.941  26.962 0.0000000000
69821  51.231  -11.405  29.504 0.0000000000
151001  40.422  -25.092  39.732 0.0000000000
59894  39.194  -20.719  37.270 0.0000000000
58732  39.162  -21.003  36.953 0.0000000000
60933  38.843  -20.487  36.619 0.0000000000
164379  38.531  -20.345  36.066 0.0000000000
150319  40.353  -17.002  36.006 0.0000000000
64874  39.345  -17.366  35.129 0.0000000000
64873  40.055  -17.015  35.401 0.0000000000
64883  40.466  -16.681  34.959 0.0000000000
64896  40.502  -16.594  34.267 0.0000000000
64910  40.521  -16.617  33.420 0.0000000000
65884  41.030  -16.024  33.970 0.0000000000
66873  41.890  -14.800  34.503 0.0000000000
149342  41.866  -14.936  35.266 0.0000000000
150492  42.667  -14.344  36.521 0.0000000000
156636  43.082  -16.820  36.292 0.0000000000
64860  43.291  -16.076  36.793 0.0000000000
64881  43.513  -16.337  35.065 0.0000000000
65869  43.861  -15.819  34.666 0.0000000000
45831  30.554  -32.682  41.366 0.0000000000
44668  31.822  -33.035  41.524 0.0000000000
43532  31.954  -33.409  41.660 0.0000000000
42426  31.745  -34.601  41.298 0.0000000000
41400  31.994  -36.053  40.134 0.0000000000
41388  31.470  -35.410  40.726 0.0000000000
41389  30.761  -35.448  40.701 0.0000000000
69826  44.054  -12.545  29.638 0.0000000000
69799  44.390  -11.846  31.210 0.0000000000
68834  43.545  -12.641  31.630 0.0000000000
69742  44.075  -11.900  35.029 0.0000000000
68784  43.933  -12.432  35.685 0.0000000000
50650  41.863  -28.324  35.619 0.0000000000
45842  34.546  -31.666  40.850 0.0000000000
45841  35.105  -31.289  40.708 0.0000000000
45859  35.497  -31.748  40.213 0.0000000000
45875  35.721  -32.170  39.371 0.0000000000
45874  36.254  -31.679  39.015 0.0000000000
44715  36.344  -31.861  38.129 0.0000000000
47105  36.750  -31.404  37.678 0.0000000000
45900  36.747  -31.622  36.753 0.0000000000
47121  37.178  -31.187  36.240 0.0000000000
47120  37.686  -30.741  35.746 0.0000000000
45925  37.536  -32.291  35.286 0.0000000000
44762  38.175  -32.811  35.362 0.0000000000
73075  53.811  -8.472  23.306 0.0000000000
161125  53.509  -8.970  24.191 0.0000000000
71982  53.303  -9.401  24.746 0.0000000000
68885  47.620  -12.762  27.079 0.0000000000
69856  49.031  -11.599  27.540 0.0000000000
70860  50.371  -10.217  27.815 0.0000000000
70816  50.888  -10.401  29.447 0.0000000000
70829  50.418  -9.982  29.603 0.0000000000
56213  41.257  -23.538  39.163 0.0000000000
57489  40.953  -22.938  39.196 0.0000000000
58695  40.792  -22.135  39.130 0.0000000000
59876  40.210  -21.346  38.744 0.0000000000
59874  41.254  -21.503  38.985 0.0000000000
59875  40.597  -21.445  38.996 0.0000000000
159965  39.985  -20.931  38.388 0.0000000000
60922  39.396  -20.228  37.461 0.0000000000
61946  39.069  -19.611  36.950 0.0000000000
61955  38.748  -19.151  36.538 0.0000000000
63032  38.069  -18.658  35.535 0.0000000000
63023  38.919  -18.600  36.435 0.0000000000
63022  39.568  -18.266  36.784 0.0000000000
63955  39.785  -17.744  36.566 0.0000000000
63942  40.269  -17.750  37.150 0.0000000000
64852  40.838  -17.192  37.230 0.0000000000
144208  41.156  -16.636  37.077 0.0000000000
65847  42.096  -15.509  37.171 0.0000000000
147087  42.424  -17.657  37.529 0.0000000000
63954  42.773  -17.254  36.971 0.0000000000
156972  42.776  -17.566  36.163 0.0000000000
47062  33.767  -31.065  40.293 0.0000000000
47063  33.044  -31.335  40.345 0.0000000000
47048  33.355  -31.659  40.815 0.0000000000
47047  33.846  -31.396  40.728 0.0000000000
44677  34.246  -32.320  40.977 0.0000000000
42438  33.971  -34.281  39.902 0.0000000000
42454  34.450  -34.778  39.031 0.0000000000
43597  34.833  -34.180  38.593 0.0000000000
71869  48.246  -10.604  31.672 0.0000000000
70785  48.579  -10.680  31.781 0.0000000000
70786  48.080  -10.564  32.428 0.0000000000
69770  47.822  -10.678  33.367 0.0000000000
70789  45.026  -10.856  32.598 0.0000000000
70741  45.144  -10.920  34.712 0.0000000000
70754  46.042  -10.457  34.258 0.0000000000
69754  46.436  -10.994  34.475 0.0000000000
52818  39.478  -26.133  39.389 0.0000000000
150216  40.082  -25.639  39.501 0.0000000000
52816  40.520  -26.087  39.158 0.0000000000
53854  40.702  -25.409  39.393 0.0000000000
53865  41.314  -25.138  38.920 0.0000000000
54973  41.358  -24.619  39.067 0.0000000000
51784  42.268  -27.779  35.987 0.0000000000
52843  42.157  -26.428  36.734 0.0000000000
54985  41.862  -24.755  38.210 0.0000000000
56225  41.699  -24.028  38.682 0.0000000000
56224  42.220  -23.477  38.003 0.0000000000
56233  42.974  -23.663  37.194 0.0000000000
57510  42.674  -22.903  37.549 0.0000000000
58719  43.004  -22.206  37.174 0.0000000000
58730  43.297  -21.897  36.437 0.0000000000
59903  43.122  -21.156  36.231 0.0000000000
57538  43.558  -22.860  34.781 0.0000000000
56264  43.702  -24.332  34.642 0.0000000000
165338  43.512  -23.844  34.356 0.0000000000
48273  34.916  -30.227  40.033 0.0000000000
49413  35.891  -29.367  40.025 0.0000000000
52819  38.868  -26.620  39.182 0.0000000000
50621  39.919  -27.892  37.660 0.0000000000
50622  39.456  -28.402  37.537 0.0000000000
50635  40.028  -28.058  36.861 0.0000000000
143593  40.210  -28.202  36.049 0.0000000000
50662  40.660  -28.921  34.923 0.0000000000
48339  38.239  -30.318  35.263 0.0000000000
48338  38.899  -29.941  34.849 0.0000000000
48360  39.413  -30.470  34.404 0.0000000000
49492  39.670  -29.689  34.497 0.0000000000
49491  40.457  -29.572  34.528 0.0000000000
155677  28.322  -32.398  43.079 0.0000000000
165732  54.713  -8.153  21.489 0.0000000000
70899  52.110  -10.047  25.434 0.0000000000
71956  52.267  -10.087  26.372 0.0000000000
70881  52.538  -10.534  26.768 0.0000000000
155014  51.684  -10.527  28.230 0.0000000000
70858  51.929  -10.366  27.468 0.0000000000
68881  52.419  -12.235  27.120 0.0000000000
66931  41.379  -14.650  29.945 0.0000000000
57490  40.624  -23.262  39.205 0.0000000000
57501  40.079  -22.862  38.309 0.0000000000
64928  40.399  -16.808  32.527 0.0000000000
163672  41.407  -15.282  31.088 0.0000000000
66918  41.295  -15.146  30.602 0.0000000000
159591  41.649  -14.548  30.461 0.0000000000
67861  42.149  -14.388  31.552 0.0000000000
67860  42.515  -13.908  32.209 0.0000000000
67844  42.615  -13.611  33.198 0.0000000000
66872  42.250  -14.111  34.436 0.0000000000
67830  42.563  -13.542  34.181 0.0000000000
153243  42.950  -13.093  34.705 0.0000000000
68785  43.367  -12.925  35.541 0.0000000000
68773  43.860  -12.897  36.149 0.0000000000
66852  42.988  -14.537  37.009 0.0000000000
67801  43.741  -13.657  36.646 0.0000000000
66850  44.063  -13.647  36.557 0.0000000000
67811  44.465  -13.187  36.178 0.0000000000
66871  44.602  -14.539  34.926 0.0000000000
60940  42.741  -20.394  35.227 0.0000000000
138979  42.311  -19.654  34.768 0.0000000000
41387  32.098  -35.253  40.713 0.0000000000
44667  32.419  -32.972  41.516 0.0000000000
44678  33.444  -32.386  41.256 0.0000000000
44689  35.284  -32.317  40.009 0.0000000000
45860  34.933  -31.981  40.624 0.0000000000
45888  35.973  -32.212  38.547 0.0000000000
47046  34.525  -31.156  40.701 0.0000000000
48258  34.978  -30.873  40.641 0.0000000000
48259  34.924  -30.439  40.403 0.0000000000
48271  36.242  -29.642  40.193 0.0000000000
48284  37.645  -29.164  39.698 0.0000000000
50588  35.525  -29.212  39.569 0.0000000000
50594  38.904  -27.959  39.235 0.0000000000
54962  40.806  -24.830  39.482 0.0000000000
56232  43.487  -23.543  36.549 0.0000000000
57491  40.343  -22.922  38.962 0.0000000000
59888  39.602  -20.893  37.898 0.0000000000
60911  40.361  -20.864  38.727 0.0000000000
60928  38.668  -19.625  36.557 0.0000000000
61964  38.016  -19.531  35.717 0.0000000000
63009  40.677  -18.063  37.701 0.0000000000
63024  38.384  -18.850  36.109 0.0000000000
63925  41.667  -17.826  37.952 0.0000000000
63971  38.883  -17.833  35.573 0.0000000000
64863  40.427  -17.216  36.620 0.0000000000
66917  41.697  -14.821  31.109 0.0000000000
67845  42.285  -14.286  32.890 0.0000000000
68796  42.902  -13.041  33.887 0.0000000000
71872  46.618  -10.096  32.374 0.0000000000
143286  35.968  -30.230  40.296 0.0000000000
146252  38.820  -28.708  38.505 0.0000000000
149057  37.292  -29.318  39.891 0.0000000000
150921  44.026  -11.997  31.740 0.0000000000
155753  39.761  -20.505  38.024 0.0000000000
159620  39.501  -19.607  37.365 0.0000000000
160501  43.004  -21.582  34.667 0.0000000000
162259  38.084  -19.089  35.782 0.0000000000
163570  35.978  -34.619  37.286 0.0000000000
163912  39.467  -21.502  37.156 0.0000000000
