#!ascii label  , from subject sub-v2s13x29099_ses-1 vox2ras=TkReg
1037
31744  37.478  -47.365  -38.206 0.3000000119
44888  36.674  -37.721  -34.097 0.6000000238
43714  36.049  -38.398  -37.807 0.6999999881
44924  35.223  -37.873  -37.407 0.6999999881
31736  37.179  -47.007  -37.604 0.4000000060
37667  37.812  -42.331  -34.844 0.4000000060
32892  38.089  -46.052  -37.622 0.5000000000
32899  38.430  -46.416  -38.173 0.5000000000
43671  36.736  -38.238  -33.572 0.6999999881
43688  35.671  -38.223  -34.818 0.6999999881
44904  36.687  -37.494  -34.831 0.5000000000
44922  37.247  -36.451  -37.002 0.6000000238
175731  36.697  -37.782  -37.651 0.6000000238
46092  36.783  -36.597  -37.318 0.6999999881
46094  35.143  -36.774  -36.841 0.6999999881
34095  37.769  -45.754  -37.016 0.5000000000
37685  37.631  -43.055  -35.052 0.4000000060
32893  37.477  -46.372  -37.320 0.6000000238
39955  37.576  -41.123  -34.148 0.4000000060
39939  37.787  -40.352  -33.963 0.5000000000
35300  38.535  -44.775  -37.134 0.6000000238
39940  37.120  -40.572  -33.650 0.6000000238
42380  37.450  -38.961  -33.522 0.6000000238
35299  39.155  -44.506  -37.524 0.6000000238
43670  37.621  -38.146  -33.666 0.6000000238
44903  37.301  -36.957  -35.541 0.6000000238
44912  37.072  -37.065  -37.050 0.6000000238
48391  37.478  -34.879  -36.667 0.6999999881
47203  36.886  -35.833  -36.821 0.6999999881
48392  36.952  -35.088  -36.561 0.6999999881
47193  36.268  -35.226  -36.303 0.6999999881
47184  34.893  -35.654  -35.517 0.6999999881
49612  37.469  -34.032  -35.590 0.6999999881
48383  36.498  -34.704  -35.799 0.6999999881
48373  36.347  -34.883  -34.611 0.6999999881
49608  37.584  -34.126  -34.447 0.6999999881
34090  37.433  -45.442  -36.389 0.5000000000
35281  37.854  -44.111  -35.869 0.5000000000
36505  37.443  -43.747  -35.302 0.5000000000
38806  38.005  -41.590  -34.672 0.4000000060
35294  38.216  -44.451  -36.510 0.5000000000
41187  38.429  -40.122  -34.314 0.5000000000
42379  38.190  -38.807  -33.763 0.6000000238
36522  39.877  -43.402  -37.423 0.6000000238
37707  39.580  -43.119  -36.873 0.5000000000
37697  39.803  -42.445  -36.599 0.5000000000
44902  37.787  -36.988  -34.377 0.6999999881
44887  37.169  -37.487  -34.146 0.6999999881
48390  38.077  -34.906  -36.843 0.6000000238
46083  37.632  -36.438  -36.579 0.6000000238
49626  38.410  -34.132  -36.832 0.6000000238
47202  37.636  -35.591  -36.881 0.6000000238
49617  37.932  -33.691  -35.994 0.6000000238
47183  35.494  -35.341  -34.826 0.6999999881
161766  39.044  -32.738  -34.492 0.6000000238
48367  37.119  -34.586  -33.972 0.6999999881
49611  37.924  -33.617  -34.919 0.6999999881
39974  38.638  -41.289  -34.990 0.4000000060
36517  38.411  -43.767  -36.239 0.5000000000
37683  38.831  -42.380  -35.690 0.4000000060
41186  39.054  -39.886  -34.613 0.5000000000
42400  38.952  -38.640  -34.029 0.6000000238
37699  38.630  -43.084  -35.934 0.4000000060
43669  38.357  -38.045  -33.789 0.6000000238
36516  38.999  -43.439  -36.564 0.4000000060
38824  39.634  -41.356  -35.810 0.4000000060
38837  39.415  -42.049  -36.029 0.4000000060
41214  40.444  -40.339  -35.901 0.4000000060
44885  38.380  -37.313  -33.918 0.6999999881
46072  37.969  -36.489  -35.185 0.6000000238
46082  38.280  -35.962  -36.317 0.6000000238
50756  38.858  -33.563  -36.782 0.6000000238
48389  38.711  -34.769  -36.975 0.6000000238
50748  39.057  -32.894  -36.239 0.6000000238
47174  35.966  -35.428  -33.774 0.6999999881
49607  38.080  -33.671  -33.944 0.6000000238
49601  37.682  -34.176  -33.495 0.6000000238
38825  39.027  -41.671  -35.499 0.4000000060
41204  39.460  -40.278  -35.111 0.4000000060
43686  39.035  -37.769  -33.934 0.6999999881
39972  39.845  -40.662  -35.613 0.4000000060
152985  39.322  -36.469  -34.223 0.8000000119
39981  40.877  -40.714  -36.434 0.5000000000
46081  38.826  -35.748  -35.595 0.6999999881
47200  38.871  -35.085  -36.867 0.6000000238
50747  39.582  -32.830  -36.628 0.5000000000
163962  39.131  -34.592  -36.978 0.6000000238
177710  35.658  -35.787  -33.187 0.6999999881
53131  40.572  -31.513  -34.209 0.6000000238
51865  39.421  -32.493  -35.161 0.6000000238
48368  36.644  -35.079  -33.419 0.8000000119
47166  36.195  -35.519  -32.851 0.8000000119
51861  39.551  -32.417  -34.106 0.6000000238
50740  39.012  -32.756  -33.737 0.6000000238
42399  40.078  -38.860  -34.759 0.5000000000
153974  39.520  -38.934  -34.454 0.6000000238
42414  40.266  -39.381  -35.194 0.5000000000
43693  41.536  -38.298  -35.341 0.6999999881
41202  40.650  -39.665  -35.616 0.4000000060
46070  39.301  -35.851  -34.738 0.6999999881
47199  39.465  -34.775  -36.648 0.6999999881
50754  40.049  -33.019  -36.953 0.6000000238
49624  39.785  -33.700  -37.007 0.6000000238
148367  40.492  -31.894  -36.120 0.6000000238
47167  35.665  -35.876  -32.432 0.6000000238
51864  40.037  -32.028  -34.618 0.6000000238
49591  37.691  -34.085  -32.624 0.6999999881
48350  37.223  -34.503  -32.099 0.6999999881
51856  39.903  -31.595  -33.052 0.6999999881
51857  39.477  -32.225  -33.164 0.6999999881
49600  38.112  -33.626  -33.041 0.6999999881
44898  41.369  -37.013  -34.655 0.5000000000
44899  40.653  -37.226  -34.390 0.6000000238
44900  39.772  -37.338  -34.135 0.6000000238
46080  42.055  -36.767  -34.952 0.6999999881
44911  41.827  -37.594  -35.115 0.6000000238
46069  40.093  -36.354  -34.269 0.6999999881
46079  42.750  -36.499  -35.362 0.6999999881
43692  42.231  -38.258  -35.747 0.6999999881
47181  39.924  -35.489  -34.773 0.6999999881
48381  40.143  -34.437  -36.278 0.6999999881
51874  41.058  -31.761  -36.589 0.5000000000
49628  40.409  -33.311  -37.062 0.6000000238
46035  34.464  -36.146  -31.635 0.5000000000
53134  41.663  -30.726  -35.543 0.6000000238
53135  41.082  -31.370  -35.767 0.6000000238
47143  35.993  -35.363  -31.201 0.6000000238
170438  35.043  -35.980  -31.401 0.5000000000
53130  41.129  -31.006  -34.782 0.6000000238
51868  40.577  -31.667  -35.144 0.6000000238
155339  37.636  -33.827  -31.857 0.6000000238
48351  36.639  -34.912  -31.492 0.5000000000
49570  36.524  -33.867  -30.364 0.5000000000
53125  40.879  -30.806  -33.856 0.6999999881
53126  40.347  -31.235  -33.419 0.6999999881
53123  40.019  -30.943  -32.673 0.6999999881
50736  38.485  -32.999  -32.500 0.6999999881
49590  38.074  -33.147  -31.736 0.5000000000
53122  40.579  -30.532  -33.119 0.6999999881
51851  39.013  -31.734  -31.776 0.6000000238
47180  40.645  -35.790  -34.533 0.6000000238
155040  42.202  -36.032  -35.044 0.6999999881
47179  41.465  -36.094  -34.686 0.6000000238
47188  42.844  -35.546  -35.546 0.6999999881
47190  40.740  -34.742  -35.309 0.6999999881
49627  41.046  -32.955  -37.008 0.6999999881
49616  41.132  -33.755  -36.441 0.6999999881
51873  41.662  -31.610  -36.939 0.6000000238
47145  34.515  -35.747  -30.954 0.4000000060
53138  41.614  -31.152  -36.353 0.5000000000
48326  36.070  -34.468  -30.478 0.4000000060
54436  41.490  -29.695  -34.011 0.6000000238
53129  41.629  -30.387  -34.879 0.6000000238
49583  37.519  -33.412  -31.070 0.5000000000
162449  36.998  -33.873  -30.737 0.5000000000
50727  38.585  -32.450  -31.731 0.5000000000
51828  38.082  -31.872  -30.463 0.4000000060
54431  40.663  -29.885  -32.912 0.6000000238
54432  40.235  -30.163  -32.528 0.6999999881
178355  39.688  -30.996  -32.211 0.6000000238
54424  39.504  -30.152  -31.536 0.5000000000
48378  42.431  -34.644  -35.725 0.6000000238
47189  41.821  -35.266  -35.117 0.6999999881
48379  41.471  -34.457  -35.582 0.6999999881
49621  44.268  -33.737  -37.002 0.6999999881
48387  43.113  -34.025  -36.400 0.6999999881
49622  41.551  -33.269  -36.812 0.6000000238
168046  41.986  -32.591  -37.062 0.6000000238
54445  42.908  -29.544  -36.068 0.6000000238
172341  42.077  -31.071  -36.850 0.5000000000
54446  42.175  -29.903  -35.369 0.6000000238
55607  41.845  -29.109  -34.210 0.6000000238
55614  42.314  -29.136  -34.862 0.6000000238
50720  37.522  -32.884  -30.543 0.4000000060
49569  37.061  -33.350  -30.365 0.5000000000
50707  36.423  -33.153  -29.865 0.4000000060
55608  41.393  -29.179  -33.606 0.6000000238
170813  37.502  -32.007  -29.743 0.4000000060
55601  40.446  -29.440  -32.450 0.6000000238
54423  39.960  -29.752  -31.962 0.5000000000
50758  43.347  -32.573  -37.155 0.6999999881
49615  42.059  -33.875  -36.162 0.6000000238
50751  44.835  -32.921  -37.384 0.6999999881
155452  42.700  -31.899  -37.265 0.6000000238
51872  46.238  -32.089  -37.891 0.6999999881
150930  43.586  -28.558  -36.006 0.6000000238
55621  43.780  -29.158  -36.651 0.6000000238
159995  42.749  -29.125  -35.486 0.6000000238
56737  42.437  -28.346  -34.489 0.5000000000
157287  41.842  -28.438  -33.799 0.6000000238
55600  40.929  -29.285  -33.018 0.6000000238
55581  40.114  -28.881  -31.852 0.5000000000
53139  45.770  -30.558  -37.389 0.6999999881
51877  44.701  -31.334  -37.680 0.6999999881
54447  44.121  -29.616  -37.130 0.6000000238
55617  44.378  -28.474  -36.551 0.5000000000
56743  43.802  -27.712  -35.623 0.6000000238
56742  44.623  -27.727  -36.138 0.6000000238
56726  43.010  -26.690  -34.188 0.6000000238
56720  41.813  -27.644  -33.408 0.6000000238
55593  40.746  -28.699  -32.522 0.5000000000
38841  41.639  -41.567  -37.634 0.5000000000
41212  42.246  -39.777  -36.753 0.5000000000
39988  42.601  -40.673  -37.629 0.5000000000
41223  42.263  -40.332  -37.157 0.5000000000
44921  43.067  -37.890  -35.987 0.6999999881
44920  43.888  -37.613  -36.284 0.6999999881
42421  42.811  -39.318  -36.771 0.5000000000
42434  43.374  -39.414  -37.167 0.5000000000
44909  43.333  -37.063  -35.781 0.6999999881
47187  43.887  -35.454  -36.198 0.6999999881
30565  37.167  -48.056  -38.462 0.3000000119
46093  35.947  -36.609  -37.149 0.6999999881
44913  36.748  -37.546  -36.507 0.6000000238
47194  35.544  -35.341  -35.928 0.6999999881
47176  34.766  -35.786  -34.608 0.6999999881
42422  41.622  -38.919  -35.770 0.6000000238
51870  39.579  -32.512  -36.032 0.6000000238
50735  38.929  -32.713  -33.012 0.6999999881
47157  36.189  -35.492  -31.971 0.6000000238
171299  38.039  -33.561  -32.333 0.6999999881
48340  37.139  -34.185  -31.319 0.6000000238
168403  39.530  -31.558  -32.404 0.6999999881
169882  36.221  -34.897  -30.885 0.5000000000
48342  35.702  -35.068  -30.669 0.5000000000
51840  38.922  -31.247  -31.275 0.5000000000
53143  42.334  -31.400  -37.221 0.5000000000
50757  44.645  -32.094  -37.560 0.6999999881
54448  43.196  -29.981  -36.752 0.5000000000
56727  42.432  -27.629  -34.079 0.6000000238
56728  41.299  -28.544  -33.156 0.6000000238
53142  43.394  -31.171  -37.411 0.6000000238
55613  42.991  -28.355  -35.230 0.6000000238
55622  44.977  -29.447  -37.291 0.5000000000
44918  45.682  -36.782  -37.045 0.6000000238
46076  47.482  -36.383  -35.433 0.6000000238
46067  47.013  -35.938  -35.197 0.4000000060
46096  46.351  -36.435  -37.110 0.5000000000
176213  45.002  -36.756  -36.673 0.6000000238
39942  35.901  -40.896  -33.058 0.5000000000
46066  47.297  -36.527  -34.408 0.4000000060
160943  36.736  -39.179  -33.267 0.5000000000
41159  35.322  -39.660  -32.973 0.5000000000
44917  46.666  -36.848  -36.998 0.5000000000
46059  46.240  -36.178  -33.399 0.4000000060
41158  36.103  -39.464  -33.074 0.5000000000
42402  35.244  -38.615  -34.167 0.5000000000
46087  47.190  -36.142  -36.261 0.6000000238
43673  35.923  -38.376  -33.745 0.5000000000
46089  46.363  -35.865  -37.222 0.5000000000
46091  44.279  -36.741  -36.287 0.6000000238
46045  46.698  -36.544  -32.664 0.4000000060
151517  46.617  -36.668  -31.988 0.4000000060
47177  46.520  -35.495  -35.045 0.4000000060
171258  33.291  -40.240  -34.782 0.5000000000
47195  46.939  -35.453  -36.723 0.5000000000
42403  34.585  -39.036  -34.730 0.5000000000
41189  33.682  -39.917  -35.287 0.5000000000
47197  46.400  -35.217  -37.491 0.6000000238
48385  46.211  -34.640  -37.655 0.6000000238
163752  44.382  -35.987  -36.334 0.6000000238
43694  36.353  -38.258  -37.200 0.5000000000
41205  34.294  -39.498  -36.839 0.5000000000
41207  33.444  -40.584  -36.087 0.4000000060
48384  46.951  -34.519  -37.725 0.5000000000
48375  46.987  -34.885  -37.020 0.5000000000
150497  47.061  -33.904  -37.644 0.6000000238
49620  46.807  -33.905  -37.945 0.6000000238
47198  45.114  -35.360  -36.847 0.6000000238
164494  46.686  -32.981  -37.919 0.6000000238
48386  44.536  -34.790  -36.724 0.6000000238
47172  45.821  -35.665  -34.151 0.4000000060
46047  45.020  -36.086  -32.674 0.4000000060
150407  34.740  -39.155  -37.073 0.5000000000
41215  33.632  -40.069  -36.665 0.5000000000
38827  32.576  -41.637  -36.856 0.4000000060
42425  34.968  -39.071  -37.136 0.6000000238
39976  33.012  -41.139  -36.571 0.4000000060
48369  46.433  -34.408  -35.619 0.6000000238
49614  46.723  -32.988  -36.230 0.6000000238
49619  47.055  -33.197  -37.664 0.6000000238
50746  46.933  -32.218  -37.060 0.6000000238
148210  45.792  -36.432  -31.893 0.4000000060
43707  34.073  -38.856  -36.863 0.5000000000
41216  32.694  -40.901  -36.993 0.4000000060
39985  31.850  -41.833  -36.941 0.4000000060
47178  45.706  -35.097  -34.776 0.6000000238
47173  45.116  -35.405  -33.998 0.4000000060
49609  45.669  -33.797  -35.197 0.6000000238
47186  46.842  -34.906  -35.989 0.6000000238
49613  47.122  -33.719  -36.790 0.5000000000
50742  45.686  -32.321  -35.352 0.6000000238
162373  45.095  -33.015  -34.907 0.5000000000
51871  46.732  -31.738  -37.587 0.6000000238
46032  45.705  -36.598  -31.125 0.4000000060
47162  45.358  -35.872  -33.404 0.4000000060
43696  33.492  -38.117  -36.337 0.6000000238
42417  32.720  -39.214  -36.376 0.5000000000
41209  31.451  -40.395  -36.185 0.5000000000
39977  31.246  -41.224  -36.515 0.5000000000
48365  43.961  -34.871  -33.851 0.4000000060
47163  44.480  -35.503  -33.473 0.4000000060
49605  43.619  -34.173  -34.017 0.5000000000
168371  44.063  -32.971  -34.378 0.5000000000
50743  44.429  -32.398  -34.552 0.5000000000
51867  45.977  -31.572  -35.680 0.6000000238
51866  46.644  -31.373  -36.913 0.6000000238
53136  46.367  -31.121  -37.333 0.6000000238
171739  43.629  -36.066  -32.061 0.4000000060
152138  44.721  -36.294  -31.835 0.4000000060
169137  44.018  -36.387  -31.448 0.4000000060
148753  44.834  -36.510  -30.968 0.4000000060
46073  34.239  -36.001  -35.166 0.6000000238
47154  42.767  -35.750  -32.106 0.4000000060
46048  44.077  -35.844  -32.693 0.4000000060
43697  32.843  -38.347  -35.893 0.6000000238
42418  31.835  -39.467  -35.833 0.5000000000
39958  30.706  -40.671  -35.487 0.4000000060
177171  43.010  -35.128  -33.066 0.4000000060
49610  44.290  -33.614  -34.465 0.5000000000
51862  44.780  -31.716  -34.768 0.5000000000
53127  45.033  -30.971  -34.991 0.6000000238
53132  46.376  -30.857  -36.859 0.6000000238
159974  45.980  -30.293  -37.046 0.6000000238
46019  42.377  -36.242  -31.013 0.4000000060
46074  33.604  -36.330  -34.810 0.6000000238
44915  32.951  -37.453  -35.561 0.6000000238
43689  32.306  -37.820  -35.009 0.5000000000
41192  30.255  -40.281  -34.440 0.5000000000
47165  42.556  -35.209  -32.637 0.4000000060
48366  43.243  -34.709  -33.511 0.4000000060
49606  42.897  -34.014  -33.543 0.5000000000
50738  43.574  -32.497  -34.001 0.5000000000
54439  45.309  -30.062  -35.285 0.5000000000
172808  43.127  -36.506  -30.722 0.4000000060
46075  33.002  -36.585  -34.475 0.6000000238
44907  32.194  -37.249  -34.334 0.5000000000
43690  31.314  -38.479  -33.975 0.5000000000
166414  43.371  -33.311  -33.902 0.5000000000
51863  43.853  -31.798  -34.162 0.4000000060
54440  44.430  -30.383  -34.464 0.4000000060
54438  45.615  -29.227  -35.957 0.6000000238
55619  45.243  -28.871  -36.890 0.4000000060
46008  42.522  -36.545  -30.230 0.4000000060
47140  42.303  -35.914  -31.620 0.4000000060
158790  34.159  -36.163  -34.305 0.6000000238
47155  41.947  -35.308  -32.030 0.4000000060
47168  35.026  -36.115  -33.034 0.5000000000
175485  32.913  -36.567  -33.972 0.5000000000
43674  31.755  -37.826  -34.118 0.5000000000
42384  30.770  -38.966  -33.626 0.4000000060
44889  32.491  -36.762  -34.006 0.4000000060
50739  42.917  -32.611  -33.468 0.5000000000
51858  43.162  -31.866  -33.556 0.5000000000
53121  42.912  -31.123  -32.953 0.6000000238
54434  44.700  -29.638  -34.594 0.4000000060
158874  45.254  -29.162  -35.145 0.4000000060
56733  45.337  -27.711  -35.873 0.4000000060
54435  44.085  -29.755  -33.837 0.5000000000
46049  34.358  -36.307  -32.459 0.5000000000
155735  32.846  -36.588  -33.432 0.6000000238
46050  33.492  -36.470  -32.810 0.4000000060
56734  45.293  -27.484  -35.102 0.5000000000
56741  45.160  -27.793  -36.163 0.5000000000
54429  43.545  -29.639  -32.994 0.5000000000
53120  43.441  -30.418  -33.323 0.5000000000
55606  44.112  -28.773  -33.391 0.5000000000
174543  44.847  -28.621  -34.407 0.5000000000
47141  41.622  -35.742  -31.236 0.4000000060
57807  42.412  -26.534  -33.517 0.5000000000
57812  45.003  -26.680  -35.216 0.4000000060
153641  45.149  -27.063  -35.382 0.5000000000
55598  43.543  -28.975  -32.729 0.5000000000
46021  33.925  -36.091  -31.243 0.4000000060
58863  43.540  -25.787  -33.912 0.4000000060
58862  44.278  -25.743  -33.989 0.4000000060
58866  44.044  -26.221  -34.521 0.5000000000
58861  44.675  -26.330  -34.610 0.5000000000
56719  44.795  -26.710  -33.821 0.5000000000
57806  45.000  -26.715  -34.731 0.5000000000
56725  44.531  -27.714  -33.465 0.5000000000
151669  44.390  -27.129  -32.927 0.5000000000
57801  44.563  -26.041  -33.277 0.4000000060
43705  35.744  -38.713  -37.443 0.5000000000
44925  34.345  -38.127  -36.892 0.6000000238
46095  34.370  -37.020  -36.519 0.6000000238
39941  36.466  -40.765  -33.345 0.5000000000
46034  35.059  -36.099  -32.066 0.5000000000
158518  45.533  -29.618  -37.108 0.6000000238
55618  45.488  -28.921  -36.728 0.4000000060
41188  34.019  -39.459  -34.567 0.5000000000
42415  35.162  -38.727  -35.560 0.5000000000
42416  34.772  -39.189  -36.399 0.5000000000
151569  33.175  -40.605  -36.898 0.4000000060
39984  32.461  -41.512  -37.005 0.4000000060
48370  45.314  -34.556  -34.785 0.6000000238
43708  33.472  -39.040  -36.645 0.6000000238
177417  32.151  -40.378  -36.712 0.4000000060
47153  43.231  -35.571  -32.673 0.4000000060
44914  33.628  -37.228  -36.038 0.6000000238
39978  30.471  -41.463  -35.886 0.5000000000
38830  30.250  -42.261  -36.356 0.5000000000
44906  32.643  -37.013  -34.795 0.5000000000
41191  30.965  -39.890  -35.084 0.5000000000
42405  31.760  -38.534  -34.833 0.5000000000
53128  44.142  -31.111  -34.337 0.5000000000
41172  30.553  -39.625  -34.032 0.5000000000
165782  42.649  -33.282  -33.293 0.5000000000
46061  33.435  -36.416  -33.897 0.6000000238
55612  45.409  -28.365  -35.524 0.3000000119
58853  44.318  -25.366  -33.496 0.4000000060
20679  31.757  -55.224  -29.814 0.3000000119
21878  31.465  -55.221  -30.633 0.3000000119
21877  32.167  -55.048  -30.407 0.3000000119
21926  33.352  -55.118  -32.797 0.3000000119
21911  31.853  -55.168  -32.030 0.3000000119
21910  32.728  -55.032  -31.801 0.3000000119
21939  32.736  -54.943  -33.483 0.3000000119
21938  33.476  -55.133  -33.697 0.3000000119
19551  35.397  -57.315  -33.322 0.3000000119
21925  34.263  -55.701  -32.738 0.3000000119
20753  34.701  -56.651  -34.249 0.3000000119
20768  34.307  -55.940  -34.540 0.3000000119
19584  36.005  -57.649  -34.190 0.3000000119
19570  35.241  -57.310  -34.040 0.3000000119
157389  35.113  -57.275  -34.666 0.4000000060
19586  35.235  -57.301  -35.334 0.4000000060
19599  35.428  -57.070  -36.292 0.4000000060
20810  35.448  -56.684  -37.139 0.3000000119
20780  36.917  -56.128  -36.074 0.3000000119
171881  35.875  -57.362  -35.836 0.4000000060
20797  36.338  -56.884  -36.393 0.4000000060
21961  37.294  -55.261  -35.719 0.3000000119
20808  36.211  -56.771  -37.681 0.4000000060
24225  37.023  -53.922  -35.942 0.4000000060
20809  35.852  -56.857  -37.536 0.4000000060
21999  36.514  -55.829  -38.474 0.3000000119
23109  37.618  -54.676  -36.220 0.4000000060
21976  37.427  -55.512  -36.628 0.3000000119
20796  36.925  -56.344  -36.948 0.4000000060
24237  37.075  -53.438  -36.627 0.4000000060
21984  37.955  -55.076  -37.800 0.5000000000
170451  36.750  -56.516  -37.556 0.4000000060
34101  39.194  -45.107  -37.913 0.5000000000
25326  36.456  -52.724  -36.464 0.4000000060
20807  36.735  -56.283  -38.010 0.4000000060
30564  37.868  -47.828  -38.754 0.3000000119
31742  38.877  -46.906  -38.649 0.4000000060
25353  37.228  -52.730  -39.894 0.3000000119
38799  36.233  -41.502  -33.403 0.4000000060
39980  41.636  -40.360  -36.720 0.4000000060
39990  41.290  -41.131  -37.025 0.4000000060
38843  40.390  -42.136  -36.957 0.4000000060
24236  37.789  -54.196  -36.784 0.4000000060
23117  38.028  -54.914  -37.130 0.3000000119
37705  40.732  -42.524  -37.570 0.4000000060
35298  39.848  -44.007  -37.838 0.4000000060
25333  37.134  -52.921  -37.021 0.4000000060
31743  38.161  -47.125  -38.453 0.4000000060
21997  37.774  -55.027  -38.440 0.4000000060
32897  39.824  -45.887  -38.453 0.5000000000
23130  37.355  -54.725  -38.965 0.5000000000
31749  39.434  -47.507  -38.978 0.4000000060
29504  37.193  -49.345  -39.230 0.4000000060
24264  37.799  -53.310  -39.826 0.3000000119
29503  38.086  -49.137  -39.471 0.4000000060
39931  35.263  -40.583  -32.804 0.4000000060
153724  41.658  -39.587  -36.263 0.4000000060
25332  37.689  -52.573  -37.518 0.4000000060
160869  38.268  -54.257  -37.351 0.4000000060
38850  41.316  -42.222  -37.933 0.4000000060
154978  40.558  -43.953  -38.311 0.5000000000
25331  38.646  -53.277  -37.932 0.4000000060
24242  38.635  -53.981  -37.822 0.4000000060
26360  37.860  -51.749  -37.726 0.4000000060
27403  38.630  -51.687  -38.097 0.4000000060
25337  39.056  -52.959  -38.377 0.5000000000
25336  39.293  -52.622  -38.887 0.5000000000
37712  41.638  -42.716  -38.491 0.4000000060
35303  40.768  -44.623  -38.557 0.5000000000
28451  38.738  -50.196  -37.294 0.4000000060
25347  39.310  -52.276  -39.500 0.5000000000
32904  39.631  -46.730  -38.730 0.4000000060
26376  38.856  -51.765  -39.897 0.4000000060
28468  38.504  -50.480  -39.909 0.4000000060
29502  39.082  -49.109  -39.595 0.4000000060
30570  39.396  -48.357  -39.302 0.4000000060
39996  42.283  -41.319  -37.927 0.4000000060
41228  43.248  -40.428  -37.851 0.3000000119
27402  39.388  -51.416  -38.440 0.4000000060
36531  41.722  -43.431  -38.782 0.4000000060
38839  30.826  -42.798  -36.789 0.4000000060
29483  39.729  -49.114  -36.626 0.4000000060
27396  38.460  -50.938  -37.731 0.4000000060
26364  39.476  -51.943  -38.964 0.5000000000
26375  39.457  -51.733  -39.523 0.5000000000
35307  41.984  -44.143  -38.855 0.5000000000
34105  40.987  -45.319  -38.630 0.4000000060
29491  40.284  -49.359  -37.104 0.4000000060
28467  39.479  -50.589  -39.713 0.4000000060
32903  40.554  -46.635  -38.674 0.4000000060
164469  40.171  -48.686  -39.190 0.4000000060
31748  40.229  -47.487  -38.867 0.4000000060
42433  43.947  -39.433  -37.495 0.4000000060
38848  42.608  -41.745  -38.429 0.3000000119
27395  39.509  -50.640  -37.950 0.4000000060
163225  39.938  -50.879  -38.489 0.4000000060
38853  42.942  -42.172  -38.758 0.3000000119
155221  40.408  -49.711  -37.656 0.4000000060
28449  40.650  -49.424  -37.785 0.4000000060
27401  40.251  -50.589  -38.710 0.4000000060
28461  40.390  -49.948  -39.000 0.5000000000
29481  40.903  -48.639  -36.722 0.4000000060
30558  41.248  -48.411  -36.770 0.4000000060
30563  41.171  -48.249  -38.091 0.4000000060
30568  40.662  -48.406  -38.764 0.4000000060
34104  41.721  -45.511  -38.595 0.4000000060
43701  44.365  -38.174  -36.897 0.4000000060
29495  40.868  -48.962  -38.085 0.4000000060
21990  31.484  -55.677  -37.265 0.3000000119
19568  36.224  -57.579  -33.536 0.3000000119
153200  36.977  -55.993  -35.132 0.3000000119
23100  37.309  -54.529  -35.415 0.4000000060
26358  36.437  -51.937  -36.584 0.4000000060
26361  37.064  -51.756  -37.213 0.4000000060
27390  37.120  -50.507  -36.798 0.4000000060
28444  38.908  -49.557  -36.716 0.4000000060
39994  43.570  -40.900  -38.222 0.3000000119
29482  40.508  -48.857  -36.702 0.4000000060
42437  44.498  -39.440  -37.653 0.4000000060
39997  43.810  -41.484  -38.453 0.4000000060
37715  43.311  -42.552  -38.785 0.4000000060
31730  42.102  -47.617  -36.149 0.4000000060
30557  41.722  -48.024  -37.030 0.4000000060
157583  42.053  -47.687  -37.362 0.4000000060
31740  42.153  -47.074  -37.891 0.4000000060
34103  42.426  -44.951  -38.622 0.3000000119
177833  42.669  -44.210  -38.759 0.4000000060
31735  42.935  -47.090  -36.681 0.4000000060
173406  39.262  -45.578  -38.181 0.4000000060
43712  44.897  -38.360  -37.308 0.4000000060
21895  31.315  -55.352  -31.496 0.3000000119
177421  32.604  -55.015  -30.933 0.3000000119
21927  32.351  -54.980  -32.710 0.3000000119
20799  30.837  -56.067  -36.837 0.3000000119
21979  32.010  -55.287  -36.634 0.3000000119
174271  34.000  -55.545  -33.311 0.3000000119
19569  35.794  -57.608  -33.820 0.3000000119
153707  34.666  -56.487  -33.461 0.4000000060
20767  34.741  -56.614  -34.944 0.4000000060
19597  35.906  -57.516  -35.076 0.3000000119
20781  36.415  -56.879  -35.509 0.3000000119
19598  35.627  -57.403  -35.610 0.4000000060
157878  36.278  -56.866  -37.152 0.4000000060
162829  37.356  -55.082  -34.730 0.3000000119
25318  35.924  -52.775  -35.759 0.4000000060
153060  38.818  -53.500  -38.253 0.4000000060
24254  38.444  -53.801  -39.276 0.5000000000
27414  38.254  -51.136  -40.053 0.3000000119
24246  38.672  -53.914  -38.444 0.5000000000
28452  37.815  -50.359  -37.128 0.4000000060
28462  39.762  -49.909  -39.618 0.4000000060
32901  41.937  -46.293  -38.313 0.4000000060
42429  46.835  -39.011  -37.011 0.4000000060
171982  46.591  -38.200  -37.064 0.4000000060
42419  47.877  -38.857  -35.976 0.4000000060
168984  47.999  -37.602  -35.506 0.3000000119
44916  47.157  -37.149  -36.639 0.5000000000
43710  46.216  -37.733  -37.064 0.4000000060
44927  45.968  -37.227  -37.097 0.4000000060
37666  41.257  -42.676  -34.495 0.3000000119
176274  41.754  -42.488  -34.740 0.3000000119
159280  44.508  -38.750  -33.851 0.3000000119
42374  46.422  -38.477  -33.755 0.3000000119
153168  47.177  -37.835  -32.755 0.3000000119
46057  47.080  -36.644  -33.284 0.3000000119
39951  42.723  -41.018  -34.535 0.3000000119
41184  43.011  -40.337  -34.326 0.3000000119
42398  44.101  -39.369  -34.283 0.3000000119
37657  40.560  -42.733  -33.921 0.3000000119
38797  41.007  -41.944  -33.883 0.3000000119
151777  46.779  -38.119  -32.891 0.3000000119
44870  46.892  -37.168  -31.595 0.3000000119
39936  42.363  -40.590  -34.052 0.3000000119
169166  44.191  -38.451  -33.348 0.3000000119
43667  45.855  -38.207  -33.173 0.3000000119
42378  42.284  -39.471  -33.290 0.3000000119
41164  42.645  -39.911  -33.811 0.3000000119
43658  44.472  -38.200  -32.715 0.3000000119
42366  42.646  -38.825  -32.906 0.3000000119
151924  43.910  -38.158  -32.180 0.3000000119
39938  41.176  -41.153  -33.539 0.3000000119
43657  46.390  -38.063  -32.411 0.3000000119
44865  46.691  -37.448  -30.863 0.3000000119
46017  45.596  -36.735  -30.556 0.3000000119
150609  45.491  -38.135  -32.521 0.3000000119
44858  46.419  -37.521  -30.200 0.3000000119
147969  43.007  -38.322  -32.365 0.3000000119
43649  45.080  -38.179  -31.736 0.3000000119
43636  46.131  -38.121  -30.665 0.3000000119
46007  43.746  -36.776  -30.077 0.3000000119
169596  46.275  -37.033  -30.618 0.3000000119
46006  44.918  -36.746  -30.219 0.3000000119
46020  41.801  -36.193  -30.655 0.3000000119
147731  42.100  -36.678  -29.489 0.3000000119
155853  41.371  -36.390  -29.428 0.3000000119
46010  40.819  -35.965  -29.804 0.3000000119
44896  48.079  -37.567  -34.965 0.3000000119
43699  47.655  -38.206  -36.253 0.4000000060
44877  47.271  -37.329  -32.876 0.3000000119
41219  47.342  -39.666  -36.593 0.5000000000
39952  42.088  -41.247  -34.274 0.3000000119
43668  44.920  -38.290  -33.297 0.3000000119
42375  45.367  -38.571  -33.888 0.3000000119
42373  47.182  -38.157  -33.543 0.3000000119
43666  47.564  -37.811  -33.467 0.3000000119
41163  43.339  -39.645  -34.055 0.3000000119
39937  41.762  -40.840  -33.787 0.3000000119
43656  46.872  -37.861  -32.114 0.3000000119
42365  43.521  -38.497  -33.004 0.3000000119
149889  44.230  -38.170  -31.464 0.3000000119
43637  44.971  -38.342  -30.862 0.3000000119
148724  46.710  -37.812  -30.910 0.3000000119
43659  42.326  -38.530  -32.390 0.3000000119
43635  46.515  -37.773  -30.333 0.3000000119
36530  43.527  -43.155  -38.680 0.3000000119
36526  43.729  -43.853  -38.221 0.4000000060
36521  44.329  -43.667  -37.027 0.4000000060
36524  44.765  -43.134  -37.212 0.4000000060
38846  44.397  -41.640  -38.290 0.3000000119
36512  44.910  -43.120  -36.780 0.4000000060
36513  44.470  -43.557  -36.736 0.3000000119
37710  44.467  -42.475  -38.175 0.4000000060
37708  45.717  -42.144  -37.281 0.4000000060
37678  45.853  -42.287  -36.188 0.3000000119
39991  45.507  -40.729  -37.744 0.3000000119
177678  45.478  -41.497  -37.736 0.4000000060
38833  46.499  -41.286  -36.403 0.4000000060
164373  46.226  -39.404  -37.395 0.3000000119
39987  46.144  -40.668  -37.142 0.4000000060
41211  47.394  -39.993  -36.066 0.4000000060
172955  44.888  -40.490  -38.025 0.3000000119
42431  45.356  -38.868  -37.505 0.3000000119
42432  44.935  -38.835  -37.527 0.3000000119
41226  44.620  -40.004  -37.905 0.3000000119
173716  46.398  -41.226  -36.847 0.4000000060
151137  44.604  -43.085  -37.785 0.4000000060
166440  37.241  -54.416  -34.738 0.3000000119
32896  42.835  -46.439  -37.793 0.3000000119
23077  37.667  -54.448  -33.392 0.3000000119
158049  36.922  -53.990  -34.317 0.3000000119
24226  36.119  -53.361  -35.312 0.3000000119
35301  43.693  -44.466  -37.717 0.3000000119
31734  43.216  -46.655  -37.018 0.3000000119
24185  36.528  -53.545  -33.104 0.3000000119
24212  36.189  -53.537  -34.524 0.3000000119
24198  36.349  -53.589  -33.799 0.3000000119
26352  36.022  -52.207  -36.069 0.3000000119
34096  43.356  -44.920  -37.175 0.3000000119
25282  35.302  -52.540  -32.221 0.3000000119
24186  35.899  -53.323  -33.298 0.3000000119
25291  35.936  -53.188  -32.649 0.3000000119
24213  35.698  -53.107  -34.645 0.3000000119
24199  35.638  -53.127  -33.914 0.3000000119
26353  35.653  -52.014  -35.456 0.3000000119
25293  35.016  -52.292  -32.893 0.3000000119
25300  35.197  -52.464  -33.619 0.3000000119
173618  35.496  -51.606  -35.030 0.3000000119
25308  35.387  -52.605  -34.350 0.3000000119
28446  36.634  -50.324  -36.225 0.3000000119
152778  38.179  -49.847  -36.738 0.3000000119
30553  40.158  -48.463  -36.269 0.3000000119
177306  34.892  -52.138  -32.428 0.3000000119
27386  36.197  -50.846  -35.954 0.3000000119
27387  35.729  -51.093  -35.344 0.3000000119
177561  37.504  -49.440  -35.903 0.3000000119
34087  43.211  -45.756  -36.705 0.3000000119
27366  34.996  -51.243  -33.786 0.3000000119
27367  34.757  -51.201  -33.076 0.3000000119
147712  35.297  -50.646  -34.059 0.3000000119
27378  35.334  -51.258  -34.554 0.3000000119
28441  36.940  -49.643  -35.645 0.3000000119
29475  39.225  -48.514  -36.049 0.3000000119
30539  41.632  -47.898  -36.100 0.3000000119
32886  43.223  -46.173  -36.574 0.3000000119
35290  43.833  -44.076  -36.760 0.3000000119
34098  43.013  -45.526  -38.019 0.3000000119
28438  36.096  -49.415  -34.279 0.3000000119
149632  36.207  -50.279  -35.490 0.3000000119
29476  38.382  -48.690  -35.738 0.3000000119
30540  41.322  -48.022  -36.042 0.3000000119
156638  36.803  -54.014  -35.044 0.3000000119
24197  37.134  -53.960  -33.628 0.3000000119
23089  37.416  -54.506  -34.102 0.3000000119
19585  35.585  -57.493  -34.689 0.3000000119
19613  35.787  -57.156  -36.545 0.4000000060
19622  35.890  -57.001  -37.256 0.4000000060
19623  35.746  -56.985  -36.960 0.4000000060
20662  31.437  -55.547  -29.131 0.3000000119
20754  34.165  -55.755  -33.941 0.3000000119
20820  36.017  -56.349  -38.136 0.3000000119
21894  32.011  -55.112  -31.206 0.3000000119
21985  37.395  -55.793  -37.496 0.4000000060
21989  32.168  -55.447  -37.682 0.3000000119
21998  37.296  -55.633  -38.186 0.4000000060
22007  36.978  -55.262  -38.721 0.5000000000
23116  38.306  -54.505  -37.632 0.4000000060
23122  38.317  -54.465  -38.079 0.4000000060
23129  38.064  -54.382  -38.793 0.5000000000
24243  37.987  -53.570  -37.309 0.4000000060
24263  38.579  -53.117  -39.690 0.5000000000
25292  35.454  -52.846  -33.099 0.3000000119
25319  35.603  -52.724  -35.050 0.3000000119
25338  38.635  -52.484  -38.087 0.4000000060
25348  38.906  -53.244  -38.866 0.5000000000
25351  38.670  -52.419  -39.892 0.4000000060
25352  37.909  -52.592  -40.047 0.3000000119
26330  34.795  -51.767  -32.666 0.3000000119
26337  35.115  -51.930  -34.090 0.3000000119
26338  34.911  -51.832  -33.363 0.3000000119
26343  35.362  -52.048  -34.766 0.3000000119
26365  39.166  -52.263  -38.493 0.5000000000
26377  38.022  -51.842  -40.119 0.3000000119
27391  36.602  -51.085  -36.664 0.4000000060
27394  40.132  -50.314  -38.144 0.4000000060
27397  37.478  -51.046  -37.355 0.4000000060
27409  40.011  -50.519  -39.197 0.5000000000
27410  39.765  -51.189  -39.097 0.5000000000
27413  39.180  -51.204  -39.776 0.4000000060
28445  37.423  -49.892  -36.388 0.3000000119
28450  39.729  -49.857  -37.362 0.4000000060
28456  40.427  -49.978  -38.271 0.4000000060
28460  40.607  -49.593  -38.353 0.4000000060
28463  38.773  -49.808  -39.778 0.4000000060
29478  36.960  -49.137  -35.090 0.3000000119
29484  38.116  -49.325  -36.156 0.3000000119
29488  41.219  -48.521  -37.405 0.4000000060
29489  40.861  -48.854  -37.279 0.4000000060
29490  40.611  -49.126  -37.202 0.4000000060
29500  40.494  -49.180  -38.881 0.4000000060
29501  39.982  -49.221  -39.422 0.4000000060
30549  42.350  -47.615  -36.636 0.4000000060
30550  41.678  -47.959  -36.401 0.4000000060
30551  41.267  -48.199  -36.323 0.4000000060
30552  40.795  -48.351  -36.298 0.4000000060
30562  41.529  -48.085  -37.552 0.4000000060
30566  36.527  -48.300  -38.142 0.3000000119
30569  39.989  -48.071  -39.096 0.4000000060
30571  38.414  -48.419  -39.211 0.4000000060
30572  37.552  -48.558  -39.013 0.3000000119
31719  42.364  -47.168  -35.944 0.3000000119
31720  41.784  -47.703  -35.929 0.3000000119
31728  43.171  -46.676  -36.570 0.4000000060
31729  42.713  -47.164  -36.319 0.4000000060
31739  42.715  -47.182  -37.215 0.3000000119
31741  41.587  -47.641  -37.985 0.4000000060
31745  36.839  -47.625  -37.903 0.4000000060
31746  41.431  -46.906  -38.346 0.4000000060
31747  41.033  -47.611  -38.524 0.4000000060
31750  38.664  -47.657  -38.948 0.4000000060
32888  37.197  -46.094  -36.641 0.5000000000
32891  43.294  -46.180  -36.795 0.3000000119
32895  43.199  -45.969  -37.297 0.3000000119
32898  39.087  -46.172  -38.357 0.4000000060
32900  37.781  -46.697  -37.928 0.5000000000
32902  41.172  -46.076  -38.560 0.4000000060
34086  43.265  -44.961  -36.745 0.3000000119
34088  43.257  -45.507  -36.640 0.3000000119
34089  38.006  -45.112  -36.759 0.5000000000
34092  43.242  -45.672  -37.174 0.3000000119
34093  38.790  -45.095  -37.576 0.6000000238
34094  38.320  -45.406  -37.355 0.6000000238
34097  43.333  -45.231  -37.558 0.3000000119
34099  42.402  -45.759  -38.340 0.3000000119
34100  40.301  -45.213  -38.449 0.5000000000
34102  38.722  -45.674  -37.901 0.5000000000
34106  40.538  -45.830  -38.540 0.4000000060
35282  37.279  -44.439  -35.533 0.5000000000
35291  43.517  -44.659  -36.736 0.3000000119
35293  38.794  -44.131  -36.865 0.5000000000
35295  37.640  -44.773  -36.150 0.5000000000
35297  43.702  -44.275  -37.108 0.3000000119
35302  43.255  -44.601  -38.270 0.4000000060
35304  40.108  -44.587  -38.253 0.5000000000
35305  39.584  -44.663  -37.982 0.5000000000
35306  43.118  -43.740  -38.741 0.3000000119
35308  41.511  -44.753  -38.761 0.4000000060
36504  38.038  -43.417  -35.612 0.4000000060
36523  39.360  -43.762  -37.213 0.6000000238
36525  44.230  -43.718  -37.628 0.4000000060
36527  41.080  -43.340  -38.438 0.4000000060
36528  40.442  -43.250  -37.891 0.4000000060
36529  44.095  -43.174  -38.221 0.4000000060
36532  41.238  -44.015  -38.712 0.4000000060
37684  38.223  -42.708  -35.381 0.4000000060
37693  45.954  -42.363  -36.640 0.4000000060
37694  45.458  -42.703  -36.528 0.3000000119
37695  44.924  -43.020  -36.491 0.3000000119
37698  39.204  -42.748  -36.276 0.4000000060
37704  45.407  -42.722  -36.962 0.4000000060
37706  40.135  -42.816  -37.234 0.6000000238
37709  45.095  -42.638  -37.568 0.4000000060
37711  42.318  -42.377  -38.736 0.3000000119
37713  41.028  -42.802  -38.102 0.4000000060
37714  43.820  -42.569  -38.573 0.3000000119
37716  42.808  -42.912  -38.896 0.4000000060
37717  42.147  -42.969  -38.864 0.4000000060
38796  41.749  -41.970  -34.469 0.3000000119
38826  38.411  -41.988  -35.190 0.4000000060
38829  31.055  -42.049  -36.775 0.5000000000
38834  46.185  -41.824  -36.250 0.3000000119
38835  40.641  -41.438  -36.681 0.5000000000
38836  40.012  -41.737  -36.361 0.4000000060
38838  32.049  -42.041  -36.880 0.4000000060
38840  46.236  -41.816  -36.781 0.4000000060
38842  41.002  -41.837  -37.306 0.4000000060
38844  45.883  -41.368  -37.190 0.4000000060
38845  45.048  -41.950  -37.896 0.4000000060
38847  43.221  -41.557  -38.512 0.3000000119
38849  41.950  -41.972  -38.251 0.4000000060
38851  43.994  -42.033  -38.506 0.3000000119
38852  43.500  -42.041  -38.660 0.4000000060
39930  35.955  -40.205  -32.990 0.5000000000
39953  38.860  -40.588  -34.800 0.5000000000
39954  38.222  -40.857  -34.490 0.4000000060
39973  39.242  -40.974  -35.317 0.4000000060
39975  33.305  -40.669  -36.766 0.4000000060
39979  46.859  -40.640  -36.196 0.4000000060
39982  40.226  -41.029  -36.138 0.4000000060
39983  32.880  -41.108  -36.898 0.4000000060
39986  46.757  -40.705  -36.787 0.4000000060
39989  41.954  -40.896  -37.351 0.5000000000
39992  44.942  -41.170  -38.063 0.3000000119
39993  44.283  -40.799  -38.178 0.4000000060
39995  42.927  -41.081  -38.164 0.3000000119
41165  42.000  -40.166  -33.565 0.3000000119
41166  41.395  -40.456  -33.296 0.3000000119
41167  37.987  -39.582  -33.811 0.6000000238
41168  37.292  -39.774  -33.536 0.6000000238
41169  36.613  -39.979  -33.252 0.5000000000
41185  39.675  -39.535  -34.852 0.5000000000
41190  33.118  -40.419  -33.818 0.5000000000
41203  40.055  -39.980  -35.393 0.4000000060
41206  33.745  -40.095  -36.487 0.5000000000
41208  32.721  -40.114  -36.825 0.4000000060
41213  41.062  -40.003  -36.149 0.5000000000
41217  31.968  -41.002  -36.871 0.4000000060
41218  47.648  -39.396  -36.174 0.4000000060
41220  46.744  -39.996  -37.092 0.4000000060
41221  43.489  -39.881  -37.550 0.4000000060
41222  42.866  -39.979  -37.274 0.5000000000
41224  45.936  -40.009  -37.534 0.3000000119
41225  45.224  -39.963  -37.805 0.3000000119
41227  43.954  -40.106  -37.915 0.4000000060
42376  43.741  -38.957  -33.704 0.3000000119
42377  42.984  -39.192  -33.510 0.3000000119
42381  36.247  -38.831  -33.262 0.6000000238
42382  35.625  -38.950  -33.303 0.5000000000
42383  34.976  -39.058  -33.614 0.5000000000
42393  48.106  -38.195  -35.118 0.3000000119
42401  38.645  -39.397  -34.123 0.6000000238
42404  34.193  -39.576  -35.895 0.5000000000
42406  31.178  -39.136  -34.551 0.5000000000
42413  40.860  -38.823  -35.248 0.5000000000
42420  43.826  -38.875  -37.067 0.5000000000
42423  41.174  -39.408  -35.819 0.6000000238
42424  35.357  -39.046  -36.860 0.5000000000
42426  34.205  -39.510  -36.845 0.5000000000
42427  33.411  -39.906  -36.843 0.6000000238
42428  47.502  -38.930  -36.465 0.5000000000
42430  46.013  -38.651  -37.338 0.4000000060
42435  45.603  -39.358  -37.592 0.3000000119
42436  45.002  -39.376  -37.693 0.3000000119
43646  47.049  -37.483  -32.112 0.3000000119
43647  46.948  -37.677  -31.433 0.3000000119
43648  46.431  -38.026  -31.596 0.3000000119
43672  36.270  -37.926  -34.320 0.5000000000
43682  47.676  -38.267  -34.114 0.3000000119
43683  41.130  -37.860  -34.842 0.5000000000
43684  40.384  -38.089  -34.568 0.6000000238
43685  39.645  -38.282  -34.270 0.6000000238
43687  36.187  -37.900  -35.637 0.6000000238
43691  47.968  -38.176  -35.720 0.4000000060
43695  35.730  -38.569  -36.453 0.5000000000
43698  32.272  -38.647  -35.563 0.5000000000
43700  47.297  -37.656  -36.522 0.5000000000
43702  43.540  -38.363  -36.550 0.5000000000
43703  42.848  -38.645  -36.360 0.6999999881
43704  36.323  -38.253  -37.812 0.6000000238
43706  35.360  -38.797  -37.408 0.6999999881
43709  47.149  -38.250  -36.725 0.4000000060
43711  45.495  -38.195  -37.268 0.3000000119
43713  36.484  -38.039  -37.907 0.6999999881
44886  37.844  -37.540  -33.852 0.6000000238
44897  47.838  -37.043  -34.751 0.4000000060
44901  38.906  -36.909  -34.022 0.6000000238
44905  33.185  -36.724  -35.260 0.6000000238
44908  47.812  -36.902  -35.688 0.3000000119
44910  42.545  -37.350  -35.439 0.6999999881
44919  44.734  -37.326  -36.681 0.6000000238
44923  35.999  -37.595  -37.786 0.6999999881
44926  46.833  -37.576  -36.883 0.5000000000
44928  45.245  -37.729  -37.034 0.4000000060
46009  41.591  -36.311  -30.057 0.3000000119
46018  43.955  -36.542  -30.806 0.4000000060
46031  46.503  -36.828  -31.253 0.4000000060
46033  43.137  -36.265  -31.427 0.4000000060
46036  33.759  -36.340  -31.888 0.4000000060
46044  47.031  -36.926  -32.322 0.3000000119
46046  45.948  -36.293  -32.670 0.4000000060
46058  46.640  -36.097  -34.230 0.4000000060
46060  34.206  -36.291  -33.387 0.5000000000
46068  40.878  -36.509  -34.441 0.6000000238
46071  38.644  -36.223  -34.770 0.6999999881
46077  47.164  -35.841  -36.038 0.6000000238
46078  43.538  -36.228  -35.837 0.6999999881
46084  35.266  -35.940  -36.367 0.6999999881
46085  34.545  -36.201  -36.033 0.6999999881
46086  33.865  -36.496  -35.650 0.6000000238
46088  46.821  -35.956  -36.964 0.5000000000
46090  45.373  -36.101  -36.837 0.6000000238
46097  36.670  -37.428  -37.719 0.6999999881
47128  41.174  -35.905  -30.552 0.3000000119
47142  40.929  -35.329  -30.909 0.4000000060
47144  35.320  -35.546  -31.041 0.5000000000
47158  35.578  -35.774  -31.641 0.6000000238
47164  43.612  -35.303  -33.255 0.4000000060
47175  35.264  -35.750  -33.904 0.6999999881
47182  39.276  -35.316  -35.780 0.6999999881
47185  46.986  -35.399  -36.116 0.6000000238
47191  39.993  -34.934  -35.457 0.6999999881
47192  38.677  -35.539  -36.540 0.6000000238
47196  46.807  -35.176  -37.331 0.5000000000
47201  38.299  -35.432  -36.900 0.6000000238
47204  36.077  -35.859  -36.655 0.6999999881
48341  36.618  -34.404  -30.831 0.5000000000
48358  37.222  -34.633  -33.000 0.6999999881
48359  36.775  -35.132  -32.451 0.6999999881
48364  44.733  -35.003  -34.223 0.6000000238
48371  44.504  -34.361  -34.415 0.5000000000
48372  36.988  -34.403  -35.096 0.6999999881
48374  35.967  -35.009  -35.506 0.6999999881
48376  47.101  -34.341  -37.064 0.5000000000
48377  43.393  -34.801  -36.146 0.6999999881
48380  40.755  -34.200  -36.091 0.6999999881
48382  37.107  -34.500  -36.173 0.6999999881
48388  39.604  -34.264  -37.011 0.6000000238
49618  37.713  -34.346  -36.511 0.6999999881
49623  40.294  -33.815  -36.860 0.6999999881
49625  39.158  -34.118  -37.034 0.6000000238
50705  37.723  -32.430  -30.317 0.4000000060
50706  37.182  -32.718  -30.003 0.5000000000
50719  38.038  -32.583  -31.000 0.4000000060
50726  39.036  -32.302  -32.408 0.6999999881
50733  42.479  -32.682  -32.960 0.5000000000
50734  42.147  -33.168  -32.730 0.5000000000
50741  38.531  -33.164  -33.427 0.6999999881
50744  38.722  -32.890  -35.272 0.6000000238
50745  38.478  -33.133  -34.434 0.6999999881
50749  38.428  -33.299  -36.174 0.6000000238
50750  46.939  -32.470  -37.832 0.6000000238
50752  43.536  -33.341  -36.859 0.6999999881
50753  42.589  -33.266  -36.683 0.6000000238
50755  39.399  -33.374  -36.944 0.5000000000
50759  40.655  -32.823  -36.997 0.6000000238
51859  42.631  -32.018  -32.946 0.5000000000
51860  40.005  -31.868  -33.732 0.6000000238
51869  39.997  -32.408  -36.437 0.6000000238
51875  40.535  -32.335  -36.839 0.5000000000
51876  46.005  -31.305  -37.760 0.6000000238
51878  43.665  -31.822  -37.453 0.6000000238
51879  41.934  -31.979  -37.133 0.5000000000
51880  41.228  -32.302  -37.103 0.6000000238
53105  39.062  -30.582  -31.105 0.5000000000
53116  39.814  -30.500  -32.084 0.6000000238
53117  39.359  -30.962  -31.761 0.6000000238
53124  43.507  -31.150  -33.699 0.6000000238
53133  46.004  -30.823  -35.957 0.6000000238
53137  42.758  -30.731  -37.011 0.5000000000
53140  45.326  -30.750  -37.610 0.6999999881
53141  44.468  -30.614  -37.525 0.6999999881
54437  41.038  -29.961  -33.529 0.6999999881
54441  41.782  -29.780  -34.585 0.6000000238
54442  41.349  -30.311  -34.247 0.6000000238
54443  45.770  -29.405  -36.701 0.6000000238
54444  45.879  -30.125  -36.383 0.4000000060
54449  42.289  -30.436  -36.303 0.5000000000
54450  45.198  -30.119  -37.448 0.5000000000
54451  43.676  -30.360  -37.241 0.6000000238
55616  45.494  -28.602  -36.292 0.4000000060
55620  44.650  -28.918  -36.952 0.4000000060
56715  40.565  -28.068  -32.053 0.5000000000
56724  44.988  -27.415  -34.268 0.5000000000
56735  44.546  -27.032  -35.519 0.6000000238
56736  43.440  -27.239  -34.901 0.6000000238
56745  45.308  -28.332  -36.435 0.4000000060
56746  44.994  -28.286  -36.578 0.4000000060
57795  44.143  -26.503  -32.371 0.4000000060
57811  45.089  -27.223  -35.721 0.5000000000
58852  44.577  -26.076  -34.025 0.5000000000
148422  47.263  -36.638  -36.481 0.5000000000
150741  42.230  -39.083  -36.289 0.4000000060
153496  44.435  -38.867  -37.360 0.4000000060
153503  39.690  -45.157  -38.222 0.4000000060
155216  38.230  -33.257  -35.364 0.6000000238
155546  45.159  -34.162  -37.288 0.6000000238
156421  39.996  -32.129  -35.582 0.6000000238
156737  45.759  -33.525  -37.646 0.6000000238
158191  36.395  -53.255  -36.045 0.4000000060
158243  41.076  -35.314  -34.818 0.6000000238
159452  43.836  -30.570  -33.941 0.5000000000
160149  39.178  -39.294  -34.424 0.6000000238
160342  47.684  -37.387  -36.096 0.4000000060
162469  38.883  -49.025  -36.256 0.3000000119
163094  36.847  -52.378  -37.003 0.4000000060
164264  42.393  -43.549  -38.899 0.5000000000
165491  47.121  -40.211  -36.585 0.4000000060
166506  36.038  -51.515  -36.028 0.3000000119
168108  41.550  -41.427  -33.998 0.3000000119
169087  40.808  -33.379  -36.935 0.6999999881
169548  43.986  -34.323  -36.653 0.6999999881
170299  40.450  -35.185  -34.822 0.6999999881
170861  44.505  -26.554  -35.023 0.5000000000
172477  34.687  -36.043  -33.873 0.6000000238
173290  38.280  -36.707  -34.359 0.6999999881
173461  36.974  -37.168  -37.479 0.6000000238
174240  44.622  -28.169  -33.829 0.5000000000
174361  45.509  -31.675  -37.809 0.6999999881
174478  37.841  -35.975  -36.881 0.6000000238
175600  44.510  -30.012  -37.375 0.5000000000
176393  34.622  -39.274  -36.997 0.5000000000
176418  46.699  -31.293  -37.289 0.6000000238
176764  38.045  -51.314  -37.748 0.4000000060
176848  39.126  -52.802  -39.424 0.5000000000
178177  43.282  -38.941  -36.780 0.5000000000
178549  41.275  -34.924  -35.098 0.6999999881
178640  42.366  -27.172  -33.782 0.5000000000
