#!ascii label  , from subject sub-v2s13x29126_ses-1 vox2ras=TkReg
1506
63787  14.977  -21.586  55.801 0.0000000000
179297  4.353  -23.205  39.519 0.0000000000
62626  5.035  -22.116  58.586 0.0000000000
69461  6.658  -16.556  55.065 0.0000000000
72004  -0.272  -14.797  47.288 0.0000000000
166966  10.839  -22.026  58.843 0.0000000000
68313  10.206  -17.286  59.905 0.0000000000
60069  19.240  -24.277  54.925 0.0000000000
60036  13.340  -24.282  55.424 0.0000000000
172494  7.001  -24.081  55.653 0.0000000000
75529  3.646  -12.150  56.209 0.0000000000
70683  2.934  -15.818  51.457 0.0000000000
76721  2.029  -11.526  52.671 0.0000000000
63843  1.940  -20.835  53.286 0.0000000000
63854  6.330  -21.237  51.449 0.0000000000
162791  7.731  -20.013  57.604 0.0000000000
73160  6.767  -14.219  59.437 0.0000000000
187144  9.006  -19.051  47.160 0.0000000000
68460  7.092  -17.028  42.474 0.0000000000
68504  0.785  -17.513  40.165 0.0000000000
75647  4.058  -12.038  44.215 0.0000000000
62623  14.477  -22.562  57.956 0.0000000000
67216  13.085  -18.428  58.282 0.0000000000
61348  17.745  -23.450  56.453 0.0000000000
157426  16.429  -25.691  54.409 0.0000000000
58691  15.528  -24.414  57.079 0.0000000000
165184  12.329  -23.612  57.262 0.0000000000
76699  0.708  -11.292  56.643 0.0000000000
165212  3.526  -21.616  55.206 0.0000000000
157454  5.103  -21.286  55.184 0.0000000000
163890  6.223  -20.763  57.918 0.0000000000
73162  10.590  -13.734  59.363 0.0000000000
70613  8.258  -15.935  60.374 0.0000000000
60016  5.549  -24.172  57.257 0.0000000000
58713  4.498  -23.844  55.061 0.0000000000
61343  3.865  -22.965  55.559 0.0000000000
62644  1.501  -21.741  55.221 0.0000000000
161184  8.941  -18.709  53.702 0.0000000000
65053  7.830  -20.617  49.841 0.0000000000
68372  8.577  -17.256  51.844 0.0000000000
69550  1.096  -16.809  49.209 0.0000000000
69579  5.433  -16.525  46.730 0.0000000000
69607  3.861  -17.185  45.173 0.0000000000
69671  4.446  -16.765  41.273 0.0000000000
69635  1.431  -15.949  43.436 0.0000000000
184745  7.991  -23.157  59.820 0.0000000000
63761  7.575  -21.018  60.064 0.0000000000
158322  10.985  -19.336  59.733 0.0000000000
70620  12.282  -15.879  58.940 0.0000000000
62679  19.855  -22.923  51.936 0.0000000000
62700  16.798  -22.692  49.384 0.0000000000
60105  16.904  -24.921  51.795 0.0000000000
162722  13.580  -25.395  52.048 0.0000000000
60039  10.163  -23.137  55.565 0.0000000000
179967  8.984  -24.125  58.259 0.0000000000
180936  3.611  -15.084  55.857 0.0000000000
176661  4.845  -15.938  53.112 0.0000000000
73195  2.247  -14.705  54.968 0.0000000000
176329  -0.224  -15.238  53.206 0.0000000000
73217  0.705  -13.819  50.328 0.0000000000
62673  15.589  -21.460  52.985 0.0000000000
65049  21.829  -19.360  49.651 0.0000000000
68358  22.086  -17.535  52.442 0.0000000000
62651  20.352  -21.505  54.979 0.0000000000
63802  18.392  -21.558  55.078 0.0000000000
63876  0.781  -21.101  51.389 0.0000000000
62704  3.058  -22.028  49.805 0.0000000000
63841  3.849  -20.988  52.258 0.0000000000
63803  7.257  -20.787  54.220 0.0000000000
68336  8.143  -17.982  56.735 0.0000000000
66096  7.606  -19.504  59.729 0.0000000000
68329  6.979  -17.265  58.948 0.0000000000
70631  4.743  -16.356  57.613 0.0000000000
168334  4.609  -13.481  57.735 0.0000000000
62736  4.879  -22.013  48.278 0.0000000000
62764  6.295  -21.850  46.239 0.0000000000
63955  7.271  -21.241  42.883 0.0000000000
69544  6.927  -16.437  49.416 0.0000000000
68444  8.525  -17.709  44.874 0.0000000000
63969  7.496  -20.615  40.362 0.0000000000
66342  5.828  -19.619  38.322 0.0000000000
66345  3.049  -19.325  37.962 0.0000000000
77923  3.164  -10.447  50.852 0.0000000000
74459  3.004  -13.164  48.730 0.0000000000
76765  5.280  -11.654  47.493 0.0000000000
74503  1.672  -12.679  45.962 0.0000000000
73330  1.481  -14.514  42.307 0.0000000000
63774  14.686  -21.541  56.971 0.0000000000
66103  14.234  -19.889  57.028 0.0000000000
64987  14.054  -20.117  55.257 0.0000000000
163593  16.380  -22.647  55.524 0.0000000000
61340  17.069  -23.711  56.362 0.0000000000
62634  15.856  -23.062  56.585 0.0000000000
61330  15.313  -23.508  57.340 0.0000000000
60305  2.265  -23.837  38.735 0.0000000000
61553  4.670  -23.158  38.410 0.0000000000
63779  4.490  -21.913  57.038 0.0000000000
63784  4.643  -21.425  56.588 0.0000000000
63773  5.093  -21.026  58.195 0.0000000000
63900  18.340  -21.267  48.634 0.0000000000
61335  5.372  -23.357  58.526 0.0000000000
60018  4.561  -23.478  56.994 0.0000000000
61339  4.458  -22.946  57.377 0.0000000000
62636  4.044  -22.706  56.000 0.0000000000
69469  8.262  -16.973  54.542 0.0000000000
68355  8.927  -17.825  52.839 0.0000000000
69480  7.768  -16.555  53.535 0.0000000000
70749  0.857  -16.313  47.957 0.0000000000
69583  2.271  -17.118  47.095 0.0000000000
69610  1.597  -16.494  45.916 0.0000000000
70788  2.728  -15.847  44.272 0.0000000000
70774  0.867  -15.902  45.445 0.0000000000
61315  9.133  -22.892  59.361 0.0000000000
62611  8.558  -21.868  60.187 0.0000000000
158779  11.264  -21.102  59.612 0.0000000000
68327  12.609  -17.336  58.784 0.0000000000
71895  11.471  -14.764  57.624 0.0000000000
171517  19.585  -23.847  53.427 0.0000000000
185021  18.921  -24.267  51.475 0.0000000000
60087  18.356  -24.908  52.736 0.0000000000
58721  15.131  -25.498  54.966 0.0000000000
58735  15.211  -26.060  53.199 0.0000000000
58736  13.949  -25.243  53.922 0.0000000000
180282  12.056  -23.589  55.684 0.0000000000
61332  11.338  -22.885  58.069 0.0000000000
61338  9.983  -22.985  57.504 0.0000000000
61325  9.322  -22.984  58.810 0.0000000000
59990  8.543  -24.041  59.221 0.0000000000
167051  3.586  -13.630  56.447 0.0000000000
71907  2.901  -14.772  54.940 0.0000000000
74398  2.364  -13.516  56.181 0.0000000000
75547  0.776  -11.559  54.863 0.0000000000
74406  -0.371  -13.522  55.091 0.0000000000
74413  0.039  -13.156  53.519 0.0000000000
73211  -0.242  -14.732  52.055 0.0000000000
74419  0.928  -12.791  52.301 0.0000000000
63834  20.729  -21.092  53.324 0.0000000000
63860  1.248  -21.013  52.136 0.0000000000
63858  2.683  -21.316  51.830 0.0000000000
167621  3.513  -20.703  53.079 0.0000000000
63781  7.052  -20.821  56.093 0.0000000000
63805  5.817  -21.279  54.605 0.0000000000
184069  7.962  -20.222  56.114 0.0000000000
66107  8.578  -18.990  55.680 0.0000000000
67221  8.244  -18.714  56.903 0.0000000000
66089  8.228  -19.370  60.956 0.0000000000
64973  7.539  -20.584  59.876 0.0000000000
67206  7.881  -18.296  60.796 0.0000000000
71885  7.270  -15.197  59.753 0.0000000000
69441  6.996  -16.612  59.774 0.0000000000
70619  6.520  -15.500  59.375 0.0000000000
69444  6.064  -16.323  58.580 0.0000000000
70623  5.156  -15.492  58.458 0.0000000000
71892  4.674  -15.089  58.263 0.0000000000
163069  5.953  -13.736  58.940 0.0000000000
61399  15.543  -23.850  49.543 0.0000000000
62717  15.663  -22.600  48.794 0.0000000000
60060  7.251  -23.830  54.409 0.0000000000
60061  6.540  -24.109  54.011 0.0000000000
58710  6.227  -24.381  54.723 0.0000000000
60063  2.808  -23.607  54.744 0.0000000000
58727  3.438  -24.104  54.044 0.0000000000
63809  1.095  -21.240  54.766 0.0000000000
63828  -0.126  -20.642  53.811 0.0000000000
62689  4.178  -21.752  50.399 0.0000000000
158432  3.686  -22.086  48.715 0.0000000000
62701  5.273  -21.792  49.563 0.0000000000
65068  8.831  -19.858  48.209 0.0000000000
63913  7.408  -20.959  47.918 0.0000000000
63931  7.496  -20.852  46.422 0.0000000000
62791  6.521  -21.706  44.709 0.0000000000
65104  8.109  -20.148  45.362 0.0000000000
70670  4.539  -15.875  52.308 0.0000000000
69498  5.935  -16.379  51.296 0.0000000000
164544  5.186  -16.215  50.304 0.0000000000
176363  6.404  -16.187  44.842 0.0000000000
164008  7.137  -16.299  46.071 0.0000000000
68453  7.938  -17.331  43.740 0.0000000000
66263  8.320  -19.274  42.625 0.0000000000
162687  7.579  -18.555  41.130 0.0000000000
65173  7.093  -20.442  38.981 0.0000000000
67398  6.464  -18.263  39.924 0.0000000000
68486  2.674  -17.493  40.975 0.0000000000
67416  3.864  -18.507  39.338 0.0000000000
67417  2.031  -18.500  39.008 0.0000000000
77929  3.445  -10.144  50.238 0.0000000000
75574  3.731  -11.818  50.409 0.0000000000
76737  4.552  -10.757  49.508 0.0000000000
76782  6.201  -11.197  45.349 0.0000000000
75633  4.683  -12.068  45.969 0.0000000000
74490  3.435  -12.586  46.713 0.0000000000
75640  3.122  -12.251  45.133 0.0000000000
74531  1.135  -13.581  44.209 0.0000000000
74539  2.300  -13.116  43.311 0.0000000000
174329  12.812  -21.912  58.419 0.0000000000
64972  12.669  -20.711  58.788 0.0000000000
66094  13.598  -19.940  58.212 0.0000000000
60054  19.123  -23.970  55.844 0.0000000000
58732  17.825  -25.287  54.691 0.0000000000
58704  17.849  -24.783  55.767 0.0000000000
58706  16.265  -24.988  55.773 0.0000000000
58698  14.136  -24.734  56.290 0.0000000000
60021  12.807  -23.896  56.058 0.0000000000
60008  13.838  -24.309  57.056 0.0000000000
59986  13.823  -23.408  57.814 0.0000000000
160611  3.805  -10.955  55.786 0.0000000000
75531  1.933  -11.772  56.821 0.0000000000
76696  3.169  -10.925  55.059 0.0000000000
77897  2.553  -10.616  54.306 0.0000000000
77905  2.206  -10.402  53.655 0.0000000000
63807  2.793  -21.043  55.025 0.0000000000
163195  3.362  -20.771  54.478 0.0000000000
160361  4.279  -21.461  55.295 0.0000000000
63790  5.220  -21.083  56.124 0.0000000000
63770  7.196  -20.728  57.809 0.0000000000
70610  10.571  -15.685  59.892 0.0000000000
69433  8.952  -16.921  60.268 0.0000000000
71877  10.032  -14.574  60.342 0.0000000000
73157  8.946  -13.728  59.856 0.0000000000
74363  7.988  -13.180  59.527 0.0000000000
74367  6.306  -12.758  58.932 0.0000000000
60025  5.890  -24.382  56.641 0.0000000000
58711  5.691  -24.491  55.442 0.0000000000
158132  5.315  -24.427  56.730 0.0000000000
60028  3.674  -23.047  55.396 0.0000000000
60045  2.234  -23.034  55.157 0.0000000000
61352  1.160  -22.255  55.156 0.0000000000
62643  2.204  -22.092  55.330 0.0000000000
63794  2.200  -21.438  55.172 0.0000000000
65025  7.760  -20.478  52.242 0.0000000000
63869  7.151  -20.986  50.190 0.0000000000
65036  8.454  -20.136  51.010 0.0000000000
66154  9.251  -19.147  50.909 0.0000000000
68405  9.238  -17.975  49.132 0.0000000000
70714  2.254  -16.301  50.177 0.0000000000
70732  4.045  -16.072  49.189 0.0000000000
69566  3.807  -16.667  47.860 0.0000000000
184077  4.164  -17.438  45.926 0.0000000000
187820  5.700  -15.979  44.057 0.0000000000
69658  5.680  -16.465  41.993 0.0000000000
70803  4.587  -15.775  43.047 0.0000000000
156655  3.408  -16.263  42.422 0.0000000000
186004  1.661  -16.632  41.820 0.0000000000
76803  5.310  -11.754  43.390 0.0000000000
75664  4.105  -12.361  42.787 0.0000000000
75662  5.449  -11.987  42.287 0.0000000000
61328  5.991  -22.741  58.996 0.0000000000
63766  6.240  -21.415  59.354 0.0000000000
62620  7.198  -22.094  59.937 0.0000000000
64967  9.075  -20.429  60.750 0.0000000000
66087  10.413  -18.518  60.045 0.0000000000
66085  12.192  -18.282  59.210 0.0000000000
67209  11.404  -17.237  59.745 0.0000000000
69435  11.146  -16.726  60.025 0.0000000000
71888  11.596  -15.018  59.235 0.0000000000
62697  19.429  -22.341  50.294 0.0000000000
63884  18.234  -21.880  49.299 0.0000000000
62688  18.502  -23.188  50.239 0.0000000000
167910  16.721  -25.756  53.112 0.0000000000
58764  15.547  -25.417  51.863 0.0000000000
58781  14.466  -25.280  50.546 0.0000000000
60040  9.406  -23.084  55.141 0.0000000000
157152  8.206  -23.778  56.085 0.0000000000
60023  10.727  -23.303  56.220 0.0000000000
168887  9.085  -23.559  56.848 0.0000000000
157154  8.121  -24.053  56.864 0.0000000000
161145  7.304  -23.834  57.623 0.0000000000
59993  6.154  -23.344  58.496 0.0000000000
70639  4.804  -16.381  55.858 0.0000000000
188250  5.551  -16.274  54.038 0.0000000000
70649  4.394  -15.901  54.462 0.0000000000
70651  3.141  -15.352  53.805 0.0000000000
70661  1.779  -15.578  53.084 0.0000000000
73173  0.215  -13.412  56.694 0.0000000000
71922  0.128  -14.966  54.496 0.0000000000
70674  1.231  -15.922  52.366 0.0000000000
69513  0.403  -16.176  50.879 0.0000000000
71961  0.214  -14.998  50.012 0.0000000000
73248  0.262  -14.050  48.879 0.0000000000
63819  15.109  -21.484  53.653 0.0000000000
65051  20.888  -20.670  49.518 0.0000000000
71934  23.013  -15.487  52.479 0.0000000000
70652  23.063  -15.928  53.872 0.0000000000
69491  22.912  -16.884  51.749 0.0000000000
67251  22.601  -18.418  51.198 0.0000000000
65043  21.402  -20.255  50.754 0.0000000000
63867  20.288  -21.329  50.438 0.0000000000
62671  20.077  -22.675  53.324 0.0000000000
61358  19.975  -22.882  55.215 0.0000000000
63801  19.191  -21.374  55.519 0.0000000000
61345  19.612  -22.858  55.802 0.0000000000
62653  18.446  -22.254  55.710 0.0000000000
62655  16.567  -22.314  54.741 0.0000000000
63874  2.986  -21.642  51.181 0.0000000000
63840  4.649  -21.157  51.967 0.0000000000
63823  4.739  -21.209  53.446 0.0000000000
178638  5.517  -21.414  53.375 0.0000000000
161074  7.027  -20.943  52.724 0.0000000000
64997  8.376  -19.966  54.255 0.0000000000
174917  8.696  -18.553  54.932 0.0000000000
161059  7.727  -17.026  55.971 0.0000000000
63768  6.366  -21.127  59.090 0.0000000000
64976  7.454  -20.252  59.233 0.0000000000
158378  7.661  -19.822  58.438 0.0000000000
68322  7.616  -17.234  60.550 0.0000000000
67215  7.346  -17.796  59.558 0.0000000000
67219  7.700  -18.522  58.204 0.0000000000
68337  7.646  -17.652  57.296 0.0000000000
163072  6.141  -16.774  56.943 0.0000000000
69457  5.383  -16.614  56.370 0.0000000000
179114  4.108  -16.122  56.955 0.0000000000
185946  3.939  -14.115  56.938 0.0000000000
74374  4.464  -12.730  57.266 0.0000000000
75517  6.004  -12.053  58.506 0.0000000000
76676  5.086  -11.217  57.618 0.0000000000
77869  4.329  -10.840  56.619 0.0000000000
160060  6.061  -23.992  52.833 0.0000000000
58725  5.010  -24.060  54.449 0.0000000000
63915  6.120  -21.693  48.596 0.0000000000
62752  5.410  -22.047  47.483 0.0000000000
62840  6.143  -22.456  41.215 0.0000000000
69489  6.929  -16.341  52.406 0.0000000000
69525  7.776  -16.701  50.182 0.0000000000
180114  8.892  -17.574  47.936 0.0000000000
157125  6.528  -16.155  48.133 0.0000000000
69576  8.324  -16.999  46.828 0.0000000000
160181  8.764  -18.574  45.736 0.0000000000
65111  8.330  -19.695  44.187 0.0000000000
165359  7.475  -21.007  42.115 0.0000000000
160642  6.115  -22.210  39.703 0.0000000000
62872  6.048  -21.953  37.999 0.0000000000
168165  5.296  -18.456  39.228 0.0000000000
66360  4.516  -19.915  37.646 0.0000000000
187746  1.992  -9.716  52.561 0.0000000000
79189  2.195  -9.120  51.266 0.0000000000
76726  2.384  -11.308  52.047 0.0000000000
75576  2.752  -12.528  51.046 0.0000000000
74449  2.033  -13.157  49.825 0.0000000000
156616  0.486  -13.303  47.996 0.0000000000
173413  4.413  -12.203  48.616 0.0000000000
160825  2.217  -13.155  47.546 0.0000000000
73296  -0.132  -14.038  46.353 0.0000000000
72039  0.311  -15.058  44.608 0.0000000000
167266  1.006  -15.603  43.063 0.0000000000
159188  0.775  -16.347  41.063 0.0000000000
70862  1.022  -15.581  40.372 0.0000000000
63780  14.808  -21.476  56.781 0.0000000000
64982  14.494  -20.625  56.833 0.0000000000
64986  14.493  -20.805  55.883 0.0000000000
62642  15.591  -22.243  55.552 0.0000000000
62641  16.133  -22.920  56.257 0.0000000000
62635  15.382  -22.357  56.465 0.0000000000
62631  15.194  -22.405  56.784 0.0000000000
61541  3.625  -23.401  39.520 0.0000000000
60295  3.318  -23.605  38.843 0.0000000000
60304  3.027  -23.708  38.100 0.0000000000
61540  4.165  -23.352  38.942 0.0000000000
62632  4.505  -22.177  57.591 0.0000000000
63778  4.847  -21.311  57.508 0.0000000000
62629  4.836  -21.726  58.126 0.0000000000
63898  20.039  -21.153  48.805 0.0000000000
63899  19.249  -21.206  48.452 0.0000000000
180511  18.945  -21.565  49.045 0.0000000000
61336  4.782  -22.811  58.141 0.0000000000
62633  4.284  -22.525  56.936 0.0000000000
156879  7.581  -16.666  54.815 0.0000000000
69470  7.866  -16.658  54.176 0.0000000000
69471  7.054  -16.429  54.146 0.0000000000
70759  0.325  -15.472  47.541 0.0000000000
70758  0.970  -16.079  47.121 0.0000000000
70765  0.952  -15.959  46.275 0.0000000000
70775  0.089  -15.384  45.834 0.0000000000
62618  9.800  -22.157  59.339 0.0000000000
62609  10.755  -21.700  59.376 0.0000000000
60086  19.170  -24.404  53.640 0.0000000000
167026  19.170  -24.268  52.420 0.0000000000
58722  14.305  -25.223  54.787 0.0000000000
58723  13.629  -24.719  54.658 0.0000000000
179983  13.266  -24.506  53.708 0.0000000000
60056  13.094  -24.028  54.631 0.0000000000
158475  11.755  -23.403  55.159 0.0000000000
60037  12.636  -23.692  55.301 0.0000000000
167453  11.084  -22.382  58.413 0.0000000000
61324  10.216  -22.508  58.291 0.0000000000
61314  9.971  -22.300  58.794 0.0000000000
74385  3.338  -12.834  56.235 0.0000000000
73171  3.018  -13.657  56.058 0.0000000000
74386  2.714  -12.708  56.111 0.0000000000
76714  1.600  -11.506  53.409 0.0000000000
75555  0.422  -12.432  53.778 0.0000000000
162037  1.023  -12.084  53.347 0.0000000000
74420  0.248  -13.273  52.707 0.0000000000
75561  1.408  -12.116  52.669 0.0000000000
63859  1.995  -21.089  52.353 0.0000000000
172137  2.719  -20.688  53.557 0.0000000000
188442  7.521  -20.510  56.633 0.0000000000
64985  7.959  -20.008  56.790 0.0000000000
64984  8.351  -19.552  56.265 0.0000000000
64981  8.175  -19.384  56.943 0.0000000000
66082  8.813  -18.701  60.798 0.0000000000
66083  8.181  -18.661  60.997 0.0000000000
176826  8.585  -17.998  60.711 0.0000000000
172033  7.480  -14.559  59.617 0.0000000000
71886  6.578  -14.913  59.427 0.0000000000
70622  5.883  -15.740  58.784 0.0000000000
172198  5.844  -14.629  59.042 0.0000000000
184608  5.227  -14.997  58.689 0.0000000000
156978  7.609  -23.814  55.303 0.0000000000
156266  6.797  -24.142  54.903 0.0000000000
60064  2.013  -23.441  54.717 0.0000000000
63826  1.867  -20.755  54.253 0.0000000000
63827  0.937  -20.729  54.092 0.0000000000
63844  1.047  -20.681  53.078 0.0000000000
63871  5.670  -21.423  50.856 0.0000000000
63889  4.983  -21.640  50.388 0.0000000000
184990  8.983  -19.482  47.687 0.0000000000
65069  8.019  -20.460  47.586 0.0000000000
65082  8.600  -19.726  46.601 0.0000000000
65094  8.095  -20.251  46.127 0.0000000000
65093  8.514  -19.620  45.813 0.0000000000
70682  3.759  -15.721  51.838 0.0000000000
178073  4.443  -15.930  51.322 0.0000000000
70695  4.665  -16.039  50.626 0.0000000000
69630  6.803  -16.496  43.629 0.0000000000
69618  7.089  -16.482  44.396 0.0000000000
69643  7.228  -16.850  43.152 0.0000000000
67358  8.047  -18.176  42.494 0.0000000000
68481  7.307  -17.892  41.383 0.0000000000
67386  7.050  -18.217  40.658 0.0000000000
68482  6.660  -17.490  41.048 0.0000000000
68503  2.057  -17.747  40.291 0.0000000000
67401  2.858  -18.276  39.688 0.0000000000
67402  1.429  -18.044  39.627 0.0000000000
165746  2.593  -8.745  48.945 0.0000000000
79213  3.246  -9.193  49.174 0.0000000000
77928  4.072  -10.500  49.863 0.0000000000
77937  4.375  -10.200  49.326 0.0000000000
76783  5.455  -11.639  45.025 0.0000000000
173192  5.824  -11.441  46.015 0.0000000000
160716  4.580  -12.011  45.094 0.0000000000
75639  3.915  -12.188  45.546 0.0000000000
187604  3.765  -12.116  44.859 0.0000000000
74529  2.671  -12.610  43.853 0.0000000000
75655  3.411  -12.309  43.682 0.0000000000
188479  13.737  -22.302  58.250 0.0000000000
62614  13.703  -21.752  58.288 0.0000000000
64975  13.861  -20.750  57.983 0.0000000000
66104  14.075  -19.264  56.615 0.0000000000
60034  18.436  -23.928  56.206 0.0000000000
60035  17.550  -24.117  56.236 0.0000000000
58695  16.140  -24.331  56.598 0.0000000000
58694  16.784  -24.252  56.273 0.0000000000
58696  15.507  -24.854  56.300 0.0000000000
58708  14.717  -25.072  55.728 0.0000000000
58697  14.825  -24.773  56.651 0.0000000000
180117  13.801  -24.472  56.646 0.0000000000
58692  14.902  -24.524  57.238 0.0000000000
61319  14.816  -23.238  57.721 0.0000000000
61331  14.629  -23.585  57.846 0.0000000000
61320  14.363  -23.055  58.022 0.0000000000
61322  13.201  -22.881  57.946 0.0000000000
77889  3.804  -10.298  55.358 0.0000000000
79148  2.676  -9.429  54.499 0.0000000000
80511  2.721  -8.800  54.465 0.0000000000
79149  2.340  -9.814  54.094 0.0000000000
80512  2.131  -9.158  53.972 0.0000000000
63806  3.736  -21.166  54.907 0.0000000000
63792  4.180  -21.767  55.821 0.0000000000
63777  5.248  -20.737  57.873 0.0000000000
63783  5.211  -20.928  57.029 0.0000000000
63776  5.887  -20.764  57.209 0.0000000000
71881  10.589  -14.527  59.960 0.0000000000
70611  9.989  -15.329  60.329 0.0000000000
73153  10.210  -14.184  60.143 0.0000000000
159327  9.523  -13.401  59.832 0.0000000000
73158  8.442  -13.809  59.653 0.0000000000
75507  8.682  -12.707  59.255 0.0000000000
75508  8.165  -12.538  59.410 0.0000000000
60015  6.434  -24.028  57.277 0.0000000000
60027  4.305  -23.399  56.198 0.0000000000
61350  2.713  -22.844  55.278 0.0000000000
61351  1.780  -22.530  55.346 0.0000000000
63786  3.681  -22.238  55.510 0.0000000000
63793  2.790  -21.761  55.247 0.0000000000
176180  8.434  -19.992  52.632 0.0000000000
65024  8.434  -20.061  51.809 0.0000000000
66129  8.902  -19.511  52.155 0.0000000000
68362  8.935  -17.758  52.182 0.0000000000
67256  9.159  -18.350  51.898 0.0000000000
68371  8.963  -17.789  51.492 0.0000000000
67277  9.268  -18.496  50.439 0.0000000000
68382  9.021  -17.833  50.747 0.0000000000
69529  1.603  -16.680  49.649 0.0000000000
69528  2.437  -16.512  49.428 0.0000000000
69548  2.618  -16.690  48.673 0.0000000000
69595  3.589  -17.629  45.695 0.0000000000
157122  3.783  -17.353  46.401 0.0000000000
180731  4.297  -17.344  45.504 0.0000000000
173601  4.641  -16.805  45.032 0.0000000000
175598  4.996  -15.909  44.348 0.0000000000
69632  5.299  -15.910  43.406 0.0000000000
70786  4.383  -15.636  43.781 0.0000000000
69634  1.937  -16.032  43.865 0.0000000000
69633  2.777  -15.915  43.635 0.0000000000
69649  1.853  -16.253  42.960 0.0000000000
69661  2.266  -16.607  42.260 0.0000000000
69662  1.463  -16.336  42.123 0.0000000000
166020  6.567  -10.864  44.452 0.0000000000
76802  6.010  -11.253  43.727 0.0000000000
76812  5.205  -11.951  42.818 0.0000000000
76811  5.827  -11.538  42.839 0.0000000000
61327  6.933  -22.977  59.238 0.0000000000
61318  6.649  -22.353  59.540 0.0000000000
175929  8.031  -22.581  60.004 0.0000000000
63758  10.283  -21.301  60.113 0.0000000000
63759  9.239  -21.264  60.431 0.0000000000
163518  9.870  -20.722  60.558 0.0000000000
66088  9.961  -19.670  60.454 0.0000000000
66091  12.950  -19.189  58.667 0.0000000000
183344  12.365  -19.589  59.106 0.0000000000
66092  12.736  -18.179  58.634 0.0000000000
68317  12.242  -17.085  59.319 0.0000000000
170408  12.008  -16.992  59.774 0.0000000000
68319  11.295  -17.063  59.974 0.0000000000
69434  11.695  -16.539  59.612 0.0000000000
70616  11.398  -15.862  59.592 0.0000000000
71887  11.981  -15.685  59.193 0.0000000000
62686  19.624  -22.643  50.985 0.0000000000
62687  19.120  -22.984  50.558 0.0000000000
61383  18.823  -23.709  50.868 0.0000000000
60104  17.789  -24.833  51.746 0.0000000000
179657  18.241  -24.352  51.122 0.0000000000
60122  17.028  -24.360  51.041 0.0000000000
58733  16.986  -25.743  54.068 0.0000000000
60071  17.619  -25.404  53.501 0.0000000000
162839  16.189  -25.984  53.597 0.0000000000
58749  14.403  -25.775  52.568 0.0000000000
58748  15.052  -25.921  52.216 0.0000000000
182018  14.414  -25.731  51.841 0.0000000000
58765  14.799  -25.545  51.394 0.0000000000
58766  14.009  -25.532  51.204 0.0000000000
60107  12.343  -24.115  52.344 0.0000000000
186567  10.050  -23.033  55.088 0.0000000000
157150  8.534  -23.406  55.372 0.0000000000
186896  9.289  -23.202  55.688 0.0000000000
162807  12.507  -23.759  56.721 0.0000000000
60022  11.788  -23.631  56.215 0.0000000000
60010  11.372  -23.525  56.940 0.0000000000
60012  9.298  -23.482  57.476 0.0000000000
60011  10.100  -23.141  56.886 0.0000000000
60013  8.635  -24.088  57.546 0.0000000000
186255  8.556  -23.852  56.730 0.0000000000
60014  8.040  -24.235  57.670 0.0000000000
59984  7.848  -23.538  59.440 0.0000000000
59992  7.234  -23.412  58.631 0.0000000000
186866  6.514  -23.091  58.863 0.0000000000
177077  4.188  -16.135  56.235 0.0000000000
70640  4.349  -16.027  55.353 0.0000000000
70636  3.868  -15.676  55.676 0.0000000000
71918  3.306  -15.286  54.533 0.0000000000
71919  2.652  -14.996  54.312 0.0000000000
70660  2.879  -15.495  53.013 0.0000000000
71930  2.309  -15.290  53.711 0.0000000000
76678  1.095  -11.441  57.448 0.0000000000
74376  1.091  -11.724  57.629 0.0000000000
75532  0.350  -12.032  57.351 0.0000000000
73196  -0.307  -14.289  54.738 0.0000000000
71910  -0.095  -14.501  55.105 0.0000000000
71933  -0.049  -15.254  53.718 0.0000000000
70662  0.747  -15.707  53.172 0.0000000000
70675  0.333  -15.853  52.507 0.0000000000
163648  0.660  -16.108  51.858 0.0000000000
70676  -0.026  -15.747  52.183 0.0000000000
177215  0.372  -14.087  50.925 0.0000000000
71950  0.057  -15.050  50.707 0.0000000000
73218  0.272  -14.449  50.442 0.0000000000
164750  0.221  -14.630  49.154 0.0000000000
73232  0.393  -14.251  49.640 0.0000000000
65007  14.506  -20.773  53.215 0.0000000000
63836  14.996  -21.101  52.899 0.0000000000
66166  22.105  -18.740  49.399 0.0000000000
66177  21.341  -19.204  48.025 0.0000000000
65056  21.272  -20.026  49.205 0.0000000000
65050  21.364  -20.117  49.959 0.0000000000
69474  21.788  -16.568  53.371 0.0000000000
70653  22.476  -16.123  54.104 0.0000000000
68349  22.249  -16.803  52.749 0.0000000000
69483  22.730  -16.578  52.532 0.0000000000
68357  22.672  -17.134  52.166 0.0000000000
68366  22.836  -17.315  51.525 0.0000000000
186802  22.343  -18.479  51.757 0.0000000000
65030  21.467  -20.300  51.683 0.0000000000
63850  20.791  -20.975  51.155 0.0000000000
63815  20.841  -20.949  54.721 0.0000000000
62670  20.335  -21.747  53.986 0.0000000000
62663  20.218  -22.400  54.600 0.0000000000
64994  19.299  -20.580  55.266 0.0000000000
62652  19.726  -22.143  55.718 0.0000000000
186323  19.050  -21.934  55.731 0.0000000000
62672  16.433  -21.514  53.104 0.0000000000
62665  16.835  -21.917  54.081 0.0000000000
62666  15.995  -21.865  53.766 0.0000000000
62656  15.752  -22.034  54.582 0.0000000000
63891  0.162  -21.440  50.027 0.0000000000
63890  0.723  -21.356  50.473 0.0000000000
63857  3.433  -21.236  51.719 0.0000000000
63856  4.176  -21.268  51.523 0.0000000000
180338  4.503  -21.334  54.776 0.0000000000
159055  4.235  -21.118  54.257 0.0000000000
158616  5.165  -21.391  54.198 0.0000000000
63804  6.553  -21.086  54.488 0.0000000000
63822  6.097  -21.335  53.813 0.0000000000
165828  6.760  -21.056  53.876 0.0000000000
166184  6.161  -21.340  52.886 0.0000000000
63820  7.223  -20.795  53.513 0.0000000000
65010  7.865  -20.426  53.848 0.0000000000
67225  8.414  -18.424  56.205 0.0000000000
66111  8.631  -19.364  54.799 0.0000000000
67228  8.528  -18.247  55.531 0.0000000000
68343  8.531  -17.685  54.951 0.0000000000
62613  7.096  -21.447  59.883 0.0000000000
183114  7.283  -21.037  59.721 0.0000000000
66093  7.643  -19.552  60.195 0.0000000000
187929  7.554  -20.265  59.769 0.0000000000
176808  7.639  -19.513  59.054 0.0000000000
69437  8.648  -16.458  60.392 0.0000000000
68321  8.247  -17.054  60.689 0.0000000000
69438  7.897  -16.603  60.566 0.0000000000
163404  7.091  -17.153  59.690 0.0000000000
68328  7.432  -17.895  58.674 0.0000000000
68332  7.600  -17.925  57.916 0.0000000000
68333  7.109  -17.359  58.015 0.0000000000
69447  5.680  -16.559  57.798 0.0000000000
169022  6.462  -16.887  57.673 0.0000000000
69451  5.186  -16.595  57.153 0.0000000000
69452  4.532  -16.430  56.865 0.0000000000
70632  4.232  -16.162  57.479 0.0000000000
160590  4.608  -14.275  58.168 0.0000000000
71893  4.327  -14.809  57.867 0.0000000000
73168  4.273  -14.184  57.573 0.0000000000
178979  4.114  -13.476  57.092 0.0000000000
62699  17.749  -22.700  49.777 0.0000000000
62715  17.231  -22.012  49.135 0.0000000000
159320  6.065  -24.194  53.968 0.0000000000
179123  6.217  -24.078  53.453 0.0000000000
58712  5.126  -24.274  55.302 0.0000000000
63861  -0.459  -20.944  52.016 0.0000000000
63877  -0.093  -21.154  50.906 0.0000000000
163641  4.311  -22.023  48.672 0.0000000000
62738  3.213  -22.105  48.077 0.0000000000
159661  3.705  -22.062  47.430 0.0000000000
62753  4.507  -22.126  47.486 0.0000000000
63887  6.561  -21.336  49.751 0.0000000000
63886  7.243  -21.026  49.430 0.0000000000
164967  6.856  -21.370  46.730 0.0000000000
62751  6.186  -21.795  47.077 0.0000000000
62765  5.564  -22.072  46.552 0.0000000000
159374  4.948  -22.107  46.129 0.0000000000
62792  5.928  -22.031  44.850 0.0000000000
63944  7.006  -21.213  44.421 0.0000000000
62805  6.133  -22.158  43.645 0.0000000000
62816  6.693  -21.917  43.104 0.0000000000
62829  6.014  -22.493  41.952 0.0000000000
167957  6.968  -21.703  42.283 0.0000000000
179253  5.498  -16.237  53.356 0.0000000000
69472  6.195  -16.337  53.690 0.0000000000
69482  6.149  -16.320  52.889 0.0000000000
69509  6.646  -16.454  50.754 0.0000000000
161391  7.224  -16.507  50.124 0.0000000000
69524  8.237  -16.927  49.838 0.0000000000
175113  7.940  -16.688  48.640 0.0000000000
69545  5.203  -16.153  48.518 0.0000000000
157408  5.599  -16.260  47.763 0.0000000000
68437  8.277  -17.170  45.249 0.0000000000
69591  7.806  -16.620  46.432 0.0000000000
69590  8.322  -17.102  46.037 0.0000000000
68429  8.706  -17.643  46.495 0.0000000000
67327  8.694  -18.159  45.283 0.0000000000
66219  8.687  -18.751  45.059 0.0000000000
67337  8.603  -18.317  44.558 0.0000000000
65139  7.944  -19.982  41.530 0.0000000000
165358  7.882  -20.273  42.069 0.0000000000
63961  7.641  -20.679  41.272 0.0000000000
63970  7.127  -21.277  40.663 0.0000000000
63980  7.076  -21.109  39.835 0.0000000000
62860  6.138  -22.079  38.879 0.0000000000
63991  6.998  -20.955  39.043 0.0000000000
66341  6.481  -19.848  38.488 0.0000000000
65206  5.874  -20.561  37.451 0.0000000000
69670  5.359  -16.719  41.277 0.0000000000
68483  5.873  -17.261  40.711 0.0000000000
68501  5.290  -17.598  40.125 0.0000000000
67430  3.707  -19.026  38.704 0.0000000000
67429  4.554  -19.155  38.581 0.0000000000
66361  3.532  -19.706  37.421 0.0000000000
66386  2.945  -19.846  36.586 0.0000000000
79203  2.306  -9.062  50.399 0.0000000000
79173  2.604  -9.919  51.423 0.0000000000
77916  2.847  -10.786  51.469 0.0000000000
75567  2.279  -12.192  51.690 0.0000000000
75566  2.892  -11.709  51.393 0.0000000000
75586  3.615  -12.599  50.093 0.0000000000
74434  2.856  -12.808  50.336 0.0000000000
74448  2.937  -13.002  49.575 0.0000000000
73247  0.736  -13.599  48.720 0.0000000000
180422  1.202  -13.320  48.289 0.0000000000
76764  5.805  -11.065  47.354 0.0000000000
79221  5.716  -9.970  47.714 0.0000000000
77947  5.300  -10.451  48.361 0.0000000000
177388  5.042  -11.020  48.685 0.0000000000
75612  4.868  -11.844  48.083 0.0000000000
160614  2.521  -12.526  46.355 0.0000000000
74491  2.813  -12.946  47.135 0.0000000000
74492  1.693  -12.776  46.887 0.0000000000
74504  0.945  -13.034  46.355 0.0000000000
177139  0.180  -14.090  45.498 0.0000000000
73310  0.643  -13.787  44.839 0.0000000000
156270  1.187  -14.423  42.988 0.0000000000
73320  0.856  -14.328  43.662 0.0000000000
72061  1.018  -15.323  42.584 0.0000000000
70831  1.055  -15.888  41.862 0.0000000000
72075  1.235  -15.189  41.823 0.0000000000
74538  3.480  -12.853  42.464 0.0000000000
177553  14.342  -21.910  57.860 0.0000000000
162690  14.440  -21.207  57.237 0.0000000000
64980  14.393  -20.654  57.143 0.0000000000
64983  14.225  -19.980  56.241 0.0000000000
66106  13.850  -19.391  55.654 0.0000000000
61349  16.911  -23.266  56.212 0.0000000000
61341  16.496  -23.435  56.505 0.0000000000
60005  16.012  -23.998  56.918 0.0000000000
187970  15.680  -24.096  57.276 0.0000000000
59994  15.773  -23.743  57.017 0.0000000000
188557  15.432  -23.205  57.023 0.0000000000
60315  2.874  -23.700  37.421 0.0000000000
61561  4.535  -23.186  37.694 0.0000000000
63785  4.245  -22.157  56.337 0.0000000000
63772  5.543  -20.871  58.585 0.0000000000
60004  5.152  -23.709  57.802 0.0000000000
60017  5.022  -23.952  57.160 0.0000000000
176896  4.699  -23.415  57.536 0.0000000000
61342  4.316  -23.041  56.612 0.0000000000
62637  3.097  -22.490  55.428 0.0000000000
67234  8.807  -18.200  54.268 0.0000000000
66119  9.041  -18.496  52.997 0.0000000000
68356  8.654  -17.350  53.312 0.0000000000
69487  8.283  -16.832  53.053 0.0000000000
162173  8.201  -16.811  52.276 0.0000000000
69569  1.260  -16.816  48.433 0.0000000000
69568  1.966  -16.953  48.076 0.0000000000
69584  1.440  -16.838  47.571 0.0000000000
69597  2.223  -17.119  46.224 0.0000000000
69608  3.018  -17.019  45.431 0.0000000000
69621  3.202  -16.077  44.725 0.0000000000
69609  2.245  -16.793  45.657 0.0000000000
69623  1.492  -16.045  45.057 0.0000000000
181685  0.834  -15.806  44.752 0.0000000000
61316  8.481  -23.365  59.658 0.0000000000
62619  8.871  -22.527  59.786 0.0000000000
183492  11.431  -20.309  59.626 0.0000000000
68323  12.656  -17.820  58.739 0.0000000000
69449  12.710  -16.451  57.787 0.0000000000
70629  12.366  -15.921  57.714 0.0000000000
71894  11.994  -15.300  58.151 0.0000000000
70630  11.820  -15.319  57.181 0.0000000000
61375  19.772  -23.508  52.758 0.0000000000
61382  19.358  -23.693  51.707 0.0000000000
181784  18.551  -24.597  51.811 0.0000000000
60088  17.309  -25.296  52.487 0.0000000000
58734  15.658  -25.783  54.334 0.0000000000
170213  14.784  -25.679  54.069 0.0000000000
179270  14.376  -25.675  53.336 0.0000000000
58750  13.689  -25.291  53.038 0.0000000000
60038  11.210  -23.368  55.633 0.0000000000
59988  12.273  -23.348  57.686 0.0000000000
59998  11.431  -23.404  57.675 0.0000000000
61333  10.492  -22.903  57.854 0.0000000000
61334  9.535  -23.045  58.053 0.0000000000
60000  8.499  -24.325  58.509 0.0000000000
59989  8.920  -24.013  58.866 0.0000000000
61326  8.818  -23.716  59.283 0.0000000000
71900  3.660  -14.517  56.344 0.0000000000
73183  3.171  -14.484  55.662 0.0000000000
73184  2.646  -14.199  55.489 0.0000000000
73185  1.774  -14.231  55.746 0.0000000000
76707  1.088  -11.256  55.553 0.0000000000
75541  -0.199  -12.418  56.254 0.0000000000
168022  0.296  -12.180  54.651 0.0000000000
74405  -0.123  -12.973  54.405 0.0000000000
74421  -0.251  -13.962  53.239 0.0000000000
73206  -0.328  -14.744  52.890 0.0000000000
73205  -0.079  -13.999  52.379 0.0000000000
74428  0.447  -13.381  51.926 0.0000000000
74427  1.120  -13.010  51.571 0.0000000000
66159  22.371  -18.750  50.016 0.0000000000
187141  21.604  -17.769  52.805 0.0000000000
65017  21.255  -20.475  53.325 0.0000000000
65003  21.329  -20.380  54.421 0.0000000000
63817  17.762  -21.198  54.054 0.0000000000
63875  1.986  -21.464  51.418 0.0000000000
63842  2.916  -20.946  52.549 0.0000000000
63789  6.133  -21.076  55.419 0.0000000000
63788  7.165  -20.846  55.028 0.0000000000
64989  7.876  -20.417  55.368 0.0000000000
162764  8.329  -20.021  54.904 0.0000000000
64988  8.410  -19.776  55.529 0.0000000000
66105  8.419  -19.011  56.417 0.0000000000
64969  7.868  -20.137  60.467 0.0000000000
66090  7.840  -19.087  60.684 0.0000000000
173580  7.665  -18.638  60.464 0.0000000000
70617  7.828  -15.518  60.058 0.0000000000
70614  7.647  -16.155  60.317 0.0000000000
70618  7.139  -15.977  59.884 0.0000000000
69443  6.683  -16.701  59.103 0.0000000000
69446  6.482  -16.801  58.372 0.0000000000
70626  5.289  -16.025  58.133 0.0000000000
70627  4.607  -15.858  57.966 0.0000000000
73163  5.122  -14.413  58.641 0.0000000000
74368  5.194  -13.496  58.327 0.0000000000
61398  16.246  -23.322  49.634 0.0000000000
61407  16.135  -22.777  49.156 0.0000000000
61408  15.616  -23.229  49.140 0.0000000000
60062  3.674  -23.613  54.795 0.0000000000
63810  0.104  -21.023  54.587 0.0000000000
166037  0.261  -20.791  52.624 0.0000000000
62690  3.413  -21.844  50.463 0.0000000000
167610  3.516  -22.071  49.292 0.0000000000
62703  3.822  -21.951  49.809 0.0000000000
62702  4.535  -21.852  49.727 0.0000000000
62719  4.768  -21.933  49.046 0.0000000000
65059  8.479  -20.203  48.812 0.0000000000
63902  7.326  -20.980  48.673 0.0000000000
169198  8.072  -20.476  48.300 0.0000000000
63923  7.452  -20.928  47.176 0.0000000000
63932  6.914  -21.316  45.949 0.0000000000
62777  6.409  -21.797  45.439 0.0000000000
165360  7.530  -20.754  45.653 0.0000000000
63943  7.587  -20.635  44.824 0.0000000000
63948  7.479  -20.709  44.031 0.0000000000
166705  4.263  -15.722  52.987 0.0000000000
70669  5.364  -16.208  52.580 0.0000000000
70681  5.233  -16.201  51.771 0.0000000000
69510  5.846  -16.373  50.560 0.0000000000
69526  6.466  -16.426  50.044 0.0000000000
69593  5.622  -16.527  45.967 0.0000000000
69592  6.367  -16.206  46.441 0.0000000000
69604  6.981  -16.340  45.289 0.0000000000
172971  7.758  -16.746  44.875 0.0000000000
68445  8.180  -17.265  44.509 0.0000000000
67348  8.511  -18.514  43.751 0.0000000000
68458  8.268  -17.982  43.299 0.0000000000
185866  7.896  -18.891  41.478 0.0000000000
158275  7.741  -19.190  40.958 0.0000000000
65172  7.337  -20.543  39.625 0.0000000000
66297  7.533  -19.491  40.248 0.0000000000
178815  7.196  -19.454  39.668 0.0000000000
66326  6.262  -19.289  38.852 0.0000000000
68485  3.916  -17.347  40.835 0.0000000000
68502  4.400  -17.669  40.217 0.0000000000
182776  3.356  -17.862  40.357 0.0000000000
173744  3.058  -18.682  39.066 0.0000000000
67431  2.522  -18.963  38.490 0.0000000000
79202  2.962  -9.517  49.917 0.0000000000
76731  3.292  -11.270  50.894 0.0000000000
77922  3.759  -10.900  50.414 0.0000000000
76738  4.255  -11.286  49.824 0.0000000000
74447  3.885  -12.665  49.267 0.0000000000
76777  6.235  -11.026  46.682 0.0000000000
75624  4.906  -12.034  46.827 0.0000000000
175500  4.762  -12.081  47.523 0.0000000000
166190  4.073  -12.307  46.344 0.0000000000
74502  3.233  -12.352  45.927 0.0000000000
159340  2.402  -12.436  45.523 0.0000000000
74522  1.167  -13.228  44.827 0.0000000000
74512  2.326  -12.528  44.634 0.0000000000
74530  1.894  -13.016  43.979 0.0000000000
73329  1.986  -13.709  42.707 0.0000000000
62616  12.202  -21.901  58.617 0.0000000000
63764  12.444  -21.414  58.809 0.0000000000
187618  12.917  -21.428  58.624 0.0000000000
63763  13.240  -20.964  58.550 0.0000000000
66095  13.262  -19.008  58.242 0.0000000000
66097  13.866  -19.704  57.704 0.0000000000
67218  13.558  -18.369  57.861 0.0000000000
60070  18.529  -24.906  54.107 0.0000000000
60055  18.596  -24.629  55.378 0.0000000000
58719  16.997  -25.321  55.122 0.0000000000
58705  17.144  -24.698  55.897 0.0000000000
58720  16.212  -25.476  54.966 0.0000000000
58709  13.907  -24.780  55.496 0.0000000000
60020  13.586  -24.405  56.119 0.0000000000
60009  13.333  -24.121  56.659 0.0000000000
162012  13.411  -23.996  57.078 0.0000000000
60007  14.481  -24.328  57.506 0.0000000000
59996  13.735  -23.904  57.446 0.0000000000
59997  13.005  -23.681  57.314 0.0000000000
59987  13.072  -23.345  57.596 0.0000000000
61312  12.611  -22.318  58.141 0.0000000000
76686  3.407  -11.489  55.785 0.0000000000
75530  3.117  -12.121  55.951 0.0000000000
75539  2.691  -11.593  55.607 0.0000000000
76697  2.223  -11.266  55.463 0.0000000000
79143  3.216  -9.968  54.788 0.0000000000
77890  2.760  -10.847  54.671 0.0000000000
76705  2.002  -11.067  54.990 0.0000000000
76713  2.087  -10.981  53.983 0.0000000000
156897  2.144  -10.960  53.162 0.0000000000
163960  2.676  -20.631  54.511 0.0000000000
63791  4.640  -21.327  55.848 0.0000000000
63782  5.941  -20.904  56.445 0.0000000000
63775  6.910  -20.779  57.072 0.0000000000
180786  7.529  -20.458  57.164 0.0000000000
69431  10.425  -16.687  59.831 0.0000000000
68314  9.318  -17.379  60.199 0.0000000000
156929  10.253  -16.070  59.933 0.0000000000
71878  9.449  -14.746  60.382 0.0000000000
73156  9.952  -13.566  59.990 0.0000000000
71882  9.663  -13.938  60.176 0.0000000000
71879  8.594  -15.104  60.209 0.0000000000
71884  8.131  -14.676  59.778 0.0000000000
187189  8.025  -14.259  59.590 0.0000000000
73159  7.723  -13.924  59.566 0.0000000000
74364  7.018  -13.380  59.455 0.0000000000
74366  7.338  -12.573  59.382 0.0000000000
180459  6.731  -24.119  56.405 0.0000000000
60041  6.285  -24.392  55.691 0.0000000000
178948  5.624  -24.538  56.177 0.0000000000
58699  5.189  -24.437  56.106 0.0000000000
60042  4.662  -23.959  55.884 0.0000000000
60026  4.812  -24.049  56.590 0.0000000000
60043  4.026  -23.380  55.492 0.0000000000
60044  3.096  -23.190  55.192 0.0000000000
61361  1.477  -22.827  55.110 0.0000000000
63808  2.019  -21.085  54.936 0.0000000000
63837  7.081  -20.926  51.829 0.0000000000
63870  6.446  -21.279  50.533 0.0000000000
63853  7.086  -20.937  50.990 0.0000000000
65045  7.783  -20.573  50.612 0.0000000000
65044  8.463  -20.194  50.224 0.0000000000
66128  9.156  -18.855  52.378 0.0000000000
66143  8.989  -19.673  51.370 0.0000000000
66161  9.001  -19.810  49.795 0.0000000000
66167  9.275  -19.301  49.330 0.0000000000
180382  9.187  -19.391  48.664 0.0000000000
66178  9.212  -19.066  48.032 0.0000000000
70697  3.001  -15.950  50.707 0.0000000000
70696  3.914  -15.895  50.497 0.0000000000
70713  3.120  -16.078  49.959 0.0000000000
69546  4.345  -16.225  48.524 0.0000000000
69565  4.674  -16.440  47.857 0.0000000000
69582  3.306  -17.094  47.108 0.0000000000
69581  4.166  -16.876  47.182 0.0000000000
157123  4.525  -17.036  46.544 0.0000000000
69606  5.081  -16.775  45.453 0.0000000000
69619  6.325  -16.146  44.203 0.0000000000
69631  6.130  -16.178  43.467 0.0000000000
69657  6.422  -16.686  42.183 0.0000000000
69645  5.908  -16.276  42.729 0.0000000000
69646  5.146  -16.071  42.556 0.0000000000
69659  4.856  -16.383  41.882 0.0000000000
70787  3.486  -15.565  44.077 0.0000000000
70804  3.701  -15.731  43.194 0.0000000000
69660  3.972  -16.500  41.869 0.0000000000
69672  3.435  -16.996  41.420 0.0000000000
69673  2.151  -16.969  41.544 0.0000000000
68487  1.375  -17.235  40.873 0.0000000000
76792  6.014  -11.263  44.592 0.0000000000
75646  4.707  -11.902  43.751 0.0000000000
75654  4.067  -12.136  43.417 0.0000000000
75653  4.655  -12.036  43.089 0.0000000000
175516  5.966  -11.656  42.158 0.0000000000
61524  4.056  -23.139  40.236 0.0000000000
61329  5.268  -22.669  58.730 0.0000000000
62625  5.463  -22.017  59.001 0.0000000000
62622  5.996  -21.980  59.267 0.0000000000
62621  6.597  -21.708  59.650 0.0000000000
62612  7.703  -21.683  60.179 0.0000000000
63760  8.249  -20.962  60.500 0.0000000000
64968  8.414  -20.120  60.818 0.0000000000
66081  9.596  -18.698  60.438 0.0000000000
67204  10.216  -17.847  60.102 0.0000000000
63756  12.038  -20.675  59.212 0.0000000000
64965  11.744  -19.733  59.393 0.0000000000
66086  11.718  -18.765  59.454 0.0000000000
67213  12.538  -17.649  58.925 0.0000000000
182956  11.734  -17.842  59.634 0.0000000000
173729  11.197  -18.134  59.819 0.0000000000
160173  10.841  -17.673  59.939 0.0000000000
67210  10.935  -17.162  59.831 0.0000000000
68320  10.843  -16.922  59.856 0.0000000000
161905  10.741  -16.037  59.866 0.0000000000
71880  10.973  -15.144  59.810 0.0000000000
73154  10.974  -14.560  59.636 0.0000000000
71891  11.581  -14.779  58.540 0.0000000000
158364  19.744  -21.586  50.037 0.0000000000
63883  19.157  -21.903  49.644 0.0000000000
62698  18.751  -22.517  49.972 0.0000000000
61397  17.039  -23.214  49.882 0.0000000000
61391  17.788  -23.697  50.363 0.0000000000
60140  15.976  -23.885  50.062 0.0000000000
60125  14.770  -24.732  50.036 0.0000000000
58746  16.368  -25.297  52.311 0.0000000000
58747  15.857  -25.951  52.692 0.0000000000
58796  14.106  -24.812  50.007 0.0000000000
58767  12.738  -24.865  51.838 0.0000000000
157147  8.709  -23.147  54.485 0.0000000000
60059  7.939  -23.537  54.718 0.0000000000
59999  10.667  -23.189  57.390 0.0000000000
156821  9.683  -23.191  56.211 0.0000000000
157153  8.845  -23.485  56.163 0.0000000000
60024  7.522  -23.940  56.187 0.0000000000
157470  7.369  -23.933  56.995 0.0000000000
60002  6.759  -23.643  57.968 0.0000000000
60001  7.726  -24.051  58.275 0.0000000000
60003  5.831  -23.777  57.886 0.0000000000
69462  5.689  -16.504  55.417 0.0000000000
178774  6.030  -16.393  54.514 0.0000000000
70648  5.113  -16.197  54.797 0.0000000000
70657  4.964  -16.049  53.894 0.0000000000
71906  3.433  -15.169  55.217 0.0000000000
70650  3.809  -15.598  54.120 0.0000000000
70658  4.346  -15.792  53.650 0.0000000000
70659  3.723  -15.563  53.346 0.0000000000
70671  3.729  -15.627  52.602 0.0000000000
70672  2.964  -15.663  52.196 0.0000000000
74387  1.755  -12.543  56.979 0.0000000000
73172  1.173  -13.526  56.611 0.0000000000
73186  0.645  -14.209  55.993 0.0000000000
73174  -0.132  -13.313  56.541 0.0000000000
73187  0.041  -14.057  55.928 0.0000000000
71921  0.750  -15.102  54.558 0.0000000000
71931  1.247  -15.392  53.811 0.0000000000
70673  2.193  -15.702  52.493 0.0000000000
70684  2.082  -15.890  51.839 0.0000000000
70698  1.978  -16.120  50.994 0.0000000000
69511  1.375  -16.537  50.366 0.0000000000
69530  0.929  -16.760  49.899 0.0000000000
71946  -0.221  -15.384  51.780 0.0000000000
70700  0.070  -15.610  50.755 0.0000000000
69551  0.746  -16.633  49.519 0.0000000000
70750  0.677  -16.398  48.811 0.0000000000
162887  0.262  -15.316  48.775 0.0000000000
71994  -0.068  -14.868  48.006 0.0000000000
169016  14.938  -21.510  54.754 0.0000000000
161388  14.336  -20.812  54.863 0.0000000000
64995  14.421  -20.868  54.002 0.0000000000
182278  14.208  -20.206  52.894 0.0000000000
63882  20.369  -21.129  49.552 0.0000000000
70665  23.011  -16.053  52.997 0.0000000000
66147  22.615  -18.346  50.553 0.0000000000
66148  22.400  -19.028  50.767 0.0000000000
66134  22.277  -19.103  51.497 0.0000000000
65042  21.977  -19.549  50.377 0.0000000000
63866  20.826  -20.820  50.193 0.0000000000
63868  19.856  -21.935  50.724 0.0000000000
62678  20.238  -22.039  52.618 0.0000000000
61368  20.016  -23.226  54.027 0.0000000000
61369  19.718  -23.766  54.505 0.0000000000
166086  20.280  -19.491  55.651 0.0000000000
63799  20.548  -20.799  55.227 0.0000000000
63800  20.015  -21.272  55.394 0.0000000000
183088  20.064  -22.043  55.260 0.0000000000
61359  19.622  -23.547  55.600 0.0000000000
61346  19.083  -23.200  56.064 0.0000000000
61347  18.172  -22.984  56.118 0.0000000000
62664  17.633  -21.785  54.562 0.0000000000
62654  17.469  -22.336  55.170 0.0000000000
61360  17.275  -22.889  55.785 0.0000000000
62691  2.540  -21.866  50.540 0.0000000000
63873  3.792  -21.548  51.051 0.0000000000
163870  4.888  -21.373  51.201 0.0000000000
63855  5.477  -21.358  51.675 0.0000000000
63825  3.254  -20.630  53.862 0.0000000000
63824  3.894  -20.815  53.627 0.0000000000
166847  4.296  -20.982  52.780 0.0000000000
166848  5.277  -21.342  52.590 0.0000000000
63839  5.964  -21.307  52.153 0.0000000000
63838  6.509  -21.193  52.208 0.0000000000
176649  7.804  -20.442  53.066 0.0000000000
156835  8.731  -19.379  53.937 0.0000000000
181871  8.816  -18.838  54.340 0.0000000000
69460  8.050  -16.994  55.325 0.0000000000
156735  7.284  -16.725  55.596 0.0000000000
63769  5.734  -21.368  59.066 0.0000000000
64974  7.153  -20.903  59.458 0.0000000000
64977  6.926  -20.839  59.128 0.0000000000
63771  6.610  -20.812  58.581 0.0000000000
64979  7.349  -20.484  58.517 0.0000000000
68315  8.564  -17.413  60.573 0.0000000000
68316  8.028  -17.643  60.778 0.0000000000
67211  7.649  -17.958  60.475 0.0000000000
177954  7.285  -17.061  60.150 0.0000000000
68325  7.408  -17.597  60.153 0.0000000000
67214  7.521  -18.498  60.091 0.0000000000
67217  7.545  -18.698  59.147 0.0000000000
66099  7.705  -19.150  58.507 0.0000000000
66102  7.928  -19.146  57.697 0.0000000000
67222  7.906  -18.328  57.431 0.0000000000
69450  7.071  -17.065  57.163 0.0000000000
68340  7.698  -17.333  56.576 0.0000000000
69455  7.082  -16.858  56.375 0.0000000000
69456  6.368  -16.677  55.954 0.0000000000
70633  3.905  -15.503  56.493 0.0000000000
71896  4.267  -15.518  57.726 0.0000000000
71897  4.038  -14.911  57.193 0.0000000000
74375  3.875  -12.810  56.621 0.0000000000
74370  5.587  -12.625  58.361 0.0000000000
74371  5.009  -12.653  57.861 0.0000000000
75518  5.431  -11.792  57.996 0.0000000000
75521  4.808  -11.930  57.476 0.0000000000
75522  4.214  -12.085  56.814 0.0000000000
76685  3.981  -11.508  56.308 0.0000000000
64996  13.978  -20.195  54.322 0.0000000000
63885  17.546  -21.381  48.743 0.0000000000
156395  17.112  -21.019  48.329 0.0000000000
62716  16.342  -22.126  48.867 0.0000000000
58724  5.662  -24.288  54.615 0.0000000000
58739  4.788  -24.072  53.629 0.0000000000
62721  2.795  -22.132  48.956 0.0000000000
63888  5.836  -21.563  50.059 0.0000000000
63904  5.999  -21.639  49.306 0.0000000000
62735  5.609  -21.896  48.225 0.0000000000
63914  6.739  -21.367  48.269 0.0000000000
62734  6.149  -21.726  47.872 0.0000000000
62766  4.837  -22.101  46.790 0.0000000000
62780  4.285  -22.053  45.923 0.0000000000
185418  6.185  -21.993  44.276 0.0000000000
61505  5.698  -22.645  40.775 0.0000000000
69481  7.016  -16.318  53.237 0.0000000000
69496  7.596  -16.541  51.898 0.0000000000
69490  6.044  -16.344  52.085 0.0000000000
69495  8.134  -16.834  51.444 0.0000000000
68395  8.614  -17.362  50.290 0.0000000000
68417  8.842  -17.471  48.666 0.0000000000
67305  9.201  -18.593  47.655 0.0000000000
70711  4.531  -15.999  49.908 0.0000000000
70730  5.691  -16.184  49.181 0.0000000000
178415  6.471  -16.258  48.888 0.0000000000
69578  7.192  -16.213  46.842 0.0000000000
69564  7.222  -16.263  47.674 0.0000000000
69563  7.852  -16.601  47.969 0.0000000000
68424  8.646  -17.340  47.363 0.0000000000
171991  9.060  -18.078  47.305 0.0000000000
66204  8.772  -19.079  46.226 0.0000000000
166956  8.676  -19.079  45.553 0.0000000000
65119  8.006  -20.170  43.521 0.0000000000
66247  8.421  -19.325  43.412 0.0000000000
63954  7.746  -20.551  42.768 0.0000000000
63962  7.110  -21.491  41.493 0.0000000000
62849  6.142  -22.327  40.487 0.0000000000
61522  5.597  -22.670  40.114 0.0000000000
61538  5.555  -22.671  39.232 0.0000000000
176240  5.055  -22.918  37.961 0.0000000000
61560  5.130  -22.708  37.269 0.0000000000
68499  6.448  -17.720  40.461 0.0000000000
68500  5.982  -17.730  40.157 0.0000000000
66327  5.370  -19.010  38.753 0.0000000000
67400  4.745  -18.131  39.615 0.0000000000
66343  4.968  -19.519  38.208 0.0000000000
65207  5.021  -20.413  37.194 0.0000000000
80523  1.847  -8.810  53.205 0.0000000000
79162  1.682  -9.339  52.902 0.0000000000
172394  2.223  -10.794  52.607 0.0000000000
79174  2.025  -9.315  52.133 0.0000000000
77917  2.294  -10.245  52.193 0.0000000000
75560  1.985  -11.967  52.200 0.0000000000
74426  1.903  -12.780  51.302 0.0000000000
74436  1.253  -13.221  50.818 0.0000000000
75575  3.223  -11.984  50.868 0.0000000000
74435  2.014  -12.963  50.579 0.0000000000
74450  1.304  -13.427  50.047 0.0000000000
73231  0.769  -13.840  49.457 0.0000000000
73266  -0.088  -13.770  48.281 0.0000000000
74477  -0.153  -13.638  47.630 0.0000000000
75598  4.455  -11.862  49.274 0.0000000000
74458  3.804  -12.848  48.325 0.0000000000
75613  4.324  -12.382  47.884 0.0000000000
74475  3.005  -13.214  47.892 0.0000000000
74476  2.111  -13.319  48.186 0.0000000000
158472  1.314  -13.089  47.684 0.0000000000
74494  -0.009  -13.659  46.984 0.0000000000
72015  -0.273  -14.805  46.533 0.0000000000
164198  -0.185  -14.733  45.879 0.0000000000
70790  0.373  -15.510  45.012 0.0000000000
70806  0.661  -15.554  44.338 0.0000000000
73311  0.518  -14.346  44.309 0.0000000000
72051  0.591  -15.066  43.957 0.0000000000
162770  1.169  -15.783  43.201 0.0000000000
69663  1.105  -16.124  41.911 0.0000000000
69674  1.132  -16.598  41.396 0.0000000000
68488  0.599  -16.941  40.596 0.0000000000
75665  3.606  -12.415  43.089 0.0000000000
73328  2.772  -13.494  42.234 0.0000000000
72074  1.624  -14.874  41.252 0.0000000000
70846  1.002  -15.637  41.122 0.0000000000
68505  0.396  -17.132  39.679 0.0000000000
58693  14.306  -24.604  56.943 0.0000000000
58707  15.478  -25.207  55.584 0.0000000000
59985  14.343  -23.839  57.792 0.0000000000
59991  8.071  -24.117  58.968 0.0000000000
59995  15.425  -23.947  57.462 0.0000000000
60006  15.230  -24.290  57.514 0.0000000000
60019  16.472  -23.879  56.576 0.0000000000
60294  3.952  -23.461  38.253 0.0000000000
60314  3.734  -23.488  37.511 0.0000000000
61311  13.314  -22.383  58.220 0.0000000000
61313  11.811  -22.242  58.535 0.0000000000
61317  7.442  -22.792  59.708 0.0000000000
61321  13.912  -22.852  58.070 0.0000000000
61323  12.227  -22.802  58.036 0.0000000000
61337  16.136  -23.635  56.681 0.0000000000
61392  16.663  -23.763  50.272 0.0000000000
61523  4.920  -22.947  39.809 0.0000000000
61539  4.846  -23.042  39.074 0.0000000000
61551  5.746  -22.487  38.509 0.0000000000
61552  5.266  -22.843  38.520 0.0000000000
62610  9.573  -21.864  59.935 0.0000000000
62615  13.324  -21.843  58.412 0.0000000000
62617  11.530  -21.882  58.880 0.0000000000
62624  14.069  -22.447  58.172 0.0000000000
62627  14.950  -22.813  57.438 0.0000000000
62628  5.181  -21.390  58.661 0.0000000000
62630  15.662  -23.132  56.737 0.0000000000
62640  19.284  -22.488  55.910 0.0000000000
62680  19.420  -23.267  51.133 0.0000000000
62718  5.452  -21.866  48.842 0.0000000000
62720  4.122  -21.997  49.203 0.0000000000
62737  4.058  -22.076  48.116 0.0000000000
62804  6.592  -21.736  43.971 0.0000000000
62828  6.595  -22.117  41.719 0.0000000000
62839  6.631  -21.942  40.954 0.0000000000
62848  6.613  -21.753  40.158 0.0000000000
62859  6.627  -21.595  39.331 0.0000000000
62871  6.603  -21.416  38.494 0.0000000000
63757  11.767  -21.501  59.078 0.0000000000
63762  13.645  -20.841  58.315 0.0000000000
63765  6.742  -21.275  59.500 0.0000000000
63767  14.034  -21.748  58.104 0.0000000000
63821  6.647  -21.138  53.358 0.0000000000
63872  4.414  -21.495  50.924 0.0000000000
63903  6.663  -21.362  49.008 0.0000000000
63924  6.792  -21.376  47.515 0.0000000000
63938  6.972  -21.232  45.182 0.0000000000
63949  7.072  -21.283  43.650 0.0000000000
64035  5.319  -20.948  36.945 0.0000000000
64964  8.979  -19.511  60.860 0.0000000000
64966  10.732  -20.473  60.133 0.0000000000
64970  13.520  -19.845  58.283 0.0000000000
64971  12.907  -20.028  58.740 0.0000000000
64978  13.962  -20.456  57.810 0.0000000000
64998  7.863  -20.441  54.596 0.0000000000
65009  8.418  -19.958  53.463 0.0000000000
65037  7.759  -20.511  51.413 0.0000000000
65052  8.480  -20.222  49.465 0.0000000000
65055  21.659  -19.127  48.870 0.0000000000
65060  7.904  -20.596  49.087 0.0000000000
65083  8.085  -20.363  46.885 0.0000000000
65103  8.501  -19.464  44.989 0.0000000000
65112  7.913  -20.248  44.259 0.0000000000
65126  8.187  -19.870  42.722 0.0000000000
65138  8.164  -19.615  42.067 0.0000000000
65149  7.783  -19.939  40.836 0.0000000000
65162  7.527  -20.129  40.135 0.0000000000
65189  6.745  -20.350  38.412 0.0000000000
65190  6.237  -20.201  37.997 0.0000000000
65191  5.432  -20.052  37.805 0.0000000000
66084  12.766  -18.904  58.725 0.0000000000
66098  13.545  -19.010  58.144 0.0000000000
66100  14.048  -19.792  57.425 0.0000000000
66120  8.890  -19.313  53.044 0.0000000000
66142  9.207  -19.033  51.664 0.0000000000
66155  9.027  -19.774  50.585 0.0000000000
66160  9.270  -19.218  50.121 0.0000000000
66168  8.944  -19.831  49.036 0.0000000000
66232  8.583  -19.015  44.313 0.0000000000
66281  7.977  -19.414  41.488 0.0000000000
66312  7.328  -20.016  39.612 0.0000000000
66313  7.138  -18.861  40.066 0.0000000000
66325  6.934  -19.799  39.038 0.0000000000
66344  4.068  -19.453  38.115 0.0000000000
67205  9.428  -17.989  60.372 0.0000000000
67207  12.428  -17.758  59.004 0.0000000000
67208  11.955  -17.390  59.450 0.0000000000
67212  12.813  -18.301  58.541 0.0000000000
67220  13.718  -18.582  57.665 0.0000000000
67239  8.911  -17.986  53.538 0.0000000000
67245  9.087  -18.256  52.457 0.0000000000
67250  22.589  -17.785  51.761 0.0000000000
67267  9.224  -18.430  51.199 0.0000000000
67283  9.361  -18.579  49.636 0.0000000000
67293  9.360  -18.748  48.813 0.0000000000
67315  8.886  -18.412  46.468 0.0000000000
67357  8.394  -18.688  42.914 0.0000000000
67373  8.171  -18.913  42.094 0.0000000000
67374  7.787  -18.354  41.768 0.0000000000
67385  7.469  -18.845  40.595 0.0000000000
67399  5.653  -18.068  39.671 0.0000000000
67413  6.712  -19.033  39.449 0.0000000000
67414  5.982  -18.635  39.272 0.0000000000
67415  4.614  -18.712  39.039 0.0000000000
68318  11.819  -17.273  59.746 0.0000000000
68324  12.368  -17.223  59.162 0.0000000000
68326  12.967  -17.938  58.349 0.0000000000
68339  8.245  -17.615  55.915 0.0000000000
68348  8.633  -17.482  54.074 0.0000000000
68350  21.599  -17.224  52.873 0.0000000000
68363  8.621  -17.263  52.584 0.0000000000
68383  8.561  -17.309  51.073 0.0000000000
68394  9.122  -17.883  49.963 0.0000000000
68406  8.734  -17.399  49.493 0.0000000000
68416  9.230  -18.183  48.203 0.0000000000
68436  8.584  -17.641  45.633 0.0000000000
68452  8.411  -17.836  44.110 0.0000000000
68459  7.701  -17.431  42.931 0.0000000000
68469  7.516  -17.677  42.106 0.0000000000
68470  6.890  -17.251  41.755 0.0000000000
68471  6.179  -16.901  41.457 0.0000000000
68484  4.906  -17.176  40.705 0.0000000000
69432  9.761  -16.719  59.969 0.0000000000
69436  9.490  -16.181  60.144 0.0000000000
69439  7.404  -16.635  60.265 0.0000000000
69440  12.166  -16.869  59.351 0.0000000000
69442  12.253  -16.524  59.155 0.0000000000
69448  12.803  -16.787  58.217 0.0000000000
69473  22.616  -16.325  53.323 0.0000000000
69479  8.319  -16.913  53.795 0.0000000000
69488  7.695  -16.512  52.744 0.0000000000
69497  6.797  -16.415  51.561 0.0000000000
69499  0.661  -16.334  51.238 0.0000000000
69508  8.155  -16.891  50.624 0.0000000000
69512  0.767  -16.564  50.570 0.0000000000
69527  5.773  -16.305  49.893 0.0000000000
69531  0.621  -16.472  50.093 0.0000000000
69542  8.341  -16.961  49.038 0.0000000000
69543  7.701  -16.633  49.402 0.0000000000
69547  3.484  -16.424  48.551 0.0000000000
69549  1.782  -16.835  48.901 0.0000000000
69562  8.431  -17.027  48.162 0.0000000000
69567  2.881  -16.885  47.889 0.0000000000
69577  7.812  -16.570  47.207 0.0000000000
69580  4.881  -16.620  47.226 0.0000000000
69594  4.805  -17.051  45.974 0.0000000000
69596  3.018  -17.365  46.264 0.0000000000
69598  1.547  -16.777  46.686 0.0000000000
69603  7.782  -16.681  45.650 0.0000000000
69605  5.984  -16.297  45.402 0.0000000000
69617  7.702  -16.906  44.249 0.0000000000
69620  4.074  -15.925  44.545 0.0000000000
69622  2.250  -16.100  44.903 0.0000000000
69629  7.406  -16.821  43.751 0.0000000000
69644  6.611  -16.556  42.911 0.0000000000
69647  4.306  -16.028  42.462 0.0000000000
69648  2.793  -16.214  42.919 0.0000000000
69650  1.321  -15.977  42.651 0.0000000000
70609  11.274  -15.906  59.711 0.0000000000
70612  9.105  -15.641  60.358 0.0000000000
70615  12.054  -15.892  59.275 0.0000000000
70621  6.539  -16.129  59.255 0.0000000000
70625  12.319  -15.903  58.693 0.0000000000
70628  12.624  -16.301  58.302 0.0000000000
70641  3.854  -15.655  54.899 0.0000000000
70663  0.185  -15.600  53.246 0.0000000000
70664  -0.052  -15.581  52.935 0.0000000000
70685  1.206  -16.192  51.536 0.0000000000
70686  0.300  -16.012  51.692 0.0000000000
70687  0.014  -15.788  51.452 0.0000000000
70694  5.197  -16.223  50.997 0.0000000000
70699  1.094  -16.446  50.942 0.0000000000
70710  5.206  -16.152  49.711 0.0000000000
70712  3.789  -15.982  49.760 0.0000000000
70715  0.269  -15.868  50.114 0.0000000000
70731  4.844  -16.075  49.184 0.0000000000
70733  3.253  -16.259  49.249 0.0000000000
70734  0.436  -16.140  49.474 0.0000000000
70766  0.157  -15.396  46.728 0.0000000000
70789  1.116  -15.810  44.071 0.0000000000
70805  0.859  -15.594  43.645 0.0000000000
70817  1.158  -15.816  42.542 0.0000000000
71875  10.931  -15.658  59.748 0.0000000000
71876  10.471  -14.974  60.080 0.0000000000
71883  8.935  -14.240  60.002 0.0000000000
71889  5.797  -15.208  58.984 0.0000000000
71890  11.963  -15.341  58.852 0.0000000000
71908  1.168  -14.772  55.232 0.0000000000
71909  0.343  -14.663  55.268 0.0000000000
71920  1.773  -15.072  54.428 0.0000000000
71923  -0.121  -14.785  54.394 0.0000000000
71924  23.346  -15.512  53.504 0.0000000000
71932  0.397  -15.370  53.842 0.0000000000
71939  -0.248  -15.352  52.539 0.0000000000
71945  0.007  -14.742  51.225 0.0000000000
71951  -0.159  -15.388  51.182 0.0000000000
72027  0.027  -14.954  45.258 0.0000000000
72050  0.822  -15.119  43.303 0.0000000000
72087  1.799  -14.951  40.669 0.0000000000
73155  10.379  -13.940  59.863 0.0000000000
73161  11.125  -14.257  58.967 0.0000000000
73175  -0.273  -13.105  56.039 0.0000000000
73188  -0.213  -13.854  55.618 0.0000000000
73201  -0.272  -14.702  53.804 0.0000000000
73210  0.190  -14.061  51.590 0.0000000000
73267  -0.419  -14.220  47.840 0.0000000000
73282  -0.413  -14.185  47.134 0.0000000000
73319  1.499  -13.637  43.444 0.0000000000
74360  9.566  -13.196  59.631 0.0000000000
74362  8.644  -13.104  59.469 0.0000000000
74377  0.542  -11.923  57.521 0.0000000000
74388  0.699  -12.587  57.256 0.0000000000
74389  0.081  -12.625  57.193 0.0000000000
74414  -0.320  -13.831  54.157 0.0000000000
74437  0.677  -13.565  51.179 0.0000000000
74460  1.902  -13.350  48.977 0.0000000000
74474  3.674  -12.875  47.497 0.0000000000
74493  0.617  -13.146  47.174 0.0000000000
74505  0.344  -13.428  46.565 0.0000000000
74513  1.650  -12.772  45.146 0.0000000000
74514  0.913  -13.243  45.495 0.0000000000
74515  0.433  -13.533  46.032 0.0000000000
74521  1.612  -12.978  44.544 0.0000000000
75523  0.825  -11.545  57.662 0.0000000000
75533  -0.150  -12.583  56.906 0.0000000000
75540  0.119  -11.895  56.851 0.0000000000
75548  0.303  -11.826  55.739 0.0000000000
75549  -0.215  -12.687  55.366 0.0000000000
75554  0.947  -11.824  54.033 0.0000000000
75562  0.655  -12.603  53.019 0.0000000000
75568  1.606  -12.484  51.949 0.0000000000
75585  4.071  -12.080  49.813 0.0000000000
75597  4.828  -11.553  48.677 0.0000000000
75623  5.640  -11.533  46.827 0.0000000000
75625  4.218  -12.394  47.139 0.0000000000
75648  3.200  -12.255  44.381 0.0000000000
76687  1.548  -11.306  56.712 0.0000000000
76688  1.022  -11.308  57.244 0.0000000000
76689  0.581  -11.522  57.303 0.0000000000
76698  1.371  -11.198  56.306 0.0000000000
76706  1.427  -11.276  54.442 0.0000000000
76753  5.323  -11.191  48.087 0.0000000000
76793  5.390  -11.611  44.122 0.0000000000
77910  1.874  -10.065  52.968 0.0000000000
77946  5.747  -10.637  47.753 0.0000000000
79156  1.797  -9.537  53.459 0.0000000000
79201  3.729  -9.820  49.624 0.0000000000
79212  4.096  -9.562  49.050 0.0000000000
80499  3.197  -9.068  54.919 0.0000000000
80568  2.480  -8.937  49.596 0.0000000000
157124  6.406  -16.145  47.266 0.0000000000
157469  3.763  -22.019  45.439 0.0000000000
158033  15.741  -25.445  55.141 0.0000000000
158431  6.395  -16.219  45.833 0.0000000000
160091  3.036  -12.735  43.195 0.0000000000
160192  14.726  -21.026  56.767 0.0000000000
160822  7.281  -16.369  48.592 0.0000000000
161070  11.527  -15.392  59.539 0.0000000000
161511  0.223  -14.434  44.860 0.0000000000
161859  0.581  -16.082  40.536 0.0000000000
161955  1.559  -15.949  44.240 0.0000000000
162144  7.510  -16.579  50.936 0.0000000000
162576  5.583  -16.181  44.838 0.0000000000
162775  4.082  -15.801  57.237 0.0000000000
163037  11.562  -17.043  59.936 0.0000000000
164078  14.994  -22.345  56.967 0.0000000000
167305  3.647  -15.792  51.162 0.0000000000
167521  14.900  -24.012  57.681 0.0000000000
167703  0.253  -15.376  49.478 0.0000000000
167909  -0.200  -14.367  48.491 0.0000000000
168109  14.149  -20.343  57.382 0.0000000000
169021  8.777  -18.073  45.902 0.0000000000
169691  11.906  -16.531  59.486 0.0000000000
170111  5.526  -22.573  37.934 0.0000000000
170306  13.146  -20.088  58.557 0.0000000000
173459  10.823  -16.306  59.799 0.0000000000
176252  8.264  -16.878  47.498 0.0000000000
176541  8.639  -19.890  47.413 0.0000000000
176698  3.302  -12.404  50.580 0.0000000000
177548  6.489  -22.209  42.385 0.0000000000
177720  5.186  -11.829  45.682 0.0000000000
177809  2.799  -10.176  54.497 0.0000000000
178766  7.519  -20.805  43.386 0.0000000000
178809  2.890  -17.343  45.871 0.0000000000
179416  5.642  -22.174  44.170 0.0000000000
181001  14.261  -23.382  57.966 0.0000000000
181540  0.430  -15.662  48.201 0.0000000000
182271  5.285  -11.816  46.286 0.0000000000
182329  6.280  -16.342  49.484 0.0000000000
182710  4.844  -11.868  44.426 0.0000000000
182757  11.865  -15.750  59.533 0.0000000000
183537  1.321  -13.526  49.404 0.0000000000
183900  9.960  -17.028  59.884 0.0000000000
184726  2.647  -22.137  48.312 0.0000000000
184759  12.984  -23.820  57.006 0.0000000000
185124  8.420  -20.164  47.864 0.0000000000
185440  4.524  -22.074  46.388 0.0000000000
185454  3.903  -18.126  39.858 0.0000000000
185543  14.667  -21.162  55.285 0.0000000000
185714  5.729  -13.165  58.626 0.0000000000
186010  3.326  -14.078  56.099 0.0000000000
186342  8.140  -20.056  44.727 0.0000000000
186505  12.280  -17.129  59.607 0.0000000000
186523  7.574  -17.094  43.388 0.0000000000
187196  2.737  -13.173  42.776 0.0000000000
187359  3.008  -10.471  54.694 0.0000000000
188101  6.440  -20.837  56.697 0.0000000000
188142  5.928  -16.138  48.508 0.0000000000
188268  3.096  -16.726  41.914 0.0000000000
189017  15.038  -23.717  57.632 0.0000000000
