#!ascii label  , from subject sub-v2s13x29126_ses-1 vox2ras=TkReg
1523
73485  25.678  -13.899  32.045 0.0000000000
180000  41.895  3.408  16.907 0.0000000000
84633  32.227  -5.305  22.132 0.0000000000
60245  11.970  -23.753  42.110 0.0000000000
78122  20.256  -10.390  36.461 0.0000000000
92648  31.684  0.312  22.306 0.0000000000
168175  18.354  -21.029  37.502 0.0000000000
60258  16.008  -23.454  41.793 0.0000000000
66405  20.542  -19.192  35.562 0.0000000000
170695  46.681  3.498  16.526 0.0000000000
78222  26.735  -10.268  30.618 0.0000000000
187592  28.751  -9.577  27.577 0.0000000000
73483  30.964  -14.268  31.446 0.0000000000
103500  43.798  8.125  15.560 0.0000000000
101022  48.243  7.120  13.300 0.0000000000
97425  37.907  4.383  19.990 0.0000000000
91623  41.308  -0.859  19.024 0.0000000000
91628  36.323  0.160  19.968 0.0000000000
87146  36.349  -4.161  22.112 0.0000000000
72184  24.271  -14.229  35.331 0.0000000000
55182  9.745  -26.826  45.261 0.0000000000
57463  5.030  -25.945  47.176 0.0000000000
57413  3.794  -25.587  51.508 0.0000000000
185837  22.938  -10.696  33.097 0.0000000000
70955  21.772  -15.255  35.547 0.0000000000
84588  28.500  -5.488  25.039 0.0000000000
80866  33.218  -8.654  27.203 0.0000000000
106860  50.883  11.242  11.338 0.0000000000
173219  43.971  3.491  16.664 0.0000000000
162939  44.718  1.299  18.360 0.0000000000
161948  27.488  -12.434  31.086 0.0000000000
74712  27.831  -12.905  29.257 0.0000000000
72269  27.715  -15.062  31.050 0.0000000000
99706  40.816  5.875  17.680 0.0000000000
102252  42.431  7.855  17.828 0.0000000000
98610  42.363  5.387  16.316 0.0000000000
98624  44.939  5.257  15.381 0.0000000000
55062  0.534  -27.019  51.402 0.0000000000
95065  37.068  2.347  19.440 0.0000000000
96236  34.712  3.145  21.124 0.0000000000
173168  32.251  -2.775  21.774 0.0000000000
89445  34.286  -2.353  21.295 0.0000000000
163564  34.082  -4.557  21.991 0.0000000000
83371  35.532  -6.743  24.505 0.0000000000
60260  13.909  -23.884  41.351 0.0000000000
57513  15.393  -25.304  43.741 0.0000000000
56361  13.379  -26.043  42.949 0.0000000000
163576  12.418  -27.479  46.060 0.0000000000
168489  10.850  -25.553  43.232 0.0000000000
60197  6.941  -24.238  46.470 0.0000000000
57435  4.854  -25.883  49.757 0.0000000000
79442  21.531  -9.658  34.781 0.0000000000
73463  21.497  -13.166  34.003 0.0000000000
73465  19.968  -13.113  34.219 0.0000000000
62855  21.118  -22.374  38.826 0.0000000000
65184  22.875  -20.174  38.275 0.0000000000
167094  31.717  -10.177  30.231 0.0000000000
80847  31.277  -9.281  27.983 0.0000000000
163486  33.612  3.252  22.998 0.0000000000
91572  31.122  -0.405  23.827 0.0000000000
88287  30.764  -3.290  23.004 0.0000000000
61533  19.149  -23.124  39.055 0.0000000000
60255  18.577  -23.751  41.613 0.0000000000
157375  17.268  -23.033  39.523 0.0000000000
61521  15.186  -22.328  40.229 0.0000000000
63968  13.489  -21.520  41.337 0.0000000000
72186  19.074  -14.925  35.260 0.0000000000
70935  18.391  -15.861  36.818 0.0000000000
65229  19.957  -20.192  36.445 0.0000000000
82004  26.680  -7.350  30.759 0.0000000000
165461  26.361  -7.299  28.136 0.0000000000
78268  26.563  -10.071  28.453 0.0000000000
75856  30.017  -12.142  29.172 0.0000000000
105749  47.362  10.251  13.301 0.0000000000
102279  45.573  7.674  14.210 0.0000000000
185898  47.631  5.349  14.636 0.0000000000
97463  39.415  3.745  17.874 0.0000000000
92708  41.099  0.897  17.886 0.0000000000
95082  38.790  1.867  18.262 0.0000000000
161780  38.550  -0.325  19.124 0.0000000000
90534  38.131  -1.495  20.893 0.0000000000
92661  33.872  0.682  20.913 0.0000000000
90537  35.566  -1.518  20.918 0.0000000000
70989  24.970  -15.027  33.530 0.0000000000
158701  27.965  -15.935  33.979 0.0000000000
98558  39.544  5.125  19.848 0.0000000000
176330  11.091  -22.974  44.051 0.0000000000
58850  9.049  -24.508  44.021 0.0000000000
56302  7.062  -26.560  45.502 0.0000000000
53909  5.760  -28.180  48.064 0.0000000000
53912  3.379  -28.054  48.133 0.0000000000
56245  2.661  -26.391  49.398 0.0000000000
58788  1.333  -24.903  50.776 0.0000000000
60098  0.724  -23.691  52.762 0.0000000000
166981  24.174  -12.307  32.802 0.0000000000
178252  23.517  -13.437  33.283 0.0000000000
73429  22.928  -13.415  35.618 0.0000000000
68575  21.707  -17.154  35.086 0.0000000000
84612  29.994  -5.821  23.461 0.0000000000
82093  27.890  -7.754  26.072 0.0000000000
80911  30.030  -8.057  24.789 0.0000000000
82138  32.866  -7.503  24.184 0.0000000000
70966  30.683  -15.506  34.324 0.0000000000
105773  52.314  10.468  9.212 0.0000000000
104693  48.995  9.449  11.258 0.0000000000
102321  50.917  7.813  9.985 0.0000000000
96320  42.483  3.291  16.802 0.0000000000
95103  43.893  2.236  17.533 0.0000000000
95104  43.108  2.102  17.406 0.0000000000
183060  26.350  -13.586  31.921 0.0000000000
73497  27.302  -14.029  30.819 0.0000000000
72252  26.490  -14.732  31.609 0.0000000000
97461  40.732  4.407  17.133 0.0000000000
99714  41.431  5.487  16.849 0.0000000000
98598  42.168  4.688  16.501 0.0000000000
97499  43.233  4.272  16.279 0.0000000000
56232  0.151  -26.348  51.665 0.0000000000
97416  35.777  3.930  21.252 0.0000000000
97392  35.159  4.556  22.702 0.0000000000
87151  31.947  -3.874  22.032 0.0000000000
87149  33.397  -3.826  21.724 0.0000000000
84631  33.744  -5.305  22.214 0.0000000000
159826  34.999  -5.668  22.849 0.0000000000
84622  34.081  -5.960  22.813 0.0000000000
60261  13.161  -23.898  41.470 0.0000000000
57534  13.682  -25.550  42.506 0.0000000000
58871  12.533  -25.100  42.226 0.0000000000
57516  11.847  -25.819  43.005 0.0000000000
58873  11.405  -24.767  42.657 0.0000000000
163764  20.896  -9.957  35.987 0.0000000000
76903  19.911  -11.289  34.249 0.0000000000
76904  19.433  -11.636  34.924 0.0000000000
61499  21.094  -22.966  40.927 0.0000000000
85827  27.445  -5.000  29.386 0.0000000000
79505  32.480  -9.233  31.201 0.0000000000
89410  30.806  -1.833  23.450 0.0000000000
176452  30.791  -2.402  24.724 0.0000000000
61549  18.608  -22.586  38.096 0.0000000000
61534  18.476  -22.995  38.812 0.0000000000
62856  17.353  -22.423  38.403 0.0000000000
65171  15.890  -20.858  39.182 0.0000000000
65161  15.031  -20.470  40.206 0.0000000000
62837  14.083  -21.902  40.701 0.0000000000
73402  18.356  -14.215  36.976 0.0000000000
66339  18.737  -19.277  37.855 0.0000000000
66359  19.032  -19.323  37.077 0.0000000000
64018  18.841  -20.681  37.213 0.0000000000
62880  19.376  -21.728  37.277 0.0000000000
80829  25.986  -8.671  29.538 0.0000000000
78252  26.218  -9.920  29.871 0.0000000000
73510  28.982  -14.221  29.911 0.0000000000
74710  28.988  -13.063  29.112 0.0000000000
165977  30.573  -13.613  30.545 0.0000000000
174611  31.749  -12.130  31.277 0.0000000000
74650  32.171  -12.941  32.574 0.0000000000
103491  43.104  8.186  16.832 0.0000000000
104683  45.677  9.287  14.466 0.0000000000
102271  44.995  7.916  14.484 0.0000000000
97495  45.807  4.175  15.937 0.0000000000
99726  46.484  5.369  14.907 0.0000000000
97494  47.147  4.221  15.594 0.0000000000
97449  38.367  3.757  18.791 0.0000000000
182297  38.830  2.620  18.242 0.0000000000
96283  38.270  3.040  18.659 0.0000000000
93845  36.573  1.222  19.570 0.0000000000
167586  36.996  0.968  19.215 0.0000000000
91627  37.036  -0.135  19.674 0.0000000000
90552  38.272  -1.151  20.249 0.0000000000
161932  37.028  -0.762  20.165 0.0000000000
160450  32.460  1.709  22.586 0.0000000000
93825  33.164  1.812  21.568 0.0000000000
162470  32.785  0.227  21.518 0.0000000000
88303  35.206  -3.693  21.665 0.0000000000
89444  35.115  -2.324  21.162 0.0000000000
88318  36.317  -2.927  21.437 0.0000000000
88317  37.086  -2.847  21.564 0.0000000000
70972  24.687  -14.874  34.473 0.0000000000
183905  25.932  -15.620  34.663 0.0000000000
98560  38.380  4.776  20.407 0.0000000000
98570  38.450  4.577  19.730 0.0000000000
98582  39.201  4.614  18.650 0.0000000000
165915  17.299  -23.439  41.361 0.0000000000
60243  16.677  -23.648  42.862 0.0000000000
55181  11.138  -27.075  45.462 0.0000000000
166542  11.553  -27.427  46.791 0.0000000000
171757  10.383  -27.199  46.588 0.0000000000
55129  9.020  -27.418  46.814 0.0000000000
61451  10.346  -22.975  45.438 0.0000000000
60217  9.889  -23.629  44.013 0.0000000000
60204  8.907  -23.284  44.904 0.0000000000
58822  6.418  -24.793  46.625 0.0000000000
58843  6.933  -25.081  45.275 0.0000000000
56284  5.972  -26.454  46.020 0.0000000000
176060  6.590  -27.289  46.393 0.0000000000
55134  4.998  -27.372  47.011 0.0000000000
53910  4.981  -28.238  47.861 0.0000000000
56273  4.461  -27.016  47.118 0.0000000000
57423  4.637  -25.751  50.608 0.0000000000
56244  3.467  -26.414  49.164 0.0000000000
57425  3.148  -25.772  50.778 0.0000000000
187473  1.715  -25.714  49.879 0.0000000000
57414  3.011  -25.312  51.532 0.0000000000
79456  24.470  -9.927  33.701 0.0000000000
78188  24.908  -11.351  33.270 0.0000000000
76934  23.567  -11.818  32.911 0.0000000000
73475  23.960  -13.395  32.861 0.0000000000
74653  22.889  -12.555  33.056 0.0000000000
73447  21.947  -13.778  34.989 0.0000000000
73446  22.519  -13.364  34.870 0.0000000000
72185  21.945  -14.158  35.605 0.0000000000
162728  19.389  -16.434  35.095 0.0000000000
177683  20.101  -16.191  34.564 0.0000000000
187251  21.433  -18.583  35.148 0.0000000000
65183  23.315  -19.711  38.778 0.0000000000
92694  41.369  0.289  18.182 0.0000000000
91633  43.247  -0.151  18.696 0.0000000000
90560  43.140  -1.044  19.627 0.0000000000
87119  29.325  -4.391  25.032 0.0000000000
85876  29.581  -4.664  24.358 0.0000000000
84613  29.461  -5.386  24.089 0.0000000000
80871  27.173  -8.673  27.196 0.0000000000
83332  26.916  -7.158  27.019 0.0000000000
79594  28.427  -8.660  26.733 0.0000000000
80867  32.533  -8.898  27.720 0.0000000000
163101  30.727  -8.736  25.690 0.0000000000
80896  32.100  -8.603  25.644 0.0000000000
82128  31.570  -7.890  24.259 0.0000000000
80894  33.545  -8.103  25.962 0.0000000000
82112  34.002  -7.749  25.449 0.0000000000
161032  29.513  -15.847  34.101 0.0000000000
106864  51.726  11.219  10.414 0.0000000000
103520  47.067  8.847  12.948 0.0000000000
104689  48.086  9.527  12.191 0.0000000000
102297  48.178  8.079  12.451 0.0000000000
163951  50.322  7.510  11.105 0.0000000000
101062  51.976  6.732  10.635 0.0000000000
66340  18.527  -19.592  38.224 0.0000000000
65188  17.749  -20.860  37.950 0.0000000000
96317  45.546  3.319  16.833 0.0000000000
95099  47.063  2.540  17.823 0.0000000000
95101  45.485  2.318  17.871 0.0000000000
76963  27.150  -11.344  30.574 0.0000000000
76979  26.716  -11.034  30.035 0.0000000000
75813  27.342  -12.341  30.189 0.0000000000
73512  27.638  -13.723  30.213 0.0000000000
71021  29.462  -15.204  30.951 0.0000000000
102234  41.975  7.435  18.931 0.0000000000
100969  41.520  6.947  17.819 0.0000000000
102260  42.114  7.251  16.806 0.0000000000
100992  43.065  6.530  15.644 0.0000000000
185162  43.911  6.603  15.154 0.0000000000
98608  43.627  5.374  15.702 0.0000000000
97497  44.379  4.468  15.943 0.0000000000
53842  1.541  -28.068  50.829 0.0000000000
97414  37.132  4.454  20.773 0.0000000000
96264  37.319  3.133  19.492 0.0000000000
97427  36.747  3.897  20.428 0.0000000000
96249  35.801  2.952  20.370 0.0000000000
93835  35.113  1.584  20.313 0.0000000000
90516  31.641  -1.330  22.022 0.0000000000
90539  32.999  -1.479  21.425 0.0000000000
89431  32.667  -2.214  21.614 0.0000000000
87148  34.387  -3.797  21.686 0.0000000000
85897  35.796  -4.622  22.275 0.0000000000
84620  36.288  -5.398  23.163 0.0000000000
84600  36.528  -6.071  24.106 0.0000000000
73399  24.221  -13.712  37.144 0.0000000000
58880  15.272  -23.966  42.042 0.0000000000
58869  15.527  -24.313  42.835 0.0000000000
176002  14.787  -24.713  42.402 0.0000000000
56339  14.484  -26.314  43.678 0.0000000000
55201  14.072  -27.178  44.656 0.0000000000
56318  11.731  -26.698  44.047 0.0000000000
56320  10.234  -26.326  44.188 0.0000000000
60185  8.916  -23.118  46.569 0.0000000000
174887  7.216  -24.094  47.771 0.0000000000
58816  6.100  -24.946  48.302 0.0000000000
57457  4.923  -25.869  47.935 0.0000000000
58806  6.014  -24.934  49.184 0.0000000000
58785  5.630  -24.765  50.887 0.0000000000
58771  4.930  -24.868  51.827 0.0000000000
79458  22.166  -9.682  33.946 0.0000000000
75782  22.109  -11.646  32.982 0.0000000000
76918  20.685  -10.973  33.199 0.0000000000
73464  20.674  -13.206  33.975 0.0000000000
72202  20.987  -14.993  34.517 0.0000000000
64032  21.474  -20.790  36.533 0.0000000000
65203  22.136  -20.430  36.848 0.0000000000
63989  22.262  -21.478  38.858 0.0000000000
90549  41.084  -1.473  20.552 0.0000000000
85860  27.865  -4.916  26.523 0.0000000000
78265  30.310  -10.334  28.582 0.0000000000
79592  29.749  -9.200  27.312 0.0000000000
79533  31.288  -9.508  28.931 0.0000000000
80828  32.097  -8.978  28.955 0.0000000000
107900  50.934  11.797  12.900 0.0000000000
58757  -1.196  -24.287  52.561 0.0000000000
95010  33.209  2.655  23.985 0.0000000000
93793  32.313  1.485  23.959 0.0000000000
92637  31.443  0.482  23.036 0.0000000000
90517  31.201  -1.482  22.422 0.0000000000
187220  31.056  -2.792  22.624 0.0000000000
85902  31.360  -4.301  22.326 0.0000000000
60268  20.082  -23.465  41.152 0.0000000000
60240  19.701  -23.816  42.276 0.0000000000
60284  19.056  -23.542  40.295 0.0000000000
60271  17.977  -23.614  41.054 0.0000000000
60287  16.500  -23.108  40.603 0.0000000000
62857  16.621  -21.960  38.582 0.0000000000
61537  16.162  -22.351  39.233 0.0000000000
158379  15.458  -22.843  40.565 0.0000000000
61502  14.748  -22.738  40.695 0.0000000000
61504  13.415  -22.679  41.133 0.0000000000
62827  12.628  -22.587  41.882 0.0000000000
75731  18.894  -12.199  36.069 0.0000000000
166013  18.570  -13.026  36.504 0.0000000000
72187  18.664  -15.117  35.865 0.0000000000
67488  19.544  -18.038  35.552 0.0000000000
172260  18.448  -16.680  37.643 0.0000000000
67461  19.319  -18.465  36.127 0.0000000000
65250  20.412  -19.818  36.004 0.0000000000
62878  20.577  -21.888  37.420 0.0000000000
61547  20.402  -22.606  38.508 0.0000000000
84529  27.109  -6.125  30.972 0.0000000000
84548  26.619  -6.080  29.514 0.0000000000
157634  26.211  -7.257  29.483 0.0000000000
80848  26.231  -8.811  28.237 0.0000000000
78281  27.504  -9.969  27.641 0.0000000000
76995  27.127  -11.429  29.007 0.0000000000
75873  28.438  -11.979  28.352 0.0000000000
77007  29.734  -11.127  28.392 0.0000000000
76978  31.312  -11.443  29.855 0.0000000000
76948  32.043  -10.989  31.819 0.0000000000
105741  46.958  10.578  14.695 0.0000000000
103521  46.561  9.209  13.378 0.0000000000
102277  47.020  7.718  13.474 0.0000000000
99744  45.592  6.523  14.640 0.0000000000
99743  46.462  6.308  14.441 0.0000000000
167367  40.700  3.626  17.253 0.0000000000
95105  41.271  2.220  17.387 0.0000000000
176722  39.978  2.684  17.671 0.0000000000
93878  40.087  1.492  17.870 0.0000000000
165187  39.794  0.315  18.417 0.0000000000
95084  37.619  1.920  18.940 0.0000000000
92697  38.289  0.844  18.584 0.0000000000
161302  39.698  -0.660  19.230 0.0000000000
90550  39.660  -1.199  20.440 0.0000000000
90532  39.654  -1.313  21.231 0.0000000000
96221  33.686  3.128  22.150 0.0000000000
158281  34.404  1.869  20.706 0.0000000000
92671  35.055  0.892  20.327 0.0000000000
91602  33.780  -0.472  21.038 0.0000000000
90556  35.005  -0.935  20.801 0.0000000000
91613  35.963  -0.284  20.360 0.0000000000
90535  37.319  -1.693  20.914 0.0000000000
72237  25.216  -14.356  32.288 0.0000000000
72236  26.170  -15.087  32.110 0.0000000000
70988  25.646  -15.405  33.383 0.0000000000
70969  27.508  -15.932  34.699 0.0000000000
99698  40.134  5.503  18.582 0.0000000000
98593  40.188  4.762  17.624 0.0000000000
62815  12.243  -22.542  42.549 0.0000000000
61470  11.733  -22.709  43.912 0.0000000000
61480  11.294  -23.315  42.976 0.0000000000
60233  10.420  -24.089  43.449 0.0000000000
163878  9.793  -25.427  43.667 0.0000000000
56322  8.844  -26.150  44.511 0.0000000000
60206  7.645  -23.765  45.333 0.0000000000
57501  7.738  -25.705  44.700 0.0000000000
56300  8.531  -26.555  45.067 0.0000000000
55157  7.917  -27.318  46.237 0.0000000000
53930  7.281  -27.854  47.426 0.0000000000
52668  2.875  -28.763  49.346 0.0000000000
56256  3.696  -26.616  48.364 0.0000000000
55093  2.664  -27.419  48.755 0.0000000000
55080  2.068  -27.438  49.282 0.0000000000
55082  0.915  -26.815  50.106 0.0000000000
57440  0.696  -25.775  50.265 0.0000000000
58790  0.035  -24.637  51.069 0.0000000000
177604  1.904  -24.512  52.265 0.0000000000
58789  0.405  -24.450  51.138 0.0000000000
60134  -0.245  -24.008  51.511 0.0000000000
75796  26.462  -13.201  32.244 0.0000000000
75778  25.737  -12.827  32.765 0.0000000000
73486  25.017  -13.710  32.311 0.0000000000
73474  24.461  -13.554  32.590 0.0000000000
73461  24.190  -13.924  33.020 0.0000000000
72200  23.972  -14.110  34.520 0.0000000000
176467  22.404  -12.718  33.477 0.0000000000
73445  23.294  -13.505  34.723 0.0000000000
73428  23.661  -13.522  35.950 0.0000000000
159370  19.144  -13.510  35.023 0.0000000000
70974  20.871  -15.944  34.485 0.0000000000
69757  21.719  -16.329  35.203 0.0000000000
66383  22.442  -19.116  36.327 0.0000000000
171387  22.397  -17.877  36.217 0.0000000000
166357  22.532  -16.868  36.859 0.0000000000
93858  43.204  0.967  18.095 0.0000000000
88275  30.168  -3.616  24.191 0.0000000000
87137  30.329  -4.495  23.275 0.0000000000
84626  30.987  -5.522  22.618 0.0000000000
84571  26.686  -6.184  27.981 0.0000000000
185559  27.302  -6.595  26.472 0.0000000000
83360  28.095  -6.732  25.391 0.0000000000
80885  29.752  -8.907  26.625 0.0000000000
82113  28.805  -7.877  25.321 0.0000000000
83374  29.214  -6.774  24.311 0.0000000000
83387  29.977  -6.669  23.685 0.0000000000
83386  31.333  -6.838  23.126 0.0000000000
83395  32.758  -6.552  23.069 0.0000000000
83383  34.121  -6.939  24.017 0.0000000000
70999  27.976  -15.896  32.476 0.0000000000
158456  29.728  -15.717  33.055 0.0000000000
173916  30.778  -15.269  33.120 0.0000000000
72180  32.523  -14.902  35.095 0.0000000000
185535  32.502  -14.176  33.566 0.0000000000
106889  53.549  11.098  8.915 0.0000000000
106854  49.201  11.059  12.450 0.0000000000
105757  49.691  10.466  11.090 0.0000000000
102306  49.184  8.114  11.516 0.0000000000
103546  49.959  8.788  10.287 0.0000000000
182325  50.278  9.872  10.074 0.0000000000
104710  51.478  9.295  9.103 0.0000000000
103577  52.461  8.555  8.617 0.0000000000
95116  42.744  2.667  17.055 0.0000000000
95117  41.998  2.766  17.084 0.0000000000
73484  26.412  -14.055  31.583 0.0000000000
97482  41.435  3.948  16.916 0.0000000000
98599  41.431  4.748  16.774 0.0000000000
97481  42.179  3.962  16.656 0.0000000000
56233  -0.301  -25.628  52.075 0.0000000000
85901  32.052  -4.590  22.096 0.0000000000
87150  32.648  -4.206  21.920 0.0000000000
84632  32.965  -5.345  22.141 0.0000000000
84623  33.336  -5.763  22.468 0.0000000000
60262  12.506  -23.852  41.777 0.0000000000
58883  12.813  -24.524  41.836 0.0000000000
184858  12.060  -24.490  42.168 0.0000000000
58872  11.896  -25.216  42.529 0.0000000000
76887  19.708  -11.032  35.177 0.0000000000
76876  19.630  -10.922  36.066 0.0000000000
61488  21.129  -23.112  41.735 0.0000000000
61498  21.689  -22.734  41.295 0.0000000000
85818  27.649  -5.062  30.173 0.0000000000
64003  18.121  -21.616  37.676 0.0000000000
61550  18.012  -22.204  38.047 0.0000000000
65187  18.338  -20.322  37.708 0.0000000000
65186  18.781  -19.899  37.455 0.0000000000
62881  18.807  -21.414  37.330 0.0000000000
79508  26.436  -9.484  30.494 0.0000000000
78223  26.368  -9.880  30.262 0.0000000000
72265  30.497  -14.258  30.882 0.0000000000
73509  29.839  -14.120  30.248 0.0000000000
73495  30.963  -13.823  31.042 0.0000000000
73494  31.459  -13.663  31.516 0.0000000000
163573  31.819  -13.722  32.278 0.0000000000
103495  43.605  8.312  16.135 0.0000000000
173220  43.788  8.653  16.844 0.0000000000
171777  44.137  8.751  16.344 0.0000000000
103499  44.253  8.570  15.681 0.0000000000
103506  44.600  8.391  14.984 0.0000000000
103507  44.127  8.132  15.218 0.0000000000
97475  46.544  3.949  15.974 0.0000000000
179294  47.249  3.735  16.110 0.0000000000
97474  47.948  3.592  16.282 0.0000000000
52638  3.246  -29.241  50.750 0.0000000000
97436  38.077  4.072  19.385 0.0000000000
96263  37.850  3.425  19.166 0.0000000000
93833  36.123  0.818  19.904 0.0000000000
92683  36.711  0.571  19.544 0.0000000000
91612  36.550  -0.367  20.127 0.0000000000
93803  31.985  1.092  22.626 0.0000000000
93812  32.584  1.424  22.034 0.0000000000
92647  32.297  0.699  21.895 0.0000000000
88302  35.952  -3.575  21.729 0.0000000000
88319  35.528  -2.994  21.389 0.0000000000
88301  36.707  -3.488  21.836 0.0000000000
186289  24.789  -14.878  35.142 0.0000000000
70954  25.298  -15.335  35.073 0.0000000000
72183  24.901  -14.757  35.757 0.0000000000
97435  38.604  4.339  19.031 0.0000000000
60257  16.817  -23.453  42.112 0.0000000000
163035  10.402  -27.034  45.742 0.0000000000
55128  9.794  -27.296  47.049 0.0000000000
55155  9.568  -27.128  46.144 0.0000000000
61452  9.508  -23.129  45.175 0.0000000000
57462  5.533  -25.545  46.938 0.0000000000
58832  6.225  -25.317  46.151 0.0000000000
56285  5.454  -26.396  46.413 0.0000000000
55160  5.560  -26.931  46.453 0.0000000000
56272  4.984  -26.636  46.806 0.0000000000
56264  4.540  -26.440  47.382 0.0000000000
57412  4.440  -25.499  51.339 0.0000000000
57424  3.964  -25.955  50.792 0.0000000000
79477  23.274  -9.750  33.388 0.0000000000
160993  24.206  -9.567  34.293 0.0000000000
79476  24.036  -9.974  33.274 0.0000000000
78189  24.184  -10.684  33.154 0.0000000000
181466  23.504  -11.091  33.015 0.0000000000
76935  22.797  -11.309  33.007 0.0000000000
72201  21.535  -14.585  34.964 0.0000000000
170756  22.030  -14.555  36.277 0.0000000000
70934  22.001  -15.414  36.261 0.0000000000
68576  20.076  -17.704  34.967 0.0000000000
67512  20.705  -17.990  34.820 0.0000000000
67486  20.943  -18.603  35.141 0.0000000000
91636  40.926  -0.262  18.562 0.0000000000
91635  41.727  -0.263  18.571 0.0000000000
90561  42.502  -1.044  19.493 0.0000000000
85859  28.495  -4.519  26.158 0.0000000000
87112  29.215  -4.123  25.853 0.0000000000
85868  28.751  -4.763  25.391 0.0000000000
85877  29.071  -5.064  24.710 0.0000000000
84601  28.992  -5.835  24.459 0.0000000000
168951  27.868  -9.479  27.393 0.0000000000
79595  27.843  -8.926  27.098 0.0000000000
79577  28.510  -9.221  27.299 0.0000000000
80883  31.958  -8.963  26.456 0.0000000000
188141  32.538  -8.694  26.199 0.0000000000
80895  32.878  -8.355  25.745 0.0000000000
174822  33.097  -8.516  26.424 0.0000000000
80881  33.753  -8.267  26.676 0.0000000000
188762  51.909  12.052  11.994 0.0000000000
107907  51.992  11.946  11.400 0.0000000000
106859  51.541  11.482  11.069 0.0000000000
102287  47.735  7.725  13.054 0.0000000000
102298  47.616  8.454  12.694 0.0000000000
102286  48.386  7.543  12.819 0.0000000000
66324  18.616  -19.447  39.177 0.0000000000
162181  18.079  -20.001  38.465 0.0000000000
161412  18.889  -18.978  38.645 0.0000000000
96318  44.788  3.377  16.769 0.0000000000
96300  45.887  2.900  17.338 0.0000000000
96301  45.103  2.861  17.300 0.0000000000
93873  44.295  1.781  17.985 0.0000000000
93872  44.934  1.886  18.089 0.0000000000
75835  27.149  -11.810  30.400 0.0000000000
186119  27.404  -12.570  30.792 0.0000000000
164598  27.333  -14.584  30.966 0.0000000000
73496  27.832  -14.483  30.530 0.0000000000
72283  28.554  -14.708  30.301 0.0000000000
72268  28.244  -15.027  30.736 0.0000000000
100970  41.002  6.434  18.203 0.0000000000
100981  41.223  6.379  17.463 0.0000000000
99713  41.900  5.789  16.550 0.0000000000
100986  42.006  6.535  16.520 0.0000000000
99721  42.334  5.985  16.223 0.0000000000
100985  42.395  7.038  16.309 0.0000000000
100993  42.558  6.512  16.019 0.0000000000
99720  42.921  5.818  15.875 0.0000000000
181777  43.428  3.789  16.496 0.0000000000
97498  43.705  4.690  15.956 0.0000000000
97479  43.874  4.113  16.272 0.0000000000
97478  44.564  3.937  16.330 0.0000000000
55070  1.020  -27.580  51.182 0.0000000000
97415  36.472  4.186  21.002 0.0000000000
96235  35.415  3.351  20.881 0.0000000000
96250  35.110  2.772  20.591 0.0000000000
95053  35.517  2.283  20.229 0.0000000000
95054  34.915  2.229  20.498 0.0000000000
89432  31.952  -2.082  21.887 0.0000000000
163608  32.284  -1.614  21.694 0.0000000000
87147  35.031  -4.485  22.022 0.0000000000
85888  36.001  -5.045  22.697 0.0000000000
85889  35.362  -5.117  22.512 0.0000000000
83382  35.300  -6.406  23.803 0.0000000000
84609  35.978  -5.952  23.534 0.0000000000
83381  35.962  -6.400  24.085 0.0000000000
83370  36.313  -6.524  24.795 0.0000000000
98550  37.599  4.851  21.206 0.0000000000
60259  14.735  -23.743  41.422 0.0000000000
58881  14.376  -24.383  41.755 0.0000000000
57515  14.092  -25.918  43.057 0.0000000000
56340  13.793  -26.375  43.396 0.0000000000
158437  14.454  -26.763  44.231 0.0000000000
56316  13.871  -26.745  43.948 0.0000000000
176628  13.284  -27.045  44.324 0.0000000000
56341  13.099  -26.560  43.557 0.0000000000
57517  11.219  -25.802  43.252 0.0000000000
56343  11.415  -26.240  43.534 0.0000000000
56319  10.964  -26.521  44.101 0.0000000000
56344  10.693  -25.995  43.618 0.0000000000
60177  7.187  -23.993  48.382 0.0000000000
58815  6.689  -24.467  47.986 0.0000000000
58805  6.571  -24.361  48.782 0.0000000000
58798  6.420  -24.182  49.695 0.0000000000
58786  5.064  -25.145  51.115 0.0000000000
184010  21.864  -9.554  35.559 0.0000000000
162543  22.555  -9.513  35.427 0.0000000000
79440  23.068  -9.434  34.833 0.0000000000
186865  21.846  -9.658  34.324 0.0000000000
78192  21.320  -10.677  33.127 0.0000000000
78169  21.042  -10.373  33.554 0.0000000000
179780  19.812  -12.528  34.154 0.0000000000
74641  20.328  -12.518  33.842 0.0000000000
159182  21.176  -13.925  34.380 0.0000000000
73448  20.283  -13.707  34.241 0.0000000000
64002  21.314  -21.675  37.640 0.0000000000
64001  22.009  -21.296  38.051 0.0000000000
62865  21.584  -21.900  38.401 0.0000000000
85861  27.366  -5.278  27.000 0.0000000000
78234  31.336  -10.567  29.592 0.0000000000
78264  30.809  -9.726  28.747 0.0000000000
78249  31.454  -9.710  29.569 0.0000000000
80792  32.879  -8.818  30.996 0.0000000000
79520  32.315  -9.081  30.588 0.0000000000
80813  32.883  -8.733  30.212 0.0000000000
58775  -1.956  -23.676  53.324 0.0000000000
95011  32.755  2.139  23.746 0.0000000000
92638  31.158  -0.024  23.321 0.0000000000
91581  31.023  -0.608  23.159 0.0000000000
177402  30.751  -2.578  23.198 0.0000000000
89422  31.061  -2.064  22.663 0.0000000000
171250  31.289  -3.445  22.358 0.0000000000
61516  19.465  -23.273  39.677 0.0000000000
60283  19.783  -23.405  40.446 0.0000000000
61535  17.649  -22.866  38.906 0.0000000000
61518  17.962  -23.244  39.546 0.0000000000
60286  17.319  -23.306  40.426 0.0000000000
61519  16.554  -22.895  39.855 0.0000000000
65170  17.398  -20.375  38.638 0.0000000000
185740  16.770  -21.491  38.350 0.0000000000
63990  16.411  -21.230  38.686 0.0000000000
63978  15.455  -21.246  39.603 0.0000000000
62858  15.975  -21.624  39.071 0.0000000000
62845  15.604  -21.969  39.686 0.0000000000
61520  15.825  -22.570  39.966 0.0000000000
60274  15.099  -23.238  41.031 0.0000000000
63967  13.946  -21.321  40.910 0.0000000000
62838  13.634  -22.019  41.042 0.0000000000
62826  13.108  -22.136  41.517 0.0000000000
75719  18.781  -12.107  36.976 0.0000000000
75709  18.795  -12.050  37.906 0.0000000000
72153  18.309  -15.092  37.120 0.0000000000
72172  18.464  -14.678  36.381 0.0000000000
70957  18.614  -15.799  36.111 0.0000000000
69758  18.880  -16.295  35.746 0.0000000000
69740  18.614  -16.560  36.446 0.0000000000
173720  19.519  -19.646  36.541 0.0000000000
67445  18.955  -18.463  36.829 0.0000000000
162159  19.399  -19.036  36.382 0.0000000000
66385  19.959  -19.443  36.108 0.0000000000
64034  20.199  -20.791  36.555 0.0000000000
64016  20.173  -21.401  36.959 0.0000000000
61548  19.790  -22.686  38.252 0.0000000000
61532  19.846  -22.976  38.965 0.0000000000
61515  20.194  -23.089  39.857 0.0000000000
83283  26.765  -6.593  30.671 0.0000000000
83294  26.483  -6.788  29.988 0.0000000000
82021  26.298  -7.583  30.019 0.0000000000
79535  26.070  -9.377  29.369 0.0000000000
79556  25.992  -8.915  28.915 0.0000000000
79555  26.195  -9.440  28.689 0.0000000000
78282  26.868  -9.770  27.803 0.0000000000
78267  27.112  -10.456  28.016 0.0000000000
75860  26.958  -11.587  29.790 0.0000000000
75859  27.469  -12.232  29.343 0.0000000000
74709  29.688  -12.883  29.346 0.0000000000
75858  28.707  -12.540  28.661 0.0000000000
75857  29.336  -12.397  28.868 0.0000000000
185277  28.677  -11.457  28.067 0.0000000000
75871  29.691  -11.798  28.709 0.0000000000
76994  30.331  -11.284  28.942 0.0000000000
75855  30.720  -11.812  29.511 0.0000000000
75777  32.232  -12.055  32.533 0.0000000000
75795  31.988  -11.703  31.928 0.0000000000
103482  42.986  8.289  18.165 0.0000000000
106838  47.449  10.956  15.183 0.0000000000
105742  46.410  10.219  15.003 0.0000000000
164289  45.559  8.333  14.109 0.0000000000
104682  46.142  9.466  14.019 0.0000000000
103513  46.073  8.741  13.752 0.0000000000
102288  46.649  8.435  13.366 0.0000000000
102278  46.201  7.849  13.840 0.0000000000
99728  44.321  6.332  15.067 0.0000000000
100999  44.862  6.709  14.795 0.0000000000
99727  45.069  5.949  15.000 0.0000000000
174470  45.862  5.900  14.826 0.0000000000
98637  47.170  5.803  14.517 0.0000000000
99742  47.333  6.466  14.090 0.0000000000
96304  40.006  3.332  17.567 0.0000000000
179587  39.405  2.997  17.871 0.0000000000
95107  39.526  2.154  17.896 0.0000000000
93879  39.359  1.375  18.132 0.0000000000
93859  39.914  0.868  18.137 0.0000000000
93860  38.741  1.255  18.374 0.0000000000
96265  36.851  2.934  19.804 0.0000000000
96284  37.684  2.697  19.010 0.0000000000
187514  37.854  0.460  18.874 0.0000000000
92698  37.569  1.092  18.881 0.0000000000
92682  38.448  0.192  18.780 0.0000000000
91638  39.216  -0.143  18.787 0.0000000000
90565  39.455  -0.984  19.771 0.0000000000
91625  39.017  -0.682  19.402 0.0000000000
90533  38.948  -1.335  20.900 0.0000000000
90514  39.329  -1.449  21.748 0.0000000000
97404  34.134  3.670  22.554 0.0000000000
93824  33.772  1.448  21.043 0.0000000000
95044  33.816  2.206  21.192 0.0000000000
93823  34.456  1.134  20.612 0.0000000000
92660  34.678  0.340  20.585 0.0000000000
180749  33.562  -1.043  21.171 0.0000000000
181408  33.876  -1.652  21.227 0.0000000000
90555  35.718  -0.805  20.702 0.0000000000
186833  36.037  -1.163  20.775 0.0000000000
90554  36.399  -0.863  20.514 0.0000000000
90536  36.423  -1.559  20.855 0.0000000000
182920  25.317  -14.970  32.824 0.0000000000
70953  26.202  -15.635  35.415 0.0000000000
70970  26.644  -15.813  34.663 0.0000000000
99697  40.605  6.063  18.950 0.0000000000
99688  40.053  5.538  19.376 0.0000000000
97448  38.956  4.064  18.422 0.0000000000
97447  39.553  4.409  17.998 0.0000000000
97462  40.063  4.067  17.527 0.0000000000
158706  18.915  -23.826  42.297 0.0000000000
181566  19.212  -23.860  42.802 0.0000000000
60241  18.496  -23.795  42.999 0.0000000000
62814  12.774  -21.872  42.247 0.0000000000
61461  11.609  -22.759  44.795 0.0000000000
62790  12.261  -22.364  44.435 0.0000000000
169344  11.740  -22.848  43.112 0.0000000000
188450  11.327  -23.024  43.476 0.0000000000
60232  10.986  -23.766  43.087 0.0000000000
61471  10.853  -23.334  43.465 0.0000000000
60234  9.679  -24.370  43.792 0.0000000000
58862  9.404  -25.075  43.695 0.0000000000
57500  9.264  -25.648  44.027 0.0000000000
57519  8.875  -25.163  43.933 0.0000000000
60186  8.072  -23.342  46.685 0.0000000000
60195  8.163  -23.238  45.918 0.0000000000
60196  7.495  -23.673  46.211 0.0000000000
173357  6.969  -26.146  45.256 0.0000000000
58853  7.384  -25.220  44.784 0.0000000000
56324  7.462  -26.182  45.040 0.0000000000
56323  8.116  -26.168  44.759 0.0000000000
56301  7.811  -26.574  45.285 0.0000000000
55184  8.236  -26.947  45.669 0.0000000000
55185  7.503  -26.993  45.809 0.0000000000
53931  6.387  -27.881  47.556 0.0000000000
55132  6.835  -27.598  46.858 0.0000000000
53911  4.145  -28.163  47.795 0.0000000000
53884  4.614  -28.638  48.386 0.0000000000
53885  3.841  -28.631  48.469 0.0000000000
52667  3.582  -28.979  49.154 0.0000000000
53886  3.136  -28.425  48.685 0.0000000000
57447  4.936  -25.918  48.848 0.0000000000
56255  4.324  -26.304  48.124 0.0000000000
57448  4.245  -26.225  49.000 0.0000000000
56257  3.024  -26.902  48.683 0.0000000000
56258  2.313  -26.832  49.176 0.0000000000
55081  1.457  -27.113  49.742 0.0000000000
55094  1.771  -26.753  49.440 0.0000000000
172583  1.594  -25.338  50.185 0.0000000000
57439  1.257  -25.793  49.980 0.0000000000
57427  0.780  -25.139  50.457 0.0000000000
57428  0.259  -25.470  50.786 0.0000000000
159725  2.777  -24.885  52.330 0.0000000000
179076  2.367  -24.436  53.130 0.0000000000
187847  1.222  -24.184  52.241 0.0000000000
60113  0.530  -23.969  51.834 0.0000000000
60114  -0.252  -23.743  51.739 0.0000000000
60099  -0.146  -23.335  52.450 0.0000000000
166621  24.964  -12.171  33.000 0.0000000000
75779  24.827  -12.819  32.671 0.0000000000
74664  24.763  -13.287  32.500 0.0000000000
74652  23.476  -12.976  32.963 0.0000000000
72221  23.695  -13.809  33.823 0.0000000000
75762  21.495  -12.055  33.172 0.0000000000
74654  22.269  -12.251  33.175 0.0000000000
74639  21.844  -12.672  33.565 0.0000000000
73430  22.322  -13.620  35.508 0.0000000000
182513  23.647  -13.660  35.245 0.0000000000
73413  23.539  -13.472  36.777 0.0000000000
73414  22.843  -13.505  36.488 0.0000000000
74617  18.718  -13.603  35.719 0.0000000000
74616  19.034  -13.100  35.219 0.0000000000
73431  19.100  -14.147  35.132 0.0000000000
69773  20.697  -16.785  34.528 0.0000000000
70975  20.215  -15.320  34.481 0.0000000000
69772  21.320  -16.577  34.732 0.0000000000
70973  21.392  -15.650  34.864 0.0000000000
65185  22.389  -20.641  37.711 0.0000000000
65225  22.370  -19.734  36.509 0.0000000000
65202  22.725  -19.836  37.403 0.0000000000
66337  23.333  -19.002  38.486 0.0000000000
66338  23.007  -19.031  37.753 0.0000000000
67427  22.936  -18.381  37.380 0.0000000000
188660  22.516  -17.388  36.569 0.0000000000
93876  41.550  1.435  17.622 0.0000000000
168589  42.158  1.318  17.711 0.0000000000
175866  30.448  -3.023  24.453 0.0000000000
88263  30.132  -3.496  24.917 0.0000000000
85882  29.920  -4.960  23.703 0.0000000000
87126  30.004  -4.253  23.953 0.0000000000
85892  30.382  -5.236  23.081 0.0000000000
85891  30.852  -4.775  22.707 0.0000000000
183832  30.583  -5.877  22.959 0.0000000000
83319  26.426  -6.741  28.427 0.0000000000
84559  26.571  -6.082  28.740 0.0000000000
83333  26.611  -6.879  27.715 0.0000000000
82094  27.419  -7.512  26.467 0.0000000000
83348  27.715  -7.098  25.902 0.0000000000
174942  27.673  -6.410  25.827 0.0000000000
82114  28.225  -7.499  25.565 0.0000000000
79575  30.490  -9.302  27.783 0.0000000000
80870  30.272  -9.185  27.141 0.0000000000
80898  30.096  -8.486  25.422 0.0000000000
82130  29.322  -7.644  24.721 0.0000000000
83373  30.084  -7.470  24.116 0.0000000000
82127  32.388  -7.894  24.476 0.0000000000
82140  31.482  -7.403  23.605 0.0000000000
82139  32.244  -7.499  23.894 0.0000000000
83385  32.135  -7.023  23.309 0.0000000000
173817  32.982  -7.083  23.661 0.0000000000
83384  33.662  -6.886  23.760 0.0000000000
82137  33.517  -7.269  24.232 0.0000000000
82111  34.707  -7.490  25.668 0.0000000000
178234  26.901  -15.778  33.021 0.0000000000
71000  27.204  -15.746  32.424 0.0000000000
70986  27.561  -15.900  33.152 0.0000000000
181877  30.058  -15.717  34.068 0.0000000000
70984  29.205  -15.833  33.477 0.0000000000
70983  30.353  -15.563  33.523 0.0000000000
72235  30.299  -15.464  32.744 0.0000000000
72218  31.025  -15.213  33.694 0.0000000000
72197  32.692  -14.558  34.574 0.0000000000
74627  33.162  -13.415  34.256 0.0000000000
106876  52.637  11.136  9.552 0.0000000000
107917  52.913  11.671  9.837 0.0000000000
106890  52.980  10.806  9.018 0.0000000000
105786  52.710  10.087  8.697 0.0000000000
106844  47.554  10.979  14.411 0.0000000000
104694  48.581  9.839  11.775 0.0000000000
105753  48.241  10.237  12.361 0.0000000000
105752  48.804  10.521  12.025 0.0000000000
105751  49.399  10.823  11.706 0.0000000000
105758  49.113  10.153  11.403 0.0000000000
102304  50.783  7.372  10.657 0.0000000000
102322  50.210  8.001  10.495 0.0000000000
104699  49.898  9.478  10.351 0.0000000000
104698  50.426  9.289  9.799 0.0000000000
104711  51.005  9.519  9.446 0.0000000000
102343  51.102  8.257  9.518 0.0000000000
96319  43.227  3.241  16.753 0.0000000000
96302  44.230  2.875  17.163 0.0000000000
95115  43.474  2.698  17.123 0.0000000000
93874  43.548  1.622  17.823 0.0000000000
75814  27.148  -13.171  31.496 0.0000000000
74676  26.881  -13.604  31.423 0.0000000000
73498  26.864  -14.378  31.171 0.0000000000
168590  27.089  -14.991  31.340 0.0000000000
98592  40.850  5.212  17.253 0.0000000000
171412  41.139  5.827  17.198 0.0000000000
159416  41.859  5.210  16.598 0.0000000000
98609  42.947  4.924  16.128 0.0000000000
97480  42.670  4.328  16.419 0.0000000000
156774  42.864  3.806  16.548 0.0000000000
97401  36.174  4.485  21.670 0.0000000000
98536  35.840  4.822  22.427 0.0000000000
97402  35.456  4.260  21.944 0.0000000000
97417  35.059  3.715  21.502 0.0000000000
88305  31.892  -3.240  21.976 0.0000000000
88304  32.527  -3.487  21.773 0.0000000000
85899  33.252  -4.679  21.967 0.0000000000
85898  34.580  -5.226  22.352 0.0000000000
174483  34.591  -6.620  23.804 0.0000000000
58882  13.555  -24.531  41.669 0.0000000000
57547  13.239  -25.103  42.059 0.0000000000
57535  12.968  -25.574  42.525 0.0000000000
56362  12.636  -26.025  42.979 0.0000000000
171380  12.368  -25.548  42.629 0.0000000000
57536  11.307  -25.387  42.905 0.0000000000
79422  21.334  -9.702  35.546 0.0000000000
78170  20.411  -10.711  33.785 0.0000000000
78153  20.271  -10.558  34.577 0.0000000000
75751  19.575  -12.131  34.438 0.0000000000
62844  21.365  -22.508  39.634 0.0000000000
188918  21.954  -22.169  39.899 0.0000000000
61513  21.677  -22.592  40.459 0.0000000000
85837  27.305  -4.983  28.562 0.0000000000
78207  32.164  -10.293  31.694 0.0000000000
166513  32.055  -9.740  30.988 0.0000000000
78221  32.512  -9.648  31.664 0.0000000000
90496  30.924  -1.092  23.699 0.0000000000
90488  31.079  -0.957  24.358 0.0000000000
168980  30.835  -1.687  24.228 0.0000000000
89397  30.659  -2.431  23.966 0.0000000000
173349  19.204  -22.846  38.431 0.0000000000
180128  18.005  -22.654  38.397 0.0000000000
171121  15.912  -20.259  39.531 0.0000000000
159788  15.415  -20.614  39.694 0.0000000000
63979  14.923  -21.008  40.045 0.0000000000
62836  14.540  -22.102  40.469 0.0000000000
67428  18.800  -18.690  37.753 0.0000000000
68538  18.745  -17.920  37.500 0.0000000000
65204  19.285  -20.168  36.874 0.0000000000
64017  19.520  -20.960  36.923 0.0000000000
62868  19.368  -22.365  37.781 0.0000000000
80814  26.419  -8.132  30.512 0.0000000000
80815  26.228  -8.767  30.247 0.0000000000
79521  26.171  -9.370  30.000 0.0000000000
79534  26.265  -9.961  29.190 0.0000000000
73524  28.652  -13.665  29.420 0.0000000000
74711  28.366  -13.054  29.100 0.0000000000
74692  29.344  -13.611  29.580 0.0000000000
74691  30.122  -13.294  29.925 0.0000000000
74690  30.821  -12.904  30.294 0.0000000000
75833  31.102  -12.168  30.089 0.0000000000
74673  31.632  -12.901  31.321 0.0000000000
171206  32.524  -12.413  32.924 0.0000000000
181278  42.880  8.179  17.512 0.0000000000
187185  44.103  8.911  17.346 0.0000000000
104673  45.915  9.912  15.403 0.0000000000
104678  45.483  9.415  15.045 0.0000000000
103505  45.217  8.794  14.612 0.0000000000
98606  45.529  4.788  15.557 0.0000000000
98623  45.641  5.358  15.123 0.0000000000
187256  46.009  5.013  15.261 0.0000000000
98605  46.385  4.590  15.452 0.0000000000
98622  47.208  4.839  15.058 0.0000000000
161300  48.016  4.857  14.926 0.0000000000
97493  47.832  4.006  15.754 0.0000000000
169324  38.839  3.389  18.279 0.0000000000
95083  38.213  2.283  18.596 0.0000000000
161081  36.587  1.845  19.612 0.0000000000
93844  37.061  1.559  19.265 0.0000000000
175658  37.303  0.455  19.190 0.0000000000
91626  37.853  -0.153  19.238 0.0000000000
91610  38.365  -0.734  19.610 0.0000000000
91611  37.672  -0.719  19.854 0.0000000000
90553  37.570  -1.186  20.413 0.0000000000
96204  33.123  2.715  23.300 0.0000000000
96212  33.119  2.721  22.530 0.0000000000
159948  32.845  2.101  22.222 0.0000000000
92662  33.081  0.941  21.419 0.0000000000
160930  33.414  0.144  21.195 0.0000000000
88320  34.723  -3.056  21.425 0.0000000000
89443  35.944  -2.272  21.128 0.0000000000
165080  36.747  -2.276  21.165 0.0000000000
70971  25.411  -15.407  34.171 0.0000000000
98532  38.846  5.204  21.544 0.0000000000
98548  38.943  5.067  20.891 0.0000000000
98559  38.973  4.919  20.181 0.0000000000
98569  39.009  4.777  19.401 0.0000000000
98568  39.602  5.061  19.015 0.0000000000
60256  17.710  -23.589  41.891 0.0000000000
185638  17.953  -23.689  42.893 0.0000000000
60242  17.415  -23.599  42.746 0.0000000000
60231  16.966  -23.757  43.454 0.0000000000
180424  11.495  -27.245  45.844 0.0000000000
55153  11.799  -27.367  46.214 0.0000000000
55154  11.102  -27.237  46.250 0.0000000000
55127  10.982  -27.356  47.045 0.0000000000
181224  10.418  -27.329  47.253 0.0000000000
55108  8.603  -27.645  47.252 0.0000000000
61450  11.093  -22.864  45.323 0.0000000000
61462  10.756  -22.977  44.721 0.0000000000
61472  10.413  -23.242  44.010 0.0000000000
61463  10.003  -23.198  44.639 0.0000000000
60218  9.318  -23.599  44.366 0.0000000000
60219  8.660  -23.909  44.485 0.0000000000
60207  7.032  -24.230  45.617 0.0000000000
58831  6.629  -24.793  45.936 0.0000000000
57485  6.205  -25.846  45.781 0.0000000000
56303  6.527  -26.264  45.577 0.0000000000
55186  6.817  -27.012  45.961 0.0000000000
55159  6.182  -27.008  46.158 0.0000000000
55133  5.950  -27.433  46.755 0.0000000000
53932  5.408  -27.868  47.333 0.0000000000
53933  4.695  -27.920  47.347 0.0000000000
53934  4.256  -27.528  47.355 0.0000000000
55109  3.622  -27.516  47.766 0.0000000000
57436  4.109  -26.131  49.907 0.0000000000
57437  3.272  -26.142  50.016 0.0000000000
174901  1.845  -26.197  49.599 0.0000000000
57438  2.285  -25.805  50.015 0.0000000000
57426  2.218  -25.264  50.688 0.0000000000
76933  24.229  -11.546  33.064 0.0000000000
74651  24.153  -12.986  32.698 0.0000000000
75780  23.512  -12.452  32.849 0.0000000000
178625  21.954  -13.458  34.486 0.0000000000
72171  22.322  -13.783  36.130 0.0000000000
70976  19.516  -15.552  34.840 0.0000000000
69774  20.035  -16.982  34.749 0.0000000000
181945  21.144  -17.458  34.777 0.0000000000
67510  21.674  -18.018  35.140 0.0000000000
65157  23.362  -20.612  39.651 0.0000000000
65168  23.630  -19.961  39.422 0.0000000000
92693  42.113  0.309  18.263 0.0000000000
91634  42.490  -0.198  18.633 0.0000000000
91621  42.859  -0.628  19.084 0.0000000000
87111  29.741  -3.861  25.351 0.0000000000
87118  29.814  -4.049  24.638 0.0000000000
80872  26.607  -8.389  27.580 0.0000000000
82072  26.591  -7.604  27.572 0.0000000000
82071  27.042  -7.964  26.996 0.0000000000
80888  27.744  -8.256  26.621 0.0000000000
80887  28.420  -8.170  26.013 0.0000000000
80846  31.906  -9.104  28.212 0.0000000000
176163  30.642  -9.055  26.492 0.0000000000
185720  31.337  -9.147  26.725 0.0000000000
80884  31.368  -8.932  26.019 0.0000000000
80897  31.354  -8.561  25.323 0.0000000000
82129  30.765  -7.961  24.478 0.0000000000
80909  31.885  -8.267  24.905 0.0000000000
80908  32.614  -8.171  25.095 0.0000000000
80907  33.309  -7.919  25.286 0.0000000000
82125  33.742  -7.558  24.822 0.0000000000
82092  34.237  -7.869  26.206 0.0000000000
158031  28.811  -15.910  34.056 0.0000000000
187478  29.221  -15.907  34.594 0.0000000000
70967  29.942  -15.808  34.717 0.0000000000
70947  30.693  -15.628  35.135 0.0000000000
106863  52.363  11.485  10.123 0.0000000000
106877  51.973  10.859  9.781 0.0000000000
104686  47.146  9.576  13.060 0.0000000000
104685  47.687  9.920  12.699 0.0000000000
103530  47.555  9.185  12.561 0.0000000000
103529  48.048  8.781  12.193 0.0000000000
103528  48.616  8.431  11.883 0.0000000000
101043  51.348  6.868  11.005 0.0000000000
102320  51.420  7.197  10.226 0.0000000000
102342  51.630  7.716  9.522 0.0000000000
102319  52.094  7.001  9.922 0.0000000000
68526  18.882  -18.081  38.481 0.0000000000
96316  46.171  3.286  16.855 0.0000000000
96299  46.721  3.008  17.197 0.0000000000
95100  46.305  2.492  17.805 0.0000000000
95102  44.667  2.320  17.664 0.0000000000
95081  46.030  2.049  18.242 0.0000000000
78235  26.537  -10.401  30.193 0.0000000000
74694  27.581  -12.991  29.859 0.0000000000
74675  27.325  -13.269  30.785 0.0000000000
74693  28.003  -13.475  29.535 0.0000000000
73511  28.287  -14.070  29.951 0.0000000000
72282  29.264  -14.763  30.434 0.0000000000
158961  30.482  -14.784  31.359 0.0000000000
102242  41.925  7.472  18.176 0.0000000000
102253  41.972  7.402  17.469 0.0000000000
100987  41.499  6.169  16.908 0.0000000000
100980  41.670  6.822  17.144 0.0000000000
102259  42.644  7.573  16.500 0.0000000000
102266  42.854  7.203  15.845 0.0000000000
102265  43.399  7.711  15.669 0.0000000000
102273  43.852  7.639  15.215 0.0000000000
101001  43.503  6.976  15.322 0.0000000000
99729  43.652  6.167  15.406 0.0000000000
99719  44.313  5.681  15.359 0.0000000000
98607  44.292  5.040  15.659 0.0000000000
162268  44.841  4.782  15.705 0.0000000000
97496  45.068  4.321  15.958 0.0000000000
97477  45.301  3.805  16.366 0.0000000000
53822  2.040  -28.599  51.374 0.0000000000
97426  37.349  4.157  20.218 0.0000000000
97437  37.550  3.826  19.672 0.0000000000
96247  37.033  3.557  19.945 0.0000000000
96248  36.468  3.237  20.169 0.0000000000
97428  36.098  3.603  20.656 0.0000000000
181411  36.311  2.452  19.928 0.0000000000
93846  35.969  1.606  19.934 0.0000000000
93834  35.558  1.050  20.125 0.0000000000
91590  31.610  -0.483  22.103 0.0000000000
91589  32.228  -0.105  21.765 0.0000000000
90515  32.225  -0.916  21.648 0.0000000000
89446  33.457  -2.302  21.427 0.0000000000
88322  33.029  -2.958  21.591 0.0000000000
88321  33.873  -3.060  21.503 0.0000000000
158497  36.596  -5.671  23.626 0.0000000000
84621  35.670  -5.530  22.983 0.0000000000
84599  37.025  -6.079  24.763 0.0000000000
72169  24.301  -13.902  36.243 0.0000000000
72168  24.893  -14.358  36.533 0.0000000000
98561  37.764  4.648  20.582 0.0000000000
167212  15.412  -23.523  41.471 0.0000000000
60244  16.068  -23.732  42.535 0.0000000000
58860  15.108  -25.009  43.097 0.0000000000
58870  14.006  -25.004  42.117 0.0000000000
57533  14.425  -25.383  42.687 0.0000000000
57514  14.778  -25.671  43.328 0.0000000000
175710  12.695  -27.195  44.831 0.0000000000
56342  12.191  -26.408  43.489 0.0000000000
55203  12.071  -26.997  44.628 0.0000000000
55204  11.388  -26.893  44.730 0.0000000000
55205  10.511  -26.767  44.839 0.0000000000
56298  9.841  -26.540  44.657 0.0000000000
60187  7.507  -23.783  47.159 0.0000000000
60188  6.834  -24.402  47.250 0.0000000000
58823  6.146  -24.975  47.354 0.0000000000
57456  5.481  -25.397  47.699 0.0000000000
57446  5.547  -25.482  48.621 0.0000000000
57434  5.478  -25.483  49.514 0.0000000000
58799  5.817  -24.866  50.057 0.0000000000
57422  5.263  -25.338  50.352 0.0000000000
185450  22.965  -9.485  33.976 0.0000000000
78191  22.720  -10.148  33.238 0.0000000000
76936  22.142  -10.826  33.078 0.0000000000
75783  21.318  -11.330  33.026 0.0000000000
74640  21.068  -12.588  33.620 0.0000000000
76919  20.310  -11.327  33.632 0.0000000000
75763  20.664  -11.813  33.333 0.0000000000
65227  21.177  -20.324  36.148 0.0000000000
65248  21.476  -19.813  35.827 0.0000000000
64000  22.625  -20.860  38.526 0.0000000000
63977  22.515  -21.652  39.713 0.0000000000
63988  22.850  -21.032  39.275 0.0000000000
90563  40.831  -1.230  19.698 0.0000000000
90562  41.756  -1.300  19.759 0.0000000000
85869  28.133  -5.186  25.749 0.0000000000
78266  29.754  -10.193  28.151 0.0000000000
79576  29.159  -9.324  27.489 0.0000000000
79553  30.386  -9.592  28.269 0.0000000000
79552  31.018  -9.445  28.364 0.0000000000
79551  31.525  -9.278  28.635 0.0000000000
79506  31.884  -9.429  30.078 0.0000000000
79532  31.683  -9.281  29.330 0.0000000000
167335  32.866  -8.796  28.782 0.0000000000
106852  50.737  11.508  12.129 0.0000000000
99754  48.685  6.693  13.509 0.0000000000
101021  48.947  7.102  12.984 0.0000000000
57404  -0.936  -24.854  52.806 0.0000000000
97374  33.982  3.420  24.320 0.0000000000
96203  33.605  3.165  23.798 0.0000000000
93802  32.318  1.623  23.204 0.0000000000
93794  31.813  1.028  23.493 0.0000000000
91580  31.244  -0.157  22.697 0.0000000000
91591  31.163  -0.866  22.486 0.0000000000
89433  31.431  -1.909  22.196 0.0000000000
90503  30.978  -1.305  22.955 0.0000000000
162666  31.503  -2.614  22.142 0.0000000000
60253  20.384  -23.493  41.860 0.0000000000
163028  19.774  -23.685  41.614 0.0000000000
60269  19.333  -23.657  41.096 0.0000000000
60270  18.654  -23.675  40.851 0.0000000000
61517  18.736  -23.358  39.564 0.0000000000
60285  18.292  -23.515  40.267 0.0000000000
60272  16.647  -23.270  41.254 0.0000000000
62870  17.306  -21.706  38.089 0.0000000000
61536  16.875  -22.632  38.992 0.0000000000
61501  16.046  -22.922  40.404 0.0000000000
60273  15.889  -23.185  41.045 0.0000000000
60275  14.305  -23.258  41.036 0.0000000000
61503  14.011  -22.582  40.881 0.0000000000
60276  13.554  -23.279  41.133 0.0000000000
61490  12.922  -23.139  41.468 0.0000000000
61491  12.274  -23.200  41.938 0.0000000000
76877  19.172  -11.448  36.515 0.0000000000
73432  18.703  -14.407  35.740 0.0000000000
74594  18.375  -13.545  37.223 0.0000000000
177766  18.516  -14.092  36.250 0.0000000000
70956  19.000  -15.683  35.453 0.0000000000
68589  19.515  -17.277  35.263 0.0000000000
67487  20.255  -18.402  35.237 0.0000000000
69719  18.434  -16.449  37.149 0.0000000000
163917  18.773  -17.769  36.815 0.0000000000
68556  18.822  -17.320  36.374 0.0000000000
160986  19.078  -17.931  36.250 0.0000000000
66406  19.813  -18.779  35.776 0.0000000000
65228  20.571  -20.356  36.176 0.0000000000
64015  21.019  -21.334  36.993 0.0000000000
62866  20.858  -22.182  38.069 0.0000000000
62879  19.908  -21.971  37.420 0.0000000000
62867  20.139  -22.315  37.875 0.0000000000
61514  20.924  -22.881  40.134 0.0000000000
61500  20.463  -23.180  40.638 0.0000000000
84537  27.053  -5.520  29.834 0.0000000000
84538  26.807  -6.093  30.271 0.0000000000
83307  26.365  -6.711  29.164 0.0000000000
82037  26.127  -7.423  28.812 0.0000000000
82038  26.032  -7.881  29.439 0.0000000000
80849  25.988  -8.269  28.847 0.0000000000
82052  26.252  -7.966  28.185 0.0000000000
79579  26.707  -9.111  27.655 0.0000000000
79578  27.287  -9.333  27.428 0.0000000000
78280  28.273  -9.944  27.632 0.0000000000
76996  26.670  -10.964  29.393 0.0000000000
77011  26.813  -10.804  28.643 0.0000000000
160415  28.065  -12.500  28.798 0.0000000000
75874  27.735  -11.834  28.586 0.0000000000
77010  27.432  -11.136  28.295 0.0000000000
77022  27.812  -10.697  27.789 0.0000000000
77021  28.505  -10.813  27.818 0.0000000000
78279  29.035  -9.935  27.846 0.0000000000
76993  30.938  -11.142  29.362 0.0000000000
175520  31.632  -10.980  30.218 0.0000000000
75832  31.627  -11.677  30.583 0.0000000000
75812  31.845  -11.451  31.322 0.0000000000
76962  31.871  -10.760  30.997 0.0000000000
105746  47.113  10.472  13.968 0.0000000000
104677  46.002  9.757  14.695 0.0000000000
105747  46.507  10.117  14.292 0.0000000000
104681  46.758  9.895  13.628 0.0000000000
188055  47.200  8.211  13.073 0.0000000000
101023  47.541  7.100  13.598 0.0000000000
101000  44.194  7.018  14.944 0.0000000000
181459  44.733  7.310  14.705 0.0000000000
101011  45.278  7.195  14.499 0.0000000000
101010  45.973  7.095  14.257 0.0000000000
101009  46.756  7.066  13.935 0.0000000000
101008  48.096  6.581  13.790 0.0000000000
96321  41.335  3.127  17.160 0.0000000000
96303  40.613  2.835  17.434 0.0000000000
93877  40.821  1.509  17.695 0.0000000000
92709  40.506  1.022  17.934 0.0000000000
92695  40.544  0.408  18.220 0.0000000000
91637  40.108  -0.201  18.659 0.0000000000
93861  38.187  1.540  18.578 0.0000000000
92696  39.109  0.656  18.419 0.0000000000
91624  40.468  -0.764  19.109 0.0000000000
90564  40.062  -1.086  19.737 0.0000000000
178301  40.383  -1.271  20.281 0.0000000000
161920  40.300  -1.329  20.992 0.0000000000
90551  38.945  -1.074  20.049 0.0000000000
97403  34.750  4.022  22.228 0.0000000000
96220  34.342  3.473  21.780 0.0000000000
95028  33.344  2.531  21.805 0.0000000000
96237  33.981  2.898  21.417 0.0000000000
95043  34.461  2.547  20.851 0.0000000000
92670  35.566  0.377  20.252 0.0000000000
91603  32.977  -0.523  21.365 0.0000000000
183269  34.043  0.061  20.876 0.0000000000
161320  34.686  -1.638  21.054 0.0000000000
90538  34.241  -1.030  20.984 0.0000000000
91601  34.514  -0.385  20.788 0.0000000000
91614  35.244  -0.279  20.558 0.0000000000
178549  36.955  -1.219  20.551 0.0000000000
89442  37.407  -2.294  21.326 0.0000000000
89441  37.972  -1.963  21.364 0.0000000000
89440  38.640  -1.620  21.522 0.0000000000
72253  25.865  -14.470  31.900 0.0000000000
184028  25.652  -14.857  32.314 0.0000000000
71002  25.901  -15.308  32.701 0.0000000000
70987  26.331  -15.641  33.226 0.0000000000
164065  26.153  -15.670  33.977 0.0000000000
159057  26.993  -15.881  33.809 0.0000000000
176264  40.575  5.864  18.241 0.0000000000
98581  39.826  4.956  18.256 0.0000000000
99707  40.350  5.397  17.892 0.0000000000
60229  18.339  -23.806  43.806 0.0000000000
58868  16.219  -23.956  43.261 0.0000000000
62803  12.195  -22.328  43.533 0.0000000000
61479  11.756  -23.241  42.456 0.0000000000
60246  11.452  -23.955  42.578 0.0000000000
60247  10.995  -24.339  42.949 0.0000000000
57537  10.726  -24.994  43.054 0.0000000000
58861  10.030  -24.968  43.430 0.0000000000
57518  10.336  -25.488  43.447 0.0000000000
56345  9.973  -25.852  43.862 0.0000000000
56321  9.551  -26.186  44.315 0.0000000000
56299  9.238  -26.545  44.848 0.0000000000
60194  8.902  -23.137  45.621 0.0000000000
60205  8.302  -23.390  45.073 0.0000000000
60220  8.007  -24.188  44.647 0.0000000000
58842  7.395  -24.531  44.909 0.0000000000
58852  7.847  -24.986  44.489 0.0000000000
58851  8.447  -24.717  44.230 0.0000000000
176193  8.440  -25.579  44.330 0.0000000000
55183  8.989  -26.906  45.496 0.0000000000
55156  8.667  -27.244  46.164 0.0000000000
55130  8.295  -27.545  46.737 0.0000000000
53929  8.008  -27.788  47.313 0.0000000000
55158  7.209  -27.346  46.322 0.0000000000
55131  7.592  -27.611  46.797 0.0000000000
53907  7.807  -28.028  47.962 0.0000000000
160016  5.317  -28.479  48.443 0.0000000000
164190  3.394  -29.158  49.947 0.0000000000
52655  2.699  -28.955  50.161 0.0000000000
56265  3.956  -26.914  47.620 0.0000000000
56266  3.487  -27.084  48.091 0.0000000000
55110  3.162  -27.473  48.281 0.0000000000
53887  2.561  -28.052  48.910 0.0000000000
53861  2.269  -28.306  49.614 0.0000000000
53841  2.119  -28.540  50.479 0.0000000000
53862  1.689  -27.859  49.954 0.0000000000
167328  1.190  -27.449  50.373 0.0000000000
55071  0.758  -27.100  50.697 0.0000000000
56246  1.332  -26.464  49.771 0.0000000000
56247  0.867  -26.233  50.042 0.0000000000
56239  0.464  -26.372  50.685 0.0000000000
57415  0.023  -25.842  51.279 0.0000000000
57416  -0.395  -24.977  51.631 0.0000000000
58773  3.579  -25.127  52.222 0.0000000000
58787  2.099  -24.862  51.465 0.0000000000
58756  1.241  -24.492  51.541 0.0000000000
58774  -0.715  -24.042  51.873 0.0000000000
157990  27.082  -6.755  31.321 0.0000000000
156755  27.296  -12.850  31.965 0.0000000000
75797  25.467  -13.342  32.328 0.0000000000
178355  24.731  -14.009  32.573 0.0000000000
72219  24.744  -14.517  32.907 0.0000000000
72220  24.331  -14.459  33.653 0.0000000000
74638  22.893  -13.024  33.464 0.0000000000
73462  22.282  -13.099  34.061 0.0000000000
181403  23.003  -13.325  34.011 0.0000000000
75742  19.144  -12.407  35.159 0.0000000000
74628  19.430  -12.950  34.635 0.0000000000
73449  19.617  -13.795  34.565 0.0000000000
72204  19.585  -14.702  34.707 0.0000000000
72203  20.279  -14.420  34.405 0.0000000000
69739  21.971  -16.190  35.868 0.0000000000
66384  21.953  -19.405  35.862 0.0000000000
67485  21.820  -18.740  35.423 0.0000000000
185788  22.050  -18.205  35.641 0.0000000000
66358  22.738  -19.112  36.969 0.0000000000
67444  22.648  -18.485  36.614 0.0000000000
68574  22.028  -17.550  35.616 0.0000000000
68555  21.958  -16.877  35.565 0.0000000000
69738  22.198  -16.099  36.588 0.0000000000
177208  42.225  1.989  17.397 0.0000000000
93875  42.781  1.471  17.715 0.0000000000
93857  43.975  1.119  18.216 0.0000000000
92692  42.854  0.341  18.338 0.0000000000
176242  43.617  0.449  18.446 0.0000000000
90546  43.325  -1.359  20.397 0.0000000000
88274  30.499  -3.120  23.712 0.0000000000
87125  30.390  -3.794  23.492 0.0000000000
87136  30.799  -4.019  22.837 0.0000000000
85890  31.488  -5.073  22.276 0.0000000000
84625  31.718  -5.786  22.441 0.0000000000
84547  26.876  -5.467  29.051 0.0000000000
84558  26.850  -5.512  28.257 0.0000000000
84570  26.978  -5.669  27.501 0.0000000000
172567  26.910  -6.383  27.239 0.0000000000
84580  27.572  -5.709  26.219 0.0000000000
84589  28.025  -5.952  25.468 0.0000000000
79593  29.094  -8.942  26.989 0.0000000000
80886  29.010  -8.616  26.325 0.0000000000
188807  30.151  -8.803  25.988 0.0000000000
181549  29.013  -8.310  25.736 0.0000000000
82131  28.625  -7.173  24.949 0.0000000000
83375  28.517  -6.321  24.878 0.0000000000
83388  29.475  -6.094  23.957 0.0000000000
182592  30.919  -7.600  23.961 0.0000000000
82141  30.715  -7.143  23.522 0.0000000000
84611  30.591  -6.479  23.162 0.0000000000
83397  31.177  -6.200  22.783 0.0000000000
83396  31.957  -6.419  22.838 0.0000000000
84624  32.601  -5.938  22.512 0.0000000000
180298  33.269  -6.167  22.829 0.0000000000
83393  34.128  -6.560  23.504 0.0000000000
83372  34.719  -6.933  24.356 0.0000000000
82124  34.399  -7.385  24.937 0.0000000000
82123  35.103  -7.123  25.073 0.0000000000
83359  35.781  -6.903  25.173 0.0000000000
71014  26.811  -15.356  31.897 0.0000000000
71013  27.604  -15.585  31.700 0.0000000000
70985  28.408  -15.905  33.300 0.0000000000
70998  28.909  -15.798  32.626 0.0000000000
71023  28.368  -15.478  31.237 0.0000000000
71010  29.614  -15.466  31.549 0.0000000000
72251  30.300  -15.257  31.939 0.0000000000
187290  31.217  -14.652  32.462 0.0000000000
165702  31.893  -15.386  35.849 0.0000000000
72181  32.004  -15.264  35.265 0.0000000000
72217  31.673  -14.872  33.813 0.0000000000
73460  31.993  -14.468  33.337 0.0000000000
72233  31.688  -14.317  32.687 0.0000000000
73473  32.252  -13.786  33.017 0.0000000000
74637  33.075  -13.042  33.656 0.0000000000
105748  47.946  10.575  12.986 0.0000000000
106847  49.750  11.437  12.953 0.0000000000
106853  49.924  11.244  12.234 0.0000000000
106861  50.128  11.028  11.519 0.0000000000
105756  50.336  10.756  10.841 0.0000000000
102296  48.868  7.725  12.274 0.0000000000
103537  49.014  8.770  11.282 0.0000000000
102305  49.804  7.825  11.240 0.0000000000
103536  49.582  8.448  10.894 0.0000000000
103547  49.430  9.108  10.752 0.0000000000
104692  49.458  9.783  10.832 0.0000000000
105763  49.991  10.133  10.525 0.0000000000
105762  50.596  10.393  10.285 0.0000000000
105761  51.274  10.609  10.034 0.0000000000
105774  51.522  10.097  9.406 0.0000000000
105787  52.055  9.720  8.902 0.0000000000
103564  51.587  8.507  9.116 0.0000000000
183116  52.025  8.521  8.850 0.0000000000
104720  52.507  9.323  8.548 0.0000000000
53908  7.073  -28.121  48.129 0.0000000000
55180  11.989  -27.232  45.415 0.0000000000
56283  6.488  -26.671  45.821 0.0000000000
57473  5.726  -25.833  46.319 0.0000000000
57474  5.259  -26.052  46.663 0.0000000000
57484  6.705  -25.772  45.396 0.0000000000
57499  15.072  -25.888  43.872 0.0000000000
57502  7.187  -25.746  45.014 0.0000000000
58844  6.525  -25.377  45.689 0.0000000000
60254  19.276  -23.772  41.762 0.0000000000
61489  20.639  -23.246  41.267 0.0000000000
61531  20.652  -22.784  39.297 0.0000000000
62846  14.967  -21.685  40.016 0.0000000000
62847  14.409  -21.450  40.362 0.0000000000
62854  21.817  -22.021  39.221 0.0000000000
62869  18.694  -22.031  37.642 0.0000000000
63959  13.712  -21.028  41.456 0.0000000000
63976  23.086  -21.147  39.873 0.0000000000
64004  16.979  -21.047  38.396 0.0000000000
64014  21.756  -21.092  37.227 0.0000000000
64033  20.770  -20.892  36.474 0.0000000000
65169  23.118  -20.395  39.007 0.0000000000
65226  21.783  -20.130  36.213 0.0000000000
65249  20.957  -19.809  35.833 0.0000000000
66404  21.342  -19.214  35.438 0.0000000000
67460  22.258  -18.674  35.962 0.0000000000
67511  21.194  -18.152  34.958 0.0000000000
68537  22.766  -17.661  36.986 0.0000000000
68539  18.568  -17.153  37.133 0.0000000000
68554  22.252  -17.010  36.185 0.0000000000
68577  19.032  -16.915  35.769 0.0000000000
68588  20.544  -17.402  34.671 0.0000000000
70946  31.361  -15.521  35.511 0.0000000000
70965  31.345  -15.331  34.838 0.0000000000
70997  29.676  -15.621  32.280 0.0000000000
71001  26.527  -15.530  32.546 0.0000000000
71011  28.996  -15.653  31.796 0.0000000000
71012  28.339  -15.744  31.932 0.0000000000
71022  29.043  -15.458  31.204 0.0000000000
72198  32.030  -14.995  34.526 0.0000000000
72199  31.339  -15.153  34.250 0.0000000000
72216  32.348  -14.576  33.957 0.0000000000
72234  30.809  -15.059  32.553 0.0000000000
72249  31.366  -14.245  32.037 0.0000000000
72250  30.879  -14.737  31.955 0.0000000000
72266  29.952  -14.743  30.835 0.0000000000
72267  28.810  -15.219  30.718 0.0000000000
73415  18.474  -13.687  36.515 0.0000000000
73459  32.851  -14.145  34.057 0.0000000000
74605  18.828  -12.915  35.685 0.0000000000
74649  32.677  -13.044  33.168 0.0000000000
74663  31.943  -12.484  31.949 0.0000000000
74674  31.190  -13.244  30.873 0.0000000000
74689  31.418  -12.527  30.692 0.0000000000
75750  20.057  -11.950  33.869 0.0000000000
75781  22.895  -11.944  32.977 0.0000000000
75834  30.409  -12.533  29.727 0.0000000000
75872  29.093  -11.819  28.359 0.0000000000
76888  19.244  -11.555  35.651 0.0000000000
77008  29.127  -10.968  28.039 0.0000000000
77009  28.144  -11.362  28.093 0.0000000000
78135  20.857  -10.030  35.095 0.0000000000
78136  20.236  -10.466  35.584 0.0000000000
78152  20.877  -10.141  34.234 0.0000000000
78168  21.891  -10.122  33.434 0.0000000000
78190  23.470  -10.284  33.146 0.0000000000
78206  32.705  -10.165  32.143 0.0000000000
78250  30.829  -10.473  29.028 0.0000000000
78251  26.400  -10.450  29.712 0.0000000000
79411  22.317  -9.485  36.161 0.0000000000
79439  23.569  -9.424  34.355 0.0000000000
79441  22.303  -9.546  34.619 0.0000000000
79457  23.776  -9.573  33.735 0.0000000000
79459  21.506  -9.862  33.998 0.0000000000
79478  22.604  -9.784  33.566 0.0000000000
79490  33.176  -9.552  32.176 0.0000000000
79504  32.912  -9.056  31.592 0.0000000000
79531  32.159  -8.962  29.802 0.0000000000
79554  29.792  -9.468  27.826 0.0000000000
80845  32.553  -8.891  28.370 0.0000000000
80868  31.779  -9.155  27.356 0.0000000000
80869  30.944  -9.237  27.291 0.0000000000
80880  34.413  -8.007  26.982 0.0000000000
80882  32.541  -8.902  26.883 0.0000000000
80899  29.424  -8.216  25.250 0.0000000000
80910  30.707  -8.365  25.062 0.0000000000
82022  26.125  -8.189  29.952 0.0000000000
82126  33.083  -7.712  24.681 0.0000000000
82136  34.103  -7.238  24.458 0.0000000000
83394  33.504  -6.564  23.286 0.0000000000
84610  34.766  -6.178  23.328 0.0000000000
85900  32.640  -4.827  22.029 0.0000000000
90547  42.547  -1.360  20.174 0.0000000000
91566  31.348  -0.286  24.396 0.0000000000
91622  42.120  -0.738  19.045 0.0000000000
92630  31.423  0.325  23.860 0.0000000000
92706  42.470  0.872  18.024 0.0000000000
92707  41.787  0.844  17.936 0.0000000000
95018  32.746  2.186  22.914 0.0000000000
95106  40.384  2.130  17.644 0.0000000000
97476  46.012  3.676  16.407 0.0000000000
97509  47.717  4.422  15.321 0.0000000000
101044  50.763  7.058  11.438 0.0000000000
101045  50.183  7.324  11.722 0.0000000000
102258  43.085  7.832  16.179 0.0000000000
102272  44.394  7.717  14.867 0.0000000000
103514  45.675  8.969  14.143 0.0000000000
103538  48.511  9.119  11.711 0.0000000000
103545  50.552  8.484  9.849 0.0000000000
103565  50.972  8.878  9.397 0.0000000000
104721  51.965  8.987  8.758 0.0000000000
105738  46.882  10.565  15.432 0.0000000000
105775  50.791  9.993  9.764 0.0000000000
106846  50.362  11.551  12.722 0.0000000000
106851  51.420  11.707  11.738 0.0000000000
106865  51.072  10.953  10.673 0.0000000000
106875  53.258  11.414  9.376 0.0000000000
107912  52.129  11.786  10.738 0.0000000000
158118  18.174  -23.712  42.411 0.0000000000
158790  33.381  -8.571  31.477 0.0000000000
160439  30.008  -15.156  31.295 0.0000000000
162822  42.500  7.765  17.152 0.0000000000
163270  26.484  -9.454  28.127 0.0000000000
164766  31.313  -14.844  33.098 0.0000000000
169308  18.442  -15.293  36.441 0.0000000000
170104  29.551  -8.582  25.878 0.0000000000
171648  5.960  -25.258  46.652 0.0000000000
175681  32.828  -13.656  33.584 0.0000000000
176442  2.895  -27.884  48.455 0.0000000000
177115  31.266  -8.240  24.789 0.0000000000
178378  35.362  -5.942  23.276 0.0000000000
179572  26.968  -13.956  31.150 0.0000000000
180661  35.667  -4.134  21.937 0.0000000000
181288  23.037  -19.534  38.141 0.0000000000
181342  19.171  -17.510  35.816 0.0000000000
181903  31.141  -9.914  29.149 0.0000000000
182178  26.518  -10.453  29.066 0.0000000000
184332  41.790  4.334  16.687 0.0000000000
184802  22.081  -9.555  35.076 0.0000000000
185037  43.713  3.080  16.918 0.0000000000
185210  29.783  -15.758  33.650 0.0000000000
186606  27.204  -5.900  26.875 0.0000000000
187979  31.821  -13.176  31.923 0.0000000000
188305  47.131  5.335  14.771 0.0000000000
188520  23.200  -11.541  32.936 0.0000000000
