#!ascii label  , from subject sub-v2s13x29123_ses-1 vox2ras=TkReg
1054
30417  -40.951  -53.239  -41.511 0.5000000000
30415  -38.887  -53.554  -41.111 0.8000000119
31577  -38.527  -52.474  -39.093 0.8000000119
31583  -38.628  -52.683  -39.906 0.8000000119
31591  -39.540  -52.687  -40.710 0.8000000119
29279  -41.198  -54.289  -41.755 0.5000000000
153479  -39.600  -53.409  -41.294 0.5000000000
31592  -40.313  -52.579  -41.107 0.6000000238
33748  -38.942  -50.814  -37.218 0.6999999881
32721  -38.914  -51.945  -38.484 0.6999999881
32737  -39.950  -52.224  -40.413 0.8000000119
32738  -40.810  -51.873  -40.700 0.6999999881
29280  -42.159  -54.293  -41.839 0.6000000238
165635  -41.714  -52.991  -41.624 0.5000000000
31596  -42.076  -52.552  -41.663 0.6000000238
33729  -38.126  -50.578  -35.908 0.6999999881
31595  -41.229  -52.724  -41.476 0.6000000238
162885  -41.882  -52.203  -41.631 0.6000000238
34748  -38.555  -50.259  -36.310 0.6999999881
33739  -38.289  -50.953  -36.492 0.6999999881
32722  -39.479  -51.598  -38.720 0.6999999881
32741  -41.179  -52.209  -41.340 0.6000000238
33777  -42.594  -51.118  -41.612 0.6000000238
32731  -40.465  -51.542  -39.842 0.8000000119
33772  -41.230  -51.085  -40.175 0.8000000119
32739  -41.796  -51.433  -41.093 0.6999999881
30422  -43.109  -53.258  -41.666 0.4000000060
31599  -42.337  -52.847  -41.695 0.6000000238
34723  -38.085  -49.521  -34.872 0.6999999881
33780  -43.181  -50.960  -41.961 0.6000000238
34739  -38.410  -49.679  -35.672 0.6999999881
34749  -38.926  -50.138  -36.711 0.6999999881
33756  -39.192  -51.239  -37.935 0.6999999881
33757  -39.871  -50.798  -38.144 0.6999999881
33765  -40.176  -51.233  -38.975 0.6000000238
33773  -41.775  -50.691  -40.379 0.6999999881
35818  -42.216  -49.156  -40.453 0.5000000000
34762  -40.378  -50.003  -38.085 0.6000000238
34763  -40.978  -49.902  -38.673 0.6000000238
34769  -41.490  -49.867  -39.410 0.6000000238
35813  -41.825  -49.067  -39.847 0.6000000238
35812  -41.388  -48.912  -39.045 0.6000000238
36924  -41.689  -47.659  -40.144 0.5000000000
30423  -43.844  -53.010  -41.380 0.4000000060
31601  -43.682  -52.316  -41.547 0.5000000000
35750  -37.855  -48.618  -33.788 0.6999999881
168096  -43.324  -51.624  -41.814 0.6000000238
33781  -43.787  -50.697  -41.967 0.6000000238
34740  -38.863  -49.529  -36.267 0.6999999881
34776  -42.863  -50.331  -41.617 0.6000000238
35801  -39.794  -49.445  -37.213 0.6999999881
35822  -42.991  -49.337  -41.835 0.5000000000
35821  -42.461  -48.784  -41.133 0.6000000238
35808  -40.211  -49.487  -37.687 0.6999999881
35809  -40.739  -49.104  -38.176 0.6000000238
36925  -42.043  -48.288  -40.510 0.5000000000
154911  -42.300  -47.977  -41.296 0.5000000000
36918  -41.433  -47.949  -39.277 0.5000000000
35706  -35.229  -48.783  -31.730 0.6000000238
36825  -36.284  -47.910  -31.607 0.6000000238
31598  -44.509  -52.694  -40.943 0.5000000000
32743  -44.741  -51.789  -41.017 0.5000000000
35728  -37.032  -48.623  -32.423 0.6999999881
34689  -36.834  -49.421  -32.647 0.6999999881
31602  -44.110  -51.919  -41.449 0.5000000000
33782  -44.526  -50.500  -41.850 0.5000000000
35828  -45.042  -49.604  -41.747 0.4000000060
35770  -38.132  -48.810  -34.495 0.6999999881
34779  -44.140  -49.809  -42.200 0.5000000000
35784  -38.455  -48.866  -35.176 0.6999999881
35785  -38.849  -48.858  -35.792 0.6999999881
35826  -44.109  -48.900  -42.578 0.5000000000
35794  -39.742  -48.730  -36.858 0.6999999881
36902  -40.223  -48.126  -37.305 0.6000000238
35825  -43.438  -48.571  -42.498 0.5000000000
36912  -40.672  -48.267  -37.962 0.6000000238
36931  -43.045  -47.829  -42.498 0.5000000000
36911  -40.587  -47.634  -37.798 0.5000000000
37981  -40.980  -47.581  -38.611 0.5000000000
37991  -41.280  -47.247  -39.645 0.5000000000
38001  -41.813  -46.806  -41.475 0.5000000000
37996  -41.494  -47.046  -40.621 0.5000000000
38000  -41.466  -46.244  -41.500 0.3000000119
35820  -45.328  -49.688  -40.560 0.3000000119
36822  -34.052  -47.609  -32.182 0.6000000238
148650  -35.022  -47.606  -31.311 0.6000000238
33775  -45.349  -50.881  -40.625 0.4000000060
35824  -45.326  -49.409  -41.247 0.4000000060
36843  -37.652  -47.483  -33.054 0.6000000238
35823  -45.030  -48.851  -42.028 0.5000000000
149857  -38.151  -48.227  -34.237 0.6999999881
36881  -38.429  -48.210  -34.768 0.6999999881
35830  -43.987  -48.210  -42.889 0.5000000000
36893  -39.821  -47.976  -36.662 0.5000000000
36933  -43.676  -47.582  -42.849 0.5000000000
37971  -40.189  -47.297  -37.205 0.5000000000
38003  -42.867  -46.496  -42.561 0.4000000060
36930  -42.293  -46.700  -42.143 0.3000000119
39095  -42.353  -46.133  -42.243 0.4000000060
39085  -40.979  -46.606  -40.107 0.5000000000
174196  -41.322  -46.577  -40.968 0.4000000060
39001  -34.398  -46.527  -31.413 0.6000000238
37888  -35.040  -46.941  -31.210 0.6000000238
37908  -36.367  -47.049  -31.486 0.6000000238
153082  -36.952  -46.651  -31.824 0.6000000238
37922  -37.342  -47.079  -32.377 0.6000000238
163181  -45.036  -47.669  -42.068 0.3000000119
35827  -44.547  -48.341  -42.645 0.4000000060
37932  -38.125  -47.147  -33.691 0.6000000238
38004  -44.694  -47.106  -42.418 0.3000000119
36871  -38.706  -47.578  -34.902 0.6000000238
36892  -39.322  -48.037  -35.983 0.6999999881
39092  -44.130  -45.921  -42.153 0.3000000119
38006  -44.241  -47.171  -42.796 0.3000000119
156178  -39.045  -47.580  -35.423 0.6000000238
40283  -43.588  -45.487  -42.225 0.3000000119
39099  -43.425  -46.372  -42.672 0.3000000119
39050  -39.215  -46.324  -35.489 0.5000000000
37962  -39.349  -47.089  -35.738 0.5000000000
39060  -39.964  -46.640  -36.848 0.5000000000
40284  -42.054  -45.061  -42.264 0.3000000119
39096  -43.039  -45.880  -42.557 0.3000000119
39068  -40.204  -46.520  -37.557 0.5000000000
39075  -40.368  -46.402  -38.398 0.5000000000
165388  -41.413  -45.248  -42.097 0.3000000119
39067  -39.787  -45.876  -37.127 0.5000000000
40279  -40.820  -46.073  -40.857 0.4000000060
40282  -41.082  -45.677  -41.606 0.3000000119
149971  -33.958  -46.012  -31.690 0.5000000000
38980  -35.033  -46.107  -31.118 0.6000000238
38981  -35.847  -45.823  -31.191 0.5000000000
39028  -38.260  -46.261  -33.618 0.6000000238
171969  -37.861  -46.074  -32.908 0.5000000000
41499  -42.967  -44.255  -41.569 0.3000000119
37942  -38.591  -46.850  -34.394 0.6000000238
42654  -41.996  -43.249  -41.861 0.3000000119
41504  -42.592  -44.601  -42.136 0.3000000119
39040  -38.919  -46.220  -34.843 0.6000000238
39059  -39.606  -46.316  -36.209 0.5000000000
40256  -39.624  -45.395  -37.976 0.5000000000
39089  -40.468  -46.075  -40.053 0.4000000060
40273  -39.617  -44.969  -39.756 0.4000000060
40161  -34.629  -45.513  -31.166 0.5000000000
40163  -36.002  -45.076  -31.187 0.5000000000
40186  -36.655  -44.972  -31.500 0.5000000000
153610  -36.989  -45.759  -31.783 0.5000000000
153626  -37.256  -44.944  -32.012 0.5000000000
43766  -42.445  -42.868  -39.781 0.3000000119
43773  -42.321  -43.005  -40.869 0.3000000119
40219  -38.470  -45.448  -33.898 0.6000000238
40228  -38.820  -45.460  -34.582 0.6000000238
154451  -39.313  -45.720  -35.823 0.5000000000
41472  -39.287  -45.043  -37.249 0.5000000000
41497  -40.202  -44.554  -41.376 0.4000000060
41493  -39.135  -44.197  -40.130 0.4000000060
41369  -35.395  -44.538  -31.078 0.5000000000
41370  -36.184  -44.204  -31.274 0.5000000000
41393  -36.931  -44.235  -31.704 0.5000000000
43765  -42.066  -42.299  -39.451 0.4000000060
45942  -41.500  -41.119  -39.735 0.4000000060
148677  -37.804  -44.855  -32.739 0.5000000000
169333  -38.222  -44.679  -33.538 0.5000000000
43772  -42.003  -42.405  -40.454 0.4000000060
43778  -41.794  -42.576  -41.589 0.3000000119
42574  -38.129  -43.864  -33.573 0.4000000060
43785  -41.392  -42.757  -42.309 0.3000000119
41433  -38.583  -44.737  -34.284 0.5000000000
41442  -38.880  -44.698  -35.094 0.4000000060
40239  -39.132  -45.028  -35.812 0.4000000060
41490  -39.071  -44.435  -39.203 0.4000000060
42523  -35.420  -43.639  -31.090 0.5000000000
42524  -36.074  -43.416  -31.240 0.5000000000
42552  -37.214  -43.524  -32.080 0.5000000000
44860  -41.823  -41.733  -39.120 0.4000000060
169202  -37.922  -44.221  -33.019 0.5000000000
42573  -37.774  -43.492  -32.899 0.4000000060
45949  -41.223  -40.592  -40.712 0.4000000060
45950  -41.412  -41.290  -40.947 0.4000000060
161928  -38.045  -43.121  -33.672 0.4000000060
153314  -38.349  -44.166  -34.055 0.4000000060
44873  -41.151  -41.542  -41.905 0.4000000060
149478  -38.595  -43.881  -35.434 0.4000000060
41453  -38.870  -44.393  -35.806 0.4000000060
41461  -38.610  -43.921  -37.057 0.4000000060
41484  -39.084  -44.610  -38.179 0.4000000060
41471  -38.607  -43.932  -37.902 0.4000000060
42644  -38.075  -43.170  -39.295 0.4000000060
43771  -38.692  -42.752  -40.352 0.4000000060
42650  -38.722  -43.370  -40.169 0.4000000060
43629  -35.038  -42.820  -31.099 0.5000000000
162671  -36.051  -42.333  -31.220 0.4000000060
47020  -41.142  -40.011  -39.168 0.4000000060
45941  -41.255  -40.469  -39.773 0.4000000060
43658  -36.926  -42.838  -31.811 0.5000000000
43659  -37.465  -42.828  -32.476 0.4000000060
42594  -38.254  -43.523  -34.229 0.4000000060
47039  -40.995  -39.911  -41.549 0.4000000060
42606  -38.294  -43.295  -34.989 0.4000000060
42616  -38.189  -43.121  -35.933 0.4000000060
169688  -39.177  -42.606  -41.024 0.3000000119
41483  -38.599  -43.854  -38.793 0.4000000060
44730  -36.006  -41.630  -31.236 0.4000000060
44747  -36.625  -42.098  -31.511 0.5000000000
152527  -37.631  -41.670  -32.588 0.4000000060
159302  -40.977  -39.416  -39.754 0.4000000060
44771  -37.959  -41.928  -33.310 0.4000000060
43683  -37.853  -42.684  -33.152 0.4000000060
155486  -38.086  -41.917  -34.080 0.4000000060
43714  -38.126  -42.677  -34.411 0.4000000060
43728  -38.024  -42.527  -35.304 0.4000000060
42623  -38.206  -43.313  -36.837 0.4000000060
42629  -38.182  -43.414  -37.647 0.4000000060
42649  -38.181  -42.853  -39.794 0.4000000060
45831  -36.751  -40.835  -31.548 0.4000000060
45832  -37.258  -40.631  -31.977 0.4000000060
162094  -37.942  -41.106  -33.073 0.4000000060
45860  -38.082  -40.720  -33.723 0.4000000060
44802  -37.986  -41.899  -34.823 0.4000000060
44817  -37.703  -41.834  -35.598 0.4000000060
43776  -38.870  -42.221  -40.610 0.4000000060
44816  -37.357  -41.708  -36.318 0.4000000060
43745  -37.351  -42.336  -37.573 0.4000000060
44829  -37.217  -41.924  -37.072 0.4000000060
43756  -37.245  -42.344  -38.388 0.4000000060
43763  -37.220  -42.041  -39.041 0.4000000060
46917  -37.417  -39.909  -32.114 0.4000000060
46918  -37.858  -39.843  -32.733 0.4000000060
46932  -38.050  -39.887  -33.588 0.4000000060
46949  -37.708  -39.966  -34.944 0.4000000060
46966  -37.866  -40.678  -34.847 0.4000000060
46965  -37.452  -40.612  -35.506 0.4000000060
45891  -37.780  -41.246  -35.176 0.4000000060
45890  -37.318  -41.208  -35.957 0.4000000060
45904  -36.843  -41.237  -36.962 0.4000000060
43770  -38.062  -42.263  -39.802 0.3000000119
44853  -36.765  -41.626  -38.803 0.4000000060
158550  -37.423  -41.990  -39.289 0.4000000060
48057  -37.574  -39.166  -32.294 0.4000000060
48058  -37.929  -39.136  -33.000 0.4000000060
50135  -37.718  -37.719  -32.909 0.4000000060
48073  -37.974  -39.082  -33.830 0.4000000060
48087  -37.769  -39.148  -34.559 0.4000000060
149052  -36.937  -40.631  -36.346 0.4000000060
46998  -36.330  -40.762  -37.175 0.4000000060
45958  -39.109  -41.121  -40.820 0.4000000060
44865  -38.537  -41.741  -40.157 0.3000000119
156392  -36.617  -41.459  -37.813 0.4000000060
44858  -37.006  -41.574  -39.057 0.5000000000
44859  -37.627  -41.698  -39.418 0.4000000060
45939  -36.368  -41.132  -38.987 0.5000000000
50134  -37.605  -37.132  -33.432 0.4000000060
50147  -37.399  -37.391  -34.314 0.4000000060
49129  -37.725  -37.820  -33.739 0.4000000060
175215  -37.503  -38.007  -34.456 0.4000000060
155589  -37.380  -38.584  -34.887 0.4000000060
45918  -36.039  -41.088  -38.081 0.4000000060
47017  -36.485  -40.884  -39.097 0.5000000000
51220  -37.449  -36.419  -33.148 0.4000000060
51234  -37.305  -36.626  -34.054 0.4000000060
51247  -36.879  -37.041  -34.965 0.4000000060
45930  -35.855  -41.146  -38.955 0.4000000060
47007  -35.915  -40.784  -39.122 0.5000000000
155868  -37.272  -35.830  -32.881 0.4000000060
52276  -37.181  -35.796  -33.726 0.4000000060
51233  -36.802  -36.188  -34.732 0.4000000060
48141  -35.494  -40.347  -39.215 0.5000000000
53439  -36.169  -34.124  -34.565 0.4000000060
52264  -37.155  -35.210  -33.037 0.4000000060
53440  -36.624  -34.664  -34.182 0.4000000060
52275  -36.694  -35.382  -34.497 0.4000000060
53454  -36.094  -34.894  -35.012 0.4000000060
52287  -35.196  -35.334  -35.863 0.5000000000
150284  -36.553  -34.099  -33.857 0.4000000060
40266  -40.005  -45.794  -38.640 0.5000000000
40265  -39.575  -45.138  -38.865 0.5000000000
40277  -39.789  -44.815  -40.606 0.4000000060
29278  -40.368  -54.295  -41.708 0.5000000000
31582  -38.101  -52.982  -39.556 0.8000000119
32720  -38.387  -52.235  -38.236 0.8000000119
32709  -37.483  -52.309  -37.125 0.6999999881
28122  -41.840  -55.142  -42.082 0.5000000000
33738  -37.756  -51.299  -36.140 0.6999999881
28123  -43.167  -55.363  -41.926 0.5000000000
149882  -37.381  -50.667  -34.760 0.6999999881
29282  -44.329  -53.983  -41.158 0.4000000060
29281  -43.543  -54.424  -41.597 0.4000000060
35769  -37.703  -49.465  -34.028 0.6999999881
35708  -36.530  -48.476  -31.946 0.6999999881
30419  -45.228  -53.684  -40.419 0.4000000060
31593  -45.110  -52.550  -40.381 0.4000000060
36841  -33.987  -48.382  -32.358 0.6000000238
34774  -45.320  -50.224  -40.174 0.4000000060
37921  -33.682  -47.225  -32.754 0.6000000238
145554  -33.570  -45.995  -32.330 0.5000000000
40184  -34.042  -45.339  -31.402 0.5000000000
41368  -34.584  -44.815  -31.123 0.5000000000
42522  -34.596  -43.494  -31.155 0.4000000060
44729  -35.313  -41.454  -31.295 0.4000000060
45816  -35.165  -40.774  -31.464 0.4000000060
45817  -35.757  -40.928  -31.356 0.4000000060
46894  -35.615  -40.233  -31.532 0.4000000060
48040  -36.504  -38.747  -31.750 0.4000000060
49113  -37.355  -37.702  -32.283 0.4000000060
50106  -37.040  -36.889  -32.053 0.4000000060
51207  -37.256  -36.284  -32.434 0.4000000060
52247  -37.097  -35.493  -32.307 0.4000000060
54482  -36.599  -33.726  -33.210 0.4000000060
30412  -38.372  -53.502  -40.670 0.8000000119
32729  -39.077  -52.227  -39.340 0.8000000119
30421  -42.298  -53.439  -41.725 0.5000000000
32711  -38.683  -51.578  -37.701 0.6999999881
34756  -39.359  -50.090  -37.128 0.6999999881
31597  -42.550  -52.072  -41.760 0.6000000238
33774  -42.291  -50.570  -40.917 0.6999999881
33767  -41.525  -50.489  -39.826 0.6999999881
34778  -43.467  -50.122  -42.091 0.6000000238
34773  -42.477  -49.711  -40.974 0.6000000238
34770  -41.960  -49.957  -40.186 0.6000000238
36858  -37.546  -48.255  -33.076 0.6999999881
159899  -43.668  -49.363  -42.276 0.5000000000
37909  -36.884  -47.441  -31.897 0.6000000238
32740  -45.247  -51.631  -40.183 0.5000000000
33778  -45.013  -50.987  -41.276 0.5000000000
36929  -45.208  -48.406  -41.445 0.3000000119
39084  -40.449  -46.245  -39.289 0.5000000000
39013  -37.436  -46.317  -32.331 0.6000000238
40247  -39.386  -45.397  -36.438 0.5000000000
40274  -40.022  -45.651  -39.490 0.5000000000
169004  -38.928  -44.417  -37.360 0.4000000060
41496  -39.500  -44.103  -40.946 0.4000000060
166822  -37.782  -42.948  -38.194 0.4000000060
43738  -37.777  -42.633  -36.811 0.4000000060
46905  -36.861  -40.112  -31.671 0.4000000060
44841  -36.892  -41.794  -38.099 0.4000000060
52288  -36.082  -35.798  -35.327 0.4000000060
24089  -32.560  -58.129  -40.492 0.4000000060
148578  -33.100  -58.314  -41.175 0.4000000060
166276  -32.760  -59.572  -39.119 0.4000000060
22049  -32.283  -60.484  -39.112 0.4000000060
24070  -32.909  -58.525  -38.981 0.4000000060
23016  -32.882  -58.992  -38.190 0.4000000060
22050  -32.645  -59.933  -38.337 0.4000000060
21991  -33.302  -60.124  -36.624 0.4000000060
21993  -34.762  -60.453  -36.731 0.5000000000
172958  -32.750  -58.718  -37.264 0.4000000060
23004  -32.962  -59.339  -36.948 0.4000000060
22983  -34.413  -59.982  -36.056 0.5000000000
22984  -35.268  -60.029  -36.216 0.5000000000
22985  -36.144  -59.803  -36.350 0.6000000238
154077  -32.488  -58.535  -37.080 0.4000000060
22981  -32.762  -58.975  -36.688 0.4000000060
22959  -33.994  -59.518  -35.472 0.4000000060
150154  -45.246  -55.160  -41.194 0.3000000119
29277  -45.445  -54.490  -40.709 0.4000000060
161740  -45.174  -52.187  -39.756 0.3000000119
23006  -36.131  -60.100  -37.615 0.5000000000
27034  -41.843  -56.941  -42.754 0.5000000000
27036  -44.280  -56.467  -42.181 0.4000000060
23955  -33.811  -58.720  -33.554 0.4000000060
22960  -34.960  -59.700  -35.492 0.5000000000
168305  -35.699  -59.688  -35.596 0.5000000000
23981  -33.514  -59.054  -34.271 0.4000000060
24030  -33.042  -59.177  -35.875 0.4000000060
24032  -37.496  -59.180  -37.276 0.6000000238
24050  -38.043  -58.871  -37.884 0.6000000238
25025  -38.605  -58.529  -38.353 0.6999999881
158216  -41.341  -55.902  -42.404 0.5000000000
24060  -37.893  -59.362  -38.994 0.6999999881
25047  -39.328  -58.790  -40.702 0.6999999881
173131  -40.174  -56.616  -42.147 0.6999999881
25037  -39.146  -58.429  -39.804 0.6999999881
161699  -39.543  -57.681  -40.248 0.6999999881
24009  -35.535  -59.337  -34.825 0.5000000000
22961  -36.311  -59.373  -35.336 0.6000000238
159652  -37.708  -58.572  -36.451 0.6000000238
25003  -38.091  -57.848  -36.541 0.6000000238
23956  -34.672  -58.705  -33.725 0.4000000060
23983  -35.470  -58.705  -34.028 0.5000000000
168674  -37.206  -58.189  -35.282 0.6000000238
24033  -38.049  -58.528  -37.055 0.6000000238
25014  -38.938  -57.753  -37.979 0.6000000238
25960  -39.354  -56.914  -38.958 0.6000000238
33768  -45.223  -50.871  -39.782 0.3000000119
159311  -39.403  -57.565  -39.475 0.6999999881
170635  -40.432  -55.651  -42.185 0.6000000238
28121  -40.805  -55.009  -41.963 0.5000000000
25904  -35.256  -57.149  -33.402 0.6000000238
25920  -35.864  -57.217  -33.871 0.6000000238
25921  -36.431  -57.227  -34.445 0.6999999881
24992  -37.183  -57.029  -35.216 0.6000000238
25941  -37.876  -56.959  -36.058 0.6000000238
26994  -38.914  -56.369  -37.807 0.6000000238
24957  -34.980  -57.834  -33.270 0.5000000000
23984  -36.243  -58.837  -34.615 0.6000000238
27017  -39.105  -55.959  -39.372 0.6000000238
25969  -39.465  -56.761  -39.799 0.6999999881
27029  -39.223  -55.752  -40.938 0.6999999881
25975  -39.571  -56.687  -40.689 0.6999999881
28120  -40.165  -54.864  -41.921 0.6000000238
27030  -39.535  -55.654  -41.578 0.6999999881
26938  -35.530  -56.201  -33.763 0.6000000238
26957  -36.538  -56.157  -34.708 0.6999999881
26968  -36.955  -55.642  -35.337 0.6999999881
26979  -37.543  -55.946  -35.832 0.6999999881
26993  -38.444  -56.055  -37.235 0.6000000238
29276  -39.576  -54.309  -41.572 0.5000000000
27016  -38.549  -55.317  -38.964 0.6999999881
27024  -39.184  -55.799  -40.293 0.6999999881
28118  -39.365  -54.939  -41.572 0.6000000238
29238  -36.497  -53.928  -37.244 0.6999999881
172150  -37.592  -53.843  -39.024 0.6999999881
28055  -36.447  -54.834  -35.786 0.6999999881
28081  -37.366  -54.428  -37.943 0.6000000238
29250  -37.651  -54.159  -38.875 0.5000000000
28067  -37.377  -55.171  -36.567 0.6999999881
28082  -37.954  -55.173  -37.637 0.6000000238
28103  -38.073  -54.513  -39.469 0.6999999881
29270  -38.450  -54.213  -40.991 0.5000000000
27006  -38.508  -55.616  -38.059 0.6000000238
28117  -38.951  -54.793  -41.292 0.6000000238
161649  -37.316  -53.255  -38.110 0.6999999881
31575  -37.738  -53.124  -38.760 0.6999999881
31567  -37.696  -52.630  -38.004 0.6999999881
29269  -38.141  -53.887  -40.612 0.6000000238
30403  -38.072  -53.507  -40.104 0.6999999881
148660  -42.838  -56.350  -42.466 0.5000000000
29260  -37.839  -53.919  -39.786 0.6000000238
24082  -32.993  -58.539  -39.888 0.4000000060
21992  -33.944  -60.335  -36.539 0.4000000060
24006  -32.552  -58.989  -35.401 0.4000000060
22982  -33.403  -59.669  -36.208 0.4000000060
23982  -34.826  -59.097  -34.337 0.4000000060
162558  -34.107  -59.231  -34.692 0.4000000060
25980  -39.999  -57.771  -41.816 0.6999999881
162620  -39.776  -56.637  -41.401 0.6999999881
25002  -37.614  -57.906  -35.861 0.6000000238
25942  -38.414  -57.007  -36.755 0.6000000238
24972  -35.504  -57.967  -33.623 0.6999999881
24973  -36.123  -58.104  -34.110 0.6000000238
26980  -38.031  -56.047  -36.480 0.6000000238
147082  -36.858  -54.371  -37.170 0.6999999881
28093  -37.954  -54.842  -38.518 0.6000000238
151729  -36.890  -54.040  -37.700 0.6000000238
28044  -36.271  -55.182  -35.059 0.5000000000
25890  -33.782  -57.705  -32.723 0.4000000060
26937  -34.876  -56.363  -33.255 0.5000000000
170779  -35.651  -54.208  -35.280 0.6000000238
25889  -33.166  -57.321  -32.390 0.4000000060
161265  -33.142  -56.523  -32.392 0.5000000000
26921  -34.307  -56.398  -32.921 0.5000000000
162880  -34.422  -55.701  -33.225 0.5000000000
29181  -35.029  -54.431  -34.293 0.5000000000
30350  -35.345  -53.411  -34.853 0.5000000000
163764  -35.307  -55.207  -34.075 0.5000000000
29211  -36.156  -54.151  -36.182 0.6000000238
30374  -36.196  -53.488  -36.515 0.5000000000
30362  -35.691  -53.604  -35.506 0.5000000000
31555  -36.258  -52.951  -36.339 0.6999999881
31535  -35.669  -53.091  -35.313 0.6000000238
32700  -36.632  -52.330  -36.049 0.6000000238
26917  -31.631  -56.579  -32.086 0.5000000000
26919  -32.936  -55.762  -32.464 0.5000000000
28012  -33.279  -55.110  -32.779 0.5000000000
29198  -34.866  -53.722  -34.243 0.5000000000
29180  -34.353  -54.353  -33.736 0.5000000000
31556  -36.772  -52.628  -36.722 0.6000000238
31518  -35.378  -52.799  -34.637 0.6000000238
31519  -35.854  -52.418  -35.001 0.5000000000
33710  -36.894  -51.330  -35.032 0.6000000238
28009  -31.734  -55.832  -32.246 0.5000000000
148399  -32.798  -54.513  -32.682 0.5000000000
29156  -32.944  -53.806  -32.823 0.5000000000
29157  -33.565  -54.323  -33.136 0.5000000000
30334  -34.499  -53.272  -33.889 0.5000000000
32701  -37.288  -51.976  -36.415 0.6000000238
32663  -35.505  -52.103  -34.312 0.5000000000
32664  -36.162  -51.645  -34.598 0.6000000238
28008  -30.398  -55.706  -32.675 0.5000000000
29154  -31.606  -54.535  -32.458 0.5000000000
160027  -31.436  -53.894  -32.487 0.5000000000
31485  -31.165  -52.706  -32.626 0.5000000000
154103  -31.356  -51.942  -32.588 0.6000000238
152025  -32.434  -53.208  -32.604 0.4000000060
155325  -31.540  -51.057  -32.648 0.4000000060
31487  -32.688  -52.493  -32.757 0.5000000000
31489  -33.952  -52.157  -33.334 0.5000000000
30333  -33.877  -53.020  -33.412 0.4000000060
33670  -31.428  -50.346  -32.936 0.4000000060
33672  -32.709  -50.445  -32.809 0.5000000000
32629  -33.799  -51.343  -33.097 0.5000000000
34683  -31.952  -49.692  -33.182 0.4000000060
32630  -34.419  -51.572  -33.371 0.6000000238
32650  -35.714  -51.459  -33.963 0.6000000238
33709  -36.697  -50.971  -34.225 0.6000000238
34704  -37.135  -49.831  -33.298 0.6000000238
32628  -32.419  -51.013  -32.665 0.5000000000
34684  -32.785  -49.766  -32.930 0.5000000000
34686  -34.484  -49.668  -32.354 0.5000000000
169365  -33.769  -50.753  -32.900 0.5000000000
35747  -32.089  -49.036  -33.787 0.4000000060
35725  -33.405  -49.064  -32.843 0.5000000000
34687  -35.326  -49.980  -32.336 0.6000000238
33675  -35.142  -50.663  -32.871 0.6000000238
34703  -36.578  -50.018  -32.880 0.6000000238
35726  -33.965  -49.068  -32.469 0.5000000000
37931  -33.444  -46.970  -33.468 0.3000000119
37930  -33.347  -47.399  -33.981 0.4000000060
36856  -33.171  -48.101  -33.596 0.4000000060
36840  -33.473  -48.367  -32.929 0.5000000000
34670  -35.053  -49.368  -31.987 0.5000000000
35727  -36.393  -49.053  -32.137 0.6000000238
43628  -34.318  -42.779  -31.347 0.3000000119
156186  -33.691  -44.075  -31.694 0.3000000119
41367  -33.983  -44.647  -31.395 0.4000000060
40202  -33.282  -45.291  -32.475 0.4000000060
45830  -34.571  -40.682  -31.706 0.3000000119
172787  -35.879  -39.000  -31.665 0.3000000119
46893  -34.967  -40.099  -31.657 0.3000000119
157991  -36.018  -37.677  -31.615 0.3000000119
49101  -36.711  -37.822  -31.839 0.3000000119
50105  -36.342  -37.084  -31.702 0.3000000119
51196  -36.555  -36.351  -31.767 0.3000000119
150404  -36.157  -35.885  -31.565 0.3000000119
53409  -36.759  -34.844  -31.988 0.3000000119
162562  -33.746  -47.846  -32.690 0.5000000000
169446  -34.089  -42.151  -31.607 0.3000000119
30385  -36.451  -53.598  -37.092 0.5000000000
26920  -33.719  -55.902  -32.776 0.5000000000
32648  -34.556  -52.147  -33.658 0.5000000000
33690  -35.460  -51.046  -33.410 0.6000000238
25049  -39.707  -58.650  -41.378 0.6000000238
25982  -40.344  -57.423  -42.411 0.6000000238
29253  -44.829  -54.688  -38.944 0.3000000119
156853  -45.347  -55.554  -39.519 0.3000000119
27026  -45.281  -56.583  -41.097 0.3000000119
29271  -45.914  -55.323  -40.663 0.3000000119
25978  -44.535  -57.254  -41.353 0.3000000119
169349  -45.112  -56.402  -41.649 0.3000000119
28124  -44.727  -55.771  -41.661 0.3000000119
25052  -40.332  -58.468  -42.458 0.6000000238
25055  -40.700  -58.165  -42.805 0.5000000000
29252  -43.398  -54.469  -38.246 0.3000000119
29261  -45.822  -55.157  -39.895 0.3000000119
29262  -45.753  -54.474  -40.165 0.3000000119
27031  -44.664  -56.948  -41.882 0.3000000119
27035  -43.989  -57.095  -42.486 0.3000000119
25984  -42.055  -57.881  -42.862 0.4000000060
24944  -33.640  -58.289  -33.030 0.4000000060
30393  -42.781  -53.734  -37.782 0.3000000119
30394  -43.788  -53.749  -38.279 0.3000000119
31578  -43.996  -52.944  -38.235 0.3000000119
30404  -45.560  -54.390  -39.419 0.3000000119
19874  -32.138  -62.379  -38.515 0.5000000000
18691  -32.502  -63.105  -38.650 0.5000000000
22061  -32.791  -59.581  -39.786 0.4000000060
22060  -32.349  -60.434  -40.107 0.4000000060
20982  -31.927  -61.395  -39.559 0.4000000060
19895  -31.849  -62.233  -39.823 0.5000000000
20969  -35.573  -61.311  -38.450 0.5000000000
152645  -34.545  -61.911  -37.627 0.5000000000
20968  -32.232  -61.680  -38.028 0.5000000000
19858  -33.253  -62.213  -37.500 0.5000000000
22036  -32.197  -60.972  -38.285 0.4000000060
22062  -37.989  -60.457  -40.321 0.6000000238
23028  -36.761  -60.713  -39.820 0.6000000238
23018  -36.549  -60.202  -39.192 0.5000000000
168491  -34.638  -61.350  -37.493 0.5000000000
22037  -32.536  -60.845  -37.652 0.3000000119
22019  -34.339  -60.927  -37.019 0.4000000060
20952  -34.048  -61.479  -37.255 0.5000000000
23040  -38.505  -60.236  -40.627 0.6000000238
24071  -37.820  -59.985  -40.042 0.6000000238
22021  -35.661  -60.743  -38.248 0.5000000000
23057  -39.750  -59.721  -41.521 0.6000000238
24098  -41.541  -59.203  -42.549 0.4000000060
24072  -38.647  -59.539  -40.279 0.6000000238
23007  -36.698  -59.802  -38.079 0.4000000060
25977  -43.626  -57.673  -40.831 0.3000000119
27020  -44.779  -56.164  -39.820 0.3000000119
25054  -42.900  -58.251  -42.450 0.3000000119
24102  -40.816  -59.172  -42.636 0.5000000000
24061  -38.565  -58.996  -39.381 0.6000000238
157308  -39.191  -59.032  -40.868 0.6000000238
24083  -38.256  -60.145  -40.502 0.6000000238
25051  -42.363  -58.829  -42.111 0.3000000119
22063  -38.712  -60.298  -40.746 0.5000000000
22064  -39.323  -60.425  -40.686 0.5000000000
22075  -39.419  -60.090  -41.192 0.5000000000
169711  -40.090  -60.468  -40.312 0.4000000060
22065  -40.041  -60.268  -41.006 0.5000000000
175273  -38.613  -61.069  -38.795 0.5000000000
165690  -37.342  -61.258  -39.543 0.5000000000
22040  -39.146  -60.904  -38.119 0.4000000060
23041  -40.765  -60.202  -40.434 0.4000000060
23042  -41.302  -59.889  -41.172 0.4000000060
23053  -40.822  -59.702  -42.007 0.5000000000
20971  -36.308  -61.227  -39.260 0.5000000000
22051  -37.361  -60.845  -39.987 0.5000000000
24093  -41.832  -59.452  -41.779 0.4000000060
19948  -33.367  -61.698  -46.787 0.3000000119
155725  -33.476  -62.278  -47.384 0.3000000119
19950  -34.887  -62.363  -46.728 0.3000000119
18771  -34.497  -62.814  -45.429 0.3000000119
18768  -35.021  -63.435  -45.015 0.4000000060
19940  -34.482  -62.362  -46.104 0.3000000119
19939  -33.855  -62.162  -45.687 0.3000000119
17595  -35.559  -63.962  -44.797 0.4000000060
17594  -34.719  -63.981  -44.106 0.4000000060
158535  -34.103  -63.402  -44.526 0.3000000119
19938  -33.178  -61.778  -45.334 0.3000000119
16351  -35.905  -65.025  -43.325 0.4000000060
17576  -35.264  -64.850  -43.019 0.4000000060
18764  -33.980  -63.829  -43.866 0.4000000060
153775  -33.220  -63.441  -43.883 0.4000000060
19934  -32.758  -62.164  -44.433 0.4000000060
17585  -32.903  -63.699  -43.176 0.4000000060
163062  -38.083  -65.103  -40.338 0.3000000119
168247  -36.506  -65.258  -41.693 0.4000000060
16317  -35.707  -65.106  -41.819 0.4000000060
16337  -34.920  -64.927  -42.247 0.4000000060
17562  -33.547  -64.361  -41.889 0.4000000060
17574  -33.112  -64.045  -42.608 0.4000000060
18754  -32.424  -63.554  -42.666 0.4000000060
17489  -38.669  -64.458  -38.843 0.3000000119
16273  -36.491  -64.874  -40.164 0.4000000060
17516  -35.775  -64.663  -39.984 0.4000000060
174547  -35.588  -64.993  -41.084 0.4000000060
17541  -34.505  -64.611  -40.742 0.4000000060
17514  -34.417  -64.408  -40.077 0.4000000060
17540  -33.732  -64.428  -41.031 0.4000000060
17513  -33.121  -64.149  -40.417 0.4000000060
17561  -32.645  -63.915  -41.951 0.4000000060
18740  -32.037  -63.267  -41.965 0.4000000060
147753  -36.979  -64.256  -38.510 0.4000000060
17487  -36.445  -64.379  -38.952 0.4000000060
156803  -34.405  -64.234  -39.476 0.4000000060
17484  -32.914  -63.862  -39.723 0.4000000060
148707  -31.834  -62.748  -41.411 0.4000000060
18728  -32.509  -63.861  -40.780 0.4000000060
19919  -32.034  -62.232  -42.842 0.4000000060
17465  -36.182  -63.963  -38.164 0.4000000060
17464  -35.318  -63.889  -38.317 0.4000000060
17463  -34.607  -63.711  -38.327 0.4000000060
155854  -33.067  -63.685  -39.054 0.4000000060
19901  -31.833  -62.420  -40.660 0.4000000060
18710  -32.412  -63.430  -39.401 0.4000000060
18695  -36.447  -63.251  -37.480 0.4000000060
18675  -35.714  -62.908  -37.551 0.4000000060
19861  -35.023  -62.482  -37.792 0.4000000060
22022  -38.170  -61.310  -38.376 0.4000000060
147733  -36.368  -62.833  -37.396 0.4000000060
20955  -36.418  -61.821  -38.483 0.4000000060
22041  -39.962  -60.551  -38.459 0.3000000119
23030  -41.036  -59.925  -39.211 0.3000000119
18692  -33.251  -63.327  -38.322 0.4000000060
20956  -37.622  -61.676  -37.760 0.4000000060
23031  -41.435  -59.745  -40.156 0.3000000119
20954  -35.682  -61.905  -38.371 0.4000000060
17588  -35.476  -64.527  -43.880 0.4000000060
17587  -34.537  -64.472  -43.119 0.4000000060
145657  -34.223  -64.624  -42.281 0.4000000060
17586  -33.669  -64.044  -43.276 0.4000000060
160518  -37.333  -65.077  -40.416 0.4000000060
149734  -36.615  -65.119  -40.924 0.4000000060
16274  -38.563  -64.960  -39.910 0.3000000119
16316  -35.029  -64.910  -41.323 0.4000000060
17466  -38.279  -64.158  -38.204 0.3000000119
16250  -37.036  -64.689  -39.436 0.4000000060
16249  -36.279  -64.601  -39.558 0.4000000060
17515  -35.035  -64.452  -39.794 0.4000000060
171903  -36.869  -63.854  -37.797 0.4000000060
18694  -35.638  -63.375  -37.773 0.4000000060
18721  -32.443  -63.679  -40.157 0.4000000060
18693  -34.478  -63.186  -37.885 0.4000000060
20927  -37.418  -62.088  -37.257 0.4000000060
16340  -37.161  -65.608  -43.024 0.3000000119
16359  -36.664  -64.558  -45.420 0.3000000119
17599  -36.673  -64.125  -46.141 0.3000000119
148836  -36.703  -64.994  -44.667 0.3000000119
151492  -36.686  -65.331  -43.728 0.3000000119
17598  -36.173  -63.996  -45.469 0.3000000119
16352  -36.168  -64.885  -44.075 0.3000000119
16318  -37.660  -65.677  -42.396 0.3000000119
16339  -36.341  -65.271  -42.619 0.3000000119
150419  -37.325  -65.353  -41.456 0.3000000119
17447  -37.973  -63.821  -37.609 0.3000000119
18656  -37.716  -62.970  -36.818 0.3000000119
20928  -38.240  -61.824  -36.918 0.3000000119
22023  -39.069  -61.141  -37.290 0.3000000119
16293  -37.936  -65.285  -40.935 0.3000000119
157152  -37.357  -63.431  -37.334 0.3000000119
16251  -37.874  -64.861  -39.697 0.4000000060
16272  -35.952  -64.952  -40.636 0.4000000060
16338  -35.604  -65.057  -42.595 0.4000000060
17446  -37.529  -64.042  -38.011 0.4000000060
17485  -34.843  -64.105  -38.970 0.4000000060
17486  -35.691  -64.323  -39.117 0.4000000060
17488  -37.825  -64.465  -38.868 0.3000000119
17538  -32.267  -63.700  -41.348 0.4000000060
17539  -32.917  -64.138  -41.226 0.4000000060
17542  -35.237  -64.749  -40.540 0.4000000060
17563  -34.323  -64.695  -41.577 0.4000000060
17575  -33.830  -64.331  -42.623 0.4000000060
17596  -36.139  -64.451  -44.725 0.3000000119
18674  -35.063  -63.003  -37.673 0.4000000060
18676  -36.992  -62.908  -37.085 0.4000000060
18677  -38.157  -63.378  -37.113 0.3000000119
18709  -32.041  -62.806  -39.184 0.5000000000
18711  -33.974  -63.867  -38.838 0.4000000060
18720  -32.007  -63.055  -39.973 0.4000000060
18727  -32.049  -63.295  -40.808 0.4000000060
18753  -32.013  -62.926  -42.803 0.4000000060
18763  -32.463  -63.214  -43.390 0.4000000060
18767  -32.712  -62.875  -44.035 0.4000000060
19835  -37.372  -62.595  -36.941 0.4000000060
19836  -38.009  -62.448  -36.688 0.3000000119
19859  -33.890  -62.130  -37.493 0.5000000000
19860  -34.464  -62.586  -37.667 0.4000000060
19862  -35.703  -62.545  -37.806 0.4000000060
19863  -36.647  -62.488  -37.526 0.4000000060
19875  -32.732  -62.525  -37.940 0.5000000000
19876  -33.705  -62.825  -37.766 0.4000000060
19886  -31.915  -62.122  -39.131 0.5000000000
19907  -31.892  -62.433  -42.157 0.4000000060
19949  -33.910  -62.006  -46.443 0.3000000119
19957  -34.179  -62.189  -47.058 0.3000000119
20950  -32.740  -61.717  -37.494 0.5000000000
20951  -33.366  -61.634  -37.232 0.4000000060
20953  -34.996  -61.663  -37.967 0.5000000000
20957  -38.461  -61.467  -37.285 0.3000000119
20967  -32.002  -61.546  -38.721 0.4000000060
20970  -35.864  -61.424  -38.849 0.5000000000
20972  -36.780  -61.102  -39.831 0.6000000238
22017  -32.948  -60.356  -37.085 0.4000000060
22018  -33.499  -60.898  -36.884 0.3000000119
22020  -35.075  -60.971  -37.616 0.5000000000
22038  -35.914  -61.059  -39.016 0.5000000000
22039  -36.346  -60.874  -39.450 0.6000000238
22052  -38.465  -60.639  -40.206 0.5000000000
22053  -39.577  -60.646  -39.780 0.4000000060
22054  -40.436  -60.408  -39.465 0.4000000060
22986  -36.848  -59.597  -36.860 0.6000000238
23005  -35.497  -60.356  -37.170 0.5000000000
23017  -36.109  -60.482  -38.741 0.5000000000
23019  -37.078  -60.062  -39.612 0.6000000238
23027  -32.877  -59.081  -38.839 0.4000000060
23029  -37.239  -60.611  -39.984 0.6000000238
23039  -32.914  -59.033  -39.433 0.4000000060
23050  -39.212  -60.059  -41.020 0.6000000238
23051  -39.819  -60.035  -41.577 0.5000000000
23052  -40.043  -59.924  -41.578 0.5000000000
23058  -40.214  -59.773  -41.832 0.5000000000
23957  -35.053  -58.364  -33.480 0.5000000000
24007  -33.310  -59.191  -35.055 0.4000000060
24008  -34.708  -59.409  -34.943 0.4000000060
24010  -36.849  -58.852  -35.193 0.6000000238
24011  -37.309  -58.715  -35.786 0.6000000238
24029  -32.442  -58.788  -36.313 0.4000000060
24031  -36.893  -59.339  -35.892 0.6000000238
24047  -32.148  -58.361  -37.406 0.4000000060
24049  -37.274  -59.579  -38.551 0.4000000060
24059  -32.786  -58.443  -38.299 0.4000000060
24084  -38.913  -59.838  -40.805 0.6000000238
24090  -32.976  -58.384  -40.436 0.4000000060
24091  -39.374  -59.696  -41.203 0.6000000238
24092  -39.687  -59.280  -41.626 0.6000000238
24094  -31.842  -58.476  -41.534 0.4000000060
24097  -40.221  -59.280  -42.193 0.6000000238
24101  -40.522  -58.925  -42.589 0.5000000000
24103  -41.232  -58.860  -42.878 0.5000000000
24956  -34.398  -58.188  -33.152 0.4000000060
24991  -36.751  -58.126  -34.717 0.6000000238
25013  -38.524  -57.998  -37.361 0.6000000238
25026  -39.107  -57.922  -38.823 0.6999999881
25036  -32.783  -58.266  -39.376 0.4000000060
25050  -40.013  -58.740  -41.930 0.6000000238
25053  -41.912  -58.603  -42.776 0.4000000060
25903  -34.541  -57.228  -32.950 0.4000000060
25951  -38.867  -57.060  -37.459 0.6000000238
25952  -39.142  -57.049  -38.182 0.6000000238
25979  -39.731  -57.718  -41.065 0.6999999881
25981  -43.902  -57.661  -42.009 0.3000000119
25983  -41.073  -57.575  -42.831 0.5000000000
25985  -41.260  -58.361  -43.000 0.5000000000
26918  -32.394  -56.320  -32.174 0.5000000000
26956  -36.087  -56.480  -34.201 0.6000000238
27007  -39.014  -56.166  -38.498 0.6000000238
27025  -44.037  -56.895  -40.258 0.3000000119
27032  -39.934  -55.842  -41.950 0.6000000238
27033  -40.637  -56.567  -42.430 0.6999999881
28010  -31.942  -55.171  -32.379 0.5000000000
28011  -32.606  -55.138  -32.491 0.5000000000
28013  -33.975  -55.055  -33.236 0.5000000000
28030  -34.638  -55.026  -33.708 0.5000000000
28043  -35.979  -55.600  -34.350 0.6000000238
28054  -35.936  -54.442  -35.503 0.6000000238
28056  -37.025  -55.203  -35.973 0.6999999881
28066  -36.645  -54.585  -36.454 0.6999999881
28068  -37.895  -55.428  -36.988 0.6000000238
28104  -38.616  -55.069  -39.921 0.6999999881
28110  -38.201  -54.299  -40.391 0.6000000238
28111  -38.692  -54.853  -40.820 0.6999999881
28112  -45.825  -55.839  -40.431 0.3000000119
28119  -45.678  -55.957  -41.206 0.3000000119
29155  -32.149  -53.991  -32.505 0.5000000000
29179  -34.098  -53.727  -33.626 0.5000000000
29199  -35.396  -53.973  -35.006 0.5000000000
29210  -35.769  -53.970  -35.647 0.6000000238
29223  -36.003  -53.730  -36.101 0.5000000000
29224  -36.235  -53.820  -36.683 0.6000000238
29249  -37.266  -53.958  -38.320 0.6999999881
29274  -38.375  -53.915  -41.019 0.6000000238
29275  -38.823  -54.218  -41.314 0.5000000000
30310  -31.670  -53.294  -32.497 0.5000000000
30311  -33.158  -53.112  -32.948 0.4000000060
30349  -34.968  -53.102  -34.231 0.6000000238
30386  -36.911  -53.710  -37.764 0.6000000238
30392  -37.457  -53.616  -38.559 0.6999999881
30395  -44.855  -53.756  -38.827 0.3000000119
30402  -37.803  -53.523  -39.361 0.6999999881
30416  -40.109  -53.662  -41.495 0.5000000000
30418  -44.735  -53.606  -40.809 0.4000000060
30420  -41.490  -53.580  -41.657 0.5000000000
31486  -31.892  -52.569  -32.553 0.5000000000
31488  -33.370  -52.512  -33.062 0.5000000000
31508  -34.489  -52.712  -33.761 0.5000000000
31509  -34.999  -52.466  -34.030 0.5000000000
31536  -36.099  -52.709  -35.686 0.6000000238
31554  -35.969  -53.318  -35.930 0.6999999881
31566  -36.926  -53.056  -37.410 0.5000000000
31576  -38.103  -52.702  -38.761 0.6999999881
31584  -39.247  -52.481  -40.150 0.8000000119
31585  -45.245  -52.886  -39.625 0.3000000119
31590  -38.355  -53.118  -40.219 0.8000000119
31594  -39.549  -53.042  -41.064 0.6000000238
31600  -42.891  -52.472  -41.742 0.6000000238
32627  -30.983  -51.507  -32.795 0.4000000060
32631  -34.868  -51.156  -33.315 0.6000000238
32649  -35.046  -51.721  -33.732 0.6000000238
32683  -36.449  -52.027  -35.354 0.5000000000
32684  -37.103  -51.662  -35.738 0.6000000238
32702  -37.946  -51.624  -36.772 0.6999999881
32710  -38.142  -51.934  -37.465 0.6999999881
32730  -39.704  -51.922  -39.582 0.8000000119
32732  -45.060  -51.512  -39.367 0.3000000119
32742  -42.403  -51.738  -41.678 0.6000000238
32744  -42.862  -51.560  -41.841 0.6000000238
32745  -44.281  -51.241  -41.643 0.5000000000
33671  -32.047  -50.362  -32.829 0.5000000000
33673  -33.356  -50.301  -32.823 0.5000000000
33674  -34.389  -50.870  -32.985 0.6000000238
33676  -35.954  -50.466  -32.912 0.6000000238
33691  -36.677  -50.474  -33.430 0.6000000238
33692  -37.304  -50.298  -34.020 0.6999999881
33728  -37.559  -50.983  -35.463 0.6999999881
33740  -38.643  -50.692  -36.738 0.6999999881
33747  -38.481  -51.275  -37.034 0.6999999881
33749  -39.425  -50.618  -37.556 0.6999999881
33758  -40.519  -50.582  -38.555 0.6000000238
33766  -40.959  -50.720  -39.293 0.6999999881
33776  -45.270  -50.487  -41.139 0.5000000000
33779  -45.031  -50.268  -41.574 0.4000000060
34671  -35.689  -49.282  -31.993 0.5000000000
34685  -33.678  -49.676  -32.696 0.5000000000
34688  -36.153  -49.741  -32.410 0.6000000238
34702  -31.388  -49.916  -33.331 0.4000000060
34722  -37.738  -50.063  -34.574 0.6999999881
34738  -37.927  -50.262  -35.215 0.6999999881
34757  -39.848  -50.077  -37.593 0.6999999881
34775  -45.349  -50.154  -40.865 0.4000000060
34777  -45.287  -50.012  -41.331 0.4000000060
34780  -44.688  -49.883  -41.971 0.5000000000
35707  -35.957  -48.640  -31.728 0.6999999881
35724  -32.784  -48.959  -33.317 0.4000000060
35746  -31.582  -49.504  -33.679 0.4000000060
35748  -32.694  -48.504  -33.896 0.4000000060
35749  -37.390  -49.055  -33.166 0.6999999881
35793  -39.256  -48.839  -36.332 0.6999999881
35800  -39.307  -49.453  -36.730 0.6999999881
35802  -40.230  -48.854  -37.513 0.6999999881
35829  -43.545  -48.050  -42.757 0.5000000000
36823  -34.639  -48.120  -31.741 0.6000000238
36824  -35.470  -48.121  -31.441 0.6000000238
36826  -36.839  -48.073  -32.017 0.6000000238
36842  -37.229  -47.830  -32.448 0.6000000238
36857  -33.517  -47.640  -33.258 0.5000000000
36859  -37.955  -47.889  -33.717 0.6000000238
36869  -33.044  -47.915  -34.348 0.4000000060
36870  -38.341  -47.650  -34.302 0.6999999881
36882  -38.795  -48.185  -35.348 0.6999999881
36927  -42.400  -47.396  -41.860 0.3000000119
36928  -42.761  -48.273  -41.888 0.6000000238
36932  -44.682  -47.691  -42.667 0.4000000060
36934  -44.316  -47.786  -42.858 0.3000000119
37889  -35.755  -46.601  -31.217 0.5000000000
37907  -35.663  -47.396  -31.275 0.6000000238
37923  -37.810  -46.737  -32.969 0.6000000238
37953  -38.958  -46.954  -35.136 0.6000000238
37963  -39.758  -47.233  -36.391 0.5000000000
37980  -40.581  -47.022  -38.071 0.5000000000
37990  -40.821  -46.840  -39.019 0.5000000000
37997  -41.931  -47.474  -41.029 0.5000000000
38005  -43.527  -46.866  -42.750 0.3000000119
39000  -33.917  -46.748  -32.084 0.6000000238
39002  -36.428  -46.245  -31.438 0.5000000000
39012  -33.510  -46.533  -32.882 0.5000000000
39039  -38.654  -46.063  -34.244 0.6000000238
39094  -41.800  -45.791  -42.007 0.3000000119
39097  -43.740  -46.137  -42.582 0.3000000119
39098  -44.242  -46.565  -42.562 0.3000000119
39100  -43.893  -46.609  -42.741 0.3000000119
40162  -35.261  -45.319  -31.082 0.5000000000
40185  -34.367  -45.915  -31.310 0.5000000000
40203  -37.586  -45.578  -32.435 0.6000000238
40204  -38.073  -45.482  -33.190 0.5000000000
40229  -39.092  -45.571  -35.259 0.5000000000
40278  -40.130  -45.537  -40.332 0.4000000060
40281  -40.396  -45.345  -41.130 0.4000000060
40285  -42.875  -45.225  -42.277 0.3000000119
41415  -37.495  -44.216  -32.357 0.5000000000
41452  -38.595  -43.864  -36.244 0.4000000060
41462  -39.000  -44.568  -36.544 0.4000000060
41505  -43.324  -44.858  -41.853 0.3000000119
42521  -33.974  -43.447  -31.449 0.3000000119
42550  -33.559  -43.422  -31.856 0.3000000119
42551  -36.620  -43.509  -31.515 0.5000000000
42639  -38.108  -43.363  -38.470 0.4000000060
42645  -38.623  -43.712  -39.564 0.4000000060
42655  -42.623  -43.637  -41.252 0.3000000119
42661  -42.284  -43.935  -42.115 0.3000000119
43630  -35.745  -42.877  -31.152 0.4000000060
43631  -36.341  -42.849  -31.369 0.4000000060
43699  -38.028  -42.471  -33.729 0.4000000060
43746  -37.772  -42.843  -37.556 0.4000000060
43757  -37.626  -42.708  -38.856 0.4000000060
43764  -37.708  -42.450  -39.359 0.4000000060
43777  -39.654  -42.629  -41.612 0.3000000119
44728  -34.734  -41.989  -31.343 0.4000000060
44746  -34.149  -41.375  -31.770 0.3000000119
44748  -37.250  -42.186  -32.154 0.4000000060
44770  -37.649  -42.259  -32.755 0.4000000060
44787  -38.085  -41.368  -33.731 0.4000000060
44830  -37.703  -42.307  -36.135 0.4000000060
44866  -41.744  -41.805  -40.102 0.4000000060
44874  -41.615  -41.946  -41.248 0.3000000119
44881  -41.394  -42.129  -42.095 0.3000000119
45818  -36.240  -41.043  -31.370 0.4000000060
45845  -37.743  -40.506  -32.547 0.4000000060
45846  -37.979  -40.423  -33.143 0.4000000060
45879  -38.054  -41.166  -34.386 0.4000000060
45932  -41.655  -41.160  -38.728 0.4000000060
45940  -37.042  -41.231  -39.202 0.5000000000
45959  -41.038  -40.766  -41.754 0.4000000060
46904  -36.246  -40.454  -31.481 0.4000000060
46950  -38.050  -40.344  -34.299 0.4000000060
47006  -35.434  -40.889  -38.907 0.4000000060
47031  -41.080  -39.941  -40.280 0.4000000060
48028  -35.459  -39.525  -31.676 0.3000000119
48041  -37.198  -38.504  -32.067 0.4000000060
49099  -35.277  -37.945  -31.620 0.3000000119
49100  -35.945  -38.330  -31.654 0.3000000119
49114  -37.670  -38.417  -32.561 0.4000000060
49130  -37.910  -38.405  -33.325 0.4000000060
49142  -37.792  -38.470  -34.125 0.4000000060
50117  -37.463  -37.009  -32.628 0.4000000060
51197  -36.981  -36.113  -32.076 0.4000000060
52246  -36.704  -35.614  -31.855 0.3000000119
52263  -36.977  -35.093  -33.746 0.4000000060
53419  -37.007  -34.694  -32.502 0.3000000119
53429  -36.931  -34.483  -33.290 0.4000000060
54488  -36.275  -33.535  -34.020 0.4000000060
145467  -41.085  -48.347  -38.573 0.5000000000
146656  -45.066  -49.546  -39.881 0.3000000119
146947  -34.063  -50.275  -32.685 0.5000000000
147316  -40.285  -53.095  -41.366 0.5000000000
148003  -36.066  -65.120  -41.212 0.4000000060
148207  -33.566  -44.811  -31.879 0.4000000060
148687  -32.855  -59.639  -37.552 0.4000000060
149235  -34.005  -63.426  -38.213 0.4000000060
149889  -38.088  -61.095  -39.509 0.5000000000
150160  -33.033  -58.769  -40.210 0.4000000060
150614  -35.027  -63.452  -37.965 0.4000000060
150719  -38.877  -52.989  -40.597 0.8000000119
150811  -35.616  -54.692  -34.820 0.6000000238
151716  -42.423  -45.623  -42.266 0.3000000119
151757  -34.821  -44.129  -31.069 0.5000000000
152406  -37.437  -54.906  -37.272 0.6000000238
152561  -34.225  -44.111  -31.232 0.4000000060
152940  -37.055  -40.020  -35.822 0.4000000060
153832  -36.838  -34.150  -32.693 0.4000000060
154152  -32.904  -61.129  -37.189 0.4000000060
154225  -42.903  -47.128  -42.534 0.4000000060
154356  -37.011  -39.319  -31.857 0.4000000060
154471  -34.795  -41.251  -31.477 0.4000000060
154795  -34.213  -59.011  -34.068 0.4000000060
155437  -40.617  -60.081  -41.329 0.5000000000
155945  -38.984  -60.867  -39.194 0.5000000000
156149  -45.135  -51.583  -40.714 0.5000000000
156625  -32.820  -58.743  -37.663 0.4000000060
156934  -32.221  -54.670  -32.459 0.5000000000
157260  -33.806  -56.860  -32.639 0.5000000000
157518  -38.520  -44.037  -34.660 0.4000000060
159211  -32.139  -51.787  -32.608 0.5000000000
159298  -36.237  -39.620  -31.629 0.4000000060
159603  -43.100  -57.465  -42.737 0.3000000119
159872  -34.485  -47.268  -31.615 0.6000000238
160418  -31.115  -55.214  -32.506 0.5000000000
160703  -33.092  -51.759  -32.913 0.5000000000
160861  -36.237  -41.410  -38.594 0.5000000000
161187  -38.009  -39.650  -34.262 0.4000000060
162195  -37.121  -41.412  -31.884 0.5000000000
162381  -35.483  -42.187  -31.183 0.5000000000
162440  -36.944  -61.502  -39.093 0.4000000060
162714  -39.994  -56.630  -41.870 0.6999999881
163256  -39.323  -53.816  -41.398 0.5000000000
163360  -44.596  -49.212  -42.265 0.5000000000
163579  -36.552  -41.405  -31.445 0.5000000000
163602  -44.970  -48.164  -42.311 0.3000000119
163912  -33.669  -45.497  -31.915 0.5000000000
164031  -33.913  -64.376  -40.393 0.4000000060
164380  -38.395  -64.694  -39.345 0.3000000119
164395  -41.418  -40.669  -39.104 0.4000000060
165117  -41.924  -46.337  -41.886 0.3000000119
165124  -36.949  -60.916  -39.981 0.6000000238
165140  -32.674  -56.956  -32.221 0.5000000000
166406  -40.758  -58.702  -42.813 0.5000000000
166795  -36.978  -65.450  -42.218 0.3000000119
166836  -36.418  -53.184  -36.856 0.6000000238
167401  -37.297  -59.107  -36.412 0.6000000238
167675  -34.697  -50.320  -32.581 0.6000000238
167828  -40.012  -45.989  -37.917 0.5000000000
168017  -34.543  -48.921  -32.048 0.5000000000
168596  -32.343  -55.637  -32.315 0.5000000000
169232  -40.806  -53.744  -41.594 0.5000000000
170066  -33.690  -64.142  -39.698 0.4000000060
170097  -41.711  -48.312  -39.759 0.5000000000
170369  -39.308  -43.261  -41.084 0.3000000119
170858  -36.110  -50.960  -33.646 0.6000000238
171216  -34.984  -55.655  -33.564 0.5000000000
171297  -37.586  -41.072  -32.399 0.4000000060
171434  -34.238  -64.114  -43.578 0.4000000060
171765  -33.421  -62.702  -44.771 0.4000000060
171821  -33.704  -48.717  -32.643 0.5000000000
172319  -32.004  -63.273  -41.380 0.4000000060
172358  -33.535  -53.613  -33.173 0.5000000000
172583  -34.810  -64.560  -40.293 0.4000000060
172829  -38.326  -43.258  -39.740 0.4000000060
172867  -33.194  -50.939  -32.877 0.5000000000
173233  -32.150  -56.976  -32.130 0.5000000000
174219  -36.414  -45.575  -31.394 0.5000000000
174991  -39.124  -43.739  -40.579 0.4000000060
175152  -36.403  -54.100  -36.787 0.6999999881
175195  -39.534  -48.403  -36.439 0.6999999881
175561  -36.147  -51.247  -34.111 0.6000000238
