#!ascii label  , from subject sub-v2s13x29123_ses-1 vox2ras=TkReg
581
13806  -43.042  -67.543  -32.044 0.0000000000
18629  -47.726  -63.074  -35.079 0.0000000000
21912  -39.846  -60.906  -30.631 0.0000000000
17397  -41.087  -64.403  -34.492 0.0000000000
22870  -46.405  -60.400  -29.502 0.0000000000
17303  -45.763  -64.560  -27.572 0.0000000000
23836  -39.229  -58.967  -27.069 0.0000000000
29036  -40.433  -53.970  -24.485 0.0000000000
24907  -41.493  -58.251  -29.709 0.0000000000
22886  -42.834  -60.195  -30.331 0.0000000000
25835  -44.444  -57.503  -28.593 0.0000000000
19689  -42.901  -62.106  -26.931 0.0000000000
22804  -43.089  -59.568  -26.246 0.0000000000
32463  -37.784  -51.808  -22.504 0.0000000000
31395  -37.266  -52.582  -25.233 0.0000000000
11819  -41.535  -69.117  -33.622 0.0000000000
18626  -44.718  -63.489  -34.793 0.0000000000
16206  -42.039  -65.544  -36.450 0.0000000000
149344  -44.690  -65.639  -37.440 0.0000000000
16129  -40.560  -64.841  -30.503 0.0000000000
14957  -40.774  -66.392  -32.928 0.0000000000
20870  -43.469  -61.895  -32.437 0.0000000000
20860  -47.407  -61.910  -31.582 0.0000000000
17314  -42.299  -64.040  -28.451 0.0000000000
20806  -39.247  -61.079  -28.825 0.0000000000
26865  -39.286  -56.340  -29.013 0.0000000000
25768  -42.892  -56.432  -25.780 0.0000000000
167448  -39.709  -57.242  -25.945 0.0000000000
27930  -38.207  -55.011  -27.758 0.0000000000
31427  -41.067  -52.853  -27.939 0.0000000000
13848  -40.993  -67.865  -34.883 0.0000000000
22895  -48.762  -59.947  -32.232 0.0000000000
154500  -49.485  -61.263  -35.870 0.0000000000
19889  -47.784  -60.897  -40.484 0.0000000000
25833  -42.336  -56.934  -29.034 0.0000000000
155671  -43.274  -57.707  -29.012 0.0000000000
12746  -42.381  -68.317  -33.026 0.0000000000
167226  -46.104  -63.183  -34.700 0.0000000000
17416  -44.980  -64.346  -35.917 0.0000000000
152474  -45.831  -64.502  -36.659 0.0000000000
16221  -45.536  -65.127  -37.726 0.0000000000
18661  -47.046  -63.624  -36.468 0.0000000000
18566  -39.643  -63.252  -30.578 0.0000000000
20852  -40.193  -62.036  -31.499 0.0000000000
21898  -44.208  -60.435  -30.151 0.0000000000
20842  -43.537  -61.111  -31.331 0.0000000000
20844  -45.091  -61.272  -31.098 0.0000000000
20858  -45.505  -61.570  -31.704 0.0000000000
21920  -46.911  -61.308  -30.300 0.0000000000
16080  -43.620  -64.999  -28.751 0.0000000000
150901  -43.968  -64.227  -27.831 0.0000000000
20788  -41.160  -60.943  -27.128 0.0000000000
20803  -40.910  -61.625  -27.612 0.0000000000
21862  -39.473  -60.422  -27.866 0.0000000000
24887  -39.143  -58.128  -29.342 0.0000000000
24868  -38.432  -57.795  -28.394 0.0000000000
26797  -41.157  -55.223  -25.273 0.0000000000
25767  -41.728  -56.741  -25.910 0.0000000000
26796  -39.846  -55.481  -25.290 0.0000000000
32539  -37.940  -52.014  -26.276 0.0000000000
30219  -37.558  -53.697  -26.295 0.0000000000
31412  -38.386  -52.878  -27.081 0.0000000000
30240  -39.578  -53.312  -27.866 0.0000000000
16172  -40.467  -65.136  -34.120 0.0000000000
153807  -40.877  -66.815  -34.389 0.0000000000
14974  -40.732  -65.831  -34.704 0.0000000000
13881  -40.749  -67.686  -36.425 0.0000000000
23920  -47.409  -58.984  -32.016 0.0000000000
21961  -49.652  -60.806  -34.014 0.0000000000
23010  -48.200  -59.973  -37.597 0.0000000000
22864  -40.569  -59.475  -30.293 0.0000000000
21914  -41.486  -60.661  -31.015 0.0000000000
163717  -42.229  -59.697  -30.191 0.0000000000
23900  -44.025  -59.437  -29.451 0.0000000000
22845  -45.386  -59.215  -29.059 0.0000000000
18509  -44.607  -63.287  -26.907 0.0000000000
21855  -43.338  -61.015  -26.410 0.0000000000
23838  -40.988  -59.220  -26.564 0.0000000000
30152  -38.739  -52.921  -23.178 0.0000000000
30200  -37.710  -53.677  -24.449 0.0000000000
31359  -37.324  -52.350  -23.933 0.0000000000
33553  -37.318  -51.123  -24.498 0.0000000000
34584  -38.946  -49.643  -25.662 0.0000000000
154571  -43.407  -63.490  -34.490 0.0000000000
16193  -41.824  -65.057  -35.761 0.0000000000
162335  -43.265  -64.431  -35.786 0.0000000000
150400  -43.394  -65.687  -37.083 0.0000000000
15066  -43.478  -66.481  -38.173 0.0000000000
15085  -44.148  -66.296  -38.886 0.0000000000
15069  -44.926  -65.720  -38.964 0.0000000000
17497  -46.425  -64.090  -40.419 0.0000000000
14931  -41.757  -66.220  -31.005 0.0000000000
13805  -42.074  -67.266  -32.215 0.0000000000
17375  -40.022  -64.387  -33.010 0.0000000000
18602  -40.987  -63.580  -33.696 0.0000000000
20854  -41.556  -61.606  -31.894 0.0000000000
19762  -42.049  -62.430  -32.816 0.0000000000
19783  -42.603  -62.830  -33.391 0.0000000000
19785  -44.207  -62.681  -33.601 0.0000000000
19787  -45.924  -62.504  -33.630 0.0000000000
19768  -47.542  -62.440  -33.167 0.0000000000
16131  -42.614  -65.550  -29.716 0.0000000000
16107  -41.602  -64.599  -29.313 0.0000000000
171725  -39.909  -62.963  -29.450 0.0000000000
159493  -42.247  -63.041  -27.787 0.0000000000
18535  -40.827  -62.923  -28.497 0.0000000000
21896  -39.292  -60.815  -29.998 0.0000000000
23895  -39.661  -58.809  -29.854 0.0000000000
25831  -40.635  -56.921  -29.317 0.0000000000
27953  -41.561  -55.652  -28.721 0.0000000000
23828  -43.433  -58.536  -26.060 0.0000000000
23826  -41.468  -58.343  -26.305 0.0000000000
24839  -39.525  -58.436  -26.498 0.0000000000
27891  -38.155  -54.903  -25.520 0.0000000000
26831  -38.066  -55.995  -26.698 0.0000000000
24837  -38.279  -57.492  -27.141 0.0000000000
26850  -38.628  -56.029  -28.624 0.0000000000
27933  -40.559  -54.748  -28.532 0.0000000000
12745  -41.686  -68.127  -33.514 0.0000000000
149196  -41.014  -68.573  -34.524 0.0000000000
15022  -41.030  -66.768  -36.019 0.0000000000
12792  -40.103  -68.288  -35.741 0.0000000000
20827  -48.397  -61.705  -30.332 0.0000000000
19750  -49.445  -62.305  -31.477 0.0000000000
19790  -49.437  -62.429  -33.347 0.0000000000
20901  -50.016  -61.659  -33.699 0.0000000000
19820  -48.476  -62.589  -35.385 0.0000000000
163313  -48.297  -62.167  -37.515 0.0000000000
18702  -47.370  -62.981  -39.877 0.0000000000
27954  -42.384  -55.682  -28.548 0.0000000000
26870  -43.480  -56.487  -28.573 0.0000000000
11803  -43.110  -68.338  -32.581 0.0000000000
12729  -42.742  -67.948  -32.578 0.0000000000
18628  -46.820  -63.242  -35.022 0.0000000000
147008  -46.077  -63.572  -35.321 0.0000000000
18643  -46.590  -63.739  -35.831 0.0000000000
17433  -46.352  -64.142  -36.562 0.0000000000
173606  -47.202  -63.398  -35.665 0.0000000000
19748  -39.581  -62.215  -30.719 0.0000000000
18581  -39.629  -62.828  -30.994 0.0000000000
20838  -39.858  -61.744  -30.965 0.0000000000
21899  -45.036  -60.426  -29.950 0.0000000000
21917  -44.682  -60.870  -30.587 0.0000000000
21900  -45.890  -60.698  -29.965 0.0000000000
21919  -46.251  -61.171  -30.407 0.0000000000
21901  -46.648  -60.935  -29.957 0.0000000000
17304  -46.868  -64.864  -27.611 0.0000000000
16065  -45.405  -64.941  -28.134 0.0000000000
17316  -44.372  -64.831  -28.283 0.0000000000
17302  -44.746  -64.364  -27.681 0.0000000000
22823  -40.546  -60.424  -27.147 0.0000000000
20802  -40.220  -60.947  -27.613 0.0000000000
22821  -39.341  -59.713  -27.527 0.0000000000
23841  -38.610  -58.622  -27.919 0.0000000000
29013  -39.903  -53.590  -24.066 0.0000000000
29014  -41.231  -53.325  -23.774 0.0000000000
27894  -42.406  -54.178  -24.464 0.0000000000
27893  -40.864  -54.524  -24.859 0.0000000000
27892  -39.535  -54.843  -24.931 0.0000000000
32540  -38.669  -51.593  -26.602 0.0000000000
31403  -37.981  -52.652  -26.630 0.0000000000
31413  -39.038  -52.455  -27.210 0.0000000000
32551  -39.803  -51.903  -27.282 0.0000000000
17396  -40.613  -64.627  -34.218 0.0000000000
16173  -40.862  -64.970  -34.666 0.0000000000
151082  -48.801  -60.253  -35.014 0.0000000000
22994  -48.582  -60.020  -36.419 0.0000000000
171208  -47.830  -59.714  -36.257 0.0000000000
23897  -41.038  -58.865  -30.036 0.0000000000
22865  -41.430  -59.540  -30.300 0.0000000000
169334  -42.230  -58.333  -29.523 0.0000000000
24892  -43.939  -58.022  -28.922 0.0000000000
23878  -43.391  -58.424  -29.218 0.0000000000
23879  -44.023  -58.807  -29.176 0.0000000000
22844  -44.583  -59.293  -29.241 0.0000000000
24893  -44.720  -58.407  -28.866 0.0000000000
21853  -41.880  -60.504  -26.677 0.0000000000
167142  -42.345  -59.894  -26.436 0.0000000000
31339  -39.250  -52.634  -22.553 0.0000000000
31338  -38.162  -52.434  -22.804 0.0000000000
31360  -37.733  -52.727  -23.463 0.0000000000
31337  -37.442  -52.061  -23.220 0.0000000000
33554  -37.645  -50.492  -24.912 0.0000000000
10842  -40.772  -69.272  -33.523 0.0000000000
17400  -43.151  -63.938  -35.055 0.0000000000
158018  -44.003  -63.699  -34.900 0.0000000000
16209  -44.743  -65.221  -36.810 0.0000000000
16208  -44.056  -65.490  -36.938 0.0000000000
16220  -44.017  -66.027  -37.631 0.0000000000
13917  -43.732  -66.554  -38.751 0.0000000000
16235  -46.018  -64.694  -38.285 0.0000000000
16234  -45.409  -65.310  -38.475 0.0000000000
16257  -46.152  -64.501  -39.291 0.0000000000
16256  -45.616  -64.991  -39.742 0.0000000000
14906  -41.185  -65.450  -30.516 0.0000000000
14930  -40.924  -65.806  -31.349 0.0000000000
18601  -40.262  -63.863  -33.270 0.0000000000
18590  -40.704  -63.230  -33.073 0.0000000000
20840  -41.108  -61.212  -31.394 0.0000000000
165688  -42.361  -60.652  -30.951 0.0000000000
154257  -43.116  -61.500  -31.919 0.0000000000
19763  -43.017  -62.350  -32.923 0.0000000000
19784  -43.423  -62.701  -33.427 0.0000000000
20859  -46.400  -61.693  -31.643 0.0000000000
20873  -45.944  -61.869  -32.381 0.0000000000
19755  -46.922  -62.081  -32.345 0.0000000000
19767  -46.378  -62.255  -33.048 0.0000000000
16079  -42.792  -64.588  -28.687 0.0000000000
148966  -42.303  -64.938  -29.232 0.0000000000
16078  -42.103  -64.433  -28.876 0.0000000000
17333  -40.875  -64.159  -29.431 0.0000000000
17312  -40.819  -63.507  -28.971 0.0000000000
18507  -43.231  -62.738  -27.135 0.0000000000
168229  -43.494  -63.278  -27.365 0.0000000000
19708  -42.560  -62.596  -27.354 0.0000000000
20807  -40.215  -61.716  -28.131 0.0000000000
19718  -40.864  -62.295  -28.050 0.0000000000
20812  -39.605  -61.779  -28.804 0.0000000000
19722  -39.811  -62.505  -29.205 0.0000000000
20811  -39.214  -61.327  -29.381 0.0000000000
21897  -39.584  -60.089  -30.125 0.0000000000
154804  -39.134  -59.970  -29.654 0.0000000000
162755  -38.982  -57.615  -29.153 0.0000000000
24888  -39.488  -57.689  -29.484 0.0000000000
25830  -39.797  -56.976  -29.296 0.0000000000
26867  -41.064  -56.253  -29.053 0.0000000000
26866  -40.179  -56.285  -29.126 0.0000000000
24830  -43.057  -57.143  -25.960 0.0000000000
25766  -40.630  -57.012  -25.915 0.0000000000
24828  -41.050  -57.665  -26.142 0.0000000000
24840  -40.490  -58.458  -26.384 0.0000000000
25765  -39.003  -56.977  -25.978 0.0000000000
29034  -38.092  -54.342  -24.901 0.0000000000
29033  -37.506  -53.936  -25.158 0.0000000000
29074  -37.844  -54.011  -26.937 0.0000000000
27910  -37.935  -55.177  -26.562 0.0000000000
168743  -37.998  -55.508  -27.254 0.0000000000
25780  -38.164  -56.827  -26.870 0.0000000000
26838  -38.053  -56.300  -27.433 0.0000000000
26849  -38.243  -56.623  -28.251 0.0000000000
30241  -40.354  -53.441  -28.055 0.0000000000
152553  -39.908  -54.481  -28.408 0.0000000000
29085  -40.501  -54.080  -28.280 0.0000000000
154340  -41.305  -54.289  -28.309 0.0000000000
13804  -41.290  -66.875  -32.501 0.0000000000
13825  -41.867  -67.652  -32.879 0.0000000000
13824  -41.267  -67.244  -33.252 0.0000000000
13838  -41.184  -67.775  -34.069 0.0000000000
172746  -40.804  -68.685  -34.637 0.0000000000
12771  -40.779  -68.478  -35.106 0.0000000000
16205  -41.379  -65.797  -35.892 0.0000000000
12813  -39.983  -67.964  -36.363 0.0000000000
151273  -40.447  -68.175  -36.061 0.0000000000
21877  -47.852  -60.829  -29.341 0.0000000000
21878  -49.763  -61.224  -29.042 0.0000000000
19751  -50.145  -62.088  -31.126 0.0000000000
19757  -49.152  -62.400  -32.076 0.0000000000
19770  -49.741  -62.342  -32.586 0.0000000000
168019  -49.869  -61.009  -34.438 0.0000000000
21950  -50.066  -61.251  -33.623 0.0000000000
20900  -49.812  -61.643  -34.503 0.0000000000
19806  -49.286  -62.203  -34.752 0.0000000000
19821  -49.135  -61.897  -35.710 0.0000000000
19844  -48.415  -62.345  -36.433 0.0000000000
19845  -48.998  -61.446  -36.743 0.0000000000
20976  -48.347  -60.598  -39.324 0.0000000000
19881  -48.459  -61.324  -38.879 0.0000000000
18716  -47.838  -61.561  -40.394 0.0000000000
24890  -42.033  -57.637  -29.341 0.0000000000
24891  -42.754  -58.055  -29.270 0.0000000000
175131  -42.703  -57.464  -29.105 0.0000000000
25834  -43.736  -57.247  -28.711 0.0000000000
32440  -37.661  -51.054  -22.286 0.0000000000
33488  -37.860  -50.263  -22.065 0.0000000000
12758  -41.907  -68.713  -33.366 0.0000000000
18627  -45.470  -63.336  -34.770 0.0000000000
18642  -44.660  -63.923  -35.337 0.0000000000
17417  -45.374  -63.867  -35.483 0.0000000000
166599  -45.538  -64.339  -36.191 0.0000000000
16210  -45.191  -65.245  -37.297 0.0000000000
160291  -45.053  -65.557  -37.859 0.0000000000
17452  -46.053  -64.488  -37.055 0.0000000000
17453  -46.594  -64.076  -37.239 0.0000000000
17434  -47.186  -63.473  -37.238 0.0000000000
17354  -39.897  -63.868  -30.480 0.0000000000
169861  -39.731  -63.759  -31.012 0.0000000000
18585  -39.797  -63.042  -31.555 0.0000000000
151579  -40.504  -62.283  -31.968 0.0000000000
22887  -43.564  -60.443  -30.343 0.0000000000
21915  -43.172  -60.717  -30.836 0.0000000000
21916  -43.913  -60.810  -30.706 0.0000000000
20843  -44.315  -61.183  -31.203 0.0000000000
20857  -44.695  -61.521  -31.762 0.0000000000
20871  -44.275  -61.863  -32.406 0.0000000000
20845  -45.909  -61.370  -31.009 0.0000000000
20846  -46.856  -61.543  -30.863 0.0000000000
17315  -43.463  -64.409  -28.242 0.0000000000
163519  -42.882  -64.082  -28.228 0.0000000000
19688  -42.137  -61.953  -27.178 0.0000000000
19707  -41.491  -62.152  -27.597 0.0000000000
20804  -41.533  -61.586  -27.289 0.0000000000
21865  -39.148  -60.506  -28.528 0.0000000000
160262  -39.036  -59.252  -29.299 0.0000000000
23856  -38.795  -59.106  -28.486 0.0000000000
24886  -38.708  -57.955  -28.891 0.0000000000
25829  -39.105  -57.082  -29.116 0.0000000000
26798  -42.461  -54.940  -25.118 0.0000000000
26815  -42.666  -55.657  -25.507 0.0000000000
26814  -41.400  -56.014  -25.636 0.0000000000
26813  -40.049  -56.361  -25.644 0.0000000000
32538  -37.467  -52.129  -25.739 0.0000000000
30209  -37.380  -53.423  -25.582 0.0000000000
31402  -37.494  -52.833  -26.113 0.0000000000
30220  -37.842  -53.279  -26.762 0.0000000000
30228  -38.309  -53.572  -27.319 0.0000000000
29083  -38.601  -54.574  -28.024 0.0000000000
30229  -38.942  -53.123  -27.506 0.0000000000
31414  -39.639  -52.663  -27.574 0.0000000000
31426  -40.192  -52.911  -27.823 0.0000000000
14964  -40.412  -65.910  -33.356 0.0000000000
14965  -40.848  -66.650  -33.627 0.0000000000
14973  -40.520  -65.875  -33.933 0.0000000000
154929  -40.917  -66.838  -35.185 0.0000000000
13882  -41.321  -66.937  -36.925 0.0000000000
22894  -47.786  -59.564  -32.414 0.0000000000
22911  -48.345  -60.003  -32.881 0.0000000000
22912  -49.344  -60.455  -32.669 0.0000000000
22929  -49.032  -60.423  -33.444 0.0000000000
151705  -49.450  -60.701  -34.819 0.0000000000
147371  -49.446  -60.877  -35.846 0.0000000000
22030  -48.748  -60.250  -38.076 0.0000000000
22045  -48.570  -60.295  -38.867 0.0000000000
22883  -40.174  -60.132  -30.454 0.0000000000
21913  -40.594  -60.729  -30.921 0.0000000000
22884  -40.981  -60.117  -30.617 0.0000000000
22885  -41.907  -60.163  -30.577 0.0000000000
22866  -42.848  -59.473  -29.853 0.0000000000
23898  -42.800  -58.749  -29.515 0.0000000000
22867  -43.640  -59.887  -29.883 0.0000000000
22868  -44.416  -59.909  -29.669 0.0000000000
162141  -44.997  -59.820  -29.446 0.0000000000
22869  -45.633  -60.077  -29.474 0.0000000000
156409  -45.112  -63.891  -27.148 0.0000000000
19690  -43.700  -62.217  -26.702 0.0000000000
20791  -43.850  -61.483  -26.375 0.0000000000
20790  -42.625  -61.375  -26.720 0.0000000000
173627  -42.268  -60.940  -26.679 0.0000000000
145625  -41.102  -60.129  -26.783 0.0000000000
22817  -40.359  -59.808  -26.931 0.0000000000
30176  -39.336  -53.263  -23.618 0.0000000000
29035  -39.138  -54.298  -24.563 0.0000000000
30175  -38.155  -53.285  -23.794 0.0000000000
30174  -37.467  -53.029  -24.129 0.0000000000
148358  -37.277  -52.661  -24.507 0.0000000000
32462  -37.374  -51.292  -23.039 0.0000000000
32486  -37.267  -51.589  -23.812 0.0000000000
32527  -37.339  -51.739  -25.179 0.0000000000
33567  -37.494  -51.114  -25.205 0.0000000000
33568  -37.922  -50.784  -25.560 0.0000000000
33581  -39.006  -50.873  -26.443 0.0000000000
18624  -41.974  -63.681  -34.375 0.0000000000
17414  -41.446  -64.678  -35.071 0.0000000000
17399  -42.350  -63.929  -34.801 0.0000000000
148543  -42.319  -64.375  -35.420 0.0000000000
17429  -42.898  -65.034  -36.382 0.0000000000
16207  -42.697  -65.641  -36.874 0.0000000000
13899  -42.732  -66.857  -38.378 0.0000000000
15068  -44.798  -65.795  -38.340 0.0000000000
157997  -44.532  -66.023  -38.701 0.0000000000
15097  -44.030  -66.387  -39.728 0.0000000000
15098  -44.548  -65.918  -40.482 0.0000000000
16281  -45.493  -64.919  -40.754 0.0000000000
13783  -42.392  -66.924  -31.558 0.0000000000
14946  -41.456  -66.522  -31.760 0.0000000000
14945  -40.684  -66.016  -32.164 0.0000000000
14944  -40.193  -65.341  -32.243 0.0000000000
14956  -40.255  -65.617  -32.817 0.0000000000
16160  -40.181  -65.161  -33.404 0.0000000000
17381  -40.270  -64.542  -33.702 0.0000000000
17382  -40.723  -64.149  -33.953 0.0000000000
20839  -40.352  -61.393  -31.212 0.0000000000
20853  -40.775  -61.777  -31.737 0.0000000000
20841  -42.753  -61.087  -31.433 0.0000000000
20868  -41.971  -61.924  -32.310 0.0000000000
18591  -41.615  -63.055  -33.404 0.0000000000
18603  -42.266  -63.251  -33.943 0.0000000000
18604  -43.167  -63.137  -33.935 0.0000000000
172105  -43.699  -62.917  -33.787 0.0000000000
18605  -43.999  -63.183  -34.228 0.0000000000
19765  -44.645  -62.248  -32.996 0.0000000000
19786  -45.094  -62.560  -33.603 0.0000000000
18606  -44.836  -63.001  -34.186 0.0000000000
18607  -45.624  -62.883  -34.173 0.0000000000
18608  -46.445  -62.825  -34.239 0.0000000000
19804  -47.462  -62.762  -34.212 0.0000000000
14932  -42.759  -66.580  -30.917 0.0000000000
14907  -42.153  -65.910  -30.297 0.0000000000
16108  -43.050  -65.216  -29.197 0.0000000000
16130  -41.796  -65.207  -29.802 0.0000000000
16106  -41.034  -64.782  -29.923 0.0000000000
17355  -40.357  -64.296  -30.146 0.0000000000
17332  -40.084  -63.520  -29.716 0.0000000000
19738  -39.430  -62.122  -30.172 0.0000000000
18524  -44.135  -63.704  -27.355 0.0000000000
17301  -43.329  -63.787  -27.784 0.0000000000
18536  -41.935  -63.474  -28.255 0.0000000000
166065  -41.988  -62.525  -27.572 0.0000000000
18522  -41.528  -62.837  -28.016 0.0000000000
153872  -41.342  -63.355  -28.484 0.0000000000
18546  -40.245  -62.997  -29.050 0.0000000000
19721  -39.442  -62.031  -29.527 0.0000000000
20837  -39.480  -61.533  -30.452 0.0000000000
22863  -39.886  -59.443  -30.106 0.0000000000
24906  -40.645  -58.221  -29.781 0.0000000000
23894  -39.272  -58.715  -29.573 0.0000000000
24905  -39.916  -58.248  -29.742 0.0000000000
24889  -41.081  -57.578  -29.503 0.0000000000
25832  -41.510  -56.918  -29.216 0.0000000000
26868  -41.924  -56.284  -28.905 0.0000000000
24829  -42.065  -57.457  -26.102 0.0000000000
23827  -42.533  -58.181  -26.181 0.0000000000
22803  -42.447  -59.159  -26.310 0.0000000000
166108  -41.815  -58.932  -26.386 0.0000000000
23837  -40.012  -59.109  -26.722 0.0000000000
24838  -38.887  -58.168  -26.772 0.0000000000
170704  -38.613  -54.867  -25.034 0.0000000000
26795  -38.708  -55.474  -25.426 0.0000000000
26812  -38.962  -56.184  -25.670 0.0000000000
29050  -37.573  -54.128  -25.816 0.0000000000
26811  -38.152  -55.565  -26.039 0.0000000000
25781  -38.532  -57.420  -26.560 0.0000000000
170955  -38.505  -57.937  -27.022 0.0000000000
25807  -38.249  -57.377  -28.068 0.0000000000
27950  -39.162  -55.679  -28.796 0.0000000000
29084  -39.193  -54.533  -28.278 0.0000000000
27932  -39.669  -55.113  -28.684 0.0000000000
27951  -39.753  -55.774  -28.956 0.0000000000
27952  -40.593  -55.540  -28.832 0.0000000000
27934  -41.360  -54.992  -28.538 0.0000000000
12757  -41.415  -68.698  -33.978 0.0000000000
11818  -40.917  -68.913  -34.118 0.0000000000
16192  -41.131  -65.356  -35.252 0.0000000000
14997  -41.007  -66.089  -35.378 0.0000000000
13866  -40.832  -67.800  -35.615 0.0000000000
150747  -40.612  -68.237  -35.740 0.0000000000
26853  -44.790  -56.125  -28.305 0.0000000000
24894  -45.546  -58.319  -28.678 0.0000000000
23880  -46.127  -58.839  -28.747 0.0000000000
22846  -46.242  -59.662  -29.099 0.0000000000
22847  -47.184  -60.167  -29.076 0.0000000000
22871  -47.077  -60.722  -29.544 0.0000000000
165953  -47.472  -61.547  -30.434 0.0000000000
158217  -47.909  -61.829  -30.916 0.0000000000
20828  -49.674  -61.883  -30.348 0.0000000000
20847  -49.042  -62.076  -30.922 0.0000000000
20861  -48.492  -62.212  -31.508 0.0000000000
19756  -48.043  -62.307  -32.246 0.0000000000
19769  -48.799  -62.474  -32.850 0.0000000000
19789  -48.509  -62.588  -33.685 0.0000000000
21949  -49.928  -60.901  -33.169 0.0000000000
21935  -50.292  -61.407  -32.693 0.0000000000
20874  -50.404  -61.799  -32.298 0.0000000000
19791  -50.003  -62.093  -33.085 0.0000000000
154278  -49.136  -62.452  -34.031 0.0000000000
18662  -47.801  -63.117  -35.956 0.0000000000
18685  -47.708  -62.984  -36.892 0.0000000000
163213  -47.102  -63.503  -37.891 0.0000000000
19867  -47.761  -62.656  -38.097 0.0000000000
18703  -47.527  -62.797  -39.032 0.0000000000
17498  -46.982  -63.426  -40.368 0.0000000000
10843  -41.219  -69.315  -33.561 0.0000000000
11801  -42.086  -69.021  -33.105 0.0000000000
15023  -41.594  -66.228  -36.589 0.0000000000
15067  -44.130  -66.233  -38.325 0.0000000000
15086  -44.492  -66.058  -39.333 0.0000000000
16154  -40.010  -64.892  -32.631 0.0000000000
16222  -46.034  -64.618  -37.571 0.0000000000
16280  -44.986  -65.563  -39.977 0.0000000000
17300  -42.598  -63.596  -28.017 0.0000000000
17313  -41.564  -63.962  -28.794 0.0000000000
17368  -39.698  -63.398  -31.297 0.0000000000
17398  -41.726  -64.152  -34.735 0.0000000000
17418  -45.986  -64.066  -36.028 0.0000000000
17430  -44.018  -64.890  -36.305 0.0000000000
17431  -44.678  -64.736  -36.261 0.0000000000
17432  -45.281  -64.802  -36.648 0.0000000000
17451  -45.638  -64.839  -37.178 0.0000000000
18508  -43.936  -62.974  -26.994 0.0000000000
18523  -42.899  -63.179  -27.563 0.0000000000
18565  -39.521  -62.634  -30.487 0.0000000000
18623  -41.325  -63.892  -34.227 0.0000000000
18625  -42.713  -63.550  -34.435 0.0000000000
19717  -40.222  -62.406  -28.586 0.0000000000
19739  -39.637  -62.742  -29.863 0.0000000000
19749  -39.830  -62.423  -31.250 0.0000000000
19753  -40.097  -62.644  -31.800 0.0000000000
19758  -49.987  -62.239  -31.887 0.0000000000
19766  -45.485  -62.198  -33.014 0.0000000000
19771  -50.240  -62.058  -32.375 0.0000000000
19788  -46.731  -62.530  -33.681 0.0000000000
19805  -48.427  -62.675  -34.507 0.0000000000
19807  -49.704  -62.125  -33.883 0.0000000000
19880  -48.110  -61.010  -39.938 0.0000000000
20789  -41.925  -61.237  -26.919 0.0000000000
20826  -39.295  -61.561  -29.929 0.0000000000
20855  -42.340  -61.509  -31.945 0.0000000000
20869  -42.668  -61.927  -32.419 0.0000000000
20872  -45.086  -61.826  -32.394 0.0000000000
20889  -50.230  -61.715  -32.899 0.0000000000
20914  -49.778  -61.196  -35.154 0.0000000000
20936  -49.134  -60.811  -36.641 0.0000000000
20961  -48.708  -60.619  -38.574 0.0000000000
21866  -39.591  -61.102  -28.265 0.0000000000
21876  -39.094  -60.575  -29.259 0.0000000000
21902  -47.555  -61.236  -29.930 0.0000000000
21903  -48.888  -61.409  -29.648 0.0000000000
21918  -45.472  -60.981  -30.497 0.0000000000
21924  -41.939  -61.111  -31.467 0.0000000000
21962  -49.927  -61.220  -34.414 0.0000000000
21976  -49.707  -60.939  -35.084 0.0000000000
22001  -48.733  -60.119  -37.227 0.0000000000
22029  -48.276  -60.098  -38.428 0.0000000000
22044  -48.178  -60.314  -39.110 0.0000000000
22816  -39.722  -59.588  -27.118 0.0000000000
22822  -39.905  -60.179  -27.360 0.0000000000
22826  -39.057  -59.823  -28.147 0.0000000000
22862  -39.403  -59.357  -29.823 0.0000000000
22944  -48.882  -60.349  -34.283 0.0000000000
23842  -38.906  -59.129  -27.721 0.0000000000
23855  -38.562  -58.358  -28.410 0.0000000000
23877  -38.875  -58.578  -29.053 0.0000000000
23896  -40.242  -58.837  -30.003 0.0000000000
23899  -43.464  -59.159  -29.471 0.0000000000
24827  -39.181  -57.717  -26.302 0.0000000000
24851  -38.375  -57.976  -27.705 0.0000000000
24852  -38.707  -58.479  -27.344 0.0000000000
24895  -46.143  -58.174  -28.510 0.0000000000
25764  -38.383  -56.459  -26.224 0.0000000000
25796  -38.138  -57.033  -27.553 0.0000000000
25828  -38.544  -57.287  -28.751 0.0000000000
25846  -40.228  -57.596  -29.554 0.0000000000
26864  -38.682  -56.651  -28.831 0.0000000000
26869  -42.731  -56.344  -28.733 0.0000000000
27903  -37.854  -54.771  -25.971 0.0000000000
27920  -37.930  -54.746  -27.092 0.0000000000
27931  -38.727  -55.220  -28.388 0.0000000000
29012  -38.619  -53.828  -24.176 0.0000000000
29037  -41.831  -53.685  -24.116 0.0000000000
29051  -37.767  -54.420  -25.482 0.0000000000
29064  -37.749  -54.429  -26.439 0.0000000000
29082  -38.261  -54.299  -27.523 0.0000000000
30199  -37.343  -53.252  -24.811 0.0000000000
30239  -38.881  -53.887  -27.867 0.0000000000
31415  -40.449  -52.312  -27.671 0.0000000000
32513  -37.240  -52.007  -24.522 0.0000000000
32528  -37.666  -51.483  -25.726 0.0000000000
32549  -38.493  -52.248  -26.809 0.0000000000
33569  -38.602  -50.410  -25.902 0.0000000000
33580  -38.255  -51.186  -26.120 0.0000000000
34569  -37.534  -50.285  -24.188 0.0000000000
34583  -38.221  -50.054  -25.295 0.0000000000
148116  -38.180  -55.773  -28.006 0.0000000000
148195  -41.750  -59.651  -26.523 0.0000000000
150795  -42.001  -58.975  -29.897 0.0000000000
152509  -46.639  -63.997  -39.140 0.0000000000
152764  -38.954  -59.873  -28.932 0.0000000000
154664  -39.707  -53.948  -28.152 0.0000000000
155977  -43.259  -61.660  -26.620 0.0000000000
158769  -41.194  -53.604  -28.130 0.0000000000
162976  -41.615  -63.478  -33.954 0.0000000000
163883  -43.048  -57.024  -28.861 0.0000000000
164098  -40.060  -57.797  -26.175 0.0000000000
165748  -44.438  -66.046  -38.427 0.0000000000
169327  -39.476  -58.305  -29.665 0.0000000000
170625  -48.115  -61.761  -39.496 0.0000000000
172631  -43.375  -66.712  -38.638 0.0000000000
173593  -38.445  -55.949  -25.849 0.0000000000
174424  -48.064  -59.804  -36.892 0.0000000000
174507  -49.605  -61.615  -35.191 0.0000000000
174541  -38.221  -57.488  -27.603 0.0000000000
174896  -48.680  -60.893  -29.105 0.0000000000
