#!ascii label  , from subject sub-v2s13x29123_ses-1 vox2ras=TkReg
2078
6420  37.346  -71.719  -30.289 0.5000000000
156172  22.569  -61.906  -36.178 0.6000000238
16301  22.592  -62.127  -35.176 0.6000000238
16303  20.938  -62.596  -34.888 0.6000000238
16302  21.806  -62.420  -34.822 0.6999999881
180164  20.756  -62.898  -34.227 0.6000000238
16264  23.234  -62.457  -33.653 0.6999999881
16285  22.080  -62.718  -33.795 0.6000000238
10431  27.090  -67.444  -26.051 0.5000000000
11349  30.072  -66.919  -25.877 0.6000000238
178608  29.596  -66.776  -26.002 0.6000000238
11351  27.846  -67.334  -25.971 0.5000000000
10426  31.918  -67.587  -25.427 0.5000000000
10427  31.125  -67.503  -25.613 0.4000000060
10428  29.850  -67.611  -25.662 0.5000000000
10429  29.083  -67.765  -25.680 0.6000000238
12443  20.938  -65.975  -35.022 0.5000000000
7897  35.748  -70.270  -25.863 0.4000000060
13365  21.059  -65.522  -35.720 0.5000000000
13366  20.305  -65.699  -35.758 0.5000000000
13383  21.047  -65.111  -36.569 0.6000000238
14370  21.288  -63.847  -38.060 0.6000000238
16313  22.617  -62.032  -37.132 0.6000000238
17366  23.890  -61.585  -36.640 0.6999999881
16315  21.173  -62.323  -36.803 0.6000000238
174357  23.790  -61.644  -35.945 0.6999999881
152225  25.595  -61.540  -36.150 0.6000000238
17357  24.012  -61.752  -35.415 0.6999999881
17353  27.406  -61.450  -36.112 0.6000000238
17348  25.417  -61.893  -34.956 0.6000000238
170471  24.372  -62.189  -34.256 0.6999999881
175206  27.131  -62.004  -34.824 0.6999999881
15304  20.988  -63.367  -32.798 0.6000000238
11371  26.294  -66.649  -27.012 0.5000000000
12298  27.811  -66.483  -26.797 0.6000000238
11370  27.041  -66.493  -26.861 0.5000000000
12294  31.047  -66.183  -26.420 0.6000000238
12295  30.248  -66.157  -26.696 0.6999999881
11357  28.236  -66.836  -26.315 0.6000000238
171030  32.683  -67.732  -25.166 0.4000000060
13362  23.457  -65.050  -34.638 0.5000000000
13351  22.213  -65.855  -34.235 0.5000000000
7151  37.053  -71.215  -28.343 0.5000000000
13363  22.519  -65.281  -35.028 0.5000000000
14368  23.164  -64.019  -37.519 0.6999999881
151710  22.365  -64.871  -36.282 0.6000000238
15370  23.616  -63.409  -37.977 0.6999999881
15371  22.743  -63.413  -38.203 0.6000000238
14352  22.546  -64.437  -37.214 0.6000000238
15391  23.291  -62.838  -38.266 0.6999999881
16324  21.993  -62.577  -37.865 0.6000000238
16322  23.604  -62.132  -37.866 0.6999999881
17364  25.608  -61.447  -36.813 0.6000000238
161921  25.073  -61.486  -37.003 0.6000000238
17362  27.080  -61.334  -36.990 0.6000000238
17356  24.421  -61.566  -35.960 0.6000000238
18523  28.297  -60.466  -36.759 0.6000000238
174454  28.631  -60.484  -35.903 0.6999999881
16247  23.769  -62.866  -32.139 0.6999999881
15287  21.155  -63.604  -32.054 0.5000000000
16297  25.857  -62.197  -34.272 0.6999999881
16282  24.285  -62.392  -33.537 0.6999999881
15303  21.760  -63.292  -32.523 0.6000000238
11392  27.982  -66.323  -28.568 0.5000000000
12335  27.248  -66.159  -28.283 0.5000000000
12336  26.424  -66.153  -28.356 0.5000000000
12333  29.170  -66.253  -28.044 0.6999999881
154246  27.855  -66.194  -27.912 0.6000000238
12314  32.105  -65.959  -26.769 0.5000000000
12315  30.933  -65.978  -27.090 0.6999999881
164806  30.358  -66.038  -27.458 0.6999999881
12316  29.678  -66.100  -27.378 0.6000000238
12317  28.906  -66.215  -27.342 0.6000000238
159513  33.405  -66.722  -25.162 0.4000000060
12276  33.018  -66.342  -25.640 0.4000000060
12277  32.149  -66.369  -25.796 0.5000000000
13348  24.515  -65.043  -33.656 0.5000000000
14338  24.368  -64.442  -35.810 0.5000000000
13361  24.258  -64.841  -34.375 0.5000000000
159484  23.205  -64.838  -35.542 0.5000000000
14366  24.938  -63.732  -37.232 0.6000000238
155728  23.155  -64.551  -36.501 0.5000000000
15368  25.308  -63.377  -37.718 0.6999999881
16337  27.748  -62.518  -38.223 0.6000000238
16339  26.196  -62.428  -38.210 0.6999999881
16341  24.629  -62.472  -38.108 0.6999999881
17398  28.876  -61.699  -38.033 0.6000000238
17400  27.308  -61.777  -37.983 0.6000000238
17403  25.047  -61.919  -37.917 0.6999999881
18548  31.315  -59.796  -37.871 0.6999999881
17379  28.452  -60.937  -37.789 0.6000000238
17382  26.227  -61.494  -37.424 0.6000000238
172701  31.282  -58.690  -37.313 0.6000000238
18549  30.426  -59.739  -37.791 0.6999999881
18533  28.299  -60.538  -37.420 0.6999999881
19721  32.127  -58.709  -35.854 0.6000000238
20978  31.056  -58.331  -36.401 0.6000000238
19730  29.930  -58.677  -36.959 0.6999999881
168327  22.713  -63.487  -30.935 0.6000000238
20980  29.553  -58.516  -36.304 0.6999999881
153666  24.310  -62.639  -32.568 0.6999999881
15286  21.943  -63.490  -31.799 0.6000000238
19708  32.114  -59.177  -34.906 0.6999999881
22146  30.635  -58.099  -35.760 0.6000000238
19722  29.138  -59.049  -36.009 0.8000000119
18510  28.730  -60.896  -35.039 0.6999999881
16295  27.804  -62.148  -34.290 0.6999999881
16280  26.427  -62.432  -33.463 0.6999999881
171593  26.852  -66.164  -28.966 0.6000000238
164805  30.349  -67.046  -29.315 0.6999999881
11440  29.710  -67.454  -29.810 0.6999999881
11391  28.671  -66.468  -28.666 0.6000000238
12331  31.813  -66.168  -28.072 0.5000000000
12346  31.377  -66.471  -28.663 0.6999999881
12291  33.562  -66.087  -26.260 0.4000000060
12313  32.916  -66.039  -26.909 0.5000000000
13334  25.103  -65.347  -32.728 0.5000000000
12411  24.906  -65.611  -32.289 0.5000000000
13360  24.974  -64.736  -34.103 0.5000000000
14336  25.760  -64.188  -35.677 0.6000000238
14348  26.866  -63.931  -36.582 0.6000000238
14349  25.467  -63.972  -36.493 0.6999999881
14350  24.652  -64.116  -36.539 0.6999999881
15365  27.777  -63.595  -37.993 0.6999999881
14364  26.665  -63.648  -37.459 0.6999999881
169242  29.980  -62.486  -38.060 0.6000000238
15385  28.181  -63.238  -38.258 0.6000000238
15366  27.068  -63.464  -37.916 0.6999999881
18553  33.469  -60.186  -38.464 0.6999999881
17376  31.915  -60.367  -37.964 0.6999999881
17397  30.405  -61.640  -37.851 0.6999999881
15252  23.300  -63.441  -29.773 0.6000000238
19727  33.842  -59.352  -37.699 0.6000000238
18547  32.905  -59.703  -38.221 0.6999999881
169271  29.966  -60.741  -37.891 0.6999999881
18492  34.568  -60.676  -33.760 0.6000000238
18508  33.144  -60.235  -35.052 0.6000000238
18521  33.862  -60.291  -35.668 0.6000000238
19728  33.154  -59.020  -37.018 0.6000000238
159624  32.096  -59.308  -37.906 0.6999999881
172331  23.465  -63.340  -30.516 0.6000000238
19693  32.549  -59.950  -34.526 0.6000000238
172663  32.743  -58.968  -36.253 0.6000000238
174902  27.879  -62.365  -32.646 0.6999999881
16245  26.039  -62.738  -31.927 0.6000000238
16246  24.399  -62.879  -31.860 0.6999999881
15284  23.601  -63.119  -31.495 0.6000000238
153135  34.011  -60.596  -33.335 0.5000000000
18495  32.402  -60.221  -33.718 0.6000000238
20953  31.575  -58.774  -34.483 0.8000000119
22125  29.974  -57.883  -34.422 0.8000000119
19709  28.833  -59.052  -34.495 0.8000000119
17335  28.789  -61.275  -34.016 0.8000000119
16278  28.039  -62.245  -33.383 0.6999999881
150423  26.621  -62.588  -32.559 0.6999999881
20971  30.258  -57.987  -35.079 0.8000000119
179424  28.923  -59.523  -34.899 0.8000000119
11417  29.001  -66.940  -29.361 0.6999999881
171605  27.916  -66.686  -29.731 0.6999999881
11443  27.450  -66.436  -30.030 0.6999999881
12365  26.202  -66.189  -30.072 0.6000000238
11438  31.402  -67.300  -29.817 0.6999999881
12379  26.183  -66.093  -30.973 0.6000000238
11414  31.774  -66.873  -29.231 0.6000000238
12396  25.749  -65.866  -31.687 0.5000000000
12409  26.108  -65.546  -32.198 0.5000000000
16131  23.133  -62.144  -24.362 0.6000000238
162767  25.912  -64.898  -33.335 0.5000000000
16150  23.505  -62.432  -24.817 0.5000000000
14298  26.112  -64.502  -34.100 0.5000000000
16172  24.860  -62.536  -26.200 0.6000000238
155853  27.770  -64.158  -35.111 0.6999999881
168928  26.517  -64.303  -34.736 0.6000000238
14361  28.957  -64.075  -37.605 0.6999999881
14335  26.525  -64.142  -35.546 0.6999999881
15224  25.106  -62.804  -27.587 0.6000000238
165286  30.313  -63.333  -38.240 0.6999999881
14379  29.369  -63.861  -38.116 0.6000000238
17393  33.888  -61.070  -38.317 0.6999999881
16332  32.324  -62.385  -37.810 0.6999999881
16334  30.738  -62.543  -37.946 0.6999999881
15259  25.269  -63.014  -29.336 0.6000000238
15249  25.122  -62.986  -28.753 0.6000000238
18545  34.311  -59.826  -38.315 0.6000000238
17395  32.137  -61.434  -37.856 0.6999999881
158735  26.330  -62.829  -30.112 0.6000000238
151947  23.397  -63.389  -28.857 0.6000000238
150408  35.920  -60.982  -36.043 0.6000000238
18531  34.361  -59.825  -36.732 0.6000000238
16230  27.582  -62.476  -30.922 0.6999999881
16232  26.001  -62.894  -30.886 0.6000000238
15260  24.582  -63.134  -29.962 0.6000000238
18505  35.134  -60.829  -34.398 0.6000000238
22113  28.554  -57.934  -33.328 0.6000000238
19683  28.261  -59.145  -33.052 0.6000000238
175990  28.696  -61.268  -32.338 0.6999999881
16243  27.619  -62.486  -31.580 0.6000000238
16233  24.479  -63.043  -31.252 0.6000000238
22099  30.380  -58.013  -32.869 0.6000000238
18497  28.666  -59.854  -33.472 0.8000000119
22110  30.358  -57.908  -33.736 0.6000000238
22112  29.098  -57.961  -33.868 0.6999999881
17322  28.849  -61.211  -33.082 0.8000000119
10487  29.359  -67.858  -30.610 0.6999999881
11454  28.686  -67.310  -30.970 0.6999999881
11455  28.142  -66.739  -30.878 0.6999999881
172338  31.301  -68.079  -30.831 0.6999999881
11439  30.588  -67.483  -29.806 0.6999999881
12394  27.758  -66.061  -31.692 0.6000000238
13323  27.000  -65.577  -32.055 0.6000000238
172053  24.117  -60.324  -24.729 0.6000000238
18371  23.506  -60.353  -24.519 0.6000000238
18370  24.598  -60.865  -24.878 0.6000000238
17208  22.832  -61.600  -23.980 0.6000000238
13331  27.270  -65.070  -32.756 0.6000000238
17222  25.079  -61.310  -25.187 0.5000000000
13359  29.156  -64.474  -34.872 0.6999999881
14296  27.805  -64.268  -34.317 0.6999999881
17245  26.556  -61.504  -26.406 0.4000000060
16163  25.222  -62.151  -25.819 0.5000000000
14346  29.328  -64.447  -36.739 0.6999999881
14332  29.263  -64.520  -35.729 0.8000000119
17252  26.807  -61.903  -27.086 0.5000000000
162843  30.120  -64.058  -38.159 0.6000000238
14347  27.882  -64.054  -36.609 0.6999999881
16179  26.440  -62.364  -27.434 0.6000000238
161695  31.745  -63.177  -37.956 0.6999999881
175627  30.886  -63.843  -38.302 0.6999999881
17276  27.788  -61.906  -28.992 0.6999999881
16190  26.615  -62.511  -28.181 0.6000000238
17391  35.419  -61.011  -38.248 0.6999999881
164162  34.500  -61.780  -38.198 0.6999999881
18438  28.146  -60.543  -29.941 0.5000000000
16206  26.770  -62.599  -28.955 0.6000000238
18541  37.003  -61.220  -37.210 0.6000000238
18543  35.448  -60.713  -38.034 0.6000000238
18551  34.674  -60.173  -38.442 0.6999999881
16217  28.094  -61.888  -29.994 0.6999999881
18529  36.462  -61.003  -36.813 0.6000000238
19726  34.527  -59.707  -37.738 0.6000000238
19669  27.990  -59.165  -32.331 0.5000000000
18453  28.282  -60.347  -30.838 0.6000000238
18519  35.362  -60.937  -35.291 0.6000000238
22087  30.379  -58.160  -32.216 0.6000000238
22102  28.607  -57.545  -32.828 0.5000000000
18467  28.566  -60.682  -31.734 0.6999999881
152104  32.050  -59.950  -31.866 0.6000000238
10527  29.666  -68.027  -31.840 0.6999999881
11468  28.746  -67.139  -31.729 0.6999999881
12393  28.446  -66.324  -31.971 0.6000000238
12408  27.922  -65.570  -32.248 0.6000000238
20755  24.717  -58.891  -24.927 0.4000000060
19523  23.050  -59.752  -24.716 0.5000000000
13330  28.247  -64.970  -32.916 0.6000000238
20777  25.987  -58.892  -25.968 0.5000000000
19507  22.207  -60.203  -23.992 0.6000000238
12424  29.521  -65.301  -33.447 0.6999999881
13358  29.922  -65.136  -34.596 0.6999999881
13345  27.493  -64.556  -33.455 0.6000000238
18382  26.552  -60.634  -26.070 0.5000000000
13392  30.149  -64.816  -36.990 0.6999999881
18392  27.215  -60.747  -27.193 0.4000000060
14374  34.442  -64.450  -38.466 0.6999999881
14376  32.948  -64.836  -38.385 0.6999999881
13401  31.942  -65.034  -38.180 0.6999999881
18402  27.489  -60.717  -27.804 0.6000000238
16329  36.801  -62.402  -38.183 0.6999999881
15376  36.317  -63.014  -38.215 0.6999999881
15380  32.461  -63.447  -37.933 0.6999999881
14378  31.425  -64.335  -38.232 0.6999999881
157398  27.462  -59.794  -28.964 0.5000000000
17265  27.579  -61.572  -28.243 0.5000000000
17373  36.783  -61.425  -37.787 0.6000000238
159108  36.014  -61.837  -38.210 0.6999999881
161788  34.822  -62.561  -38.118 0.6999999881
167530  33.415  -63.183  -37.922 0.6999999881
18424  27.968  -60.617  -29.197 0.5000000000
18516  38.014  -60.709  -35.723 0.5000000000
18540  38.266  -61.213  -37.130 0.6000000238
17374  35.879  -61.108  -38.071 0.6000000238
11467  29.599  -67.540  -32.416 0.6999999881
11482  29.791  -66.845  -32.906 0.6999999881
21953  24.424  -58.173  -24.997 0.4000000060
11498  30.361  -67.116  -33.429 0.6999999881
12407  28.729  -65.775  -32.509 0.6999999881
20757  23.159  -58.845  -25.027 0.4000000060
12423  30.061  -66.091  -33.543 0.6999999881
167607  21.714  -59.821  -24.490 0.6000000238
12456  31.015  -65.971  -35.841 0.8000000119
12441  30.341  -65.778  -34.382 0.6999999881
12469  31.911  -66.105  -37.223 0.6000000238
12470  31.211  -65.702  -36.765 0.6000000238
19544  19.898  -59.499  -25.570 0.6000000238
13409  33.437  -65.349  -38.503 0.6999999881
163303  33.293  -65.849  -38.397 0.6999999881
13402  31.406  -65.259  -37.657 0.6000000238
162542  36.082  -63.979  -38.435 0.6000000238
16327  38.035  -62.361  -38.123 0.6000000238
19573  18.595  -59.228  -27.168 0.5000000000
153295  38.387  -61.524  -37.581 0.6000000238
17389  37.550  -61.802  -37.942 0.6999999881
18525  39.830  -60.611  -36.924 0.5000000000
11512  30.683  -66.580  -34.077 0.6999999881
21955  23.038  -58.286  -25.089 0.4000000060
11522  31.466  -66.831  -35.427 0.8000000119
19541  21.950  -59.542  -25.352 0.5000000000
11542  32.722  -66.543  -37.700 0.8000000119
20790  21.733  -59.118  -26.341 0.4000000060
21974  22.107  -58.615  -25.850 0.4000000060
11535  31.649  -66.443  -36.335 0.6999999881
19559  20.176  -59.560  -26.933 0.4000000060
19543  20.743  -59.654  -25.776 0.5000000000
160217  38.182  -64.024  -38.048 0.6000000238
165376  35.905  -65.173  -38.837 0.6000000238
161286  33.983  -66.041  -38.672 0.6999999881
178113  20.925  -58.398  -27.448 0.4000000060
15374  38.714  -63.223  -37.984 0.6000000238
169430  36.891  -63.210  -38.229 0.6000000238
19592  19.675  -59.387  -28.257 0.4000000060
19561  18.757  -59.253  -26.407 0.6000000238
17371  39.041  -61.595  -37.781 0.6000000238
156346  39.735  -61.270  -37.602 0.5000000000
19736  40.679  -60.210  -37.042 0.5000000000
23059  22.506  -57.084  -25.157 0.4000000060
11521  31.892  -67.655  -35.505 0.8000000119
23060  22.004  -57.742  -25.642 0.4000000060
11534  32.337  -67.111  -36.787 0.6999999881
23061  21.426  -57.346  -26.020 0.4000000060
12477  35.424  -66.921  -38.890 0.6000000238
12479  33.804  -66.628  -38.451 0.6999999881
14372  36.946  -64.895  -38.584 0.6000000238
169423  36.021  -66.282  -39.010 0.6000000238
24207  20.618  -56.754  -26.815 0.4000000060
20802  20.585  -58.852  -27.826 0.4000000060
16320  39.427  -62.640  -37.930 0.6000000238
22022  20.387  -58.503  -28.452 0.4000000060
18538  40.554  -60.948  -37.524 0.4000000060
167911  23.184  -55.452  -25.672 0.4000000060
11541  33.193  -67.815  -37.337 0.6999999881
24185  21.454  -56.431  -25.642 0.4000000060
11543  35.891  -67.847  -38.215 0.6999999881
11545  34.295  -67.517  -38.332 0.6000000238
24206  20.986  -56.586  -26.194 0.4000000060
14359  38.852  -65.493  -37.793 0.6000000238
13405  37.788  -66.200  -38.397 0.6000000238
179691  20.215  -57.086  -28.205 0.4000000060
151168  40.135  -63.382  -37.454 0.6000000238
159291  20.077  -56.757  -28.881 0.3000000119
17369  41.314  -61.685  -37.447 0.4000000060
18537  41.539  -60.748  -37.456 0.4000000060
17368  42.285  -61.678  -37.174 0.4000000060
156866  20.958  -54.849  -26.128 0.4000000060
26438  20.516  -54.680  -26.778 0.4000000060
14358  40.048  -65.080  -37.071 0.6000000238
15361  40.963  -63.637  -36.943 0.6000000238
15356  41.646  -64.317  -36.004 0.6000000238
164404  42.931  -62.324  -36.459 0.4000000060
16311  43.235  -62.566  -35.816 0.5000000000
18534  43.665  -60.574  -36.711 0.4000000060
26499  21.893  -54.230  -30.927 0.3000000119
18524  43.991  -60.785  -36.147 0.4000000060
28715  24.825  -52.397  -24.641 0.4000000060
28808  22.846  -52.661  -29.206 0.3000000119
26513  24.105  -54.856  -32.937 0.4000000060
28714  26.286  -52.320  -24.399 0.4000000060
30995  24.270  -51.101  -25.823 0.4000000060
29978  23.896  -51.904  -28.968 0.3000000119
31045  23.892  -51.171  -27.688 0.3000000119
27660  23.212  -53.758  -30.986 0.3000000119
27648  22.860  -53.456  -30.336 0.3000000119
27674  23.568  -54.189  -31.764 0.3000000119
29892  26.455  -51.204  -25.388 0.4000000060
30993  25.840  -50.965  -25.712 0.4000000060
31007  24.023  -51.000  -26.423 0.4000000060
29994  24.266  -52.254  -29.656 0.3000000119
28832  24.279  -53.150  -30.779 0.3000000119
28870  26.001  -52.546  -36.102 0.4000000060
30033  24.651  -51.409  -33.538 0.3000000119
31126  24.858  -50.713  -33.211 0.3000000119
27658  24.670  -53.518  -31.553 0.3000000119
27673  24.358  -54.106  -32.156 0.3000000119
31004  26.655  -50.844  -26.225 0.4000000060
31024  24.944  -50.713  -27.249 0.4000000060
31044  24.724  -50.899  -27.905 0.3000000119
29977  24.639  -51.691  -29.197 0.3000000119
29993  25.033  -52.024  -29.896 0.3000000119
27692  26.435  -54.885  -35.557 0.3000000119
28818  25.428  -52.340  -30.617 0.3000000119
30044  25.961  -51.650  -35.687 0.3000000119
28845  25.457  -53.307  -31.918 0.3000000119
31148  27.279  -50.838  -35.963 0.4000000060
31125  25.283  -50.417  -34.132 0.3000000119
32148  25.707  -49.724  -34.906 0.3000000119
32137  24.998  -49.727  -33.837 0.3000000119
160134  26.516  -50.756  -27.653 0.4000000060
31043  26.183  -50.845  -28.373 0.4000000060
29976  25.498  -51.505  -29.429 0.3000000119
27690  27.429  -53.484  -35.985 0.4000000060
29992  25.914  -51.760  -30.184 0.3000000119
27679  27.397  -53.664  -35.035 0.3000000119
28869  27.316  -52.534  -36.211 0.4000000060
171167  28.049  -52.338  -35.351 0.4000000060
33209  25.237  -48.488  -34.634 0.3000000119
168269  27.572  -50.734  -27.895 0.4000000060
31041  27.821  -50.709  -28.644 0.4000000060
31065  27.444  -50.908  -29.301 0.4000000060
29990  27.419  -51.235  -30.773 0.4000000060
30006  26.294  -52.040  -30.959 0.3000000119
30019  27.569  -51.656  -32.678 0.3000000119
30031  27.733  -51.852  -33.704 0.3000000119
153649  27.786  -50.298  -34.200 0.3000000119
32147  27.899  -49.712  -35.031 0.5000000000
31147  27.865  -50.877  -35.757 0.4000000060
163309  27.609  -49.476  -35.572 0.4000000060
34299  24.413  -48.192  -34.167 0.3000000119
32058  28.165  -50.156  -28.368 0.4000000060
33116  27.822  -49.691  -29.338 0.4000000060
31101  27.601  -50.939  -31.190 0.3000000119
165742  27.519  -50.001  -32.021 0.3000000119
33183  26.925  -48.770  -32.322 0.3000000119
34277  26.838  -47.856  -32.713 0.3000000119
30004  27.443  -51.449  -31.647 0.3000000119
32108  27.626  -50.588  -31.776 0.3000000119
176306  27.477  -49.665  -32.910 0.3000000119
33197  27.445  -48.897  -33.534 0.3000000119
149635  27.369  -47.306  -33.985 0.3000000119
32124  27.620  -50.354  -32.893 0.3000000119
33208  27.673  -48.892  -34.818 0.3000000119
33219  27.305  -48.854  -35.458 0.3000000119
178617  24.412  -46.654  -34.057 0.3000000119
164243  27.776  -47.826  -25.058 0.3000000119
33083  27.712  -48.836  -26.858 0.3000000119
33094  27.574  -48.819  -27.536 0.3000000119
165325  26.647  -48.193  -29.012 0.3000000119
35383  25.876  -47.077  -29.681 0.3000000119
36614  26.269  -46.261  -31.812 0.3000000119
151253  27.284  -48.701  -28.331 0.3000000119
34219  26.721  -48.511  -29.780 0.3000000119
173490  26.931  -48.967  -31.288 0.3000000119
35412  26.027  -47.452  -31.222 0.3000000119
36613  27.041  -46.179  -32.942 0.3000000119
176165  27.389  -46.475  -34.163 0.3000000119
34314  27.165  -47.549  -34.970 0.3000000119
36643  26.705  -46.156  -34.796 0.3000000119
161659  26.608  -47.663  -35.210 0.3000000119
35458  25.468  -46.596  -34.594 0.3000000119
35324  27.881  -46.947  -24.538 0.3000000119
35341  27.205  -47.269  -26.204 0.3000000119
34199  27.007  -48.068  -27.647 0.3000000119
35382  26.153  -47.238  -28.980 0.3000000119
177484  25.762  -46.212  -30.622 0.3000000119
37905  27.261  -45.300  -33.007 0.3000000119
36642  27.225  -45.772  -34.393 0.3000000119
179914  25.955  -45.852  -34.685 0.3000000119
168855  23.919  -46.103  -33.624 0.3000000119
37879  26.195  -45.180  -30.737 0.3000000119
37892  26.589  -45.217  -31.719 0.3000000119
39254  26.963  -44.298  -34.306 0.3000000119
174029  25.423  -44.681  -33.854 0.3000000119
36630  24.947  -45.964  -34.041 0.3000000119
37919  24.519  -45.160  -33.449 0.3000000119
39211  26.760  -44.591  -31.223 0.3000000119
39224  27.200  -44.641  -32.284 0.3000000119
39253  27.374  -44.536  -34.089 0.3000000119
155255  27.151  -44.146  -29.747 0.3000000119
174548  27.641  -43.398  -31.382 0.3000000119
166574  27.421  -43.323  -33.018 0.3000000119
40561  27.122  -43.399  -33.740 0.3000000119
156900  26.165  -43.209  -33.720 0.3000000119
39240  24.757  -44.205  -33.177 0.3000000119
39241  23.695  -44.361  -32.912 0.3000000119
154472  37.141  -71.469  -29.317 0.5000000000
174474  35.644  -71.358  -27.912 0.5000000000
7938  35.634  -71.045  -27.256 0.4000000060
16263  23.821  -62.545  -33.075 0.6999999881
9545  33.402  -67.920  -24.939 0.4000000060
7937  36.572  -71.006  -27.377 0.5000000000
17361  27.807  -61.055  -37.278 0.6000000238
149629  25.460  -64.505  -34.515 0.5000000000
161485  29.456  -60.000  -37.777 0.6000000238
13393  29.900  -64.898  -36.041 0.8000000119
13344  28.236  -64.481  -33.616 0.6999999881
13403  30.579  -64.673  -37.830 0.6000000238
18527  38.478  -60.863  -36.509 0.5000000000
15379  33.888  -63.846  -38.163 0.6999999881
19572  19.952  -59.456  -27.614 0.4000000060
19725  40.149  -59.885  -36.355 0.5000000000
15363  39.660  -63.845  -37.576 0.6000000238
19735  41.381  -59.838  -37.229 0.4000000060
12476  36.613  -67.267  -38.453 0.6000000238
13399  39.667  -65.956  -37.150 0.6000000238
26455  20.346  -54.568  -27.593 0.3000000119
16317  42.086  -62.545  -36.906 0.4000000060
15355  41.868  -63.435  -36.489 0.4000000060
29873  24.906  -51.819  -24.876 0.4000000060
32046  28.184  -50.093  -27.707 0.3000000119
35333  27.490  -47.124  -25.432 0.3000000119
11530  36.610  -67.923  -37.283 0.5000000000
174792  34.909  -68.466  -37.610 0.5000000000
174407  33.886  -68.742  -37.088 0.6999999881
154991  33.467  -69.156  -36.443 0.6999999881
10569  31.325  -67.928  -34.355 0.6000000238
11537  36.722  -67.929  -37.734 0.5000000000
10602  34.737  -68.208  -37.990 0.6000000238
11533  32.744  -68.003  -36.659 0.6000000238
9620  31.176  -68.638  -32.089 0.6000000238
10507  29.860  -68.166  -31.144 0.6000000238
8867  33.723  -69.609  -35.957 0.6999999881
9639  32.119  -69.257  -33.895 0.6000000238
158638  31.146  -68.605  -33.303 0.6000000238
154516  32.320  -69.204  -34.629 0.6999999881
9640  31.620  -68.677  -34.033 0.6000000238
10547  30.664  -68.430  -32.608 0.6000000238
12465  38.053  -67.604  -36.972 0.5000000000
8820  34.043  -69.804  -34.096 0.6999999881
8809  33.434  -69.580  -33.325 0.6999999881
9618  33.085  -69.027  -32.350 0.6000000238
9610  31.704  -68.592  -31.684 0.6000000238
8849  34.364  -69.543  -35.583 0.6000000238
8822  33.036  -69.767  -34.698 0.6999999881
9619  31.965  -68.896  -32.259 0.6000000238
11519  34.689  -68.170  -35.794 0.6000000238
13374  38.973  -66.590  -35.909 0.5000000000
12473  37.361  -67.722  -37.765 0.5000000000
9645  34.656  -69.362  -34.739 0.6999999881
9617  34.062  -69.234  -32.730 0.6000000238
10484  31.762  -67.699  -30.378 0.6000000238
14327  39.254  -65.793  -35.243 0.5000000000
12464  38.698  -67.340  -37.117 0.5000000000
15332  41.108  -64.375  -34.290 0.5000000000
13373  39.700  -66.404  -36.118 0.5000000000
16271  42.184  -63.032  -34.158 0.4000000060
150925  19.513  -62.955  -34.538 0.4000000060
16310  21.074  -62.373  -35.841 0.4000000060
16304  20.259  -62.530  -35.754 0.4000000060
16316  20.433  -62.508  -36.735 0.5000000000
15357  20.727  -62.705  -37.470 0.5000000000
15359  19.158  -63.234  -37.170 0.5000000000
14325  40.741  -65.427  -35.528 0.5000000000
14355  19.719  -63.627  -37.678 0.5000000000
12460  18.106  -65.709  -35.409 0.6000000238
15331  41.838  -64.283  -34.609 0.4000000060
14354  21.066  -64.576  -37.428 0.5000000000
13394  20.244  -64.648  -37.295 0.5000000000
13384  18.726  -65.278  -36.437 0.5000000000
15341  18.616  -62.833  -35.284 0.5000000000
15351  18.769  -62.864  -36.458 0.5000000000
15342  17.689  -63.077  -35.248 0.5000000000
15360  18.340  -63.415  -36.967 0.5000000000
15353  17.173  -63.436  -35.985 0.5000000000
14356  18.817  -63.689  -37.391 0.5000000000
14340  17.594  -63.644  -36.693 0.5000000000
165711  17.859  -65.233  -36.204 0.5000000000
15349  41.856  -64.510  -35.169 0.5000000000
13396  18.761  -64.530  -37.102 0.5000000000
17331  42.037  -61.985  -34.026 0.4000000060
16293  42.702  -63.301  -34.781 0.4000000060
17343  42.799  -62.525  -34.568 0.4000000060
15275  21.374  -63.852  -31.328 0.5000000000
15325  16.703  -63.376  -34.215 0.5000000000
14345  40.609  -65.355  -36.273 0.5000000000
15348  42.256  -63.906  -35.555 0.4000000060
15253  22.548  -63.767  -29.799 0.5000000000
14235  21.111  -64.041  -29.229 0.5000000000
151299  19.717  -63.853  -28.526 0.5000000000
14249  20.918  -64.093  -29.965 0.5000000000
16292  43.191  -62.689  -35.006 0.4000000060
15239  22.698  -63.656  -29.036 0.5000000000
14217  21.234  -63.899  -28.420 0.5000000000
149848  22.722  -63.594  -28.098 0.5000000000
14201  20.909  -63.770  -27.568 0.5000000000
14219  19.430  -63.859  -27.754 0.5000000000
13269  18.638  -64.801  -27.251 0.4000000060
15227  22.295  -63.642  -27.252 0.5000000000
14188  19.628  -64.428  -26.274 0.6000000238
13262  19.178  -65.156  -26.503 0.6000000238
15238  23.565  -63.295  -27.993 0.5000000000
157100  22.564  -63.538  -26.678 0.5000000000
14186  20.714  -63.762  -26.799 0.5000000000
14179  19.805  -64.547  -25.164 0.6000000238
151273  19.285  -65.816  -25.837 0.6000000238
10432  18.919  -67.352  -25.664 0.6000000238
10441  18.695  -67.920  -26.012 0.5000000000
9567  17.767  -68.831  -25.492 0.5000000000
9569  15.555  -68.945  -25.942 0.5000000000
177411  23.815  -63.141  -27.292 0.5000000000
15211  23.674  -63.114  -26.531 0.5000000000
15194  22.007  -63.372  -25.502 0.5000000000
14177  20.618  -63.781  -26.014 0.5000000000
15196  20.569  -63.764  -25.159 0.6000000238
12258  19.017  -66.126  -24.460 0.6000000238
11336  18.961  -66.867  -24.953 0.6000000238
172397  17.993  -68.261  -25.067 0.6000000238
162142  16.740  -68.196  -25.152 0.5000000000
14205  13.228  -64.018  -27.112 0.5000000000
10442  14.743  -67.845  -26.411 0.5000000000
15209  25.171  -62.617  -26.836 0.5000000000
16165  23.855  -62.661  -25.328 0.5000000000
15177  21.727  -63.167  -24.762 0.6000000238
15179  20.385  -63.557  -24.252 0.6000000238
15161  19.177  -63.394  -23.230 0.6000000238
13235  19.018  -64.928  -23.730 0.6000000238
14160  18.443  -64.594  -23.272 0.6000000238
11318  18.213  -66.612  -24.132 0.6000000238
13237  17.278  -65.686  -23.793 0.6000000238
11338  17.744  -67.167  -24.388 0.6000000238
10420  16.435  -67.472  -25.033 0.5000000000
9570  15.462  -68.065  -25.871 0.5000000000
10436  15.029  -67.241  -26.003 0.5000000000
12282  14.943  -66.051  -25.558 0.5000000000
11363  13.932  -66.393  -26.289 0.5000000000
12301  13.556  -65.547  -26.094 0.5000000000
16153  21.531  -62.696  -23.986 0.6000000238
16134  20.157  -62.461  -23.193 0.6000000238
16135  19.327  -62.589  -23.033 0.6000000238
173212  17.512  -62.986  -23.698 0.6000000238
15163  17.625  -63.628  -23.432 0.6000000238
177091  17.303  -64.669  -23.424 0.6000000238
15164  17.071  -63.397  -24.010 0.6000000238
13246  16.568  -65.443  -24.176 0.5000000000
14172  16.340  -64.598  -24.325 0.5000000000
11340  15.990  -66.699  -25.052 0.5000000000
14180  15.319  -64.372  -25.454 0.5000000000
15215  15.699  -63.245  -26.348 0.6000000238
13258  14.042  -64.963  -25.933 0.5000000000
14189  14.471  -64.092  -26.531 0.5000000000
160167  14.687  -63.745  -26.956 0.5000000000
158182  14.467  -62.288  -28.887 0.5000000000
16118  19.106  -61.888  -22.932 0.6000000238
17211  17.986  -61.506  -23.459 0.6000000238
16138  17.102  -62.621  -24.301 0.6000000238
16155  16.338  -63.371  -25.145 0.6000000238
16173  16.000  -62.527  -26.433 0.6000000238
16181  15.153  -62.895  -27.687 0.5000000000
18343  19.005  -60.641  -23.174 0.6000000238
16167  16.235  -62.969  -25.835 0.6000000238
17246  15.682  -62.004  -26.924 0.6000000238
17266  14.992  -61.477  -27.954 0.5000000000
19527  19.415  -59.409  -24.728 0.6000000238
173612  18.742  -60.137  -23.561 0.6000000238
151186  17.754  -59.533  -24.941 0.6000000238
18374  16.863  -60.684  -24.710 0.6000000238
17236  16.318  -61.471  -25.463 0.6000000238
18403  15.391  -60.291  -26.840 0.5000000000
175013  18.322  -59.232  -25.210 0.6000000238
19528  16.924  -60.038  -25.019 0.6000000238
155648  17.908  -59.102  -26.502 0.6000000238
18385  16.018  -60.781  -25.723 0.6000000238
19575  16.596  -59.208  -27.119 0.6000000238
177525  16.713  -58.917  -28.381 0.5000000000
19594  17.975  -59.048  -28.166 0.4000000060
10561  30.673  -67.972  -33.298 0.6000000238
10568  31.866  -68.366  -34.939 0.6999999881
12471  38.460  -67.158  -37.777 0.5000000000
13389  39.758  -66.548  -36.646 0.5000000000
15333  40.116  -64.170  -34.121 0.5000000000
14305  40.607  -65.033  -34.774 0.5000000000
14341  16.979  -64.036  -36.233 0.6000000238
14170  20.113  -64.038  -24.739 0.6000000238
15180  19.737  -63.780  -23.824 0.6000000238
11339  16.866  -66.829  -24.523 0.6000000238
13256  15.336  -65.083  -25.176 0.5000000000
18358  17.647  -60.831  -23.925 0.6000000238
17213  16.853  -62.083  -24.736 0.6000000238
19562  16.497  -59.557  -26.306 0.6000000238
19576  15.752  -59.537  -27.280 0.6000000238
157233  38.175  -71.481  -30.187 0.4000000060
6398  40.475  -71.116  -29.359 0.5000000000
7933  41.141  -70.118  -28.593 0.5000000000
7172  40.225  -70.920  -29.667 0.4000000060
167373  39.816  -70.876  -29.769 0.4000000060
7173  39.150  -70.782  -29.178 0.4000000060
7174  37.854  -71.250  -29.250 0.4000000060
8754  41.664  -69.791  -28.104 0.5000000000
7148  41.532  -70.457  -28.074 0.5000000000
172639  39.489  -70.314  -28.129 0.5000000000
7911  38.580  -70.388  -27.169 0.5000000000
7150  38.160  -70.969  -28.711 0.4000000060
8735  41.603  -69.246  -27.445 0.5000000000
8736  40.312  -69.490  -26.840 0.5000000000
8711  39.067  -69.767  -26.054 0.5000000000
7894  38.538  -70.142  -26.412 0.5000000000
166817  37.827  -70.618  -27.137 0.4000000060
7895  37.628  -70.358  -26.272 0.4000000060
8710  40.756  -69.054  -26.400 0.5000000000
8694  39.659  -69.222  -25.558 0.5000000000
9538  38.915  -68.903  -24.802 0.5000000000
8712  38.016  -69.938  -25.577 0.5000000000
7896  36.610  -70.367  -25.964 0.4000000060
166425  32.913  -67.061  -29.369 0.5000000000
12329  33.231  -66.323  -27.832 0.4000000060
12312  33.665  -66.212  -27.153 0.4000000060
12311  34.435  -66.293  -26.991 0.4000000060
12290  34.427  -66.159  -26.131 0.4000000060
171959  34.011  -66.814  -25.004 0.4000000060
9521  38.444  -68.447  -24.506 0.5000000000
11332  35.135  -67.351  -24.675 0.4000000060
10416  35.296  -68.180  -24.447 0.4000000060
8715  35.413  -69.736  -25.291 0.4000000060
171585  38.179  -67.995  -24.511 0.4000000060
9540  37.110  -69.057  -24.513 0.5000000000
8714  36.204  -69.901  -25.253 0.4000000060
8713  37.085  -70.000  -25.350 0.4000000060
11387  33.886  -66.854  -28.466 0.4000000060
12310  35.165  -66.603  -27.352 0.4000000060
12274  34.913  -66.334  -25.658 0.4000000060
11317  38.500  -67.338  -24.615 0.4000000060
162757  35.739  -67.726  -24.523 0.4000000060
9542  35.559  -68.781  -24.567 0.4000000060
10413  37.768  -67.060  -24.850 0.4000000060
10400  37.627  -67.761  -24.570 0.4000000060
10415  36.344  -67.608  -24.583 0.4000000060
9523  36.772  -68.591  -24.413 0.4000000060
11436  33.135  -67.377  -29.891 0.5000000000
172021  33.866  -67.576  -29.966 0.4000000060
11435  34.583  -67.584  -29.733 0.4000000060
153599  35.444  -67.299  -28.810 0.4000000060
11367  36.372  -67.005  -28.065 0.4000000060
12288  36.272  -66.433  -26.730 0.4000000060
12272  36.730  -66.323  -25.996 0.4000000060
12273  35.785  -66.343  -25.879 0.4000000060
12257  38.097  -66.409  -25.210 0.4000000060
12271  37.890  -66.181  -26.127 0.4000000060
173908  36.508  -67.031  -24.917 0.4000000060
10504  32.946  -68.174  -31.046 0.5000000000
10503  33.933  -68.362  -31.159 0.5000000000
10523  34.268  -68.852  -32.025 0.6000000238
10481  34.601  -67.987  -30.587 0.5000000000
11385  36.558  -67.331  -28.908 0.4000000060
11384  37.392  -67.114  -28.571 0.4000000060
11383  38.482  -67.042  -29.109 0.4000000060
12327  39.302  -66.606  -29.090 0.4000000060
10480  35.918  -68.368  -31.191 0.4000000060
159361  34.844  -69.045  -32.710 0.5000000000
159189  36.599  -68.154  -31.015 0.4000000060
162139  37.985  -67.754  -30.972 0.4000000060
10500  36.889  -68.242  -32.406 0.5000000000
11453  37.597  -67.810  -32.121 0.4000000060
11452  38.223  -67.558  -31.721 0.4000000060
11432  38.656  -67.176  -31.102 0.4000000060
10546  35.725  -68.418  -33.397 0.6000000238
9631  34.609  -69.374  -33.404 0.6000000238
11464  36.875  -67.795  -32.608 0.5000000000
12376  36.691  -66.258  -31.841 0.4000000060
9678  34.195  -69.103  -37.054 0.5000000000
155070  21.715  -62.075  -23.553 0.5000000000
17195  20.037  -61.303  -22.947 0.5000000000
19509  19.840  -59.641  -24.011 0.5000000000
17210  21.461  -61.486  -23.247 0.5000000000
18355  20.174  -60.026  -23.408 0.5000000000
16116  20.312  -61.872  -23.036 0.5000000000
7909  40.972  -69.777  -28.048 0.5000000000
7959  39.958  -70.583  -29.102 0.5000000000
11386  34.702  -66.959  -28.277 0.4000000060
11368  35.517  -66.971  -28.047 0.4000000060
11330  37.132  -66.601  -25.212 0.4000000060
11434  35.585  -67.918  -30.329 0.4000000060
152764  36.666  -67.885  -30.331 0.4000000060
12309  36.836  -66.788  -27.599 0.4000000060
12308  38.152  -66.710  -28.064 0.4000000060
10502  35.111  -68.576  -31.522 0.5000000000
11431  39.175  -66.946  -30.587 0.4000000060
10521  36.306  -68.511  -32.599 0.5000000000
11479  36.268  -68.001  -33.003 0.6000000238
12375  37.806  -67.105  -31.914 0.5000000000
11481  34.429  -66.852  -33.681 0.5000000000
19644  38.474  -59.651  -31.069 0.3000000119
18462  37.708  -60.941  -31.435 0.3000000119
17306  38.603  -61.314  -32.144 0.3000000119
162572  38.810  -60.473  -31.655 0.3000000119
20879  38.930  -59.163  -31.326 0.3000000119
24303  38.696  -56.811  -30.833 0.3000000119
23196  39.052  -57.238  -31.253 0.3000000119
17308  36.602  -61.566  -31.544 0.3000000119
16239  36.479  -61.994  -32.127 0.4000000060
16276  36.484  -62.705  -33.300 0.4000000060
18450  37.477  -60.505  -30.881 0.3000000119
15314  37.879  -63.124  -33.820 0.4000000060
16274  38.175  -62.541  -33.262 0.4000000060
14328  38.194  -65.576  -35.194 0.4000000060
12452  37.644  -67.140  -36.359 0.4000000060
20881  38.005  -59.430  -30.601 0.3000000119
16273  39.253  -62.052  -32.876 0.3000000119
175776  39.236  -63.797  -34.034 0.4000000060
20917  40.181  -58.308  -32.419 0.3000000119
18475  40.171  -60.988  -32.762 0.3000000119
15300  34.405  -63.186  -33.024 0.4000000060
14294  34.195  -64.087  -33.968 0.4000000060
13379  34.082  -65.795  -34.888 0.4000000060
169066  34.452  -66.190  -35.472 0.4000000060
156622  35.951  -61.584  -31.201 0.4000000060
16277  35.664  -62.873  -33.316 0.4000000060
15317  35.360  -63.340  -33.823 0.4000000060
14331  34.990  -64.860  -35.123 0.4000000060
169343  35.896  -65.850  -35.821 0.4000000060
17299  36.390  -61.204  -30.910 0.3000000119
15316  36.163  -63.209  -33.874 0.4000000060
14330  35.950  -65.037  -35.356 0.4000000060
11531  35.686  -67.966  -37.127 0.4000000060
19624  37.014  -59.849  -29.976 0.3000000119
14308  37.350  -64.477  -34.778 0.4000000060
12453  36.498  -66.798  -36.287 0.4000000060
20831  37.132  -58.834  -29.428 0.3000000119
14307  38.399  -64.711  -34.656 0.4000000060
15312  40.505  -63.450  -33.738 0.4000000060
13322  33.254  -64.586  -32.138 0.4000000060
12405  33.902  -65.924  -33.113 0.4000000060
15283  33.203  -63.452  -31.804 0.4000000060
158773  33.484  -64.083  -32.966 0.4000000060
13341  33.615  -65.272  -33.364 0.4000000060
150604  34.081  -66.865  -34.305 0.4000000060
18436  35.099  -61.060  -29.994 0.3000000119
17309  35.208  -61.895  -31.223 0.4000000060
20812  36.211  -58.869  -28.614 0.3000000119
19625  36.431  -59.809  -29.502 0.3000000119
12468  35.266  -67.430  -36.488 0.4000000060
22035  36.761  -58.540  -28.905 0.3000000119
11466  34.712  -66.449  -32.993 0.4000000060
12391  34.046  -65.711  -32.387 0.4000000060
17332  41.291  -62.311  -33.584 0.3000000119
153835  41.431  -61.428  -33.597 0.3000000119
17333  40.321  -61.864  -33.076 0.3000000119
10573  34.589  -69.148  -36.068 0.4000000060
11510  34.429  -67.680  -34.898 0.4000000060
10559  34.614  -67.695  -34.232 0.4000000060
12390  35.028  -66.137  -32.352 0.4000000060
17321  37.127  -61.778  -32.109 0.3000000119
172436  39.468  -59.417  -31.889 0.3000000119
22083  39.695  -57.995  -31.935 0.3000000119
149709  35.159  -62.346  -32.040 0.4000000060
165455  39.003  -62.538  -33.264 0.4000000060
15336  36.704  -63.695  -34.408 0.4000000060
15335  37.619  -63.754  -34.334 0.4000000060
13376  36.832  -66.040  -35.776 0.4000000060
160610  39.863  -62.511  -33.254 0.4000000060
16258  34.348  -62.748  -32.336 0.4000000060
13357  33.773  -65.390  -34.147 0.4000000060
14311  34.590  -64.409  -34.530 0.4000000060
17287  35.652  -61.298  -30.606 0.3000000119
14310  35.429  -64.294  -34.763 0.4000000060
18435  35.805  -60.737  -30.067 0.3000000119
16227  33.816  -62.406  -31.054 0.4000000060
17300  34.008  -61.931  -30.481 0.3000000119
19608  35.744  -60.028  -29.246 0.3000000119
4990  36.022  -73.970  -27.435 0.3000000119
5000  35.595  -74.421  -28.143 0.3000000119
5682  36.974  -73.412  -26.784 0.3000000119
4991  35.158  -74.373  -27.446 0.3000000119
5693  37.277  -73.498  -27.401 0.3000000119
155086  36.379  -74.156  -28.187 0.3000000119
160567  37.315  -73.195  -26.269 0.3000000119
5668  36.538  -73.374  -26.102 0.3000000119
4980  36.148  -73.637  -26.686 0.3000000119
6380  38.726  -72.525  -26.010 0.3000000119
5681  37.573  -73.262  -26.894 0.3000000119
5705  37.616  -73.666  -28.220 0.3000000119
6399  40.066  -71.729  -29.621 0.3000000119
5649  37.659  -72.665  -24.817 0.3000000119
5650  37.017  -73.010  -25.015 0.3000000119
5648  38.058  -72.593  -25.246 0.3000000119
5667  37.623  -72.928  -25.633 0.3000000119
5691  38.450  -73.204  -27.702 0.3000000119
6389  40.535  -71.625  -28.436 0.3000000119
5702  39.623  -72.460  -28.804 0.3000000119
6368  38.633  -72.403  -25.239 0.3000000119
157552  38.121  -73.116  -27.012 0.3000000119
6367  39.352  -72.277  -25.790 0.3000000119
6366  40.269  -71.893  -26.594 0.3000000119
6378  40.198  -72.067  -27.471 0.3000000119
6390  39.693  -72.450  -27.879 0.3000000119
7141  41.337  -71.173  -27.107 0.3000000119
149587  41.308  -68.081  -25.474 0.4000000060
8734  42.205  -69.513  -27.620 0.4000000060
3096  33.778  -77.957  -24.527 0.3000000119
2078  32.072  -79.144  -25.481 0.3000000119
4981  35.090  -74.174  -26.633 0.3000000119
4342  34.414  -74.823  -27.100 0.3000000119
4949  34.954  -74.189  -23.579 0.3000000119
153570  34.581  -74.728  -24.780 0.3000000119
178350  34.368  -76.580  -24.566 0.3000000119
3721  34.067  -77.100  -25.089 0.3000000119
2585  32.797  -78.786  -25.659 0.3000000119
5637  36.292  -72.984  -23.473 0.3000000119
4955  35.024  -73.943  -24.594 0.3000000119
4318  34.346  -75.461  -25.132 0.3000000119
152956  33.521  -77.354  -26.894 0.3000000119
2584  33.359  -78.174  -26.159 0.3000000119
5651  36.098  -73.307  -25.179 0.3000000119
4966  35.372  -73.787  -25.729 0.3000000119
4319  34.113  -76.058  -25.636 0.3000000119
3732  33.818  -76.675  -26.210 0.3000000119
4331  34.297  -75.018  -26.154 0.3000000119
4332  33.868  -75.622  -26.678 0.3000000119
5692  37.841  -73.364  -27.522 0.3000000119
157847  38.190  -73.401  -28.156 0.3000000119
161689  36.225  -73.138  -24.319 0.3000000119
6379  39.310  -72.476  -26.730 0.3000000119
3085  33.581  -77.970  -23.620 0.3000000119
3739  33.589  -76.297  -27.294 0.3000000119
166408  35.486  -73.509  -24.296 0.3000000119
4307  34.519  -76.129  -23.863 0.3000000119
4967  34.606  -74.500  -25.713 0.3000000119
3114  33.350  -77.762  -27.823 0.3000000119
7908  42.007  -70.102  -27.741 0.3000000119
150023  38.946  -63.127  -25.353 0.3000000119
15172  39.654  -63.242  -24.932 0.3000000119
15183  40.496  -63.603  -25.345 0.3000000119
13244  41.289  -64.527  -24.989 0.4000000060
11328  40.232  -66.356  -24.750 0.4000000060
11316  39.504  -67.096  -24.588 0.3000000119
10399  38.951  -67.814  -24.560 0.3000000119
151878  39.138  -63.327  -26.161 0.3000000119
14183  40.196  -64.224  -26.881 0.4000000060
13260  40.302  -64.627  -27.365 0.4000000060
13267  40.202  -64.870  -27.954 0.4000000060
12270  38.877  -65.897  -25.767 0.3000000119
13273  39.954  -65.348  -29.325 0.4000000060
155350  40.124  -65.289  -28.621 0.4000000060
174870  38.384  -66.263  -27.271 0.3000000119
168719  39.721  -66.431  -29.792 0.3000000119
15146  38.283  -62.984  -23.243 0.3000000119
15158  38.582  -62.966  -23.824 0.3000000119
15171  40.750  -63.639  -24.536 0.4000000060
12253  41.999  -64.613  -24.347 0.4000000060
11315  41.520  -66.018  -24.765 0.3000000119
156131  40.478  -66.777  -24.677 0.3000000119
158526  41.030  -67.536  -24.901 0.3000000119
16143  37.903  -62.631  -24.192 0.3000000119
15173  38.138  -62.885  -24.996 0.3000000119
15174  37.528  -62.937  -25.491 0.3000000119
15203  37.351  -63.319  -26.669 0.3000000119
14185  39.120  -63.827  -27.619 0.3000000119
157428  40.067  -64.432  -27.714 0.4000000060
15204  36.305  -63.293  -26.533 0.3000000119
15219  36.814  -63.570  -27.269 0.3000000119
15218  37.937  -63.615  -27.437 0.3000000119
152308  38.646  -64.027  -28.372 0.4000000060
14209  40.078  -64.891  -28.497 0.4000000060
14212  36.666  -64.181  -28.601 0.3000000119
14228  38.386  -64.675  -29.646 0.4000000060
13281  39.084  -65.383  -30.306 0.4000000060
13300  34.743  -64.958  -30.289 0.3000000119
13283  36.698  -64.965  -30.003 0.4000000060
13282  37.955  -65.142  -30.225 0.4000000060
13297  38.834  -65.991  -30.881 0.4000000060
13301  33.846  -64.744  -30.434 0.3000000119
12364  36.414  -65.596  -31.039 0.4000000060
13311  35.532  -65.412  -30.983 0.3000000119
157713  38.176  -66.634  -20.667 0.3000000119
12218  38.137  -66.190  -21.299 0.3000000119
165541  39.692  -67.301  -21.905 0.3000000119
11286  40.510  -66.411  -21.959 0.3000000119
15135  37.908  -63.342  -22.576 0.3000000119
13214  37.700  -64.217  -22.043 0.3000000119
14133  39.311  -64.205  -22.624 0.3000000119
12226  41.448  -65.375  -22.047 0.3000000119
174265  36.797  -62.022  -22.429 0.3000000119
175553  37.248  -62.449  -22.492 0.3000000119
14134  38.470  -63.892  -22.621 0.3000000119
14147  40.285  -63.921  -22.960 0.3000000119
13226  41.762  -64.506  -22.621 0.3000000119
12243  43.083  -65.241  -23.647 0.3000000119
10396  43.261  -66.502  -24.512 0.3000000119
10412  42.389  -67.248  -25.121 0.3000000119
9536  42.940  -67.755  -25.815 0.3000000119
8708  43.153  -68.964  -26.624 0.3000000119
16115  36.714  -62.033  -23.172 0.3000000119
14213  35.633  -64.185  -28.443 0.3000000119
165407  36.135  -64.469  -29.145 0.3000000119
14231  34.288  -64.337  -29.083 0.3000000119
175392  35.709  -64.715  -29.577 0.3000000119
14246  33.309  -64.237  -29.977 0.3000000119
13314  33.155  -64.500  -31.428 0.3000000119
12378  34.282  -65.463  -31.682 0.3000000119
12201  38.632  -65.970  -19.783 0.3000000119
174050  37.958  -65.237  -20.422 0.3000000119
13200  37.806  -65.349  -21.138 0.3000000119
12228  38.709  -65.932  -21.999 0.3000000119
14119  37.353  -63.866  -21.414 0.3000000119
175353  38.509  -65.361  -22.115 0.3000000119
7892  42.901  -69.583  -26.535 0.3000000119
166624  39.872  -66.577  -19.119 0.3000000119
13177  38.717  -64.794  -19.548 0.3000000119
14098  38.495  -64.028  -19.479 0.3000000119
13189  37.658  -64.721  -20.576 0.3000000119
13201  37.511  -64.597  -21.334 0.3000000119
16095  36.976  -62.395  -21.148 0.3000000119
13176  39.361  -64.944  -19.270 0.3000000119
164852  39.132  -64.376  -19.250 0.3000000119
15102  37.903  -63.174  -19.684 0.3000000119
15111  37.543  -63.600  -20.237 0.3000000119
167140  42.494  -68.249  -26.407 0.3000000119
8693  40.563  -68.734  -25.707 0.3000000119
10398  40.060  -67.502  -24.628 0.3000000119
11329  39.199  -66.644  -24.758 0.3000000119
12286  39.113  -65.818  -26.931 0.4000000060
13298  37.758  -65.684  -30.903 0.4000000060
15270  32.914  -63.374  -30.604 0.3000000119
150279  38.800  -62.988  -24.534 0.3000000119
179738  40.225  -63.623  -25.930 0.3000000119
15157  39.566  -63.228  -24.066 0.3000000119
15200  40.418  -63.942  -26.158 0.4000000060
13254  40.469  -64.794  -26.219 0.4000000060
12285  39.860  -65.271  -26.554 0.4000000060
174595  38.829  -64.416  -29.145 0.4000000060
16114  37.247  -62.358  -23.032 0.3000000119
15144  39.954  -63.507  -23.453 0.3000000119
154585  41.979  -64.330  -23.602 0.3000000119
14158  40.680  -63.731  -23.468 0.3000000119
12244  42.409  -65.174  -24.338 0.4000000060
10397  41.633  -66.728  -24.753 0.3000000119
155335  37.152  -62.388  -24.191 0.3000000119
16145  36.431  -62.356  -24.598 0.3000000119
15186  36.970  -63.063  -25.996 0.3000000119
14195  37.313  -63.894  -28.049 0.4000000060
13285  34.066  -64.548  -29.752 0.3000000119
12227  39.924  -65.711  -22.106 0.3000000119
13211  40.612  -64.771  -22.229 0.3000000119
12224  43.089  -65.472  -22.808 0.3000000119
14216  33.095  -63.698  -29.087 0.3000000119
154992  19.640  -65.150  -36.651 0.4000000060
2570  33.315  -78.443  -25.056 0.3000000119
4979  36.706  -73.620  -27.233 0.3000000119
4999  36.877  -73.828  -27.821 0.3000000119
5666  38.189  -72.698  -25.846 0.3000000119
5679  38.792  -72.891  -27.245 0.3000000119
5680  37.874  -73.032  -26.362 0.3000000119
6417  40.040  -71.224  -29.861 0.4000000060
6418  39.733  -71.643  -30.237 0.3000000119
7149  40.942  -70.746  -28.679 0.5000000000
7152  36.187  -71.264  -27.845 0.5000000000
7196  39.152  -71.621  -30.715 0.4000000060
7907  42.407  -69.882  -27.194 0.3000000119
7910  39.654  -70.020  -27.354 0.5000000000
7912  37.013  -70.683  -26.790 0.5000000000
7913  36.124  -70.697  -26.590 0.4000000060
7914  35.274  -70.589  -26.505 0.4000000060
7934  40.491  -70.178  -28.587 0.5000000000
7935  38.641  -70.652  -28.129 0.4000000060
7936  37.513  -70.892  -27.695 0.4000000060
7958  40.625  -70.602  -29.042 0.5000000000
8695  38.489  -69.473  -25.111 0.5000000000
8696  37.530  -69.547  -24.871 0.5000000000
8697  36.662  -69.499  -24.776 0.4000000060
8698  35.858  -69.369  -24.782 0.4000000060
8699  35.087  -69.197  -24.898 0.4000000060
8709  41.645  -68.652  -26.510 0.5000000000
8725  16.266  -69.438  -25.769 0.5000000000
8733  42.635  -69.332  -27.108 0.4000000060
8819  34.652  -69.456  -34.108 0.6000000238
8821  33.267  -69.891  -34.100 0.6999999881
8834  34.269  -69.758  -34.797 0.6000000238
8835  33.725  -69.922  -34.748 0.6999999881
8850  33.997  -69.799  -35.426 0.6000000238
8851  33.412  -69.800  -35.331 0.6999999881
8866  34.105  -69.611  -36.026 0.6999999881
9520  39.356  -68.289  -24.615 0.3000000119
9522  37.544  -68.448  -24.417 0.5000000000
9524  36.105  -68.318  -24.347 0.4000000060
9537  40.218  -68.044  -24.856 0.3000000119
9539  37.975  -69.038  -24.603 0.5000000000
9541  36.327  -68.959  -24.495 0.4000000060
9543  34.704  -68.569  -24.713 0.4000000060
9546  18.294  -67.864  -24.991 0.6000000238
9547  17.478  -68.327  -25.054 0.5000000000
9556  43.533  -68.622  -26.010 0.3000000119
9557  43.212  -68.328  -26.420 0.3000000119
9562  29.601  -68.376  -25.669 0.5000000000
9565  26.843  -68.124  -25.976 0.5000000000
9566  18.382  -68.188  -25.443 0.6000000238
9568  16.914  -68.872  -25.367 0.5000000000
9573  42.550  -68.850  -27.049 0.3000000119
9630  35.534  -68.765  -32.992 0.6000000238
9632  32.286  -69.285  -33.024 0.6000000238
9633  31.456  -68.863  -32.782 0.6000000238
9637  35.213  -69.020  -33.631 0.6000000238
9638  32.625  -69.531  -33.647 0.6999999881
9646  32.842  -69.495  -35.189 0.6999999881
9652  33.079  -69.388  -35.794 0.6999999881
9653  32.494  -68.936  -35.396 0.6999999881
9664  34.357  -69.204  -36.486 0.4000000060
9665  34.040  -69.321  -36.537 0.5000000000
10401  36.883  -68.047  -24.446 0.4000000060
10414  37.026  -67.347  -24.718 0.4000000060
10418  17.913  -67.821  -24.762 0.6000000238
10419  17.246  -67.695  -24.745 0.6000000238
10430  28.286  -67.864  -25.732 0.6000000238
10433  18.673  -67.617  -25.163 0.6000000238
10434  16.090  -67.949  -25.409 0.5000000000
10435  15.702  -67.331  -25.523 0.5000000000
10443  14.132  -67.750  -26.864 0.5000000000
10479  36.986  -68.245  -31.835 0.4000000060
10482  33.486  -67.810  -30.496 0.5000000000
10483  32.594  -67.706  -30.430 0.5000000000
10485  30.961  -67.861  -30.355 0.6999999881
10486  30.141  -67.984  -30.417 0.6999999881
10501  36.240  -68.558  -32.024 0.4000000060
10505  31.984  -68.165  -31.048 0.6000000238
10506  31.155  -68.440  -31.390 0.6000000238
10520  36.636  -68.268  -32.712 0.5000000000
10522  35.499  -68.814  -32.336 0.5000000000
10524  33.316  -68.629  -31.598 0.6000000238
10525  32.468  -68.602  -31.645 0.6000000238
10526  30.416  -68.390  -31.748 0.6000000238
10528  29.168  -67.823  -31.388 0.6999999881
10545  36.237  -68.407  -32.849 0.6000000238
10548  30.135  -67.711  -32.842 0.6999999881
10558  35.145  -68.527  -33.886 0.4000000060
10560  31.089  -68.180  -33.760 0.6000000238
10567  34.779  -68.626  -34.547 0.6999999881
10574  32.753  -68.650  -36.155 0.6999999881
10575  32.234  -68.303  -35.629 0.6999999881
10583  35.156  -68.404  -37.331 0.5000000000
10584  34.705  -68.758  -36.656 0.4000000060
10585  32.295  -67.810  -36.133 0.6000000238
10592  34.632  -68.666  -37.137 0.5000000000
10593  34.493  -68.569  -37.451 0.6999999881
10594  33.191  -68.558  -36.798 0.6999999881
11285  41.827  -66.212  -21.945 0.3000000119
11287  39.284  -66.593  -21.940 0.3000000119
11288  38.552  -66.649  -21.683 0.3000000119
11314  42.875  -65.785  -24.354 0.3000000119
11331  35.886  -67.125  -24.834 0.4000000060
11333  34.367  -67.323  -24.733 0.4000000060
11334  33.716  -67.301  -24.837 0.4000000060
11335  33.137  -67.244  -24.991 0.4000000060
11337  18.417  -67.268  -24.650 0.6000000238
11345  36.224  -66.592  -25.295 0.4000000060
11346  35.421  -66.660  -25.166 0.4000000060
11347  31.662  -66.838  -25.656 0.5000000000
11348  30.864  -66.873  -25.806 0.4000000060
11350  28.641  -67.226  -25.891 0.6000000238
11352  15.277  -66.629  -25.540 0.5000000000
11353  14.625  -66.540  -25.925 0.5000000000
11355  29.820  -66.493  -26.215 0.6000000238
11356  29.101  -66.698  -26.208 0.6000000238
11358  26.685  -67.020  -26.493 0.5000000000
11361  18.958  -66.843  -26.307 0.6000000238
11362  14.345  -67.129  -26.443 0.5000000000
11369  34.778  -66.696  -27.688 0.4000000060
11382  39.224  -66.902  -29.902 0.4000000060
11388  32.988  -66.738  -28.711 0.5000000000
11389  29.996  -66.251  -28.189 0.6999999881
11390  29.339  -66.517  -28.666 0.6999999881
11393  26.715  -66.252  -27.547 0.5000000000
11394  25.962  -66.347  -27.680 0.5000000000
11409  38.259  -67.396  -29.987 0.4000000060
11410  36.184  -67.547  -29.428 0.4000000060
11411  34.591  -67.272  -28.978 0.4000000060
11412  33.694  -67.207  -29.284 0.4000000060
11413  32.437  -66.862  -29.170 0.6000000238
11415  31.013  -66.934  -29.258 0.6999999881
11416  29.829  -66.778  -29.016 0.6999999881
11418  28.240  -66.641  -29.263 0.5000000000
11419  26.855  -66.259  -29.678 0.6000000238
11433  37.602  -68.064  -31.509 0.4000000060
11437  32.290  -67.219  -29.776 0.6000000238
11441  28.906  -67.377  -30.151 0.6999999881
11442  27.994  -66.720  -30.290 0.6999999881
11444  26.893  -66.238  -30.474 0.6999999881
11456  27.560  -66.409  -30.717 0.6999999881
11465  35.880  -67.118  -32.925 0.5000000000
11469  28.250  -66.695  -31.445 0.6999999881
11480  35.439  -67.462  -33.427 0.5000000000
11496  35.090  -67.804  -33.803 0.5000000000
11497  30.896  -67.462  -33.895 0.6000000238
11511  31.159  -67.070  -34.578 0.6999999881
11520  34.128  -66.508  -35.106 0.4000000060
11529  37.406  -67.772  -37.322 0.5000000000
11532  35.097  -67.916  -36.508 0.4000000060
11538  35.937  -68.096  -37.623 0.5000000000
11539  35.311  -68.234  -37.910 0.6000000238
11540  34.060  -68.097  -37.778 0.6000000238
11544  35.040  -67.722  -38.469 0.6999999881
11546  33.558  -67.164  -38.008 0.6000000238
12200  39.450  -65.762  -19.289 0.3000000119
12202  38.360  -65.353  -19.957 0.3000000119
12210  38.122  -65.953  -20.482 0.3000000119
12225  42.424  -65.555  -22.189 0.3000000119
12238  42.456  -65.027  -22.468 0.3000000119
12245  18.935  -65.585  -23.977 0.6000000238
12246  18.583  -66.071  -23.982 0.6000000238
12247  17.989  -65.930  -23.685 0.6000000238
12254  41.300  -65.368  -24.921 0.3000000119
12255  39.961  -65.929  -24.986 0.3000000119
12256  38.970  -66.218  -25.081 0.3000000119
12259  18.693  -66.628  -24.399 0.6000000238
12260  17.544  -66.414  -24.063 0.6000000238
12261  16.895  -66.095  -24.192 0.6000000238
12262  16.275  -66.031  -24.623 0.5000000000
12268  40.720  -65.076  -25.341 0.4000000060
12269  39.781  -65.538  -25.487 0.3000000119
12275  33.978  -66.366  -25.481 0.4000000060
12278  31.337  -66.416  -25.959 0.6000000238
12279  30.558  -66.464  -26.121 0.6000000238
12280  19.160  -66.548  -25.699 0.6000000238
12281  15.499  -65.891  -25.125 0.5000000000
12283  14.371  -65.726  -25.792 0.5000000000
12287  37.321  -66.404  -26.964 0.4000000060
12289  35.262  -66.341  -26.588 0.4000000060
12292  32.558  -66.069  -26.148 0.5000000000
12293  31.768  -66.142  -26.238 0.5000000000
12296  29.387  -66.262  -26.697 0.6000000238
12297  28.599  -66.412  -26.738 0.6000000238
12299  19.047  -66.097  -26.371 0.6000000238
12306  40.055  -65.237  -27.738 0.4000000060
12307  39.501  -66.037  -28.210 0.4000000060
12318  28.174  -66.259  -27.339 0.6000000238
12319  27.458  -66.257  -27.410 0.6000000238
12326  39.934  -65.931  -29.261 0.4000000060
12328  34.117  -66.575  -27.739 0.4000000060
12330  32.525  -66.323  -28.172 0.4000000060
12332  30.940  -66.086  -27.960 0.6999999881
12334  28.451  -66.243  -27.983 0.6000000238
12343  39.821  -65.996  -29.854 0.3000000119
12344  39.637  -66.467  -30.380 0.3000000119
12345  32.165  -66.540  -28.684 0.5000000000
12347  30.587  -66.535  -28.725 0.6999999881
12348  27.501  -66.371  -29.225 0.6000000238
12349  26.223  -66.157  -29.209 0.6000000238
12361  39.211  -66.623  -30.932 0.4000000060
12362  38.507  -66.738  -31.424 0.4000000060
12363  37.458  -66.144  -31.462 0.4000000060
12377  35.331  -65.812  -31.685 0.3000000119
12388  37.277  -67.234  -32.316 0.4000000060
12389  36.296  -66.739  -32.435 0.5000000000
12392  29.119  -66.746  -32.368 0.6999999881
12395  26.426  -65.861  -31.663 0.6000000238
12397  25.041  -65.858  -31.802 0.5000000000
12406  29.423  -65.961  -32.916 0.6999999881
12410  25.442  -65.571  -32.254 0.5000000000
12422  33.870  -66.063  -33.839 0.4000000060
12439  33.941  -66.227  -34.491 0.4000000060
12440  30.884  -66.231  -34.909 0.6999999881
12442  21.504  -66.268  -34.320 0.5000000000
12451  38.598  -67.224  -36.521 0.5000000000
12454  35.217  -66.355  -36.074 0.4000000060
12455  34.643  -67.079  -35.798 0.4000000060
12457  30.366  -65.413  -35.314 0.8000000119
12458  19.433  -65.757  -35.766 0.5000000000
12461  17.369  -65.454  -35.492 0.6000000238
12466  37.184  -67.706  -36.812 0.5000000000
12467  36.124  -67.492  -36.734 0.4000000060
12472  38.025  -67.567  -37.440 0.5000000000
12474  32.116  -65.705  -37.892 0.6000000238
12475  37.595  -67.145  -38.167 0.6000000238
12478  34.513  -66.875  -38.738 0.6000000238
12480  33.214  -66.347  -38.186 0.6999999881
12481  32.648  -65.733  -38.194 0.6999999881
13188  38.148  -64.706  -19.976 0.3000000119
13212  39.285  -65.028  -22.298 0.3000000119
13213  37.778  -64.962  -21.795 0.3000000119
13225  42.666  -64.823  -23.138 0.3000000119
13227  40.876  -64.269  -22.648 0.3000000119
13228  18.063  -64.879  -23.237 0.6000000238
13236  18.398  -65.330  -23.523 0.6000000238
13245  19.363  -65.269  -24.551 0.6000000238
13247  15.925  -65.257  -24.697 0.5000000000
13252  40.765  -64.189  -25.618 0.3000000119
13253  40.752  -64.501  -25.753 0.4000000060
13255  19.474  -65.179  -25.555 0.6000000238
13257  14.746  -64.986  -25.592 0.5000000000
13261  40.316  -64.768  -27.214 0.4000000060
13268  18.849  -64.180  -27.508 0.4000000060
13280  39.710  -65.729  -30.103 0.4000000060
13284  34.933  -64.703  -29.623 0.3000000119
13296  39.407  -66.092  -30.612 0.4000000060
13299  35.785  -65.077  -30.278 0.3000000119
13312  34.518  -65.209  -30.978 0.3000000119
13313  33.647  -64.923  -31.154 0.3000000119
13321  33.551  -65.051  -31.899 0.4000000060
13328  33.564  -65.150  -32.640 0.4000000060
13329  29.006  -65.290  -32.995 0.6999999881
13332  26.404  -65.181  -32.732 0.6000000238
13333  25.694  -65.255  -32.762 0.5000000000
13342  29.917  -65.368  -33.978 0.6999999881
13343  28.906  -64.728  -33.468 0.6999999881
13346  26.642  -64.729  -33.375 0.6000000238
13347  25.530  -64.701  -33.848 0.5000000000
13349  23.765  -65.223  -33.848 0.5000000000
13356  34.254  -65.062  -34.734 0.4000000060
13364  21.675  -65.690  -34.983 0.5000000000
13372  40.233  -66.040  -36.145 0.5000000000
13375  37.949  -66.419  -35.738 0.4000000060
13377  35.288  -65.445  -35.568 0.4000000060
13378  34.655  -65.524  -35.374 0.4000000060
13380  30.585  -65.303  -36.333 0.6000000238
13381  29.734  -64.820  -35.188 0.8000000119
13382  21.722  -65.243  -35.820 0.5000000000
13388  40.100  -65.986  -36.595 0.5000000000
13390  39.330  -67.071  -36.647 0.5000000000
13391  30.791  -65.153  -37.141 0.6999999881
13395  19.397  -64.313  -37.344 0.5000000000
13397  18.146  -64.714  -36.825 0.5000000000
13398  17.515  -64.347  -36.679 0.5000000000
13400  39.156  -66.825  -37.263 0.5000000000
13404  37.937  -65.113  -38.235 0.6000000238
13406  36.867  -66.187  -38.813 0.6000000238
13407  35.197  -65.820  -39.004 0.6999999881
13408  34.294  -65.389  -38.746 0.6999999881
13410  32.716  -65.199  -38.349 0.6999999881
13411  31.207  -64.708  -38.134 0.6000000238
14097  39.228  -63.811  -19.042 0.3000000119
14108  37.842  -64.063  -20.066 0.3000000119
14109  37.428  -64.091  -20.716 0.3000000119
14132  40.127  -64.347  -22.498 0.3000000119
14135  37.479  -63.513  -21.958 0.3000000119
14146  41.211  -64.047  -23.166 0.3000000119
14148  39.328  -63.633  -23.043 0.3000000119
14149  38.595  -63.383  -23.041 0.3000000119
14157  41.183  -63.875  -23.970 0.4000000060
14159  19.081  -64.171  -23.434 0.6000000238
14161  17.763  -64.418  -23.251 0.6000000238
14162  17.027  -64.195  -23.712 0.6000000238
14169  41.071  -64.001  -24.806 0.3000000119
14171  19.587  -64.454  -24.182 0.6000000238
14173  16.007  -64.059  -24.986 0.5000000000
14178  20.147  -64.094  -25.713 0.6000000238
14181  14.599  -64.460  -25.956 0.5000000000
14184  39.518  -63.760  -26.936 0.4000000060
14187  20.035  -63.965  -26.565 0.5000000000
14190  13.926  -64.554  -26.179 0.5000000000
14194  39.677  -64.314  -28.288 0.4000000060
14200  21.792  -63.754  -27.819 0.5000000000
14202  20.061  -63.825  -27.285 0.5000000000
14203  19.462  -64.069  -27.089 0.5000000000
14204  14.183  -63.807  -27.180 0.5000000000
14210  39.674  -64.596  -28.987 0.4000000060
14211  37.795  -64.222  -28.862 0.4000000060
14218  20.269  -63.806  -28.023 0.5000000000
14227  39.476  -64.969  -29.679 0.4000000060
14229  37.202  -64.557  -29.388 0.4000000060
14230  35.195  -64.426  -29.022 0.3000000119
14232  33.485  -64.122  -29.313 0.3000000119
14233  33.015  -63.842  -29.576 0.3000000119
14234  21.928  -63.925  -29.141 0.5000000000
14236  20.261  -64.013  -29.288 0.5000000000
14247  32.940  -63.758  -30.159 0.3000000119
14248  21.762  -64.004  -29.880 0.5000000000
14262  33.209  -64.333  -30.696 0.3000000119
14263  32.973  -63.962  -30.960 0.3000000119
14264  21.569  -63.967  -30.602 0.5000000000
14277  33.023  -64.073  -31.651 0.4000000060
14278  20.551  -63.916  -31.518 0.5000000000
14289  33.365  -64.651  -32.841 0.4000000060
14290  33.229  -64.052  -32.364 0.4000000060
14295  28.694  -64.350  -34.167 0.6999999881
14297  26.932  -64.395  -34.139 0.6999999881
14304  41.342  -64.913  -34.939 0.4000000060
14306  39.493  -64.781  -34.574 0.5000000000
14309  36.359  -64.322  -34.853 0.4000000060
14312  33.615  -64.589  -33.563 0.4000000060
14313  28.395  -64.234  -34.921 0.6999999881
14314  27.145  -64.212  -34.932 0.6000000238
14315  25.953  -64.318  -34.953 0.6000000238
14316  24.798  -64.520  -34.968 0.5000000000
14317  23.963  -64.686  -35.171 0.5000000000
14324  41.201  -64.924  -35.604 0.5000000000
14326  40.118  -65.696  -35.430 0.5000000000
14329  37.071  -65.232  -35.267 0.4000000060
14333  28.142  -64.176  -35.665 0.6999999881
14334  27.381  -64.092  -35.744 0.6999999881
14337  25.085  -64.277  -35.761 0.6000000238
14339  21.610  -64.922  -36.686 0.6000000238
14342  16.483  -64.402  -35.632 0.6000000238
14344  41.033  -64.602  -36.313 0.6000000238
14351  23.860  -64.293  -36.601 0.5000000000
14353  21.826  -64.494  -37.372 0.6000000238
14357  18.099  -63.940  -37.125 0.5000000000
14360  29.759  -64.307  -37.630 0.6000000238
14362  28.169  -63.952  -37.563 0.6999999881
14363  27.395  -63.821  -37.446 0.6999999881
14365  25.566  -63.664  -37.207 0.6000000238
14367  24.124  -63.836  -37.364 0.6999999881
14369  22.220  -63.955  -37.956 0.6000000238
14371  20.525  -63.312  -37.886 0.5000000000
14373  35.255  -64.178  -38.468 0.6999999881
14375  33.627  -64.723  -38.444 0.6999999881
14377  32.247  -64.463  -38.289 0.6999999881
14380  28.550  -63.700  -38.061 0.6000000238
15112  37.304  -63.458  -20.770 0.3000000119
15123  37.244  -63.057  -21.442 0.3000000119
15136  37.443  -62.887  -22.200 0.3000000119
15145  39.083  -63.240  -23.439 0.3000000119
15147  37.648  -62.728  -22.860 0.3000000119
15156  40.450  -63.530  -23.984 0.3000000119
15159  20.652  -62.895  -23.789 0.6000000238
15160  19.942  -63.147  -23.474 0.6000000238
15162  18.399  -63.753  -23.167 0.6000000238
15175  23.191  -62.873  -25.111 0.5000000000
15176  22.503  -63.043  -24.941 0.6000000238
15178  21.003  -63.322  -24.551 0.6000000238
15181  16.549  -63.779  -24.450 0.6000000238
15184  39.769  -63.383  -25.713 0.3000000119
15185  38.288  -63.126  -25.793 0.3000000119
15191  24.162  -62.809  -25.987 0.5000000000
15192  23.472  -63.055  -25.756 0.5000000000
15193  22.775  -63.231  -25.593 0.5000000000
15195  21.186  -63.522  -25.396 0.5000000000
15197  15.805  -63.640  -25.649 0.6000000238
15198  15.171  -63.903  -26.100 0.6000000238
15201  39.952  -63.660  -26.340 0.3000000119
15202  38.418  -63.383  -26.691 0.3000000119
15210  24.452  -62.866  -26.886 0.5000000000
15212  23.002  -63.345  -26.286 0.5000000000
15213  22.321  -63.506  -26.139 0.5000000000
15214  21.441  -63.609  -26.228 0.5000000000
15216  15.119  -63.575  -26.749 0.5000000000
15225  24.281  -63.051  -27.809 0.6000000238
15226  23.100  -63.397  -27.156 0.5000000000
15228  21.511  -63.694  -27.058 0.5000000000
15229  14.926  -63.406  -27.295 0.5000000000
15235  25.359  -62.861  -28.234 0.6000000238
15236  24.720  -63.008  -28.381 0.6000000238
15237  24.070  -63.186  -28.629 0.6000000238
15250  24.580  -63.113  -29.098 0.6000000238
15251  23.962  -63.263  -29.454 0.6000000238
15261  23.879  -63.268  -30.249 0.6000000238
15262  22.984  -63.500  -30.448 0.6000000238
15263  22.319  -63.754  -30.477 0.6000000238
15271  24.234  -63.143  -30.760 0.6000000238
15272  23.744  -63.225  -30.933 0.6000000238
15273  23.232  -63.279  -31.104 0.6000000238
15274  22.121  -63.659  -31.117 0.6000000238
15282  33.712  -62.857  -31.760 0.4000000060
15285  23.183  -63.072  -31.867 0.6999999881
15299  35.013  -63.097  -33.342 0.4000000060
15301  33.681  -63.403  -32.560 0.4000000060
15302  22.512  -63.144  -32.238 0.6000000238
15311  41.526  -63.552  -33.941 0.5000000000
15313  38.698  -63.136  -33.726 0.4000000060
15315  37.021  -63.148  -33.867 0.4000000060
15318  34.606  -63.511  -33.650 0.4000000060
15319  33.893  -63.761  -33.344 0.4000000060
15320  21.585  -63.095  -33.284 0.6000000238
15321  20.859  -63.133  -33.554 0.6000000238
15322  20.203  -63.104  -33.951 0.6000000238
15330  42.340  -63.983  -34.894 0.4000000060
15334  38.515  -63.843  -34.170 0.4000000060
15337  35.812  -63.705  -34.387 0.4000000060
15338  34.964  -63.825  -34.243 0.4000000060
15339  20.191  -62.762  -34.792 0.4000000060
15340  19.458  -62.661  -35.595 0.4000000060
15343  16.902  -63.383  -35.051 0.5000000000
15350  19.615  -62.701  -36.623 0.5000000000
15352  17.927  -63.110  -36.263 0.5000000000
15358  20.004  -62.970  -37.345 0.5000000000
15362  40.445  -64.333  -36.963 0.6000000238
15364  39.215  -64.587  -37.665 0.6000000238
15367  26.004  -63.479  -37.600 0.6999999881
15369  24.500  -63.376  -37.830 0.6999999881
15372  21.961  -63.298  -38.241 0.6000000238
15373  21.224  -63.000  -38.012 0.6000000238
15375  37.477  -62.983  -38.161 0.6000000238
15377  35.486  -62.958  -38.185 0.6999999881
15378  34.674  -63.483  -38.196 0.6999999881
15381  31.572  -63.851  -38.202 0.6999999881
15382  31.075  -63.299  -38.129 0.6999999881
15383  29.784  -63.635  -38.260 0.6000000238
15384  28.999  -63.420  -38.251 0.6000000238
15386  27.386  -63.119  -38.209 0.6999999881
15387  26.660  -63.040  -38.147 0.6999999881
15388  25.874  -63.063  -38.028 0.6999999881
15389  24.970  -63.006  -38.024 0.6999999881
15390  24.126  -63.002  -38.128 0.6999999881
16113  37.823  -62.635  -23.485 0.3000000119
16117  19.709  -61.917  -22.936 0.5000000000
16127  37.255  -62.364  -23.648 0.3000000119
16128  36.602  -62.123  -23.819 0.3000000119
16132  22.383  -62.275  -24.012 0.5000000000
16133  20.953  -62.168  -23.320 0.5000000000
16136  18.502  -62.233  -23.085 0.6000000238
16137  17.708  -62.320  -23.591 0.6000000238
16144  37.341  -62.622  -24.790 0.3000000119
16149  24.169  -62.243  -25.053 0.5000000000
16151  22.848  -62.612  -24.574 0.5000000000
16152  22.239  -62.795  -24.391 0.6000000238
16154  16.593  -62.654  -25.123 0.6000000238
16157  36.742  -62.711  -25.356 0.3000000119
16162  25.930  -61.910  -26.051 0.4000000060
16164  24.513  -62.402  -25.578 0.5000000000
16166  16.364  -62.261  -25.789 0.6000000238
16170  26.233  -62.149  -26.708 0.5000000000
16171  25.573  -62.318  -26.425 0.6000000238
16174  15.530  -62.871  -27.084 0.6000000238
16178  27.080  -62.116  -27.785 0.6000000238
16180  25.775  -62.534  -27.120 0.5000000000
16189  27.276  -62.249  -28.555 0.6000000238
16191  25.910  -62.713  -27.840 0.6000000238
16192  14.892  -62.455  -28.265 0.5000000000
16193  14.211  -63.043  -28.607 0.5000000000
16204  27.895  -62.062  -29.560 0.6999999881
16205  27.424  -62.326  -29.302 0.6999999881
16207  25.894  -62.801  -28.663 0.6000000238
16218  27.611  -62.354  -30.077 0.6999999881
16219  26.919  -62.639  -29.718 0.6000000238
16220  25.524  -62.977  -30.068 0.6000000238
16221  24.952  -63.028  -30.728 0.6000000238
16228  33.174  -62.945  -31.044 0.3000000119
16229  28.133  -62.018  -30.597 0.6999999881
16231  26.947  -62.752  -30.513 0.6000000238
16234  24.010  -63.086  -31.415 0.6000000238
16240  35.893  -61.963  -31.775 0.4000000060
16241  34.436  -62.366  -31.569 0.4000000060
16242  28.102  -62.171  -31.337 0.6000000238
16244  26.947  -62.752  -31.431 0.6000000238
16254  38.543  -61.922  -32.659 0.4000000060
16255  37.652  -62.079  -32.675 0.3000000119
16256  36.836  -62.253  -32.685 0.4000000060
16257  35.080  -62.739  -32.792 0.4000000060
16259  28.004  -62.283  -32.039 0.6000000238
16260  27.325  -62.470  -32.971 0.6999999881
16261  25.701  -62.541  -32.835 0.6999999881
16262  25.034  -62.678  -32.296 0.6999999881
16265  22.310  -62.965  -33.009 0.6000000238
16272  40.724  -62.753  -33.464 0.4000000060
16275  37.333  -62.611  -33.293 0.4000000060
16279  27.342  -62.361  -33.665 0.6999999881
16281  25.393  -62.350  -33.643 0.6999999881
16283  23.827  -62.313  -33.972 0.6999999881
16284  22.629  -62.418  -34.223 0.6999999881
16286  21.363  -62.795  -34.065 0.6000000238
16294  42.228  -63.764  -34.450 0.4000000060
16296  26.815  -62.247  -34.254 0.6999999881
16298  25.012  -62.141  -34.340 0.6999999881
16299  23.915  -62.020  -34.782 0.6999999881
16300  23.354  -61.841  -35.469 0.6999999881
16307  43.046  -62.942  -35.322 0.4000000060
16308  42.666  -63.521  -35.238 0.4000000060
16309  21.845  -62.166  -35.958 0.6000000238
16312  42.721  -63.147  -35.955 0.4000000060
16314  21.880  -62.175  -36.944 0.6000000238
16318  41.152  -62.609  -37.287 0.4000000060
16319  40.269  -62.604  -37.617 0.6000000238
16321  24.320  -61.979  -37.866 0.6999999881
16323  22.852  -62.373  -37.868 0.6000000238
16325  21.335  -62.529  -37.493 0.6000000238
16326  38.720  -62.303  -38.082 0.6000000238
16328  37.342  -62.135  -38.127 0.6999999881
16330  35.252  -61.667  -38.258 0.6999999881
16331  33.145  -62.283  -37.900 0.6999999881
16333  31.533  -62.452  -37.818 0.6999999881
16335  29.503  -63.060  -38.216 0.6000000238
16336  28.668  -62.640  -38.301 0.6000000238
16338  26.947  -62.429  -38.203 0.6000000238
16340  25.415  -62.463  -38.144 0.6999999881
16342  23.961  -62.472  -38.108 0.6999999881
17178  36.193  -61.566  -21.983 0.3000000119
17194  20.738  -61.395  -23.036 0.5000000000
17196  19.362  -61.289  -22.958 0.5000000000
17197  18.695  -61.365  -23.085 0.6000000238
17207  23.378  -61.573  -24.325 0.6000000238
17209  22.157  -61.554  -23.604 0.5000000000
17212  17.262  -61.668  -24.140 0.6000000238
17223  24.412  -61.645  -24.916 0.5000000000
17224  23.786  -61.953  -24.617 0.6000000238
17225  17.098  -60.962  -24.343 0.6000000238
17226  16.725  -61.380  -24.795 0.6000000238
17233  26.106  -61.294  -25.755 0.5000000000
17234  25.502  -61.647  -25.584 0.5000000000
17235  24.829  -61.961  -25.332 0.5000000000
17237  15.965  -61.599  -26.199 0.6000000238
17244  26.989  -61.352  -26.922 0.4000000060
17251  27.243  -61.492  -27.466 0.6000000238
17253  15.293  -61.291  -27.256 0.5000000000
17254  15.353  -62.222  -27.587 0.5000000000
17264  27.918  -61.301  -28.866 0.5000000000
17288  34.788  -61.606  -30.509 0.3000000119
17291  28.326  -61.302  -30.292 0.6999999881
17301  28.444  -61.406  -31.074 0.6999999881
17307  37.301  -61.345  -31.641 0.3000000119
17310  34.454  -62.031  -30.969 0.4000000060
17311  28.702  -60.590  -32.510 0.6999999881
17318  39.746  -61.397  -32.693 0.3000000119
17319  39.176  -61.464  -32.492 0.3000000119
17320  37.916  -61.448  -32.025 0.3000000119
17323  28.412  -61.942  -32.679 0.6999999881
17334  39.663  -61.835  -32.846 0.3000000119
17336  28.574  -61.789  -33.414 0.8000000119
17342  43.392  -62.037  -34.949 0.4000000060
17344  34.721  -60.917  -34.990 0.6000000238
17345  28.327  -61.604  -34.673 0.6999999881
17346  27.750  -61.749  -35.187 0.6999999881
17347  26.294  -61.945  -34.888 0.6000000238
17349  24.584  -61.860  -35.043 0.6999999881
17350  43.850  -61.481  -35.897 0.4000000060
17351  43.473  -62.200  -35.474 0.5000000000
17352  27.771  -61.091  -36.677 0.6000000238
17354  25.922  -61.684  -35.569 0.6000000238
17355  25.137  -61.640  -35.660 0.6000000238
17358  23.254  -61.753  -36.431 0.6999999881
17359  43.693  -61.286  -36.413 0.4000000060
17360  43.523  -61.966  -36.110 0.5000000000
17363  26.377  -61.489  -36.365 0.6000000238
17365  24.537  -61.496  -36.813 0.6000000238
17367  43.171  -61.600  -36.783 0.4000000060
17370  40.419  -61.749  -37.687 0.4000000060
17372  37.666  -61.462  -37.491 0.6000000238
17375  35.107  -60.574  -38.238 0.6999999881
17377  30.866  -60.643  -37.842 0.6999999881
17378  29.157  -60.827  -37.876 0.6000000238
17380  27.805  -61.155  -37.708 0.6000000238
17381  27.102  -61.465  -37.601 0.6000000238
17383  25.408  -61.577  -37.496 0.6000000238
17384  24.744  -61.632  -37.466 0.6000000238
17385  24.063  -61.698  -37.389 0.6999999881
17386  23.355  -61.849  -37.277 0.6999999881
17387  39.049  -61.978  -38.052 0.6000000238
17388  38.396  -61.865  -37.965 0.6000000238
17390  36.713  -61.708  -38.010 0.6000000238
17392  34.793  -60.693  -38.382 0.6999999881
17394  32.960  -61.267  -38.107 0.6999999881
17396  31.271  -61.542  -37.760 0.6999999881
17399  28.100  -61.766  -38.020 0.6000000238
17401  26.543  -61.814  -37.981 0.6000000238
17402  25.794  -61.849  -37.976 0.6999999881
18341  20.443  -60.664  -23.073 0.5000000000
18342  19.711  -60.604  -23.062 0.5000000000
18352  23.216  -60.967  -24.192 0.6000000238
18353  22.570  -60.878  -23.823 0.6000000238
18354  21.163  -60.728  -23.200 0.6000000238
18356  19.380  -60.027  -23.448 0.6000000238
18357  18.342  -60.715  -23.477 0.6000000238
18369  25.298  -60.496  -25.129 0.6000000238
18372  18.149  -59.993  -24.072 0.6000000238
18373  17.361  -60.306  -24.449 0.6000000238
18384  16.460  -60.741  -25.153 0.6000000238
18394  15.696  -60.789  -26.264 0.6000000238
18412  27.724  -60.643  -28.494 0.5000000000
18421  35.412  -60.535  -29.555 0.3000000119
18422  34.694  -60.810  -29.365 0.3000000119
18433  37.067  -60.291  -30.381 0.3000000119
18434  36.484  -60.384  -30.080 0.3000000119
18449  38.026  -60.524  -31.235 0.3000000119
18451  36.799  -60.743  -30.617 0.3000000119
18452  36.227  -60.883  -30.447 0.3000000119
18460  38.962  -60.890  -32.022 0.3000000119
18461  38.375  -60.849  -31.661 0.3000000119
18463  37.074  -61.062  -31.154 0.3000000119
18481  28.478  -59.816  -32.776 0.6000000238
18487  41.920  -60.987  -33.913 0.4000000060
18488  41.230  -60.634  -33.437 0.3000000119
18489  40.831  -61.271  -33.197 0.3000000119
18493  33.826  -60.808  -33.937 0.5000000000
18494  33.038  -60.617  -34.118 0.6000000238
18496  28.855  -60.642  -33.616 0.8000000119
18506  34.228  -60.814  -35.109 0.6000000238
18507  33.703  -60.715  -34.724 0.6000000238
18509  28.876  -60.114  -34.374 0.8000000119
18515  38.721  -60.447  -35.805 0.5000000000
18518  36.628  -61.039  -35.786 0.6000000238
18520  34.667  -60.646  -35.805 0.6000000238
18522  28.809  -59.758  -36.401 0.6999999881
18526  39.452  -60.167  -36.049 0.5000000000
18528  37.722  -61.096  -36.602 0.6000000238
18530  35.656  -60.644  -37.239 0.6000000238
18532  28.690  -59.863  -37.162 0.6999999881
18535  43.323  -60.999  -36.951 0.4000000060
18536  42.601  -60.938  -37.257 0.4000000060
18539  38.987  -61.088  -37.218 0.6000000238
18542  36.195  -60.986  -37.699 0.6000000238
18544  34.944  -60.193  -38.087 0.6000000238
18546  33.675  -59.596  -38.343 0.6000000238
18550  28.802  -60.207  -37.626 0.6000000238
18552  34.216  -60.066  -38.534 0.6999999881
18554  32.710  -60.534  -38.184 0.6999999881
19506  22.899  -60.267  -24.268 0.6000000238
19508  20.801  -59.793  -24.059 0.5000000000
19510  18.986  -59.670  -24.015 0.6000000238
19521  24.357  -59.615  -24.778 0.4000000060
19522  23.681  -59.733  -24.719 0.4000000060
19524  22.448  -59.760  -24.724 0.6000000238
19525  21.216  -59.676  -25.100 0.5000000000
19526  20.327  -59.580  -24.830 0.5000000000
19539  25.768  -59.669  -25.396 0.5000000000
19540  25.057  -59.617  -24.982 0.6000000238
19542  21.473  -59.520  -26.059 0.4000000060
19545  18.939  -59.244  -25.521 0.6000000238
19546  17.202  -59.395  -25.773 0.6000000238
19547  16.408  -60.049  -25.603 0.6000000238
19558  20.861  -59.558  -26.596 0.4000000060
19560  19.581  -59.489  -26.330 0.6000000238
19563  15.878  -60.152  -26.147 0.6000000238
19570  27.213  -59.987  -27.570 0.4000000060
19574  17.688  -59.057  -27.326 0.6000000238
19577  15.224  -59.878  -27.498 0.6000000238
19586  35.474  -59.774  -28.801 0.3000000119
19591  20.214  -59.265  -28.026 0.4000000060
19595  16.262  -59.068  -27.838 0.5000000000
19610  26.954  -59.170  -29.569 0.5000000000
19611  19.940  -59.211  -28.560 0.4000000060
19626  35.979  -60.301  -29.686 0.3000000119
19645  38.009  -60.053  -30.914 0.3000000119
19646  37.530  -59.896  -30.452 0.3000000119
19663  38.916  -59.912  -31.502 0.3000000119
19664  38.469  -60.281  -31.292 0.3000000119
19668  31.229  -59.549  -31.998 0.6000000238
19694  31.982  -59.554  -34.084 0.6000000238
19695  31.418  -59.075  -33.696 0.6000000238
19696  28.544  -59.121  -33.772 0.8000000119
19707  32.677  -59.445  -35.396 0.6000000238
19719  33.780  -59.473  -36.606 0.6000000238
19720  33.286  -59.505  -35.956 0.6000000238
19724  40.766  -59.521  -36.579 0.5000000000
19729  32.316  -58.679  -36.936 0.6000000238
19731  29.173  -59.139  -36.911 0.6999999881
19732  43.527  -59.778  -37.001 0.4000000060
19737  32.901  -59.092  -37.767 0.6999999881
19738  31.966  -58.780  -37.467 0.6000000238
19739  31.315  -59.102  -37.635 0.6999999881
19740  30.560  -58.928  -37.409 0.6000000238
19741  29.689  -59.258  -37.494 0.6999999881
20756  23.908  -58.962  -24.823 0.4000000060
20758  22.576  -59.360  -25.208 0.4000000060
20779  22.540  -58.804  -25.421 0.4000000060
20780  22.074  -59.265  -25.826 0.4000000060
20791  21.276  -59.337  -26.781 0.4000000060
20792  20.696  -59.413  -27.358 0.4000000060
20801  21.075  -58.955  -27.197 0.4000000060
20803  17.102  -58.962  -27.898 0.5000000000
20818  20.177  -58.926  -28.488 0.4000000060
20832  36.636  -59.160  -29.133 0.3000000119
20833  36.036  -59.500  -28.940 0.3000000119
20854  38.023  -58.742  -30.362 0.3000000119
20855  37.509  -59.251  -29.988 0.3000000119
20856  36.995  -59.389  -29.562 0.3000000119
20900  39.767  -58.667  -32.049 0.3000000119
20901  39.320  -58.566  -31.625 0.3000000119
20907  27.604  -58.490  -32.210 0.5000000000
20921  30.787  -58.734  -32.508 0.6000000238
20922  28.232  -58.515  -33.268 0.6000000238
20937  30.912  -58.503  -33.304 0.6000000238
20938  28.601  -58.432  -33.929 0.6999999881
20954  31.047  -58.219  -34.986 0.8000000119
20955  29.111  -58.341  -34.645 0.8000000119
20970  31.380  -58.344  -35.790 0.6000000238
20972  29.375  -58.413  -35.512 0.8000000119
20977  31.551  -58.526  -36.957 0.6000000238
20979  30.252  -58.288  -36.386 0.6000000238
20984  30.778  -58.487  -36.946 0.6000000238
21973  22.548  -58.025  -25.312 0.4000000060
21975  21.733  -58.366  -26.293 0.4000000060
21990  21.248  -58.173  -26.807 0.4000000060
21991  20.736  -57.599  -27.168 0.4000000060
22034  37.193  -58.138  -29.255 0.3000000119
22055  37.588  -58.429  -29.849 0.3000000119
22070  38.844  -58.407  -31.118 0.3000000119
22084  39.177  -57.843  -31.427 0.3000000119
22100  29.880  -57.565  -33.084 0.6000000238
22101  29.211  -57.541  -33.142 0.6000000238
22111  29.649  -57.706  -33.801 0.6999999881
22124  30.579  -57.964  -34.466 0.8000000119
22126  29.614  -58.055  -34.989 0.8000000119
22142  29.865  -58.144  -35.715 0.6000000238
23034  23.271  -57.442  -25.005 0.4000000060
23085  20.978  -57.288  -26.573 0.4000000060
23134  20.224  -57.772  -28.702 0.4000000060
23157  36.838  -57.940  -28.742 0.3000000119
23228  29.606  -57.266  -32.600 0.5000000000
23229  29.078  -57.252  -32.463 0.5000000000
24183  22.952  -56.174  -25.367 0.4000000060
24184  22.115  -56.321  -25.336 0.4000000060
24227  20.363  -56.922  -27.524 0.4000000060
24254  20.149  -56.157  -27.982 0.3000000119
25317  21.063  -55.694  -25.965 0.4000000060
25318  20.565  -55.431  -26.593 0.4000000060
25337  20.269  -55.332  -27.344 0.4000000060
25352  20.171  -55.243  -28.129 0.3000000119
26416  21.434  -54.314  -25.861 0.4000000060
26498  22.766  -54.206  -31.380 0.3000000119
26514  23.131  -54.684  -32.239 0.3000000119
26525  23.518  -55.253  -33.153 0.4000000060
26534  26.454  -54.676  -36.348 0.3000000119
27634  22.485  -53.171  -29.676 0.3000000119
27647  23.585  -53.326  -30.534 0.3000000119
27659  23.929  -53.657  -31.257 0.3000000119
27661  22.551  -53.832  -30.763 0.3000000119
27672  25.176  -53.981  -32.538 0.3000000119
27691  27.006  -54.346  -35.859 0.3000000119
27704  26.683  -54.161  -36.358 0.4000000060
28807  23.556  -52.465  -29.434 0.3000000119
28819  24.637  -52.598  -30.336 0.3000000119
28820  23.923  -52.814  -30.101 0.3000000119
28821  23.219  -52.995  -29.886 0.3000000119
28830  25.847  -52.657  -31.410 0.3000000119
28831  25.012  -52.920  -31.070 0.3000000119
28842  27.491  -52.265  -33.224 0.3000000119
28855  27.821  -52.383  -34.425 0.3000000119
28856  27.459  -52.915  -34.049 0.3000000119
28867  27.991  -51.739  -34.799 0.3000000119
28868  27.895  -52.985  -35.300 0.4000000060
28882  27.873  -52.531  -35.812 0.4000000060
28883  26.123  -53.646  -36.596 0.4000000060
29871  26.247  -51.733  -24.822 0.4000000060
29872  25.518  -52.052  -24.619 0.4000000060
29891  27.048  -51.508  -25.042 0.4000000060
29893  25.480  -51.402  -25.141 0.4000000060
29894  24.611  -51.436  -25.270 0.4000000060
29912  23.556  -51.351  -26.005 0.4000000060
29932  23.477  -51.224  -26.861 0.4000000060
29957  24.261  -51.367  -28.466 0.3000000119
29958  23.565  -51.629  -28.237 0.3000000119
29975  26.601  -51.286  -29.647 0.3000000119
29979  23.220  -52.157  -28.713 0.3000000119
29991  26.857  -51.531  -30.488 0.4000000060
30005  27.044  -51.740  -31.283 0.3000000119
30020  27.233  -52.011  -32.162 0.3000000119
30032  25.229  -51.126  -34.336 0.3000000119
30045  25.087  -51.849  -34.863 0.3000000119
30056  28.056  -51.719  -35.655 0.4000000060
30057  27.784  -51.735  -35.988 0.4000000060
30058  26.943  -51.487  -36.104 0.4000000060
30994  25.067  -50.968  -25.723 0.4000000060
31003  27.585  -50.725  -26.554 0.4000000060
31005  25.683  -50.744  -26.321 0.4000000060
31006  24.791  -50.764  -26.491 0.4000000060
31020  28.099  -50.423  -27.297 0.4000000060
31021  27.839  -50.635  -27.294 0.4000000060
31022  27.146  -50.764  -27.086 0.4000000060
31023  25.599  -50.659  -27.049 0.4000000060
31025  24.252  -50.853  -27.090 0.4000000060
31040  28.031  -50.524  -28.003 0.3000000119
31042  27.155  -50.864  -28.504 0.4000000060
31063  28.046  -50.481  -28.676 0.4000000060
31064  27.855  -50.591  -29.337 0.4000000060
31066  25.886  -51.070  -28.928 0.3000000119
31067  25.041  -51.190  -28.720 0.3000000119
31086  27.683  -50.756  -30.210 0.4000000060
31087  27.395  -51.078  -30.015 0.4000000060
31112  27.643  -51.069  -32.216 0.3000000119
31113  24.653  -50.277  -32.461 0.3000000119
31124  27.756  -51.115  -33.636 0.3000000119
31138  27.992  -50.776  -35.188 0.4000000060
31139  26.009  -50.802  -35.362 0.4000000060
32075  28.069  -50.181  -29.043 0.4000000060
32091  27.885  -50.138  -29.900 0.4000000060
32136  27.681  -49.612  -33.963 0.3000000119
32157  27.775  -49.944  -35.561 0.4000000060
32158  27.584  -50.082  -35.764 0.4000000060
32159  26.490  -50.175  -35.525 0.3000000119
33093  28.042  -49.480  -27.315 0.3000000119
33101  27.995  -49.486  -28.005 0.4000000060
33158  27.334  -49.534  -31.575 0.3000000119
33159  26.460  -48.226  -31.481 0.3000000119
33182  27.311  -49.391  -32.410 0.3000000119
33196  27.443  -47.910  -34.571 0.3000000119
33218  27.667  -49.197  -35.375 0.4000000060
33220  26.188  -48.793  -35.222 0.3000000119
33221  26.090  -48.125  -35.154 0.3000000119
34173  27.542  -47.923  -25.814 0.3000000119
34186  27.769  -48.689  -26.155 0.3000000119
34187  27.392  -48.091  -26.514 0.3000000119
34213  26.615  -47.763  -28.312 0.3000000119
34235  26.231  -48.043  -30.472 0.3000000119
34298  27.273  -48.128  -33.505 0.3000000119
34315  25.505  -47.719  -34.804 0.3000000119
34316  24.558  -47.364  -34.270 0.3000000119
34326  26.943  -48.140  -35.396 0.3000000119
35349  26.910  -47.475  -26.987 0.3000000119
35398  25.860  -47.287  -30.343 0.3000000119
35399  25.734  -46.579  -30.186 0.3000000119
35413  25.828  -46.632  -31.064 0.3000000119
35424  26.974  -47.022  -33.014 0.3000000119
35425  26.324  -46.852  -31.988 0.3000000119
35456  27.159  -46.682  -34.613 0.3000000119
35457  26.517  -47.006  -35.027 0.3000000119
36506  28.356  -46.309  -24.044 0.3000000119
36550  26.026  -46.341  -28.688 0.3000000119
36582  25.784  -45.819  -30.176 0.3000000119
36631  22.874  -46.228  -33.488 0.3000000119
37893  25.993  -45.848  -31.178 0.3000000119
37906  26.577  -45.761  -32.095 0.3000000119
37917  27.422  -45.129  -34.011 0.3000000119
37918  26.390  -44.765  -34.375 0.3000000119
37932  27.210  -45.008  -34.338 0.3000000119
37933  25.646  -45.300  -34.253 0.3000000119
39194  26.582  -44.619  -30.249 0.3000000119
39210  27.334  -44.045  -31.730 0.3000000119
39223  27.431  -44.044  -32.725 0.3000000119
39237  27.334  -44.020  -33.603 0.3000000119
39238  27.423  -44.618  -33.399 0.3000000119
39239  25.976  -43.994  -33.884 0.3000000119
40544  27.513  -43.577  -32.212 0.3000000119
40562  26.793  -43.600  -34.024 0.3000000119
40572  27.149  -44.029  -34.051 0.3000000119
149510  41.610  -64.214  -24.352 0.4000000060
149862  36.117  -60.951  -35.176 0.6000000238
149979  28.590  -64.187  -36.975 0.6999999881
150266  28.372  -61.906  -33.950 0.8000000119
150305  35.311  -60.745  -36.225 0.6000000238
150747  39.646  -61.882  -37.935 0.6000000238
150846  31.918  -67.148  -36.036 0.6999999881
150951  28.228  -61.192  -35.762 0.6999999881
151143  16.737  -63.164  -24.634 0.6000000238
151541  32.372  -66.053  -27.518 0.5000000000
151654  34.350  -60.891  -34.473 0.6000000238
151732  39.509  -57.258  -31.746 0.3000000119
151784  20.312  -59.619  -26.277 0.6000000238
151873  18.124  -59.180  -25.719 0.6000000238
152189  35.875  -66.704  -27.394 0.4000000060
152480  27.348  -62.536  -32.170 0.6999999881
152761  35.946  -62.402  -32.577 0.4000000060
152849  25.225  -65.032  -33.358 0.5000000000
153016  26.714  -51.003  -28.980 0.3000000119
153200  27.900  -49.565  -28.715 0.3000000119
153351  26.142  -63.995  -36.224 0.6999999881
153503  22.027  -63.612  -26.659 0.5000000000
153717  25.124  -62.914  -31.493 0.6000000238
153720  20.743  -64.061  -30.731 0.5000000000
153779  15.943  -59.699  -26.699 0.6000000238
153823  24.800  -62.478  -33.098 0.6999999881
153851  22.659  -63.333  -31.505 0.6000000238
153960  29.492  -57.961  -34.355 0.8000000119
154308  26.138  -62.830  -29.457 0.6000000238
154375  39.908  -68.613  -25.052 0.3000000119
154523  29.387  -67.125  -25.840 0.6000000238
154656  16.967  -64.951  -23.710 0.6000000238
154710  25.054  -61.506  -36.393 0.6000000238
154963  17.688  -65.137  -23.412 0.6000000238
155021  38.333  -64.789  -22.227 0.3000000119
155126  18.500  -59.174  -27.795 0.4000000060
155291  40.250  -63.406  -24.574 0.3000000119
155511  37.071  -62.425  -21.885 0.3000000119
155622  23.285  -62.189  -34.534 0.6999999881
155982  28.423  -67.057  -30.456 0.6999999881
156127  30.376  -63.813  -38.341 0.6999999881
156259  28.400  -59.943  -32.189 0.6000000238
156340  27.300  -48.272  -27.097 0.3000000119
156412  40.092  -59.126  -32.429 0.3000000119
156527  20.363  -56.094  -27.113 0.4000000060
156644  17.144  -59.167  -26.596 0.6000000238
156694  40.432  -64.442  -26.534 0.4000000060
156824  13.585  -64.301  -26.564 0.5000000000
156925  26.177  -47.758  -29.672 0.3000000119
157273  27.438  -66.915  -26.390 0.6000000238
157371  31.472  -65.985  -26.754 0.6000000238
157400  26.861  -49.467  -35.570 0.3000000119
157558  28.419  -66.968  -29.868 0.6999999881
157779  27.746  -50.298  -30.992 0.3000000119
158144  34.964  -60.268  -36.963 0.6000000238
158633  38.985  -71.120  -29.858 0.4000000060
158711  38.525  -66.291  -37.975 0.6000000238
159268  27.352  -47.111  -34.557 0.3000000119
159320  32.965  -63.571  -31.226 0.3000000119
159490  31.590  -65.963  -27.365 0.6999999881
159507  16.594  -61.993  -25.214 0.6000000238
159554  21.875  -60.795  -23.477 0.5000000000
159569  31.690  -58.485  -36.428 0.6000000238
159714  19.401  -59.455  -27.076 0.4000000060
159735  28.663  -64.275  -36.186 0.6999999881
159988  26.418  -47.499  -32.042 0.3000000119
160271  19.299  -66.032  -25.117 0.6000000238
160386  35.763  -60.606  -34.202 0.6000000238
160560  34.672  -68.898  -35.321 0.6000000238
161173  19.125  -64.459  -26.993 0.5000000000
161394  34.998  -64.999  -38.760 0.6000000238
161770  40.961  -71.389  -27.831 0.3000000119
161813  37.311  -63.972  -38.241 0.6000000238
161996  27.090  -66.083  -31.277 0.6000000238
162063  28.900  -59.887  -35.419 0.8000000119
162170  18.109  -62.984  -23.280 0.6000000238
162315  21.454  -60.152  -23.688 0.6000000238
162347  28.746  -64.288  -35.457 0.8000000119
162540  34.182  -62.870  -37.995 0.6999999881
162541  33.052  -64.155  -38.196 0.6999999881
162608  25.533  -50.727  -27.760 0.3000000119
162780  31.010  -58.331  -34.117 0.8000000119
162919  28.130  -61.442  -29.521 0.6999999881
162954  29.445  -64.791  -34.130 0.6999999881
163052  30.473  -67.389  -25.658 0.6000000238
163175  33.722  -77.665  -25.643 0.3000000119
163301  20.475  -57.895  -27.914 0.4000000060
163440  28.069  -58.055  -32.664 0.5000000000
163687  25.438  -50.903  -28.336 0.4000000060
163724  23.886  -61.117  -24.570 0.6000000238
164082  26.311  -50.712  -26.865 0.4000000060
164097  18.704  -62.985  -23.102 0.6000000238
164248  38.438  -72.797  -26.519 0.3000000119
164249  38.139  -65.476  -21.813 0.3000000119
164254  39.100  -60.643  -36.502 0.5000000000
164271  34.107  -66.822  -34.779 0.4000000060
164425  34.657  -66.204  -38.935 0.6999999881
164584  18.594  -67.767  -26.795 0.5000000000
164952  30.047  -68.092  -32.296 0.6000000238
165118  38.904  -65.361  -19.555 0.3000000119
165274  32.639  -69.585  -34.184 0.6000000238
165295  28.083  -59.649  -31.652 0.5000000000
165676  15.548  -61.201  -26.669 0.6000000238
165694  21.747  -55.641  -25.521 0.4000000060
166125  18.564  -59.390  -24.710 0.6000000238
166219  28.445  -61.703  -31.847 0.6999999881
166227  26.894  -53.446  -36.359 0.4000000060
166231  27.645  -50.816  -29.712 0.4000000060
166247  20.512  -63.947  -28.690 0.5000000000
166282  15.732  -64.641  -24.882 0.5000000000
166770  20.832  -60.154  -23.384 0.5000000000
166864  26.117  -63.768  -36.921 0.6999999881
167158  20.485  -65.293  -36.418 0.4000000060
167481  36.686  -63.794  -38.330 0.6000000238
167514  19.212  -59.364  -27.765 0.4000000060
167534  42.562  -64.799  -23.782 0.3000000119
167646  26.696  -45.466  -34.639 0.3000000119
167826  20.540  -63.996  -37.839 0.5000000000
167909  40.187  -71.900  -28.886 0.3000000119
167940  23.218  -59.358  -24.896 0.5000000000
168070  20.669  -56.092  -26.507 0.4000000060
168247  27.817  -48.448  -25.521 0.3000000119
168278  27.606  -43.108  -32.239 0.3000000119
168312  42.743  -61.566  -34.434 0.4000000060
168391  21.855  -56.983  -25.480 0.4000000060
168472  30.596  -68.283  -30.956 0.6000000238
168633  16.158  -68.610  -25.532 0.5000000000
168636  35.448  -67.582  -29.540 0.4000000060
168909  39.540  -63.224  -33.696 0.4000000060
169076  36.781  -65.432  -30.726 0.4000000060
169218  25.660  -61.097  -25.385 0.5000000000
169606  32.569  -66.879  -25.368 0.4000000060
169893  23.103  -62.777  -32.754 0.6999999881
170352  32.806  -60.509  -33.395 0.6000000238
170625  37.066  -61.102  -36.410 0.6000000238
170754  33.822  -62.244  -38.026 0.6999999881
170948  34.628  -66.739  -25.065 0.4000000060
171299  30.770  -64.211  -38.228 0.6000000238
171383  31.739  -69.048  -33.410 0.6000000238
171409  36.995  -73.159  -25.684 0.3000000119
171518  41.809  -70.570  -27.557 0.3000000119
171642  27.789  -66.347  -31.214 0.6000000238
171835  27.410  -48.416  -35.179 0.3000000119
172172  40.298  -59.295  -36.039 0.5000000000
172407  31.666  -58.583  -35.202 0.6999999881
172657  22.510  -62.882  -38.341 0.6999999881
173226  26.839  -51.952  -24.614 0.4000000060
173275  28.781  -60.442  -33.096 0.8000000119
173367  34.942  -69.070  -34.114 0.6000000238
173431  25.413  -64.360  -35.168 0.5000000000
173709  29.063  -59.005  -35.193 0.8000000119
173727  25.240  -49.135  -34.501 0.3000000119
173803  26.834  -61.738  -35.491 0.6000000238
174244  24.700  -65.234  -33.109 0.5000000000
174255  38.455  -66.747  -24.870 0.3000000119
174350  34.340  -67.153  -35.235 0.4000000060
174535  29.623  -61.647  -37.988 0.6000000238
174570  37.136  -67.646  -29.888 0.4000000060
174589  27.574  -59.783  -29.681 0.5000000000
174905  14.959  -65.536  -25.423 0.5000000000
174911  23.107  -56.816  -25.137 0.4000000060
175003  27.527  -67.957  -25.825 0.5000000000
175034  31.580  -67.542  -34.931 0.8000000119
175181  24.735  -62.315  -33.788 0.6999999881
175402  29.592  -64.776  -34.683 0.6999999881
175759  29.192  -67.527  -31.995 0.6999999881
175773  24.923  -50.187  -33.148 0.3000000119
175973  37.441  -63.144  -20.225 0.3000000119
175975  26.483  -63.340  -37.878 0.6999999881
175982  27.369  -45.711  -33.920 0.3000000119
176429  24.679  -60.195  -24.883 0.6000000238
176720  33.933  -64.697  -34.217 0.4000000060
177074  23.312  -51.477  -27.575 0.3000000119
177127  23.715  -64.586  -35.897 0.5000000000
177138  21.460  -58.891  -26.732 0.4000000060
177416  24.274  -62.510  -33.053 0.6999999881
177569  27.555  -43.756  -30.043 0.3000000119
177799  38.055  -63.100  -38.100 0.6000000238
177903  18.832  -67.421  -26.336 0.5000000000
178141  26.768  -62.665  -32.017 0.6000000238
178209  25.776  -50.296  -34.966 0.3000000119
178277  34.697  -67.916  -24.593 0.4000000060
178642  22.690  -62.660  -33.477 0.6000000238
178699  18.685  -67.793  -25.556 0.6000000238
178712  37.695  -63.174  -26.113 0.3000000119
179038  27.977  -58.649  -32.699 0.6000000238
179251  22.083  -63.797  -28.497 0.5000000000
179338  32.145  -69.314  -33.472 0.6000000238
179513  37.985  -61.688  -37.777 0.6000000238
179773  35.728  -60.828  -34.694 0.6000000238
179977  29.085  -59.623  -37.453 0.6999999881
180109  29.335  -62.355  -38.149 0.6000000238
180129  25.457  -47.183  -34.708 0.3000000119
