#!ascii label  , from subject sub-v2s13x29119_ses-1 vox2ras=TkReg
968
50319  -24.083  -28.966  52.060 0.0000000000
82451  -36.119  -5.597  48.725 0.0000000000
89673  -38.722  -0.079  41.658 0.0000000000
167611  -49.388  -2.384  39.080 0.0000000000
77359  -34.122  -9.500  49.428 0.0000000000
183191  -44.467  -0.686  40.009 0.0000000000
88574  -50.184  -1.755  30.771 0.0000000000
92426  -54.209  1.145  28.318 0.0000000000
173506  -40.003  -6.607  47.875 0.0000000000
87216  -39.865  -1.700  45.930 0.0000000000
86003  -37.130  -2.661  44.875 0.0000000000
176278  -23.650  -24.504  56.731 0.0000000000
63302  -23.713  -18.923  58.217 0.0000000000
169403  -25.715  -16.501  54.160 0.0000000000
68074  -26.987  -15.530  50.844 0.0000000000
68046  -31.562  -14.913  53.677 0.0000000000
185169  -35.593  -12.888  53.624 0.0000000000
180948  -37.824  -9.453  50.478 0.0000000000
87245  -43.245  -2.242  43.145 0.0000000000
93682  -55.988  1.993  27.221 0.0000000000
83632  -37.351  -4.494  50.333 0.0000000000
85959  -38.229  -3.472  48.560 0.0000000000
157493  -37.037  -4.132  46.768 0.0000000000
59876  -20.993  -21.832  57.225 0.0000000000
59879  -23.686  -21.487  57.569 0.0000000000
156872  -31.251  -12.082  52.744 0.0000000000
69254  -33.062  -14.008  54.573 0.0000000000
73300  -33.435  -11.697  53.853 0.0000000000
78604  -35.150  -7.720  49.005 0.0000000000
78552  -35.148  -7.957  52.069 0.0000000000
81133  -36.305  -6.009  51.516 0.0000000000
165045  -38.670  -7.542  49.668 0.0000000000
92186  -39.460  0.955  45.020 0.0000000000
88393  -40.700  -1.137  43.706 0.0000000000
92227  -42.539  1.996  43.429 0.0000000000
88489  -47.330  -1.135  39.583 0.0000000000
87260  -46.535  -2.490  41.984 0.0000000000
84867  -47.856  -3.919  41.112 0.0000000000
81313  -49.012  -6.354  40.204 0.0000000000
87356  -53.869  -2.161  33.503 0.0000000000
86157  -52.181  -2.827  34.387 0.0000000000
73333  -34.198  -12.054  50.873 0.0000000000
84924  -46.142  -4.353  37.616 0.0000000000
89835  -51.714  -0.394  29.544 0.0000000000
88579  -54.652  -1.407  31.369 0.0000000000
89871  -56.122  0.082  27.104 0.0000000000
78652  -41.178  -8.236  46.449 0.0000000000
84800  -40.096  -4.327  46.884 0.0000000000
88362  -38.401  -0.947  46.091 0.0000000000
52351  -25.632  -27.354  54.789 0.0000000000
63319  -25.216  -19.200  56.078 0.0000000000
66790  -24.978  -16.611  56.932 0.0000000000
64436  -27.393  -17.650  56.016 0.0000000000
171317  -27.190  -17.494  52.788 0.0000000000
64493  -27.625  -17.982  49.916 0.0000000000
66885  -29.033  -16.857  48.905 0.0000000000
68058  -28.693  -15.166  52.111 0.0000000000
66842  -33.690  -16.657  51.889 0.0000000000
76047  -34.385  -9.835  53.383 0.0000000000
76050  -36.880  -10.388  52.191 0.0000000000
186915  -37.616  -11.898  49.878 0.0000000000
74742  -39.253  -10.549  48.098 0.0000000000
74745  -41.873  -10.801  47.537 0.0000000000
89659  -44.962  0.279  42.850 0.0000000000
84941  -50.371  -3.886  35.657 0.0000000000
84896  -50.859  -3.339  38.258 0.0000000000
49328  -24.274  -29.662  53.947 0.0000000000
82436  -36.712  -4.386  50.275 0.0000000000
162089  -36.824  -3.972  48.767 0.0000000000
83653  -36.632  -4.824  47.954 0.0000000000
71921  -32.581  -12.456  52.059 0.0000000000
73299  -32.650  -12.226  53.713 0.0000000000
71922  -32.939  -12.186  52.713 0.0000000000
79897  -36.064  -7.253  48.119 0.0000000000
81149  -35.356  -6.470  50.586 0.0000000000
81167  -35.660  -5.887  50.262 0.0000000000
81151  -36.900  -5.414  51.234 0.0000000000
92225  -40.874  1.946  43.768 0.0000000000
92252  -40.749  2.000  42.410 0.0000000000
87308  -48.477  -1.662  39.116 0.0000000000
87276  -47.829  -2.049  40.499 0.0000000000
86079  -49.134  -2.862  39.813 0.0000000000
82552  -48.615  -5.477  40.522 0.0000000000
84881  -49.623  -3.609  39.696 0.0000000000
84969  -53.834  -3.567  33.265 0.0000000000
84960  -53.815  -3.412  34.530 0.0000000000
83826  -52.118  -4.743  34.033 0.0000000000
91115  -50.989  0.151  28.096 0.0000000000
91117  -53.095  0.217  29.341 0.0000000000
89819  -53.825  -0.452  30.947 0.0000000000
180510  -54.907  0.235  29.969 0.0000000000
88596  -55.260  -0.726  30.202 0.0000000000
91099  -55.226  0.631  29.363 0.0000000000
163326  -56.797  1.039  27.469 0.0000000000
79910  -40.789  -7.432  47.090 0.0000000000
82465  -40.435  -6.043  46.924 0.0000000000
83654  -39.971  -5.438  47.613 0.0000000000
85976  -37.657  -2.508  47.223 0.0000000000
87185  -38.029  -2.510  47.354 0.0000000000
87206  -37.582  -1.722  46.001 0.0000000000
89608  -37.974  -0.489  45.184 0.0000000000
86002  -36.976  -1.997  44.111 0.0000000000
173265  -26.070  -26.083  54.925 0.0000000000
56163  -24.713  -24.711  56.292 0.0000000000
62223  -23.888  -20.062  57.738 0.0000000000
174141  -23.843  -15.790  54.452 0.0000000000
178797  -25.342  -15.968  55.678 0.0000000000
66800  -26.307  -16.721  56.151 0.0000000000
66821  -26.475  -16.471  54.875 0.0000000000
65616  -27.927  -17.222  54.829 0.0000000000
65626  -26.437  -16.828  53.793 0.0000000000
66868  -27.288  -16.618  49.696 0.0000000000
65702  -27.779  -17.011  49.174 0.0000000000
66869  -27.933  -16.453  49.557 0.0000000000
70546  -30.075  -13.868  53.568 0.0000000000
70544  -29.072  -13.767  53.123 0.0000000000
68045  -30.195  -15.346  52.815 0.0000000000
157603  -30.301  -16.192  51.328 0.0000000000
68061  -31.589  -16.149  52.250 0.0000000000
66841  -32.696  -16.586  51.780 0.0000000000
158449  -32.441  -16.133  52.422 0.0000000000
70534  -34.854  -13.948  53.982 0.0000000000
69273  -35.003  -15.358  53.617 0.0000000000
70547  -36.197  -14.352  53.223 0.0000000000
71908  -36.874  -12.932  52.655 0.0000000000
74689  -33.774  -10.847  51.726 0.0000000000
76085  -33.872  -9.687  50.870 0.0000000000
78554  -36.441  -8.180  52.198 0.0000000000
76061  -36.521  -9.549  52.351 0.0000000000
76062  -37.248  -10.040  51.575 0.0000000000
74704  -37.400  -11.568  51.238 0.0000000000
175024  -37.690  -10.463  50.479 0.0000000000
76086  -38.341  -9.612  49.361 0.0000000000
79889  -39.693  -7.361  48.320 0.0000000000
77361  -40.063  -8.689  48.074 0.0000000000
167595  -40.327  -7.615  47.846 0.0000000000
77393  -41.639  -9.571  47.100 0.0000000000
56152  -21.983  -24.609  57.049 0.0000000000
54914  -23.239  -25.502  56.042 0.0000000000
53693  -23.748  -26.873  55.146 0.0000000000
84809  -40.185  -4.160  46.189 0.0000000000
172776  -40.109  -3.282  44.880 0.0000000000
88414  -41.756  -1.277  43.054 0.0000000000
89697  -42.874  -0.314  40.185 0.0000000000
92263  -43.540  1.810  41.621 0.0000000000
164448  -45.039  0.487  40.891 0.0000000000
84847  -46.028  -4.218  42.392 0.0000000000
164578  -45.595  -2.776  42.934 0.0000000000
86135  -52.756  -3.526  35.985 0.0000000000
84951  -50.983  -3.517  35.220 0.0000000000
86129  -51.611  -3.311  36.846 0.0000000000
86128  -51.119  -3.171  37.392 0.0000000000
84916  -51.668  -4.166  37.785 0.0000000000
82577  -50.818  -5.220  38.653 0.0000000000
92459  -53.566  1.716  26.651 0.0000000000
92441  -54.603  1.528  27.737 0.0000000000
93691  -54.394  2.154  26.130 0.0000000000
93721  -54.636  2.523  24.911 0.0000000000
82437  -38.748  -5.688  49.480 0.0000000000
84784  -39.203  -4.362  48.443 0.0000000000
84782  -37.776  -3.732  49.224 0.0000000000
84790  -37.269  -3.466  48.380 0.0000000000
171037  -37.158  -3.365  45.661 0.0000000000
57431  -22.235  -23.680  57.300 0.0000000000
172700  -24.020  -22.934  57.215 0.0000000000
174531  -22.922  -19.262  58.336 0.0000000000
163099  -31.166  -13.295  54.102 0.0000000000
161535  -32.028  -14.370  54.342 0.0000000000
71889  -32.302  -12.968  54.487 0.0000000000
71890  -32.971  -12.705  54.473 0.0000000000
167870  -34.186  -11.831  54.188 0.0000000000
77360  -34.565  -8.907  48.946 0.0000000000
78567  -34.512  -8.350  51.209 0.0000000000
78587  -34.731  -7.779  50.543 0.0000000000
79858  -35.911  -6.651  51.855 0.0000000000
186362  -37.046  -7.542  51.692 0.0000000000
78588  -38.238  -8.159  50.176 0.0000000000
167088  -37.957  -6.626  50.874 0.0000000000
82422  -38.381  -5.769  50.184 0.0000000000
57424  -20.465  -23.625  57.524 0.0000000000
89597  -39.392  -0.133  45.623 0.0000000000
87222  -40.092  -1.840  44.973 0.0000000000
89626  -40.697  0.698  44.503 0.0000000000
89640  -41.601  0.648  43.943 0.0000000000
170262  -43.223  -0.034  43.717 0.0000000000
88472  -46.123  -0.693  39.817 0.0000000000
89690  -46.171  -0.364  40.938 0.0000000000
88459  -47.328  -1.543  40.710 0.0000000000
86045  -46.806  -3.460  41.930 0.0000000000
88549  -52.576  -1.702  32.474 0.0000000000
87353  -51.390  -2.461  32.891 0.0000000000
87341  -52.851  -2.482  34.123 0.0000000000
84944  -53.522  -3.663  35.151 0.0000000000
181092  -36.963  -7.379  46.901 0.0000000000
161158  -36.147  -7.998  47.722 0.0000000000
90937  -40.281  0.470  41.215 0.0000000000
86099  -43.973  -2.555  38.895 0.0000000000
86100  -45.698  -2.579  38.683 0.0000000000
86101  -46.420  -2.420  38.526 0.0000000000
178373  -47.632  -3.057  37.861 0.0000000000
88594  -51.446  -1.129  30.704 0.0000000000
88577  -52.829  -1.066  31.584 0.0000000000
87372  -54.336  -2.132  32.670 0.0000000000
84980  -53.654  -3.353  32.513 0.0000000000
91120  -56.130  0.815  28.556 0.0000000000
89848  -55.624  -0.520  28.285 0.0000000000
79919  -40.910  -7.407  46.247 0.0000000000
83668  -40.407  -5.312  46.357 0.0000000000
85987  -39.826  -2.894  46.659 0.0000000000
84792  -38.945  -3.666  48.246 0.0000000000
87188  -39.495  -2.663  47.096 0.0000000000
88350  -39.228  -1.509  46.428 0.0000000000
180538  -38.849  -0.001  45.625 0.0000000000
90897  -38.434  0.710  43.955 0.0000000000
82484  -37.205  -5.562  45.710 0.0000000000
168345  -37.081  -4.829  44.468 0.0000000000
86013  -36.665  -2.723  43.554 0.0000000000
50313  -25.515  -28.562  53.457 0.0000000000
52363  -26.353  -27.469  53.478 0.0000000000
62241  -25.919  -19.945  54.523 0.0000000000
63311  -22.003  -18.291  57.255 0.0000000000
64427  -22.707  -17.898  57.789 0.0000000000
65566  -24.200  -17.647  57.759 0.0000000000
64435  -27.032  -18.090  56.312 0.0000000000
64462  -28.433  -18.128  52.683 0.0000000000
64481  -28.185  -18.550  50.567 0.0000000000
69295  -27.305  -14.911  51.723 0.0000000000
69285  -28.147  -14.222  52.647 0.0000000000
68076  -28.533  -15.647  51.103 0.0000000000
68086  -29.024  -16.069  50.306 0.0000000000
66871  -30.421  -16.699  49.793 0.0000000000
68048  -33.761  -15.891  53.266 0.0000000000
73316  -33.509  -11.422  53.109 0.0000000000
74674  -33.897  -10.913  53.670 0.0000000000
184548  -35.158  -11.160  53.780 0.0000000000
77309  -34.863  -9.217  52.907 0.0000000000
76048  -35.102  -9.832  53.407 0.0000000000
73302  -36.650  -12.051  52.779 0.0000000000
73318  -37.356  -12.274  51.610 0.0000000000
71958  -37.418  -13.176  50.202 0.0000000000
72009  -40.707  -13.097  47.067 0.0000000000
173899  -38.875  -9.189  48.783 0.0000000000
74743  -40.660  -10.515  47.825 0.0000000000
71998  -42.569  -12.730  47.432 0.0000000000
71999  -43.071  -12.730  46.912 0.0000000000
158024  -24.632  -28.490  54.959 0.0000000000
90927  -42.254  1.988  41.731 0.0000000000
92244  -43.696  1.667  43.025 0.0000000000
88397  -44.508  -0.664  43.760 0.0000000000
88437  -45.818  -0.756  42.427 0.0000000000
87234  -45.029  -1.392  43.578 0.0000000000
84844  -44.477  -3.657  43.037 0.0000000000
83784  -47.701  -4.565  37.278 0.0000000000
86119  -49.284  -2.257  37.842 0.0000000000
86167  -50.734  -2.953  33.155 0.0000000000
84958  -49.808  -3.734  33.896 0.0000000000
83798  -49.680  -4.024  36.444 0.0000000000
163834  -49.685  -2.721  37.474 0.0000000000
187476  -50.287  -3.204  38.828 0.0000000000
82569  -50.185  -5.256  39.138 0.0000000000
49346  -23.682  -29.645  52.415 0.0000000000
83642  -36.428  -4.616  49.160 0.0000000000
82452  -36.430  -5.520  48.064 0.0000000000
71936  -32.058  -12.405  51.040 0.0000000000
174700  -33.267  -12.703  51.935 0.0000000000
81180  -35.877  -6.217  48.924 0.0000000000
82435  -36.115  -5.072  50.100 0.0000000000
90925  -38.867  0.496  42.202 0.0000000000
182262  -39.885  1.688  42.749 0.0000000000
186572  -39.458  1.016  42.246 0.0000000000
87309  -49.068  -1.978  38.777 0.0000000000
87294  -48.908  -2.135  39.459 0.0000000000
84968  -53.176  -4.010  33.388 0.0000000000
83827  -53.043  -4.291  34.059 0.0000000000
92425  -53.183  0.843  28.108 0.0000000000
91118  -53.774  0.675  28.988 0.0000000000
91098  -53.798  0.343  29.659 0.0000000000
180520  -54.495  0.513  29.571 0.0000000000
91119  -54.825  0.957  28.976 0.0000000000
82454  -40.221  -6.110  47.369 0.0000000000
82453  -39.738  -5.873  48.040 0.0000000000
172775  -37.296  -2.485  45.744 0.0000000000
170167  -37.648  -2.040  46.580 0.0000000000
87215  -37.334  -1.869  45.191 0.0000000000
54915  -24.211  -25.375  55.952 0.0000000000
56162  -24.334  -24.458  56.691 0.0000000000
181688  -23.639  -19.547  58.109 0.0000000000
61067  -24.027  -20.619  57.290 0.0000000000
66827  -24.822  -16.200  54.048 0.0000000000
66819  -24.623  -15.957  55.051 0.0000000000
66820  -25.530  -16.177  54.925 0.0000000000
66810  -26.089  -16.201  55.680 0.0000000000
66867  -26.699  -16.125  50.199 0.0000000000
68084  -27.417  -16.010  50.071 0.0000000000
69272  -30.583  -14.589  53.523 0.0000000000
69271  -29.598  -14.456  53.268 0.0000000000
157834  -31.072  -15.509  52.948 0.0000000000
68060  -30.705  -15.929  52.140 0.0000000000
171263  -32.003  -15.625  53.050 0.0000000000
71892  -34.757  -12.937  54.030 0.0000000000
70535  -35.544  -13.716  53.686 0.0000000000
70536  -36.233  -13.372  53.252 0.0000000000
70548  -36.714  -13.772  52.791 0.0000000000
181593  -33.811  -10.288  50.902 0.0000000000
77333  -37.444  -9.303  51.111 0.0000000000
77323  -36.854  -8.996  51.916 0.0000000000
162310  -37.511  -10.727  51.044 0.0000000000
76075  -37.626  -10.031  50.765 0.0000000000
74715  -37.949  -10.463  49.897 0.0000000000
76076  -37.921  -9.877  50.132 0.0000000000
81169  -39.472  -6.778  48.477 0.0000000000
167541  -40.069  -7.130  47.985 0.0000000000
78623  -40.739  -7.859  47.475 0.0000000000
56161  -22.897  -24.955  56.556 0.0000000000
179590  -40.064  -3.398  46.174 0.0000000000
165103  -40.179  -3.666  45.643 0.0000000000
86004  -40.078  -2.720  45.554 0.0000000000
87244  -42.249  -1.861  42.825 0.0000000000
86027  -42.257  -2.588  42.544 0.0000000000
84843  -43.570  -3.579  42.680 0.0000000000
176470  -43.850  -0.290  40.191 0.0000000000
89688  -44.287  0.584  40.703 0.0000000000
89698  -44.860  0.062  40.305 0.0000000000
87387  -50.482  -1.999  31.395 0.0000000000
83787  -52.394  -4.243  36.898 0.0000000000
86134  -52.208  -3.416  36.384 0.0000000000
84928  -51.844  -3.711  37.334 0.0000000000
83633  -38.246  -4.985  49.911 0.0000000000
83644  -37.940  -4.263  49.657 0.0000000000
158406  -36.892  -4.029  47.766 0.0000000000
84799  -37.253  -3.256  47.410 0.0000000000
58721  -21.672  -22.267  57.552 0.0000000000
63300  -22.154  -19.493  58.041 0.0000000000
73297  -30.603  -12.236  52.778 0.0000000000
71904  -30.491  -12.638  53.318 0.0000000000
71905  -31.034  -12.485  53.384 0.0000000000
70532  -31.759  -13.488  54.421 0.0000000000
71888  -31.528  -12.784  54.062 0.0000000000
157066  -33.019  -12.259  54.130 0.0000000000
73288  -32.579  -12.516  54.287 0.0000000000
71891  -33.727  -12.680  54.357 0.0000000000
73289  -33.503  -12.064  54.155 0.0000000000
78603  -34.708  -8.082  49.413 0.0000000000
79886  -35.025  -7.295  49.971 0.0000000000
79875  -35.653  -6.290  51.401 0.0000000000
79874  -35.186  -6.924  51.244 0.0000000000
79859  -36.885  -6.851  51.701 0.0000000000
79860  -37.620  -6.951  51.161 0.0000000000
81134  -37.212  -6.229  51.341 0.0000000000
82421  -37.535  -5.154  50.672 0.0000000000
81152  -37.812  -5.941  50.860 0.0000000000
58720  -20.693  -22.699  57.376 0.0000000000
57425  -21.384  -23.147  57.521 0.0000000000
163394  -39.611  0.600  45.229 0.0000000000
178394  -39.891  0.083  45.216 0.0000000000
90861  -39.952  1.173  44.735 0.0000000000
92226  -41.709  2.041  43.561 0.0000000000
90899  -41.140  1.607  44.105 0.0000000000
90900  -42.105  1.580  43.785 0.0000000000
89641  -42.585  0.793  43.760 0.0000000000
90901  -42.932  1.364  43.645 0.0000000000
88488  -46.724  -1.007  39.373 0.0000000000
88473  -46.816  -0.805  39.941 0.0000000000
88474  -47.271  -1.151  40.184 0.0000000000
173067  -47.491  -3.435  41.334 0.0000000000
86056  -47.539  -2.787  41.055 0.0000000000
84859  -47.047  -4.070  41.863 0.0000000000
82551  -47.778  -5.594  41.453 0.0000000000
170702  -53.296  -1.842  33.051 0.0000000000
156817  -52.852  -2.182  33.570 0.0000000000
87355  -53.402  -2.292  33.834 0.0000000000
83810  -53.048  -4.512  36.034 0.0000000000
79908  -36.596  -7.669  47.353 0.0000000000
172940  -44.834  -2.653  38.795 0.0000000000
84913  -45.639  -3.814  37.984 0.0000000000
84914  -46.566  -3.626  38.000 0.0000000000
86117  -46.908  -2.724  38.240 0.0000000000
89847  -51.348  -0.181  28.775 0.0000000000
89817  -51.196  -0.864  30.013 0.0000000000
89802  -52.190  -0.641  30.395 0.0000000000
88576  -52.205  -1.052  31.132 0.0000000000
89803  -52.972  -0.661  31.071 0.0000000000
89804  -54.254  -0.986  31.395 0.0000000000
88563  -54.281  -1.596  32.120 0.0000000000
86184  -54.376  -2.534  32.501 0.0000000000
86200  -54.361  -2.522  31.874 0.0000000000
86182  -53.395  -3.202  31.743 0.0000000000
86199  -54.400  -2.291  31.145 0.0000000000
88608  -55.478  -0.762  29.689 0.0000000000
92442  -55.568  1.710  27.760 0.0000000000
92427  -56.003  1.387  28.161 0.0000000000
180454  -56.180  1.741  27.630 0.0000000000
89872  -56.553  0.472  27.473 0.0000000000
89861  -56.294  0.032  27.942 0.0000000000
77427  -41.561  -9.442  45.897 0.0000000000
77426  -41.243  -9.059  45.497 0.0000000000
78665  -41.278  -8.666  46.051 0.0000000000
83655  -40.283  -5.613  47.274 0.0000000000
171707  -40.445  -5.718  46.762 0.0000000000
83662  -40.244  -4.895  46.778 0.0000000000
84801  -40.206  -4.522  46.439 0.0000000000
85978  -40.027  -3.795  46.634 0.0000000000
84783  -38.482  -3.974  49.017 0.0000000000
85968  -38.647  -3.060  47.898 0.0000000000
87196  -38.349  -1.947  46.896 0.0000000000
87187  -38.964  -2.676  47.353 0.0000000000
88349  -38.719  -1.415  46.540 0.0000000000
87198  -39.487  -2.170  46.725 0.0000000000
88363  -39.109  -1.077  46.242 0.0000000000
89596  -38.968  -0.374  45.832 0.0000000000
89595  -38.608  -0.345  45.773 0.0000000000
89623  -37.773  -0.353  44.296 0.0000000000
89624  -38.197  0.150  44.699 0.0000000000
51227  -25.794  -28.334  54.160 0.0000000000
51233  -25.915  -28.255  53.683 0.0000000000
52356  -26.039  -27.714  54.313 0.0000000000
54924  -26.026  -25.304  54.985 0.0000000000
58728  -23.996  -22.126  57.276 0.0000000000
58729  -24.465  -22.371  56.676 0.0000000000
61082  -24.370  -20.443  55.622 0.0000000000
62237  -24.874  -19.827  55.313 0.0000000000
62240  -25.184  -19.957  54.671 0.0000000000
63327  -25.699  -19.408  55.352 0.0000000000
64434  -21.890  -17.635  56.569 0.0000000000
65574  -22.398  -17.391  57.156 0.0000000000
65577  -24.598  -17.086  57.443 0.0000000000
64428  -24.819  -17.696  57.534 0.0000000000
65602  -27.159  -17.124  55.855 0.0000000000
65590  -26.738  -17.390  56.310 0.0000000000
63322  -27.363  -18.797  55.883 0.0000000000
64440  -27.780  -18.203  55.934 0.0000000000
63323  -28.008  -18.824  55.728 0.0000000000
65627  -27.486  -17.193  53.812 0.0000000000
179587  -28.340  -17.653  54.241 0.0000000000
65628  -28.030  -17.672  53.285 0.0000000000
64452  -28.760  -18.071  53.720 0.0000000000
181781  -27.653  -17.777  52.481 0.0000000000
65665  -27.007  -17.590  50.290 0.0000000000
65653  -26.893  -17.674  51.094 0.0000000000
64480  -27.555  -18.103  50.815 0.0000000000
66884  -28.324  -16.806  49.128 0.0000000000
65703  -28.393  -17.281  48.820 0.0000000000
65704  -29.081  -17.533  48.443 0.0000000000
64519  -29.737  -17.850  48.114 0.0000000000
65705  -29.755  -17.227  48.451 0.0000000000
69270  -28.825  -14.442  52.946 0.0000000000
70543  -28.504  -13.535  52.896 0.0000000000
69296  -27.980  -15.006  51.840 0.0000000000
161976  -29.423  -15.823  51.374 0.0000000000
66853  -30.705  -16.559  50.617 0.0000000000
178716  -31.088  -16.878  49.943 0.0000000000
66855  -33.172  -16.988  51.086 0.0000000000
66856  -34.171  -16.944  51.287 0.0000000000
69259  -32.804  -14.597  54.417 0.0000000000
68038  -33.275  -15.336  53.932 0.0000000000
69260  -33.559  -14.741  54.324 0.0000000000
71924  -34.029  -12.443  51.278 0.0000000000
73317  -33.739  -11.699  51.974 0.0000000000
76060  -33.906  -9.977  52.831 0.0000000000
76046  -34.032  -10.275  53.492 0.0000000000
74664  -34.171  -10.422  53.764 0.0000000000
76035  -34.542  -10.224  53.687 0.0000000000
78551  -34.746  -8.681  52.228 0.0000000000
77321  -35.359  -8.543  52.507 0.0000000000
77310  -35.624  -9.210  52.879 0.0000000000
76049  -36.149  -10.098  52.801 0.0000000000
74676  -35.803  -10.612  53.189 0.0000000000
74677  -36.737  -11.189  52.501 0.0000000000
73303  -37.171  -12.188  52.215 0.0000000000
176105  -37.294  -11.654  51.854 0.0000000000
73335  -37.416  -11.908  50.709 0.0000000000
73334  -37.390  -12.317  51.143 0.0000000000
174626  -37.444  -12.270  50.272 0.0000000000
73377  -39.061  -11.268  47.889 0.0000000000
73387  -40.585  -11.732  47.634 0.0000000000
78589  -38.667  -8.338  49.311 0.0000000000
77344  -38.639  -8.957  49.144 0.0000000000
76112  -41.216  -9.807  47.690 0.0000000000
77376  -40.160  -9.373  48.030 0.0000000000
74744  -41.441  -10.574  47.743 0.0000000000
73388  -41.575  -11.891  47.798 0.0000000000
73389  -42.211  -12.052  47.603 0.0000000000
74758  -42.192  -11.400  47.323 0.0000000000
77408  -41.593  -9.048  46.562 0.0000000000
74765  -42.470  -11.465  46.225 0.0000000000
76140  -41.879  -10.010  46.270 0.0000000000
53694  -24.789  -26.970  55.006 0.0000000000
52349  -24.176  -27.721  55.009 0.0000000000
52350  -24.986  -27.768  54.906 0.0000000000
50298  -25.292  -28.821  54.439 0.0000000000
88392  -40.277  -1.220  44.517 0.0000000000
87231  -40.238  -1.938  43.936 0.0000000000
89684  -40.721  -0.265  40.606 0.0000000000
90938  -41.085  0.735  41.064 0.0000000000
90929  -44.113  1.557  41.809 0.0000000000
92254  -43.641  1.959  42.355 0.0000000000
90917  -44.338  1.029  43.039 0.0000000000
167290  -43.946  0.078  43.809 0.0000000000
89642  -44.412  0.211  43.520 0.0000000000
183431  -46.410  -0.855  41.399 0.0000000000
89676  -46.011  -0.439  41.734 0.0000000000
88438  -46.170  -1.211  42.095 0.0000000000
172447  -45.227  -2.279  43.359 0.0000000000
86030  -45.148  -2.986  43.250 0.0000000000
87247  -44.933  -2.303  43.633 0.0000000000
170670  -45.079  -3.692  42.942 0.0000000000
84926  -48.053  -3.746  37.463 0.0000000000
163559  -48.901  -3.302  37.319 0.0000000000
87340  -52.176  -2.477  33.617 0.0000000000
86156  -51.388  -2.898  33.696 0.0000000000
170953  -50.555  -3.559  34.424 0.0000000000
84950  -50.132  -3.910  34.866 0.0000000000
84949  -49.296  -4.192  34.546 0.0000000000
84940  -49.609  -4.257  35.388 0.0000000000
84933  -50.423  -3.712  36.324 0.0000000000
84915  -51.306  -3.480  37.874 0.0000000000
86127  -50.463  -2.904  37.508 0.0000000000
86121  -50.671  -3.005  37.898 0.0000000000
86120  -49.998  -2.609  37.915 0.0000000000
84895  -50.653  -3.536  38.702 0.0000000000
84882  -50.214  -3.627  39.140 0.0000000000
83749  -50.502  -4.389  38.882 0.0000000000
83643  -37.149  -4.030  49.675 0.0000000000
83660  -36.880  -4.883  47.010 0.0000000000
73314  -31.575  -11.938  51.966 0.0000000000
73298  -31.731  -12.393  53.520 0.0000000000
73315  -32.047  -12.222  52.874 0.0000000000
71906  -33.222  -11.854  53.247 0.0000000000
79887  -35.449  -6.937  49.212 0.0000000000
81150  -35.771  -5.863  51.164 0.0000000000
82419  -36.202  -5.307  51.154 0.0000000000
82420  -36.760  -4.776  50.901 0.0000000000
92223  -39.413  1.485  44.153 0.0000000000
92204  -39.770  1.400  44.489 0.0000000000
92239  -39.648  1.740  43.543 0.0000000000
92240  -40.432  2.096  43.339 0.0000000000
92241  -41.320  2.302  43.175 0.0000000000
176198  -47.873  -1.425  39.300 0.0000000000
88475  -47.814  -1.515  39.965 0.0000000000
87293  -48.356  -1.888  39.800 0.0000000000
86078  -48.389  -2.461  40.186 0.0000000000
86057  -48.241  -3.154  40.616 0.0000000000
83727  -48.236  -4.645  40.842 0.0000000000
84868  -48.795  -3.708  40.358 0.0000000000
83741  -49.130  -4.505  40.058 0.0000000000
82568  -49.475  -5.351  39.754 0.0000000000
86158  -54.117  -2.480  33.611 0.0000000000
87342  -53.863  -2.540  34.019 0.0000000000
84959  -53.738  -3.769  33.989 0.0000000000
91116  -51.804  0.289  28.324 0.0000000000
171149  -52.634  -0.163  29.793 0.0000000000
89818  -53.201  -0.264  30.433 0.0000000000
91085  -53.385  0.041  29.906 0.0000000000
91086  -54.100  0.058  30.213 0.0000000000
88580  -54.823  -0.753  30.778 0.0000000000
87413  -54.966  -1.293  30.695 0.0000000000
89821  -55.126  -0.207  30.131 0.0000000000
164262  -55.627  -0.292  29.734 0.0000000000
89836  -55.997  0.025  29.276 0.0000000000
93693  -56.410  2.240  26.692 0.0000000000
93683  -56.455  1.919  27.222 0.0000000000
93694  -56.681  2.092  26.741 0.0000000000
164456  -56.900  1.399  26.801 0.0000000000
89870  -55.075  -0.255  26.536 0.0000000000
79911  -41.046  -7.830  46.746 0.0000000000
182255  -40.888  -7.326  46.689 0.0000000000
81182  -40.514  -6.760  47.232 0.0000000000
83661  -40.089  -4.907  47.231 0.0000000000
85966  -37.676  -3.039  47.893 0.0000000000
85967  -38.068  -3.020  47.979 0.0000000000
87195  -38.042  -1.949  46.825 0.0000000000
88361  -38.045  -1.360  46.299 0.0000000000
89594  -38.207  -0.689  45.646 0.0000000000
88372  -37.779  -1.186  45.596 0.0000000000
169043  -37.486  -1.132  44.748 0.0000000000
184880  -37.224  -1.073  43.937 0.0000000000
54922  -24.639  -26.018  55.381 0.0000000000
173949  -25.622  -26.417  55.013 0.0000000000
54923  -25.651  -25.575  55.319 0.0000000000
54916  -25.193  -25.129  55.893 0.0000000000
56164  -25.355  -24.355  55.942 0.0000000000
63312  -24.793  -19.059  56.941 0.0000000000
66791  -25.689  -16.724  56.668 0.0000000000
160901  -25.415  -16.221  56.304 0.0000000000
66811  -26.818  -16.628  55.564 0.0000000000
66812  -27.408  -16.967  55.321 0.0000000000
65615  -27.196  -16.831  54.647 0.0000000000
174937  -26.668  -17.207  53.050 0.0000000000
65683  -27.324  -17.335  49.639 0.0000000000
66870  -28.635  -16.412  49.554 0.0000000000
70545  -29.584  -13.442  53.311 0.0000000000
71902  -29.035  -13.030  52.882 0.0000000000
68059  -29.424  -15.266  52.502 0.0000000000
68077  -31.099  -16.365  51.451 0.0000000000
68062  -33.295  -16.247  52.512 0.0000000000
70526  -34.125  -13.645  54.294 0.0000000000
69261  -34.406  -14.629  54.119 0.0000000000
69262  -35.340  -14.596  53.702 0.0000000000
70559  -37.265  -14.455  51.878 0.0000000000
173126  -37.392  -13.673  51.587 0.0000000000
74703  -33.974  -11.036  50.447 0.0000000000
76074  -33.853  -9.782  51.809 0.0000000000
77320  -34.306  -9.346  52.610 0.0000000000
78553  -35.804  -7.932  52.294 0.0000000000
77322  -36.082  -8.633  52.492 0.0000000000
74690  -37.285  -10.961  51.724 0.0000000000
74705  -37.566  -11.083  50.582 0.0000000000
73350  -37.682  -11.393  50.031 0.0000000000
74728  -38.181  -10.753  49.304 0.0000000000
74729  -38.723  -10.263  48.661 0.0000000000
79888  -39.109  -7.052  49.124 0.0000000000
78605  -39.206  -7.759  48.789 0.0000000000
78606  -39.888  -7.993  48.160 0.0000000000
78622  -40.569  -8.253  47.780 0.0000000000
77378  -41.349  -9.288  47.464 0.0000000000
76124  -41.909  -10.463  47.207 0.0000000000
78624  -41.015  -8.540  47.465 0.0000000000
78639  -41.026  -8.128  47.099 0.0000000000
174403  -21.485  -25.397  57.063 0.0000000000
54913  -22.379  -25.764  56.311 0.0000000000
175150  -22.696  -26.199  55.889 0.0000000000
53689  -23.501  -26.130  55.616 0.0000000000
88413  -41.113  -1.505  43.100 0.0000000000
87232  -40.674  -2.118  43.046 0.0000000000
87243  -41.407  -2.138  42.686 0.0000000000
89686  -42.447  0.450  40.549 0.0000000000
89687  -43.368  0.567  40.591 0.0000000000
90942  -44.558  1.057  41.293 0.0000000000
90918  -45.207  0.497  42.032 0.0000000000
86044  -46.329  -3.201  42.248 0.0000000000
87248  -46.049  -2.875  42.501 0.0000000000
86140  -52.299  -3.265  35.770 0.0000000000
86147  -51.871  -3.161  35.105 0.0000000000
86139  -51.563  -3.293  35.889 0.0000000000
183746  -51.322  -3.256  36.433 0.0000000000
86133  -51.016  -3.171  36.853 0.0000000000
83750  -51.164  -4.263  38.319 0.0000000000
92440  -53.534  1.327  27.496 0.0000000000
184134  -54.125  1.621  27.238 0.0000000000
92460  -54.847  1.906  27.065 0.0000000000
93705  -54.055  2.310  25.290 0.0000000000
93692  -55.551  2.298  26.489 0.0000000000
93707  -56.170  2.557  26.010 0.0000000000
82438  -39.308  -6.059  48.668 0.0000000000
188064  -39.354  -5.627  48.530 0.0000000000
83645  -38.729  -4.622  49.180 0.0000000000
84791  -37.682  -3.369  48.604 0.0000000000
183528  -37.392  -3.726  49.027 0.0000000000
85986  -37.314  -2.794  46.575 0.0000000000
187351  -37.151  -2.998  45.261 0.0000000000
56153  -23.038  -24.161  56.989 0.0000000000
57433  -24.130  -23.830  57.008 0.0000000000
57432  -23.322  -23.393  57.362 0.0000000000
58727  -23.511  -22.662  57.521 0.0000000000
172067  -23.587  -20.736  57.738 0.0000000000
62222  -23.220  -20.009  58.106 0.0000000000
70530  -30.213  -13.136  53.507 0.0000000000
70531  -30.633  -13.625  53.850 0.0000000000
172563  -31.263  -14.054  54.073 0.0000000000
70533  -32.440  -13.772  54.662 0.0000000000
73287  -32.149  -12.568  54.099 0.0000000000
71876  -32.763  -13.336  54.633 0.0000000000
71877  -33.338  -13.397  54.544 0.0000000000
73290  -35.178  -11.903  53.826 0.0000000000
77341  -34.037  -9.212  50.439 0.0000000000
77342  -34.361  -8.610  49.947 0.0000000000
78568  -34.997  -7.598  51.480 0.0000000000
79845  -35.524  -7.302  51.968 0.0000000000
78569  -36.364  -7.436  52.062 0.0000000000
78570  -37.150  -8.275  51.585 0.0000000000
166812  -37.804  -8.714  50.692 0.0000000000
78571  -37.606  -7.706  51.089 0.0000000000
79876  -38.196  -7.304  50.548 0.0000000000
81153  -38.537  -6.663  50.156 0.0000000000
81168  -38.944  -6.341  49.375 0.0000000000
57430  -21.153  -24.045  57.515 0.0000000000
88373  -39.710  -0.650  45.777 0.0000000000
88381  -40.042  -0.897  45.275 0.0000000000
89625  -40.062  -0.003  45.156 0.0000000000
88382  -40.475  -0.409  44.538 0.0000000000
90878  -40.443  1.308  44.524 0.0000000000
165618  -40.991  -0.190  43.986 0.0000000000
88394  -41.316  -0.670  43.447 0.0000000000
88395  -42.089  -0.257  43.501 0.0000000000
88415  -42.896  -1.124  43.340 0.0000000000
88471  -45.225  -0.611  39.972 0.0000000000
89699  -45.732  -0.015  40.420 0.0000000000
89700  -46.369  -0.505  40.325 0.0000000000
88458  -46.801  -0.893  40.711 0.0000000000
88439  -46.697  -1.592  41.532 0.0000000000
87275  -47.149  -2.206  41.248 0.0000000000
84858  -46.418  -4.178  42.322 0.0000000000
88559  -51.315  -1.780  31.595 0.0000000000
87370  -50.906  -2.249  32.051 0.0000000000
87371  -51.783  -1.936  32.285 0.0000000000
183892  -52.856  -2.736  34.520 0.0000000000
86150  -53.751  -2.930  34.354 0.0000000000
162101  -53.434  -3.168  34.822 0.0000000000
86148  -52.790  -3.006  34.962 0.0000000000
84943  -53.146  -3.923  35.718 0.0000000000
83800  -52.719  -4.554  36.504 0.0000000000
81181  -36.512  -6.593  47.675 0.0000000000
81194  -37.084  -6.772  46.661 0.0000000000
78620  -35.082  -8.383  48.526 0.0000000000
78621  -35.612  -7.839  48.321 0.0000000000
89682  -38.997  -0.502  41.120 0.0000000000
89674  -39.448  0.306  41.571 0.0000000000
88456  -40.171  -1.068  40.390 0.0000000000
176183  -40.803  -1.038  40.211 0.0000000000
87292  -43.156  -1.189  39.829 0.0000000000
88470  -43.929  -1.107  39.850 0.0000000000
88486  -44.529  -1.279  39.679 0.0000000000
87304  -44.624  -1.947  39.232 0.0000000000
87305  -45.473  -1.939  39.108 0.0000000000
87306  -46.412  -1.728  38.939 0.0000000000
86102  -47.116  -1.902  38.539 0.0000000000
164369  -47.761  -2.123  38.223 0.0000000000
87315  -48.511  -1.748  38.423 0.0000000000
88605  -50.389  -1.053  29.733 0.0000000000
88575  -50.928  -1.550  31.011 0.0000000000
180007  -51.603  -1.381  31.243 0.0000000000
88560  -52.191  -1.420  31.805 0.0000000000
183734  -53.637  -1.566  32.609 0.0000000000
88578  -53.530  -0.956  31.601 0.0000000000
88562  -53.884  -1.347  32.197 0.0000000000
88550  -53.986  -1.771  32.851 0.0000000000
86169  -54.315  -2.583  33.183 0.0000000000
86168  -54.170  -3.016  32.950 0.0000000000
84979  -53.098  -3.799  32.680 0.0000000000
87412  -54.808  -1.796  30.530 0.0000000000
159123  -55.209  1.331  28.343 0.0000000000
91100  -55.820  0.534  29.089 0.0000000000
89837  -56.195  0.303  28.817 0.0000000000
92428  -56.516  0.984  28.064 0.0000000000
89850  -56.378  0.387  28.319 0.0000000000
81211  -40.795  -6.984  46.440 0.0000000000
156378  -40.671  -6.432  46.329 0.0000000000
82486  -40.585  -6.045  45.933 0.0000000000
83675  -40.345  -4.945  46.228 0.0000000000
85988  -40.029  -3.625  46.428 0.0000000000
85995  -39.910  -2.719  46.294 0.0000000000
83646  -39.418  -5.152  48.402 0.0000000000
169608  -39.766  -4.795  47.878 0.0000000000
84793  -39.707  -4.091  47.637 0.0000000000
85969  -39.294  -3.240  47.544 0.0000000000
85977  -39.808  -3.478  47.052 0.0000000000
87207  -39.674  -2.018  46.399 0.0000000000
174768  -39.581  -1.294  46.196 0.0000000000
171806  -39.317  -0.804  46.063 0.0000000000
90849  -39.159  0.301  45.377 0.0000000000
90848  -38.991  0.532  45.177 0.0000000000
89609  -38.464  -0.077  45.402 0.0000000000
179591  -38.708  0.485  45.081 0.0000000000
92203  -38.918  1.129  44.264 0.0000000000
89672  -38.120  -0.132  42.069 0.0000000000
82464  -36.824  -5.797  47.115 0.0000000000
83667  -37.077  -4.869  46.177 0.0000000000
83673  -37.148  -4.867  45.347 0.0000000000
84808  -37.112  -4.161  45.872 0.0000000000
84815  -37.102  -4.100  45.072 0.0000000000
163673  -37.096  -3.376  44.875 0.0000000000
86014  -36.918  -3.068  44.205 0.0000000000
89681  -38.258  -0.571  41.378 0.0000000000
50312  -24.991  -28.930  53.147 0.0000000000
51240  -25.404  -28.338  52.664 0.0000000000
51250  -25.707  -27.783  52.088 0.0000000000
57441  -24.863  -24.045  56.471 0.0000000000
63301  -23.171  -18.421  58.208 0.0000000000
64423  -23.898  -18.229  58.048 0.0000000000
63313  -25.514  -18.424  56.861 0.0000000000
65578  -26.125  -17.125  56.682 0.0000000000
63320  -25.870  -18.832  56.163 0.0000000000
63321  -26.528  -18.835  55.996 0.0000000000
65617  -28.436  -17.859  55.015 0.0000000000
65639  -25.913  -17.043  52.778 0.0000000000
65640  -26.380  -17.365  52.271 0.0000000000
160757  -26.950  -17.659  51.942 0.0000000000
64461  -27.609  -17.989  51.757 0.0000000000
65684  -27.922  -17.642  49.205 0.0000000000
64505  -28.530  -17.953  48.767 0.0000000000
69294  -26.606  -14.819  51.770 0.0000000000
70557  -27.839  -13.261  52.557 0.0000000000
69284  -27.537  -14.083  52.458 0.0000000000
68075  -27.757  -15.533  50.889 0.0000000000
68085  -28.222  -15.968  50.155 0.0000000000
160583  -29.295  -16.453  49.638 0.0000000000
66852  -29.878  -16.346  50.313 0.0000000000
66886  -29.829  -16.713  49.245 0.0000000000
66887  -30.565  -17.073  48.889 0.0000000000
68037  -32.436  -15.165  53.877 0.0000000000
68047  -32.886  -15.745  53.173 0.0000000000
68063  -34.199  -16.363  52.634 0.0000000000
68039  -34.123  -15.405  53.845 0.0000000000
68049  -34.629  -15.950  53.226 0.0000000000
66843  -34.646  -16.661  51.987 0.0000000000
71923  -33.514  -12.190  52.125 0.0000000000
74688  -33.683  -10.777  52.936 0.0000000000
74663  -33.939  -11.238  53.920 0.0000000000
74665  -34.533  -10.936  53.922 0.0000000000
77332  -34.165  -9.106  51.542 0.0000000000
74675  -35.105  -10.596  53.695 0.0000000000
73301  -35.857  -11.420  53.326 0.0000000000
71907  -36.115  -12.440  53.268 0.0000000000
71925  -37.316  -12.948  51.949 0.0000000000
71940  -37.411  -12.954  51.344 0.0000000000
71941  -37.390  -12.865  50.778 0.0000000000
77343  -38.220  -9.054  49.881 0.0000000000
76101  -38.827  -9.669  48.706 0.0000000000
171720  -39.230  -8.553  48.561 0.0000000000
77375  -39.409  -9.185  48.290 0.0000000000
74755  -40.024  -10.994  47.744 0.0000000000
72012  -43.148  -12.606  46.246 0.0000000000
74759  -42.484  -11.668  46.863 0.0000000000
182419  -24.790  -29.172  54.590 0.0000000000
50304  -25.034  -29.094  53.800 0.0000000000
163617  -40.692  1.233  41.609 0.0000000000
90926  -41.391  1.658  41.667 0.0000000000
92242  -42.186  2.344  43.083 0.0000000000
90928  -43.025  2.182  41.988 0.0000000000
92243  -43.007  2.212  42.915 0.0000000000
92228  -43.197  1.751  43.385 0.0000000000
173360  -43.358  0.683  43.738 0.0000000000
88416  -43.918  -1.623  43.662 0.0000000000
175184  -45.589  0.226  41.339 0.0000000000
89675  -45.567  -0.058  42.244 0.0000000000
88418  -45.352  -0.661  42.978 0.0000000000
88417  -44.880  -0.440  43.477 0.0000000000
87233  -44.567  -1.533  43.787 0.0000000000
87246  -44.344  -2.338  43.622 0.0000000000
86028  -43.963  -3.051  43.266 0.0000000000
84925  -47.093  -4.228  37.568 0.0000000000
86118  -48.543  -2.144  37.978 0.0000000000
87316  -49.026  -2.033  38.258 0.0000000000
87352  -50.464  -2.772  32.489 0.0000000000
175348  -49.934  -3.227  33.023 0.0000000000
86146  -51.236  -3.209  34.429 0.0000000000
86155  -50.590  -3.277  33.764 0.0000000000
86154  -49.252  -3.592  33.145 0.0000000000
83807  -49.126  -4.629  36.002 0.0000000000
177722  -49.044  -4.428  36.637 0.0000000000
170205  -50.191  -3.242  36.989 0.0000000000
84927  -49.380  -3.722  36.991 0.0000000000
86103  -49.579  -2.342  38.398 0.0000000000
86080  -49.875  -2.914  39.077 0.0000000000
83742  -49.891  -4.440  39.423 0.0000000000
81334  -49.836  -6.068  39.477 0.0000000000
81333  -49.520  -6.750  39.733 0.0000000000
49340  -24.462  -29.451  53.508 0.0000000000
50292  -24.871  -28.788  54.899 0.0000000000
50297  -24.941  -29.152  54.230 0.0000000000
50305  -25.500  -28.749  54.002 0.0000000000
50318  -23.242  -29.155  51.804 0.0000000000
50320  -24.790  -28.665  52.373 0.0000000000
51222  -25.437  -28.302  54.678 0.0000000000
51234  -26.177  -27.862  53.411 0.0000000000
51241  -25.923  -27.990  52.954 0.0000000000
52357  -26.377  -27.276  53.992 0.0000000000
52362  -26.245  -27.895  53.852 0.0000000000
54917  -25.673  -24.897  55.542 0.0000000000
56160  -22.096  -25.345  56.743 0.0000000000
63307  -21.868  -19.180  57.510 0.0000000000
63314  -26.302  -18.290  56.485 0.0000000000
64422  -22.358  -18.722  58.034 0.0000000000
65603  -27.896  -17.541  55.566 0.0000000000
66789  -24.136  -16.606  57.116 0.0000000000
69274  -35.847  -15.212  53.259 0.0000000000
70525  -33.681  -14.132  54.414 0.0000000000
70549  -37.138  -13.698  52.227 0.0000000000
71887  -30.805  -12.885  53.783 0.0000000000
71903  -29.876  -12.694  52.976 0.0000000000
71997  -41.781  -12.622  47.706 0.0000000000
72011  -43.003  -13.388  47.290 0.0000000000
73390  -42.600  -12.202  47.157 0.0000000000
73395  -42.832  -12.181  46.575 0.0000000000
74741  -38.547  -10.972  48.599 0.0000000000
74756  -41.134  -11.164  47.811 0.0000000000
74757  -41.847  -11.326  47.693 0.0000000000
76100  -38.354  -10.109  49.188 0.0000000000
76110  -39.482  -9.856  48.144 0.0000000000
76111  -40.333  -9.960  47.924 0.0000000000
76113  -41.604  -10.112  47.457 0.0000000000
76125  -42.231  -10.807  46.732 0.0000000000
76155  -41.806  -10.292  45.658 0.0000000000
76156  -42.149  -10.747  46.049 0.0000000000
77377  -40.834  -9.055  47.795 0.0000000000
78640  -41.360  -8.787  47.092 0.0000000000
79898  -40.490  -7.251  47.593 0.0000000000
79920  -40.968  -7.615  46.453 0.0000000000
79930  -41.056  -7.977  46.157 0.0000000000
81195  -40.716  -7.006  46.944 0.0000000000
82476  -40.545  -5.934  46.378 0.0000000000
83718  -46.686  -4.790  42.375 0.0000000000
83808  -49.849  -4.143  35.971 0.0000000000
83836  -52.402  -4.348  33.388 0.0000000000
84935  -52.695  -4.023  36.327 0.0000000000
84942  -51.030  -3.445  36.111 0.0000000000
84967  -52.538  -4.097  32.829 0.0000000000
86024  -36.258  -2.836  42.753 0.0000000000
86029  -44.760  -3.058  43.415 0.0000000000
86055  -46.868  -2.831  41.731 0.0000000000
86104  -50.299  -2.919  38.421 0.0000000000
86126  -48.606  -2.692  37.574 0.0000000000
86141  -53.089  -3.350  35.465 0.0000000000
86149  -53.364  -2.700  34.436 0.0000000000
86183  -54.110  -2.931  32.199 0.0000000000
87186  -38.453  -2.528  47.385 0.0000000000
87197  -38.954  -2.068  46.925 0.0000000000
87259  -46.135  -2.118  42.387 0.0000000000
87307  -47.270  -1.391  39.060 0.0000000000
87314  -47.880  -1.555  38.687 0.0000000000
87354  -52.360  -2.084  32.985 0.0000000000
87357  -54.138  -2.222  33.216 0.0000000000
87388  -54.537  -2.038  31.876 0.0000000000
88348  -38.326  -1.421  46.437 0.0000000000
88396  -43.963  -0.810  43.827 0.0000000000
88457  -41.368  -0.700  40.188 0.0000000000
88487  -45.334  -1.277  39.514 0.0000000000
88561  -53.154  -1.396  32.202 0.0000000000
88593  -50.664  -1.302  30.405 0.0000000000
88595  -55.127  -1.231  30.019 0.0000000000
89584  -38.627  -0.884  46.191 0.0000000000
89610  -40.045  0.733  44.942 0.0000000000
89689  -45.041  0.703  41.543 0.0000000000
89820  -54.550  -0.308  30.567 0.0000000000
89834  -50.865  -0.611  29.265 0.0000000000
89849  -56.129  -0.145  28.719 0.0000000000
89862  -56.576  0.566  27.860 0.0000000000
90875  -38.173  0.334  44.305 0.0000000000
90876  -38.618  0.725  44.565 0.0000000000
90877  -39.158  1.037  44.706 0.0000000000
90902  -43.722  0.995  43.548 0.0000000000
90916  -40.063  1.155  41.929 0.0000000000
90930  -44.688  1.045  42.180 0.0000000000
90940  -42.921  1.456  41.124 0.0000000000
90941  -43.829  1.283  41.106 0.0000000000
91087  -55.534  0.221  29.654 0.0000000000
91097  -52.200  0.025  29.046 0.0000000000
92205  -40.408  1.630  44.291 0.0000000000
92224  -40.122  1.798  43.984 0.0000000000
92253  -41.750  2.279  42.452 0.0000000000
92255  -44.131  1.521  42.517 0.0000000000
92416  -55.578  1.028  28.793 0.0000000000
92443  -56.465  1.535  27.655 0.0000000000
92461  -56.740  1.704  27.161 0.0000000000
93706  -55.177  2.527  25.569 0.0000000000
156384  -51.615  -3.306  36.406 0.0000000000
162570  -41.893  -9.938  46.794 0.0000000000
163016  -40.623  -5.465  46.002 0.0000000000
164926  -40.732  -9.652  47.864 0.0000000000
167638  -37.543  -12.457  49.711 0.0000000000
168337  -37.149  -3.540  46.434 0.0000000000
169737  -23.838  -24.923  56.368 0.0000000000
171467  -54.798  -1.806  31.156 0.0000000000
173377  -42.485  2.358  42.481 0.0000000000
173742  -46.050  -1.252  39.330 0.0000000000
174611  -54.085  -3.022  33.812 0.0000000000
175190  -38.974  -5.332  49.076 0.0000000000
176004  -46.196  -3.762  42.367 0.0000000000
176947  -43.097  -2.986  42.773 0.0000000000
178875  -55.773  2.867  25.175 0.0000000000
178893  -40.917  -10.106  47.817 0.0000000000
179781  -41.259  -8.376  46.769 0.0000000000
181627  -48.217  -1.594  39.572 0.0000000000
181644  -39.953  -10.338  47.920 0.0000000000
183165  -27.019  -16.692  55.123 0.0000000000
184350  -38.779  0.150  45.437 0.0000000000
185341  -40.642  -6.464  46.505 0.0000000000
188034  -49.162  -2.571  37.555 0.0000000000
