#!ascii label  , from subject sub-v2s13x29119_ses-1 vox2ras=TkReg
1982
173598  12.640  -25.397  51.841 0.0000000000
86933  41.478  -1.738  22.490 0.0000000000
67005  28.294  -17.341  38.008 0.0000000000
73825  32.965  -12.473  43.361 0.0000000000
65673  20.390  -18.373  40.649 0.0000000000
61762  20.519  -21.739  50.556 0.0000000000
93936  53.041  2.808  14.939 0.0000000000
154435  52.357  2.103  24.076 0.0000000000
80252  34.808  -7.827  31.773 0.0000000000
98627  57.013  6.633  8.508 0.0000000000
66893  28.670  -17.115  44.273 0.0000000000
59143  16.651  -22.766  51.638 0.0000000000
157450  52.658  1.847  19.490 0.0000000000
159162  46.610  0.641  19.054 0.0000000000
83409  42.864  -4.916  27.849 0.0000000000
86862  47.639  -2.518  28.115 0.0000000000
183917  38.535  -5.793  26.871 0.0000000000
73950  29.352  -11.811  35.498 0.0000000000
69235  29.508  -15.068  40.376 0.0000000000
155341  24.410  -17.616  44.823 0.0000000000
64302  23.556  -18.850  50.458 0.0000000000
64344  19.949  -19.682  45.560 0.0000000000
60521  16.353  -22.555  45.865 0.0000000000
66976  24.621  -17.034  39.781 0.0000000000
96204  57.633  5.128  15.043 0.0000000000
94966  58.279  4.106  19.359 0.0000000000
171488  46.475  0.849  23.918 0.0000000000
84489  36.934  -4.185  32.858 0.0000000000
178948  34.920  -10.491  38.012 0.0000000000
182280  55.392  2.819  10.450 0.0000000000
97450  60.489  6.064  11.050 0.0000000000
99707  62.646  7.611  8.009 0.0000000000
68045  28.205  -17.596  47.285 0.0000000000
57945  14.942  -24.067  51.639 0.0000000000
60413  16.742  -22.041  54.498 0.0000000000
59100  15.446  -22.837  56.085 0.0000000000
90569  47.131  1.057  16.744 0.0000000000
83334  42.992  -4.767  30.618 0.0000000000
84523  46.249  -4.224  30.960 0.0000000000
157202  8.089  -24.510  56.020 0.0000000000
83465  37.255  -4.761  23.825 0.0000000000
69291  26.928  -15.514  35.737 0.0000000000
71538  27.303  -13.612  37.625 0.0000000000
69271  29.667  -16.262  38.472 0.0000000000
66930  22.220  -17.786  42.654 0.0000000000
65602  21.775  -18.100  44.988 0.0000000000
65631  20.319  -18.758  43.274 0.0000000000
66978  22.561  -17.439  39.747 0.0000000000
155017  24.499  -17.465  42.194 0.0000000000
63084  22.115  -20.290  49.816 0.0000000000
93934  54.968  3.519  14.770 0.0000000000
96169  58.159  4.745  17.239 0.0000000000
93915  55.115  3.222  16.820 0.0000000000
92730  52.167  2.239  21.549 0.0000000000
93847  55.804  3.936  22.302 0.0000000000
89397  41.041  -0.512  20.203 0.0000000000
177107  44.008  0.473  20.756 0.0000000000
89331  43.864  -0.582  23.499 0.0000000000
81261  33.594  -6.495  29.257 0.0000000000
83364  35.298  -5.196  30.036 0.0000000000
179067  35.634  -5.846  32.479 0.0000000000
73889  31.349  -12.056  38.687 0.0000000000
73929  32.320  -11.734  36.281 0.0000000000
73873  34.049  -11.743  40.094 0.0000000000
92835  51.807  2.036  12.969 0.0000000000
92875  52.874  2.553  10.731 0.0000000000
92833  54.140  2.295  12.821 0.0000000000
93955  56.700  3.363  12.623 0.0000000000
100776  61.069  9.712  7.525 0.0000000000
98644  59.958  7.172  7.781 0.0000000000
99677  61.763  7.382  9.757 0.0000000000
97466  58.478  5.380  8.240 0.0000000000
66938  29.267  -17.619  42.064 0.0000000000
175403  31.317  -18.404  41.467 0.0000000000
65613  31.159  -18.210  44.758 0.0000000000
60443  18.554  -22.004  51.600 0.0000000000
155342  20.843  -21.555  53.139 0.0000000000
61722  18.774  -21.074  54.126 0.0000000000
91716  50.307  1.871  15.047 0.0000000000
92783  52.620  1.942  16.947 0.0000000000
169757  50.387  1.373  17.204 0.0000000000
91655  49.768  1.259  19.325 0.0000000000
91618  49.475  1.708  21.617 0.0000000000
85686  42.069  -2.925  24.830 0.0000000000
86902  44.054  -1.759  25.109 0.0000000000
85643  45.947  -3.792  28.218 0.0000000000
76561  33.178  -9.878  31.715 0.0000000000
75161  35.725  -11.207  44.920 0.0000000000
55675  10.542  -26.255  52.707 0.0000000000
155563  12.551  -24.045  55.392 0.0000000000
56801  10.265  -24.790  55.321 0.0000000000
85718  39.672  -2.695  22.424 0.0000000000
84603  39.753  -4.015  24.813 0.0000000000
82304  40.597  -5.387  27.762 0.0000000000
83360  41.038  -5.150  30.165 0.0000000000
75267  27.319  -11.111  34.774 0.0000000000
73904  28.296  -12.211  38.190 0.0000000000
72611  30.207  -13.573  41.503 0.0000000000
65653  33.863  -17.921  41.591 0.0000000000
69207  34.429  -15.853  43.137 0.0000000000
66825  26.464  -17.271  47.942 0.0000000000
66795  25.816  -17.868  50.810 0.0000000000
65575  23.671  -17.904  47.483 0.0000000000
64323  22.090  -19.331  48.023 0.0000000000
63097  20.778  -20.792  48.366 0.0000000000
63164  18.115  -20.113  42.668 0.0000000000
61837  18.178  -20.951  45.172 0.0000000000
60491  18.542  -21.970  48.117 0.0000000000
59163  16.699  -22.928  48.650 0.0000000000
57969  14.943  -24.016  49.243 0.0000000000
56863  12.637  -25.205  49.564 0.0000000000
67037  26.250  -16.916  36.270 0.0000000000
155011  24.270  -17.033  36.946 0.0000000000
66991  26.208  -17.278  39.109 0.0000000000
66941  26.593  -17.106  41.846 0.0000000000
66894  26.086  -17.004  44.715 0.0000000000
92768  58.299  3.127  18.122 0.0000000000
93882  55.599  3.367  19.414 0.0000000000
154618  44.060  0.497  18.602 0.0000000000
90505  46.869  1.028  21.085 0.0000000000
155807  49.492  1.591  23.964 0.0000000000
89300  46.441  -0.447  25.518 0.0000000000
90453  49.470  0.381  25.790 0.0000000000
156790  35.781  -5.387  26.846 0.0000000000
82265  37.649  -5.726  29.729 0.0000000000
84486  39.959  -4.131  33.008 0.0000000000
75264  33.209  -10.781  34.323 0.0000000000
160643  35.214  -9.344  34.990 0.0000000000
76468  37.019  -10.192  41.917 0.0000000000
77726  36.993  -9.078  38.542 0.0000000000
80191  37.295  -7.512  35.574 0.0000000000
83262  37.690  -4.676  36.156 0.0000000000
85572  39.067  -3.108  35.913 0.0000000000
95092  56.071  4.469  9.026 0.0000000000
95081  58.149  4.017  10.328 0.0000000000
166006  58.902  5.471  12.762 0.0000000000
66812  29.036  -18.350  49.039 0.0000000000
56844  13.800  -24.878  52.060 0.0000000000
57923  15.282  -23.723  54.000 0.0000000000
154484  14.279  -24.375  53.893 0.0000000000
84507  43.029  -4.127  31.905 0.0000000000
84505  44.674  -4.247  31.741 0.0000000000
55642  6.407  -25.412  55.243 0.0000000000
68157  27.626  -16.787  36.880 0.0000000000
69281  28.102  -15.896  37.258 0.0000000000
67003  29.754  -16.965  38.638 0.0000000000
65658  21.400  -17.938  41.726 0.0000000000
65643  21.058  -18.176  42.402 0.0000000000
65659  20.610  -18.349  41.647 0.0000000000
65692  21.190  -17.857  38.833 0.0000000000
66979  21.605  -17.751  40.395 0.0000000000
160979  22.632  -17.560  41.406 0.0000000000
63074  21.732  -20.913  50.158 0.0000000000
61753  21.424  -21.581  51.823 0.0000000000
93935  54.074  3.181  14.788 0.0000000000
95002  55.532  3.537  16.347 0.0000000000
178843  54.230  3.087  15.896 0.0000000000
176404  52.170  2.344  22.684 0.0000000000
92695  53.647  2.758  23.161 0.0000000000
183088  41.038  -1.171  21.214 0.0000000000
88159  42.464  -0.615  21.890 0.0000000000
165357  42.485  -1.037  22.544 0.0000000000
79088  33.962  -8.216  30.654 0.0000000000
80262  34.641  -7.397  31.085 0.0000000000
81245  34.998  -6.350  31.264 0.0000000000
81232  35.693  -7.033  32.631 0.0000000000
73863  31.791  -12.268  40.956 0.0000000000
73887  32.657  -11.901  39.180 0.0000000000
163164  33.319  -12.014  41.400 0.0000000000
158542  51.999  2.400  14.223 0.0000000000
92834  52.465  2.000  12.590 0.0000000000
92817  53.502  2.925  14.293 0.0000000000
93945  54.337  3.166  14.197 0.0000000000
170501  58.878  8.155  7.361 0.0000000000
98646  58.190  6.690  7.712 0.0000000000
97465  59.799  6.368  8.107 0.0000000000
97484  57.884  5.987  7.966 0.0000000000
66927  28.786  -17.334  42.812 0.0000000000
66926  29.608  -17.554  42.894 0.0000000000
66891  29.962  -17.734  44.733 0.0000000000
60444  17.847  -22.190  51.905 0.0000000000
60434  18.476  -21.591  52.780 0.0000000000
60435  17.774  -21.861  52.712 0.0000000000
61698  17.267  -21.234  56.746 0.0000000000
61700  18.688  -20.880  56.625 0.0000000000
91718  48.763  1.516  14.910 0.0000000000
91704  50.371  1.696  15.987 0.0000000000
91706  48.901  1.403  15.772 0.0000000000
165407  47.265  0.838  17.795 0.0000000000
90534  48.655  1.049  18.025 0.0000000000
91668  48.534  1.073  18.906 0.0000000000
91634  49.625  1.476  20.736 0.0000000000
91646  48.231  1.275  20.516 0.0000000000
84584  42.550  -3.578  26.183 0.0000000000
85664  43.834  -3.307  26.612 0.0000000000
84563  44.136  -4.364  27.778 0.0000000000
91734  49.559  1.954  13.722 0.0000000000
55648  10.906  -25.610  53.979 0.0000000000
54626  9.423  -26.287  53.659 0.0000000000
85720  38.314  -3.194  21.957 0.0000000000
85697  39.414  -3.508  23.497 0.0000000000
84625  38.111  -3.904  23.060 0.0000000000
83440  37.623  -5.159  25.192 0.0000000000
83438  39.255  -4.844  25.783 0.0000000000
82306  39.130  -5.685  27.113 0.0000000000
82289  40.739  -5.540  28.399 0.0000000000
155694  39.593  -5.845  28.444 0.0000000000
73967  26.407  -11.871  34.863 0.0000000000
70373  27.863  -14.474  39.211 0.0000000000
72649  27.578  -12.858  38.152 0.0000000000
71508  28.477  -13.183  39.947 0.0000000000
72629  28.898  -12.681  40.201 0.0000000000
70328  29.649  -14.461  41.223 0.0000000000
65626  32.892  -18.799  43.431 0.0000000000
177897  32.777  -18.303  41.292 0.0000000000
65625  33.879  -18.775  43.116 0.0000000000
66907  35.774  -17.614  43.369 0.0000000000
69190  33.681  -15.237  44.834 0.0000000000
66839  25.515  -17.260  46.598 0.0000000000
66827  25.066  -17.535  48.114 0.0000000000
66861  24.017  -17.676  46.154 0.0000000000
65604  20.717  -18.768  44.907 0.0000000000
179236  22.016  -18.518  46.445 0.0000000000
64342  20.949  -19.200  46.255 0.0000000000
63106  21.141  -20.215  48.021 0.0000000000
63126  20.088  -20.042  46.334 0.0000000000
64394  18.126  -19.721  41.584 0.0000000000
60545  16.360  -22.046  44.549 0.0000000000
165252  17.491  -21.131  44.260 0.0000000000
60530  17.263  -21.834  45.578 0.0000000000
61825  18.255  -21.599  46.590 0.0000000000
60506  17.615  -22.083  46.747 0.0000000000
60477  17.732  -22.422  48.983 0.0000000000
59187  16.671  -22.785  47.321 0.0000000000
167520  13.896  -24.635  49.243 0.0000000000
69321  25.479  -15.652  33.869 0.0000000000
161621  25.164  -16.502  34.533 0.0000000000
161422  23.347  -17.151  38.713 0.0000000000
155012  24.261  -17.040  37.710 0.0000000000
67007  25.572  -17.194  37.917 0.0000000000
66975  25.537  -17.078  39.525 0.0000000000
164156  26.905  -17.336  40.487 0.0000000000
66955  25.516  -17.115  40.955 0.0000000000
66915  24.223  -17.613  43.361 0.0000000000
66914  25.502  -17.278  43.616 0.0000000000
66877  25.448  -17.251  45.042 0.0000000000
66859  26.180  -17.088  46.262 0.0000000000
154699  24.606  -18.215  50.808 0.0000000000
59093  12.167  -23.043  57.449 0.0000000000
59091  13.855  -22.989  57.178 0.0000000000
96188  59.201  5.223  16.132 0.0000000000
94977  58.559  4.437  18.307 0.0000000000
94976  58.756  4.385  18.031 0.0000000000
93889  58.783  3.665  18.464 0.0000000000
173766  58.410  3.336  19.579 0.0000000000
92758  52.989  1.874  18.445 0.0000000000
92757  53.879  2.236  18.540 0.0000000000
92749  54.000  2.426  19.479 0.0000000000
94936  57.555  4.390  22.200 0.0000000000
90494  45.033  0.650  22.230 0.0000000000
90508  44.822  0.524  20.794 0.0000000000
158948  46.523  1.205  22.485 0.0000000000
91605  47.983  1.651  22.782 0.0000000000
91596  47.708  1.446  23.622 0.0000000000
86882  46.053  -1.994  26.710 0.0000000000
88105  45.353  -1.269  25.635 0.0000000000
88091  47.439  -1.321  26.827 0.0000000000
82325  34.321  -5.297  26.493 0.0000000000
180707  36.100  -4.449  31.610 0.0000000000
82266  36.686  -5.491  29.646 0.0000000000
178233  37.606  -4.562  31.664 0.0000000000
83316  39.162  -4.610  31.764 0.0000000000
84487  39.044  -4.097  32.960 0.0000000000
165396  29.147  -12.035  33.952 0.0000000000
72691  30.219  -12.386  34.397 0.0000000000
175661  33.266  -11.431  37.075 0.0000000000
173826  32.678  -11.373  35.146 0.0000000000
75257  33.658  -10.907  35.710 0.0000000000
76533  34.248  -9.991  34.319 0.0000000000
76517  35.001  -9.954  36.227 0.0000000000
75188  36.150  -11.130  42.875 0.0000000000
78940  38.091  -8.079  39.291 0.0000000000
78983  37.287  -8.226  36.582 0.0000000000
81200  38.104  -7.201  36.706 0.0000000000
81208  37.638  -6.319  35.937 0.0000000000
82197  38.342  -6.105  37.092 0.0000000000
92874  53.576  2.549  10.655 0.0000000000
95093  55.503  3.922  9.428 0.0000000000
95091  56.488  3.957  9.305 0.0000000000
93982  56.714  3.422  10.038 0.0000000000
95035  57.003  4.483  13.905 0.0000000000
95050  57.850  4.486  12.791 0.0000000000
96216  58.230  5.536  14.090 0.0000000000
97417  59.523  6.096  14.026 0.0000000000
100759  61.985  8.908  7.904 0.0000000000
98613  61.507  6.967  10.265 0.0000000000
98600  61.679  6.598  11.034 0.0000000000
170833  60.862  6.306  11.967 0.0000000000
68058  28.330  -17.512  46.080 0.0000000000
66856  29.633  -18.307  46.226 0.0000000000
66836  29.117  -18.281  47.694 0.0000000000
59144  16.063  -23.181  51.920 0.0000000000
60426  16.826  -22.131  53.724 0.0000000000
59122  15.796  -23.220  53.603 0.0000000000
59099  16.064  -22.455  55.696 0.0000000000
60395  16.572  -21.579  57.070 0.0000000000
90571  45.706  0.995  16.515 0.0000000000
154975  45.936  0.805  17.364 0.0000000000
83394  42.883  -5.145  28.558 0.0000000000
83376  44.639  -4.975  29.287 0.0000000000
83332  44.679  -4.699  30.976 0.0000000000
84479  45.685  -3.590  32.284 0.0000000000
55651  8.515  -25.773  54.456 0.0000000000
55652  7.738  -25.805  54.464 0.0000000000
56805  6.861  -24.892  55.803 0.0000000000
84626  37.488  -4.189  22.826 0.0000000000
82336  37.182  -5.351  25.455 0.0000000000
72681  26.649  -13.411  35.392 0.0000000000
70400  27.013  -14.875  36.400 0.0000000000
70392  27.565  -15.092  37.736 0.0000000000
69249  30.164  -15.559  39.640 0.0000000000
66898  23.177  -17.772  44.272 0.0000000000
66880  23.154  -17.825  45.073 0.0000000000
65614  21.830  -17.960  44.255 0.0000000000
153952  20.741  -18.538  43.789 0.0000000000
64367  19.916  -19.180  44.272 0.0000000000
59201  15.950  -23.057  46.295 0.0000000000
59215  14.869  -23.265  45.126 0.0000000000
66993  22.608  -17.404  38.981 0.0000000000
169729  23.261  -17.218  39.458 0.0000000000
66956  24.631  -17.210  40.865 0.0000000000
66958  23.090  -17.450  40.967 0.0000000000
178060  23.560  -17.609  42.859 0.0000000000
64303  23.018  -19.268  49.935 0.0000000000
95023  56.344  4.210  14.827 0.0000000000
96179  57.938  4.863  16.495 0.0000000000
95000  57.075  4.416  16.095 0.0000000000
154158  56.825  4.118  16.880 0.0000000000
94979  56.966  4.041  18.612 0.0000000000
92742  52.564  1.992  20.287 0.0000000000
92740  54.045  2.708  20.404 0.0000000000
92711  54.038  3.076  21.773 0.0000000000
93831  55.933  3.343  23.409 0.0000000000
184196  42.759  0.332  19.835 0.0000000000
89384  42.550  -0.117  21.130 0.0000000000
89362  43.608  0.075  22.068 0.0000000000
89344  44.826  0.199  23.479 0.0000000000
88069  48.740  -1.754  28.013 0.0000000000
82297  33.204  -5.737  28.411 0.0000000000
83398  34.379  -5.344  28.589 0.0000000000
82268  34.471  -5.504  29.713 0.0000000000
82242  35.104  -5.159  31.207 0.0000000000
83302  36.342  -4.421  33.202 0.0000000000
73913  30.656  -12.053  37.272 0.0000000000
73948  31.192  -11.974  35.920 0.0000000000
73912  31.563  -11.947  37.348 0.0000000000
73898  33.332  -11.585  38.275 0.0000000000
75220  34.446  -11.161  38.923 0.0000000000
92852  50.967  2.124  12.112 0.0000000000
93976  51.557  2.810  11.058 0.0000000000
92851  52.118  1.973  11.784 0.0000000000
92849  53.727  2.096  11.911 0.0000000000
92848  54.682  2.239  11.930 0.0000000000
92859  55.831  2.549  11.574 0.0000000000
93957  55.087  2.539  12.796 0.0000000000
176254  55.821  3.560  13.773 0.0000000000
175934  58.999  9.027  7.126 0.0000000000
100761  60.554  8.856  7.548 0.0000000000
99708  61.255  8.330  8.230 0.0000000000
99693  62.104  7.877  9.052 0.0000000000
98643  60.883  7.622  8.387 0.0000000000
97464  60.534  6.518  8.870 0.0000000000
97457  60.020  5.661  9.665 0.0000000000
66972  28.165  -17.655  39.557 0.0000000000
65682  29.996  -17.831  40.138 0.0000000000
65657  29.806  -17.902  41.389 0.0000000000
157169  31.420  -18.333  43.015 0.0000000000
65600  31.921  -19.050  44.928 0.0000000000
60450  19.721  -21.930  50.605 0.0000000000
178315  20.644  -21.751  52.074 0.0000000000
61744  19.901  -21.557  52.664 0.0000000000
61721  19.868  -21.141  54.249 0.0000000000
61710  18.372  -21.009  54.911 0.0000000000
61708  19.887  -21.049  55.954 0.0000000000
92806  51.715  2.245  14.870 0.0000000000
92794  52.574  2.207  16.116 0.0000000000
91703  51.294  1.754  16.216 0.0000000000
91693  51.503  1.590  16.945 0.0000000000
91664  51.635  1.440  18.184 0.0000000000
91684  48.991  1.216  17.227 0.0000000000
91683  49.507  1.184  17.870 0.0000000000
91642  51.323  1.512  19.800 0.0000000000
91632  51.212  1.740  20.666 0.0000000000
92715  51.059  2.019  21.975 0.0000000000
92698  50.955  1.921  22.939 0.0000000000
86913  41.803  -2.396  23.814 0.0000000000
86912  43.159  -1.758  24.203 0.0000000000
86894  43.211  -2.583  25.274 0.0000000000
85662  45.117  -2.879  26.915 0.0000000000
85652  46.238  -3.100  27.715 0.0000000000
84549  46.218  -4.302  29.428 0.0000000000
84548  46.822  -3.730  29.012 0.0000000000
85633  47.996  -3.039  29.485 0.0000000000
77784  34.126  -8.870  31.822 0.0000000000
73823  34.479  -11.745  43.785 0.0000000000
174777  49.578  2.532  12.235 0.0000000000
154705  50.337  2.146  12.586 0.0000000000
92820  50.910  2.089  13.818 0.0000000000
100732  57.055  8.589  9.272 0.0000000000
99678  56.805  7.784  8.995 0.0000000000
55673  11.970  -25.621  52.160 0.0000000000
56823  13.038  -24.755  53.786 0.0000000000
56825  11.677  -25.329  53.710 0.0000000000
57904  11.330  -24.186  55.716 0.0000000000
57897  10.728  -23.365  57.171 0.0000000000
56802  9.383  -24.726  55.523 0.0000000000
86948  40.526  -1.719  21.656 0.0000000000
86950  39.254  -2.068  21.107 0.0000000000
86923  40.368  -2.497  22.637 0.0000000000
85705  40.556  -2.818  23.309 0.0000000000
85687  40.985  -3.392  24.746 0.0000000000
181711  41.061  -4.111  26.129 0.0000000000
84605  38.516  -4.335  24.383 0.0000000000
83437  40.040  -4.677  26.218 0.0000000000
83410  41.736  -5.046  27.643 0.0000000000
82275  42.140  -5.348  28.679 0.0000000000
154375  42.086  -4.757  30.702 0.0000000000
83313  42.152  -4.155  31.973 0.0000000000
73951  28.533  -11.339  35.371 0.0000000000
73936  27.143  -12.235  36.163 0.0000000000
73935  27.529  -11.692  36.377 0.0000000000
73933  29.066  -11.859  36.849 0.0000000000
169209  30.026  -12.187  38.521 0.0000000000
73865  30.243  -12.512  40.710 0.0000000000
72609  31.487  -12.915  42.141 0.0000000000
65680  31.467  -17.912  40.133 0.0000000000
66967  32.343  -17.012  40.094 0.0000000000
69231  32.513  -15.952  40.927 0.0000000000
65624  34.923  -18.545  42.977 0.0000000000
66925  34.821  -17.113  42.087 0.0000000000
69219  32.595  -15.652  41.824 0.0000000000
70312  31.466  -15.300  43.079 0.0000000000
70295  32.690  -14.914  44.358 0.0000000000
71441  32.842  -14.259  44.811 0.0000000000
161417  27.380  -17.423  49.399 0.0000000000
181484  25.896  -17.436  49.423 0.0000000000
66818  24.519  -17.750  48.465 0.0000000000
182176  23.435  -18.480  48.851 0.0000000000
65589  22.929  -18.018  46.588 0.0000000000
178077  23.173  -18.372  47.970 0.0000000000
65557  22.887  -19.110  49.147 0.0000000000
63095  21.937  -20.114  49.056 0.0000000000
63085  21.607  -20.739  49.378 0.0000000000
167008  20.614  -21.530  49.407 0.0000000000
65660  19.393  -19.053  41.366 0.0000000000
64386  19.186  -19.420  42.849 0.0000000000
64369  19.302  -19.619  44.158 0.0000000000
61886  16.979  -20.891  42.674 0.0000000000
63151  17.867  -20.627  43.812 0.0000000000
63139  19.258  -20.132  45.247 0.0000000000
61824  18.933  -21.019  46.433 0.0000000000
61784  19.639  -21.584  48.412 0.0000000000
60474  19.914  -21.728  49.201 0.0000000000
60461  18.691  -22.178  49.990 0.0000000000
60462  17.507  -22.505  49.814 0.0000000000
173730  16.369  -22.933  50.260 0.0000000000
59189  15.421  -23.527  46.738 0.0000000000
164677  15.761  -23.573  48.354 0.0000000000
57954  15.649  -23.546  50.405 0.0000000000
57955  14.992  -24.008  50.823 0.0000000000
56852  13.776  -24.792  50.748 0.0000000000
56853  13.132  -25.142  50.769 0.0000000000
55686  12.016  -25.596  51.382 0.0000000000
55700  10.702  -26.266  51.124 0.0000000000
70428  25.884  -15.015  34.132 0.0000000000
68185  26.817  -16.135  35.733 0.0000000000
67019  27.378  -17.271  37.285 0.0000000000
67021  25.586  -17.160  36.813 0.0000000000
67020  26.664  -17.328  37.274 0.0000000000
66990  27.599  -17.603  39.141 0.0000000000
181446  27.571  -17.481  40.686 0.0000000000
66940  27.459  -17.188  42.074 0.0000000000
66912  27.620  -17.003  43.362 0.0000000000
155018  25.251  -17.310  42.264 0.0000000000
155022  26.143  -17.057  43.101 0.0000000000
68087  27.360  -16.977  44.574 0.0000000000
68059  27.747  -17.201  46.134 0.0000000000
66837  27.116  -17.171  47.462 0.0000000000
185653  13.772  -23.904  55.308 0.0000000000
60397  15.129  -22.152  57.713 0.0000000000
94988  59.441  4.532  17.249 0.0000000000
93906  54.548  2.779  17.270 0.0000000000
93891  55.402  3.171  18.475 0.0000000000
94968  57.350  4.233  20.057 0.0000000000
93873  55.449  3.490  20.390 0.0000000000
94958  57.202  4.304  20.871 0.0000000000
159080  58.151  3.846  20.722 0.0000000000
154974  44.492  0.563  17.363 0.0000000000
90538  45.248  0.544  18.550 0.0000000000
90509  43.952  0.517  20.041 0.0000000000
90518  45.147  0.501  20.129 0.0000000000
156628  46.528  0.631  19.792 0.0000000000
91635  48.072  1.419  21.266 0.0000000000
91603  49.712  1.794  22.865 0.0000000000
92686  50.752  1.749  23.615 0.0000000000
88119  44.412  -1.191  24.761 0.0000000000
89314  45.422  -0.309  24.669 0.0000000000
89312  46.826  0.239  24.991 0.0000000000
88089  48.932  -0.860  26.944 0.0000000000
89298  48.020  -0.080  25.822 0.0000000000
90463  47.970  0.819  24.794 0.0000000000
91584  49.452  1.249  24.640 0.0000000000
182129  51.163  1.221  25.158 0.0000000000
82338  35.852  -5.351  25.420 0.0000000000
82323  36.667  -5.547  26.632 0.0000000000
83396  35.785  -5.491  28.963 0.0000000000
154617  36.882  -5.780  28.041 0.0000000000
82292  38.076  -6.016  28.287 0.0000000000
82264  39.111  -5.599  29.928 0.0000000000
83314  40.709  -4.594  31.606 0.0000000000
84459  41.578  -3.779  33.264 0.0000000000
158631  31.366  -11.967  35.189 0.0000000000
75288  32.954  -10.504  32.865 0.0000000000
76550  33.935  -9.626  32.850 0.0000000000
79036  35.140  -8.534  33.169 0.0000000000
73833  34.917  -11.741  42.626 0.0000000000
75204  35.362  -11.322  40.839 0.0000000000
76482  35.636  -10.637  39.699 0.0000000000
77708  37.182  -9.331  40.035 0.0000000000
77728  35.862  -9.802  37.906 0.0000000000
77747  36.121  -9.227  36.663 0.0000000000
79010  36.122  -8.436  34.816 0.0000000000
183850  36.087  -7.789  33.906 0.0000000000
81224  36.777  -6.629  34.349 0.0000000000
82224  36.557  -5.145  34.014 0.0000000000
84440  37.301  -4.150  34.711 0.0000000000
83241  38.765  -4.721  37.932 0.0000000000
84409  38.303  -3.691  36.372 0.0000000000
84439  38.290  -3.673  34.339 0.0000000000
84437  39.682  -3.526  34.384 0.0000000000
98614  56.126  6.722  9.327 0.0000000000
97469  56.518  5.582  8.750 0.0000000000
96273  57.142  4.875  8.616 0.0000000000
95089  58.393  4.534  9.288 0.0000000000
96256  59.376  4.966  10.606 0.0000000000
93964  57.543  3.503  11.414 0.0000000000
95061  58.671  4.552  11.654 0.0000000000
96249  59.765  5.772  11.980 0.0000000000
97427  60.699  6.060  12.902 0.0000000000
66814  28.067  -17.710  49.499 0.0000000000
173633  28.676  -18.230  49.526 0.0000000000
56835  13.230  -25.194  52.296 0.0000000000
56834  13.637  -24.899  52.672 0.0000000000
56822  13.767  -24.653  53.339 0.0000000000
84482  43.467  -3.907  32.535 0.0000000000
67018  28.043  -17.131  37.409 0.0000000000
68146  28.634  -16.853  37.713 0.0000000000
67004  28.999  -17.191  38.283 0.0000000000
65672  21.108  -17.981  40.956 0.0000000000
65683  20.892  -17.984  40.181 0.0000000000
61761  21.207  -21.433  50.430 0.0000000000
61760  21.827  -21.192  51.119 0.0000000000
156972  20.994  -21.654  51.214 0.0000000000
182964  53.564  3.007  14.831 0.0000000000
93926  53.734  2.988  15.371 0.0000000000
163126  52.236  2.295  23.284 0.0000000000
92685  53.050  2.456  23.625 0.0000000000
156043  53.381  2.292  24.414 0.0000000000
182053  41.319  -1.572  22.062 0.0000000000
88160  41.792  -1.200  21.996 0.0000000000
88146  42.006  -1.485  22.673 0.0000000000
79072  34.347  -8.221  31.293 0.0000000000
182746  34.278  -7.853  30.839 0.0000000000
80261  35.063  -7.196  31.638 0.0000000000
80251  35.280  -7.505  32.192 0.0000000000
73849  31.912  -12.433  41.731 0.0000000000
73862  32.585  -12.109  41.103 0.0000000000
179483  33.240  -12.089  42.089 0.0000000000
92805  52.350  2.530  14.804 0.0000000000
154194  52.695  2.635  14.193 0.0000000000
99712  57.842  7.159  7.868 0.0000000000
98647  57.520  6.611  8.052 0.0000000000
66911  28.373  -17.098  43.506 0.0000000000
66910  29.138  -17.286  43.668 0.0000000000
66892  29.338  -17.406  44.489 0.0000000000
60454  17.280  -22.530  51.287 0.0000000000
60445  17.195  -22.403  52.172 0.0000000000
157640  48.317  1.357  15.471 0.0000000000
90536  47.339  0.797  18.568 0.0000000000
172651  48.048  0.958  18.494 0.0000000000
90524  47.841  0.982  19.215 0.0000000000
91657  48.368  1.160  19.739 0.0000000000
90525  47.165  0.816  19.495 0.0000000000
84576  42.540  -4.579  27.249 0.0000000000
162500  43.608  -4.003  27.134 0.0000000000
84564  43.457  -4.587  27.680 0.0000000000
85735  38.077  -2.972  21.257 0.0000000000
85721  37.672  -3.538  21.699 0.0000000000
85708  38.530  -3.419  22.638 0.0000000000
84635  37.897  -3.711  22.394 0.0000000000
82321  38.143  -5.619  26.335 0.0000000000
83427  38.844  -5.419  26.378 0.0000000000
82291  39.354  -5.871  27.841 0.0000000000
82307  38.528  -5.973  27.620 0.0000000000
70357  28.844  -14.714  40.152 0.0000000000
71520  27.886  -13.601  39.372 0.0000000000
70358  28.289  -14.136  39.821 0.0000000000
71507  28.754  -13.936  40.515 0.0000000000
70342  29.836  -14.884  41.043 0.0000000000
64378  33.295  -19.134  43.965 0.0000000000
66878  24.537  -17.529  45.607 0.0000000000
66860  24.742  -17.481  46.370 0.0000000000
66879  23.855  -17.713  45.378 0.0000000000
64356  20.644  -19.067  45.545 0.0000000000
64343  20.452  -19.538  46.074 0.0000000000
64332  20.651  -19.705  46.680 0.0000000000
60531  16.737  -22.136  45.376 0.0000000000
61855  17.136  -21.575  44.898 0.0000000000
60520  17.047  -22.255  46.131 0.0000000000
164219  17.049  -22.484  46.843 0.0000000000
59200  16.508  -22.682  46.597 0.0000000000
164151  24.029  -17.047  39.205 0.0000000000
156491  24.165  -17.041  38.469 0.0000000000
66992  24.841  -17.019  38.974 0.0000000000
164154  25.187  -17.039  40.277 0.0000000000
155023  24.789  -17.535  44.054 0.0000000000
177921  24.929  -17.445  45.185 0.0000000000
156945  25.261  -17.308  45.762 0.0000000000
65548  23.995  -18.411  50.203 0.0000000000
60392  12.324  -22.386  58.562 0.0000000000
60391  13.064  -22.274  58.469 0.0000000000
96203  58.296  5.580  14.819 0.0000000000
96202  59.037  5.755  15.201 0.0000000000
96189  58.410  5.375  15.525 0.0000000000
94978  58.018  4.252  18.904 0.0000000000
94965  58.427  4.222  18.735 0.0000000000
93879  58.386  4.072  19.297 0.0000000000
93880  58.607  3.780  19.142 0.0000000000
93871  58.403  3.825  19.896 0.0000000000
181480  52.835  1.835  18.976 0.0000000000
92750  53.304  2.029  19.150 0.0000000000
90480  45.678  0.819  22.881 0.0000000000
90493  45.849  0.821  22.003 0.0000000000
90479  46.416  1.064  23.307 0.0000000000
91606  47.120  1.389  23.065 0.0000000000
91597  46.995  1.132  23.752 0.0000000000
162464  46.529  -2.364  27.277 0.0000000000
86881  46.743  -1.673  26.828 0.0000000000
86871  47.331  -2.022  27.407 0.0000000000
82311  33.819  -5.273  27.254 0.0000000000
83318  36.674  -4.309  32.069 0.0000000000
83340  37.047  -4.770  31.163 0.0000000000
84508  37.648  -4.271  32.249 0.0000000000
83301  38.564  -4.262  32.387 0.0000000000
155403  38.283  -4.046  33.005 0.0000000000
73965  29.257  -11.890  34.712 0.0000000000
72692  29.663  -12.394  34.190 0.0000000000
73964  29.869  -12.209  34.926 0.0000000000
75236  34.006  -10.945  37.094 0.0000000000
75249  33.509  -11.151  36.382 0.0000000000
76518  34.560  -10.400  36.661 0.0000000000
160580  34.522  -10.305  36.009 0.0000000000
76505  35.128  -10.034  36.947 0.0000000000
80121  38.530  -7.711  39.856 0.0000000000
80150  38.335  -7.631  37.984 0.0000000000
80149  38.760  -7.130  38.239 0.0000000000
81191  38.358  -6.868  37.166 0.0000000000
81184  39.107  -6.496  38.548 0.0000000000
92873  54.357  2.594  10.602 0.0000000000
93992  54.482  3.129  10.071 0.0000000000
95094  54.713  3.619  9.647 0.0000000000
93991  55.239  3.236  9.878 0.0000000000
93990  55.961  3.468  9.710 0.0000000000
93983  56.023  3.008  10.389 0.0000000000
96217  57.558  5.139  14.361 0.0000000000
95034  57.653  4.889  13.589 0.0000000000
96215  58.906  6.019  14.539 0.0000000000
100745  62.399  8.362  8.074 0.0000000000
100758  62.348  8.922  7.571 0.0000000000
99721  62.670  8.280  7.329 0.0000000000
98658  62.625  7.254  7.169 0.0000000000
97449  60.993  6.537  10.736 0.0000000000
98606  61.433  6.631  10.960 0.0000000000
97441  60.949  6.419  11.430 0.0000000000
98593  61.277  6.423  11.645 0.0000000000
179133  28.155  -17.474  46.613 0.0000000000
162681  28.517  -17.867  46.521 0.0000000000
68044  28.574  -18.030  47.498 0.0000000000
57935  15.410  -23.641  52.208 0.0000000000
59134  15.910  -23.202  52.766 0.0000000000
57928  15.247  -23.798  53.133 0.0000000000
57913  15.215  -23.623  54.649 0.0000000000
59114  15.703  -23.205  54.405 0.0000000000
59109  15.489  -23.186  55.244 0.0000000000
60403  15.986  -22.198  56.539 0.0000000000
175084  45.091  0.741  16.983 0.0000000000
154776  43.370  -5.051  29.911 0.0000000000
83357  44.228  -5.061  29.876 0.0000000000
83333  43.934  -4.844  30.630 0.0000000000
54620  7.338  -26.267  53.850 0.0000000000
180499  6.450  -24.711  56.533 0.0000000000
70415  26.762  -14.904  35.517 0.0000000000
166155  26.821  -14.118  35.944 0.0000000000
69272  29.136  -16.069  38.067 0.0000000000
69273  28.437  -15.611  37.990 0.0000000000
69263  29.132  -15.629  38.614 0.0000000000
69262  29.986  -15.887  38.948 0.0000000000
175507  22.845  -17.750  43.684 0.0000000000
66899  22.507  -17.840  44.070 0.0000000000
66917  22.153  -17.864  43.481 0.0000000000
65630  20.888  -18.355  43.130 0.0000000000
65616  20.503  -18.823  44.357 0.0000000000
64379  20.233  -18.885  43.852 0.0000000000
66994  21.932  -17.590  39.272 0.0000000000
65691  21.961  -17.613  38.482 0.0000000000
164152  23.291  -17.319  40.279 0.0000000000
66943  22.130  -17.730  41.908 0.0000000000
66942  22.940  -17.633  42.238 0.0000000000
66916  22.865  -17.683  43.076 0.0000000000
156845  23.445  -17.673  43.565 0.0000000000
64289  22.623  -19.801  50.293 0.0000000000
63072  22.880  -19.914  51.147 0.0000000000
95024  55.752  3.886  15.011 0.0000000000
95012  56.284  4.141  15.490 0.0000000000
95001  56.174  3.934  16.228 0.0000000000
93914  55.991  3.601  17.079 0.0000000000
94992  56.802  3.988  17.698 0.0000000000
93904  56.109  3.534  18.034 0.0000000000
175982  52.566  2.217  20.997 0.0000000000
159169  53.475  2.771  21.460 0.0000000000
158179  52.880  2.503  21.543 0.0000000000
92693  55.071  3.201  23.485 0.0000000000
89403  41.626  -0.068  19.866 0.0000000000
89385  41.710  -0.429  20.722 0.0000000000
88158  43.058  -0.505  22.380 0.0000000000
89363  42.994  -0.140  21.776 0.0000000000
89346  43.695  -0.263  22.802 0.0000000000
89361  44.292  0.316  22.475 0.0000000000
89345  44.323  0.014  23.185 0.0000000000
81268  33.176  -6.476  28.816 0.0000000000
82283  33.601  -5.852  28.966 0.0000000000
82282  34.112  -5.493  29.116 0.0000000000
81260  34.006  -6.002  29.591 0.0000000000
173406  35.267  -5.684  31.768 0.0000000000
82241  35.511  -4.915  31.964 0.0000000000
83319  35.826  -4.438  32.119 0.0000000000
82235  35.825  -4.778  32.743 0.0000000000
73901  30.878  -12.070  38.047 0.0000000000
73900  31.668  -11.977  38.097 0.0000000000
73874  33.331  -11.842  39.671 0.0000000000
73899  32.811  -11.785  38.416 0.0000000000
73886  33.340  -11.693  38.885 0.0000000000
75221  33.837  -11.381  38.542 0.0000000000
75212  34.579  -11.361  39.693 0.0000000000
176103  51.495  2.093  11.706 0.0000000000
158375  51.646  1.979  12.287 0.0000000000
154971  53.293  2.100  12.501 0.0000000000
92861  54.036  2.256  11.210 0.0000000000
92847  55.537  2.515  12.130 0.0000000000
93944  55.112  3.373  14.026 0.0000000000
95037  55.706  3.836  14.442 0.0000000000
99710  59.303  7.635  7.393 0.0000000000
99722  59.509  8.449  7.187 0.0000000000
99709  60.174  8.007  7.661 0.0000000000
178484  59.278  5.780  8.340 0.0000000000
164545  60.044  5.921  8.897 0.0000000000
97458  59.382  5.339  8.905 0.0000000000
169428  28.946  -17.676  41.157 0.0000000000
65671  29.661  -17.866  40.734 0.0000000000
66908  30.679  -17.839  44.340 0.0000000000
65628  30.796  -17.893  43.487 0.0000000000
154786  31.329  -18.167  43.991 0.0000000000
65612  31.715  -18.615  44.490 0.0000000000
60451  19.100  -22.020  51.048 0.0000000000
61755  19.732  -21.758  51.859 0.0000000000
60442  19.182  -21.851  51.620 0.0000000000
61734  19.163  -21.362  53.264 0.0000000000
155035  20.326  -21.196  55.312 0.0000000000
173658  17.244  -21.661  54.146 0.0000000000
60405  17.414  -21.388  54.910 0.0000000000
92796  51.109  1.951  15.403 0.0000000000
92795  51.933  2.076  15.655 0.0000000000
91695  50.048  1.451  16.710 0.0000000000
91694  50.778  1.517  16.773 0.0000000000
91680  51.807  1.563  17.532 0.0000000000
91681  51.046  1.376  17.525 0.0000000000
90568  47.664  1.167  16.433 0.0000000000
91707  48.298  1.265  16.100 0.0000000000
91697  48.310  1.188  16.804 0.0000000000
91667  49.262  1.160  18.648 0.0000000000
91666  50.056  1.223  18.508 0.0000000000
91665  50.861  1.290  18.356 0.0000000000
91654  50.625  1.322  19.306 0.0000000000
91643  50.740  1.474  20.118 0.0000000000
92732  50.756  1.872  21.440 0.0000000000
92733  50.126  1.704  21.389 0.0000000000
184635  51.121  2.044  22.442 0.0000000000
92716  50.328  1.843  22.232 0.0000000000
85694  41.486  -2.878  24.261 0.0000000000
86904  42.103  -2.512  24.263 0.0000000000
85685  42.669  -2.854  25.195 0.0000000000
84574  44.296  -3.684  27.171 0.0000000000
85663  44.501  -3.075  26.757 0.0000000000
85653  45.445  -3.433  27.549 0.0000000000
86872  45.790  -2.652  27.107 0.0000000000
83355  45.456  -4.816  30.059 0.0000000000
83375  45.431  -4.759  29.454 0.0000000000
83374  45.866  -4.624  29.924 0.0000000000
84534  46.956  -3.930  29.762 0.0000000000
85625  47.591  -3.403  30.005 0.0000000000
85634  47.445  -3.386  29.268 0.0000000000
85624  48.361  -2.789  30.173 0.0000000000
76575  33.051  -9.675  30.964 0.0000000000
175806  33.412  -9.185  30.786 0.0000000000
77797  33.573  -9.318  31.397 0.0000000000
157508  48.983  2.489  12.453 0.0000000000
181873  49.932  2.317  12.412 0.0000000000
92837  49.516  2.197  12.849 0.0000000000
91717  49.554  1.789  14.565 0.0000000000
91733  50.255  1.960  14.192 0.0000000000
92807  50.961  2.076  14.608 0.0000000000
163720  51.427  2.244  14.243 0.0000000000
55674  11.270  -25.940  52.456 0.0000000000
55660  11.859  -25.552  52.957 0.0000000000
55661  11.117  -25.820  53.233 0.0000000000
56814  10.620  -25.237  54.668 0.0000000000
56800  11.148  -24.673  55.166 0.0000000000
56792  10.654  -24.294  55.801 0.0000000000
162679  11.077  -23.869  56.346 0.0000000000
55640  8.145  -25.327  55.008 0.0000000000
55639  8.943  -25.299  54.954 0.0000000000
56803  8.516  -24.839  55.503 0.0000000000
88182  40.552  -1.355  21.108 0.0000000000
88198  39.764  -1.438  20.709 0.0000000000
85734  38.759  -2.634  21.530 0.0000000000
86951  38.528  -2.372  20.851 0.0000000000
86936  39.464  -2.374  21.769 0.0000000000
86935  40.154  -2.175  21.992 0.0000000000
85706  39.880  -3.023  23.075 0.0000000000
84612  39.597  -3.766  24.150 0.0000000000
85696  40.071  -3.317  23.732 0.0000000000
85688  40.249  -3.593  24.412 0.0000000000
84593  41.029  -3.777  25.515 0.0000000000
84602  40.385  -3.882  25.127 0.0000000000
84615  37.698  -4.334  23.473 0.0000000000
83464  37.880  -4.535  24.131 0.0000000000
82320  39.581  -5.214  26.651 0.0000000000
83412  40.395  -5.016  27.023 0.0000000000
83426  41.005  -4.775  26.998 0.0000000000
83411  41.104  -5.084  27.496 0.0000000000
82288  41.440  -5.328  28.129 0.0000000000
82277  40.730  -5.560  29.059 0.0000000000
82261  41.261  -5.409  29.515 0.0000000000
177858  41.420  -4.884  30.565 0.0000000000
177128  41.931  -4.425  31.363 0.0000000000
83335  41.398  -4.635  31.141 0.0000000000
75259  27.992  -11.128  34.852 0.0000000000
72669  27.011  -13.121  36.218 0.0000000000
73953  26.771  -12.357  35.546 0.0000000000
166816  27.246  -13.149  36.982 0.0000000000
72657  27.786  -12.292  37.890 0.0000000000
73917  27.711  -12.009  37.157 0.0000000000
73916  28.253  -11.951  37.460 0.0000000000
73934  28.135  -11.625  36.729 0.0000000000
73915  29.101  -12.061  37.642 0.0000000000
73903  29.171  -12.195  38.360 0.0000000000
72621  29.792  -13.038  41.028 0.0000000000
72628  29.455  -12.573  40.519 0.0000000000
72620  30.494  -12.844  41.298 0.0000000000
72610  30.885  -13.246  41.797 0.0000000000
65670  30.312  -18.062  40.760 0.0000000000
65681  30.720  -17.957  40.124 0.0000000000
65669  31.122  -18.243  40.768 0.0000000000
65654  33.356  -18.316  41.738 0.0000000000
65667  32.527  -18.045  40.770 0.0000000000
66950  32.811  -17.362  40.535 0.0000000000
69246  32.215  -16.371  40.278 0.0000000000
66949  33.402  -17.016  40.873 0.0000000000
68105  35.485  -16.784  43.206 0.0000000000
66924  35.280  -17.397  42.676 0.0000000000
68106  34.975  -16.546  42.697 0.0000000000
69218  33.444  -15.827  42.015 0.0000000000
69208  33.563  -15.625  42.945 0.0000000000
69210  31.638  -15.462  42.775 0.0000000000
165899  32.860  -15.206  44.516 0.0000000000
71442  32.510  -14.604  44.023 0.0000000000
66815  26.713  -17.329  48.773 0.0000000000
160850  26.508  -17.396  49.495 0.0000000000
66816  25.896  -17.408  48.615 0.0000000000
66828  24.364  -17.709  47.736 0.0000000000
65556  24.205  -17.964  49.060 0.0000000000
65566  23.853  -17.974  48.273 0.0000000000
66863  22.430  -17.968  45.456 0.0000000000
66862  23.208  -17.884  45.934 0.0000000000
65590  22.483  -18.149  46.178 0.0000000000
65578  21.896  -18.807  46.971 0.0000000000
165138  22.449  -18.389  46.847 0.0000000000
65577  22.423  -18.722  47.572 0.0000000000
65567  22.708  -18.923  48.377 0.0000000000
64313  22.320  -19.543  48.712 0.0000000000
63107  20.533  -20.506  47.706 0.0000000000
63096  21.382  -20.489  48.691 0.0000000000
61782  20.996  -21.029  49.040 0.0000000000
61783  20.377  -21.336  48.737 0.0000000000
63172  17.980  -19.994  42.109 0.0000000000
163079  18.604  -19.659  42.253 0.0000000000
64387  18.624  -19.783  42.933 0.0000000000
64381  18.927  -19.683  43.506 0.0000000000
63157  18.293  -20.185  43.344 0.0000000000
161022  16.609  -21.357  43.270 0.0000000000
163511  17.713  -21.174  44.835 0.0000000000
61854  18.038  -20.712  44.524 0.0000000000
63140  18.646  -20.428  44.901 0.0000000000
63128  18.775  -20.681  45.611 0.0000000000
63127  19.472  -20.397  45.966 0.0000000000
60505  18.225  -21.930  47.422 0.0000000000
61797  19.036  -21.631  47.763 0.0000000000
60490  18.981  -21.847  48.423 0.0000000000
60475  19.198  -21.900  49.009 0.0000000000
60460  19.369  -21.971  49.792 0.0000000000
60476  18.494  -22.130  48.806 0.0000000000
60493  17.255  -22.603  48.414 0.0000000000
60478  17.025  -22.671  49.210 0.0000000000
174317  16.813  -22.742  49.853 0.0000000000
59156  16.540  -22.969  49.440 0.0000000000
59202  15.228  -23.416  45.958 0.0000000000
59188  16.109  -23.162  47.086 0.0000000000
57976  14.441  -24.303  48.030 0.0000000000
57975  15.044  -23.964  48.386 0.0000000000
162863  16.014  -23.397  49.610 0.0000000000
59157  15.404  -23.711  49.667 0.0000000000
57962  14.962  -24.004  50.020 0.0000000000
56870  13.336  -24.954  49.342 0.0000000000
56861  13.852  -24.688  49.903 0.0000000000
56862  13.247  -25.045  50.112 0.0000000000
56854  12.615  -25.295  50.340 0.0000000000
55698  12.007  -25.519  50.618 0.0000000000
55699  11.396  -25.880  50.880 0.0000000000
157878  10.728  -26.131  50.344 0.0000000000
162264  25.734  -16.419  34.982 0.0000000000
68197  26.036  -16.126  34.844 0.0000000000
68172  26.567  -16.621  35.977 0.0000000000
67036  26.879  -17.027  36.626 0.0000000000
170452  24.561  -16.935  35.768 0.0000000000
67039  24.938  -17.024  36.447 0.0000000000
183453  26.260  -17.346  38.604 0.0000000000
155014  25.914  -17.261  37.334 0.0000000000
67006  26.305  -17.366  38.024 0.0000000000
155015  27.150  -17.481  37.850 0.0000000000
156493  26.877  -17.498  38.646 0.0000000000
66973  27.557  -17.556  39.978 0.0000000000
66974  26.768  -17.410  39.604 0.0000000000
66954  26.347  -17.152  41.082 0.0000000000
66953  27.140  -17.255  41.256 0.0000000000
66928  27.997  -17.143  42.758 0.0000000000
66929  27.351  -17.036  42.791 0.0000000000
156495  24.166  -17.434  41.569 0.0000000000
156496  24.980  -17.274  41.590 0.0000000000
68098  26.274  -16.997  43.901 0.0000000000
68097  27.130  -16.965  43.911 0.0000000000
68088  26.700  -16.945  44.420 0.0000000000
68073  27.544  -17.045  45.309 0.0000000000
68074  26.728  -16.957  45.052 0.0000000000
66838  26.283  -17.172  47.053 0.0000000000
66858  26.955  -17.101  46.603 0.0000000000
66824  27.282  -17.292  48.378 0.0000000000
66806  26.067  -17.502  50.163 0.0000000000
61743  21.476  -21.534  52.563 0.0000000000
61731  21.866  -21.694  53.454 0.0000000000
57916  12.939  -24.174  54.960 0.0000000000
175729  13.528  -24.134  54.798 0.0000000000
156201  13.221  -23.956  55.374 0.0000000000
60380  14.355  -22.139  58.892 0.0000000000
59079  14.297  -22.396  57.858 0.0000000000
60389  14.762  -21.932  58.443 0.0000000000
60388  15.721  -21.634  58.304 0.0000000000
60378  16.122  -21.838  58.841 0.0000000000
96178  58.727  4.965  16.848 0.0000000000
96168  58.797  4.635  17.635 0.0000000000
93903  58.848  3.544  17.755 0.0000000000
92782  53.197  2.365  16.514 0.0000000000
92772  53.331  2.147  17.283 0.0000000000
93883  54.700  2.754  18.973 0.0000000000
93892  54.636  2.690  18.094 0.0000000000
180940  56.139  3.567  18.767 0.0000000000
93890  56.647  3.935  19.386 0.0000000000
93864  54.445  3.165  21.184 0.0000000000
93874  54.756  3.176  20.613 0.0000000000
93863  55.351  3.673  21.328 0.0000000000
94949  57.187  4.454  21.616 0.0000000000
94948  57.797  4.368  21.522 0.0000000000
94957  57.858  4.158  20.672 0.0000000000
93860  58.085  3.961  21.363 0.0000000000
92747  58.248  3.379  20.359 0.0000000000
90540  43.488  0.443  18.248 0.0000000000
174810  43.464  0.439  17.643 0.0000000000
90555  44.065  0.484  17.860 0.0000000000
90539  44.616  0.508  18.259 0.0000000000
90527  44.666  0.518  18.971 0.0000000000
89395  43.150  0.387  20.459 0.0000000000
89401  43.347  0.487  19.659 0.0000000000
90506  46.096  0.750  21.207 0.0000000000
90517  46.351  0.684  20.488 0.0000000000
176511  45.874  0.516  19.979 0.0000000000
91647  47.552  1.183  20.751 0.0000000000
91636  47.458  1.320  21.372 0.0000000000
91595  48.625  1.667  23.588 0.0000000000
91604  48.935  1.775  22.815 0.0000000000
155618  49.317  1.779  23.349 0.0000000000
91594  49.968  1.721  23.461 0.0000000000
91593  50.215  1.623  23.975 0.0000000000
86903  43.460  -2.036  24.834 0.0000000000
88120  43.779  -1.456  24.489 0.0000000000
88104  46.032  -1.065  25.888 0.0000000000
88118  45.043  -0.902  25.046 0.0000000000
89301  45.704  -0.640  25.301 0.0000000000
89313  46.061  -0.048  24.888 0.0000000000
90443  50.118  0.276  26.202 0.0000000000
89280  49.395  -0.223  26.443 0.0000000000
89297  48.762  0.107  25.858 0.0000000000
90454  48.338  0.475  25.349 0.0000000000
178413  48.946  0.561  25.417 0.0000000000
90462  48.753  0.975  24.855 0.0000000000
90461  49.474  0.822  25.224 0.0000000000
82324  35.238  -5.320  26.164 0.0000000000
163340  36.192  -5.423  26.052 0.0000000000
83380  34.695  -5.379  29.221 0.0000000000
83397  35.191  -5.376  28.624 0.0000000000
83379  35.235  -5.349  29.380 0.0000000000
83361  37.825  -5.327  30.477 0.0000000000
154468  36.573  -5.683  28.895 0.0000000000
82281  37.253  -5.806  29.155 0.0000000000
82293  37.402  -5.920  28.530 0.0000000000
82280  37.959  -5.967  28.947 0.0000000000
158470  38.585  -5.890  29.401 0.0000000000
170765  38.391  -5.638  30.015 0.0000000000
83300  39.520  -4.344  32.358 0.0000000000
83315  39.911  -4.628  31.733 0.0000000000
83299  40.290  -4.359  32.305 0.0000000000
83298  40.949  -4.288  32.283 0.0000000000
84460  40.749  -3.925  33.392 0.0000000000
73930  31.763  -11.872  36.505 0.0000000000
73947  31.885  -11.806  35.788 0.0000000000
75265  32.797  -11.168  34.588 0.0000000000
73961  32.241  -11.485  34.521 0.0000000000
75276  32.541  -11.175  33.873 0.0000000000
159272  32.597  -10.946  33.192 0.0000000000
75275  33.082  -10.630  33.578 0.0000000000
77761  34.703  -9.674  34.676 0.0000000000
76541  34.124  -9.790  33.600 0.0000000000
77768  34.625  -9.480  34.003 0.0000000000
77775  34.559  -9.203  33.201 0.0000000000
77767  35.028  -8.944  33.854 0.0000000000
73811  35.231  -11.420  44.663 0.0000000000
73834  34.378  -11.842  43.026 0.0000000000
75179  35.660  -11.348  43.411 0.0000000000
76462  36.613  -10.721  42.364 0.0000000000
75196  36.069  -11.131  42.030 0.0000000000
166390  35.949  -11.031  41.207 0.0000000000
75210  35.793  -10.851  40.436 0.0000000000
76475  36.366  -10.487  40.797 0.0000000000
78926  37.575  -8.728  39.677 0.0000000000
77707  37.603  -8.903  40.337 0.0000000000
77715  37.077  -9.196  39.290 0.0000000000
77716  36.538  -9.596  38.941 0.0000000000
77727  36.432  -9.453  38.215 0.0000000000
77737  36.306  -9.329  37.473 0.0000000000
77736  36.880  -8.941  37.804 0.0000000000
80179  37.443  -7.755  36.095 0.0000000000
78996  36.972  -8.092  35.716 0.0000000000
79009  36.591  -8.127  35.116 0.0000000000
79022  35.888  -8.269  34.179 0.0000000000
80207  36.444  -7.839  34.520 0.0000000000
80221  36.453  -7.135  33.930 0.0000000000
80220  36.854  -7.262  34.633 0.0000000000
82216  37.482  -5.378  35.739 0.0000000000
173338  37.289  -6.044  35.258 0.0000000000
82217  37.105  -5.112  35.084 0.0000000000
83277  36.820  -4.708  34.501 0.0000000000
83270  37.391  -4.435  35.422 0.0000000000
83231  39.201  -4.783  38.589 0.0000000000
84386  39.100  -3.941  38.211 0.0000000000
84408  38.539  -3.513  36.909 0.0000000000
85560  38.723  -3.256  36.488 0.0000000000
85561  38.402  -3.483  35.740 0.0000000000
85583  39.172  -3.290  35.152 0.0000000000
84438  38.909  -3.531  34.577 0.0000000000
85571  39.801  -2.929  35.598 0.0000000000
98607  55.681  7.205  9.790 0.0000000000
93986  52.205  2.627  10.839 0.0000000000
95086  52.049  3.347  10.732 0.0000000000
176446  52.622  2.981  10.594 0.0000000000
96265  55.968  5.139  9.029 0.0000000000
97459  56.008  5.936  9.166 0.0000000000
96274  56.537  4.955  8.760 0.0000000000
162981  56.961  5.320  8.502 0.0000000000
95082  57.422  3.844  9.785 0.0000000000
95090  57.439  4.315  9.056 0.0000000000
171642  58.063  4.167  9.669 0.0000000000
95080  58.742  4.430  10.053 0.0000000000
95073  58.789  4.416  10.849 0.0000000000
93966  56.215  2.836  12.069 0.0000000000
93965  56.879  3.125  11.771 0.0000000000
95063  57.389  3.744  12.287 0.0000000000
96232  58.387  5.337  13.256 0.0000000000
95062  58.047  4.122  11.953 0.0000000000
96241  58.463  4.868  12.426 0.0000000000
96240  59.084  5.267  12.156 0.0000000000
97436  60.407  6.158  12.453 0.0000000000
96239  59.520  5.858  12.643 0.0000000000
97416  60.419  5.929  13.746 0.0000000000
101837  60.238  10.366  6.612 0.0000000000
101836  61.479  10.264  7.111 0.0000000000
99676  62.013  7.583  9.636 0.0000000000
66813  28.464  -17.927  49.047 0.0000000000
57946  14.371  -24.509  51.882 0.0000000000
57929  14.555  -24.374  53.197 0.0000000000
57924  14.678  -24.004  54.413 0.0000000000
57914  14.799  -23.701  55.123 0.0000000000
83312  43.418  -4.443  31.266 0.0000000000
83311  44.117  -4.509  31.317 0.0000000000
84506  43.843  -4.216  31.899 0.0000000000
69290  27.211  -15.798  36.223 0.0000000000
69282  27.415  -15.393  36.912 0.0000000000
68156  28.198  -16.499  37.248 0.0000000000
68155  28.724  -16.253  37.642 0.0000000000
66931  21.670  -17.916  42.315 0.0000000000
66918  21.508  -18.039  42.956 0.0000000000
65644  20.467  -18.599  42.539 0.0000000000
66995  21.371  -17.770  39.673 0.0000000000
174947  21.967  -17.592  39.924 0.0000000000
170474  22.419  -17.537  40.550 0.0000000000
66959  21.874  -17.714  41.156 0.0000000000
63073  22.300  -20.452  50.666 0.0000000000
61752  22.117  -21.287  52.066 0.0000000000
61742  22.392  -21.525  52.891 0.0000000000
95013  55.448  3.682  15.599 0.0000000000
93925  54.532  3.328  15.399 0.0000000000
171190  54.863  3.304  16.087 0.0000000000
92713  52.504  2.454  22.195 0.0000000000
92712  53.381  2.779  22.255 0.0000000000
167760  54.369  2.912  23.489 0.0000000000
88181  41.441  -0.966  21.308 0.0000000000
88180  41.979  -0.661  21.424 0.0000000000
88144  43.140  -0.936  23.130 0.0000000000
80267  34.144  -7.471  30.316 0.0000000000
174859  34.208  -6.567  30.078 0.0000000000
81246  34.536  -6.547  30.609 0.0000000000
81239  35.376  -6.664  31.960 0.0000000000
73876  31.601  -12.193  40.295 0.0000000000
73888  31.738  -12.084  39.453 0.0000000000
73875  32.453  -12.017  40.158 0.0000000000
73861  33.338  -11.915  40.553 0.0000000000
73860  34.160  -11.900  41.009 0.0000000000
92819  51.577  2.154  13.626 0.0000000000
92818  52.284  2.252  13.493 0.0000000000
154821  53.175  2.401  13.369 0.0000000000
92816  53.970  2.657  13.659 0.0000000000
92832  54.693  2.749  13.493 0.0000000000
99711  58.446  7.487  7.524 0.0000000000
98645  59.030  6.870  7.596 0.0000000000
97483  58.747  6.105  7.827 0.0000000000
161977  28.395  -17.415  42.023 0.0000000000
66909  30.011  -17.555  43.822 0.0000000000
66890  30.541  -18.063  45.073 0.0000000000
163992  17.968  -22.295  51.243 0.0000000000
163731  18.322  -21.839  52.269 0.0000000000
60424  18.228  -21.413  53.399 0.0000000000
60401  17.288  -21.362  55.848 0.0000000000
61701  18.047  -20.956  55.713 0.0000000000
91705  49.570  1.626  15.427 0.0000000000
160041  49.539  1.466  16.204 0.0000000000
185520  49.451  1.353  16.782 0.0000000000
90553  47.641  1.040  17.192 0.0000000000
176824  48.306  1.092  17.415 0.0000000000
90535  47.887  0.934  17.889 0.0000000000
91656  49.055  1.217  19.478 0.0000000000
91644  50.113  1.377  20.041 0.0000000000
91645  48.928  1.318  20.256 0.0000000000
160324  48.825  1.473  21.060 0.0000000000
85676  42.273  -3.261  25.526 0.0000000000
85675  42.945  -3.073  25.726 0.0000000000
185665  43.415  -3.648  26.693 0.0000000000
84573  44.810  -3.930  27.642 0.0000000000
55662  10.329  -26.083  53.468 0.0000000000
55649  10.067  -25.786  54.207 0.0000000000
55638  9.772  -25.315  54.865 0.0000000000
85719  38.988  -2.925  22.193 0.0000000000
85707  39.202  -3.210  22.856 0.0000000000
84624  38.751  -3.678  23.288 0.0000000000
84613  38.952  -3.925  23.936 0.0000000000
83451  37.428  -4.936  24.522 0.0000000000
83450  38.096  -4.792  24.817 0.0000000000
83439  38.347  -5.148  25.616 0.0000000000
82305  39.846  -5.507  27.414 0.0000000000
82290  40.052  -5.675  28.073 0.0000000000
82278  40.149  -5.723  28.714 0.0000000000
184908  40.178  -5.617  29.289 0.0000000000
75268  26.633  -11.265  34.623 0.0000000000
71531  27.484  -13.605  38.312 0.0000000000
71521  27.689  -13.148  38.788 0.0000000000
72640  28.086  -12.807  39.234 0.0000000000
73892  28.408  -12.387  38.908 0.0000000000
72622  29.141  -13.227  40.669 0.0000000000
71483  29.846  -14.091  41.395 0.0000000000
65640  32.318  -18.630  42.783 0.0000000000
169109  32.067  -18.422  41.258 0.0000000000
65655  32.585  -18.512  41.903 0.0000000000
65639  33.234  -18.607  42.519 0.0000000000
65638  34.182  -18.318  42.217 0.0000000000
66889  36.285  -17.363  44.212 0.0000000000
69198  34.630  -15.646  44.108 0.0000000000
66826  25.663  -17.354  47.561 0.0000000000
66840  24.919  -17.499  47.207 0.0000000000
66841  24.207  -17.667  46.941 0.0000000000
65603  21.217  -18.596  45.234 0.0000000000
154175  21.795  -18.409  45.786 0.0000000000
183939  21.201  -18.799  45.846 0.0000000000
65591  21.490  -18.804  46.402 0.0000000000
64331  21.306  -19.319  46.980 0.0000000000
64324  21.487  -19.636  47.703 0.0000000000
63114  20.893  -19.929  47.357 0.0000000000
63165  17.558  -20.396  42.348 0.0000000000
60561  16.202  -21.804  43.704 0.0000000000
61870  16.861  -21.508  44.028 0.0000000000
61838  17.715  -21.457  45.401 0.0000000000
154278  18.269  -21.264  45.871 0.0000000000
60519  17.690  -21.756  46.047 0.0000000000
60492  17.942  -22.262  48.200 0.0000000000
60507  17.374  -22.446  47.537 0.0000000000
59174  16.829  -22.803  47.960 0.0000000000
57970  14.312  -24.401  48.733 0.0000000000
56869  13.557  -24.792  48.634 0.0000000000
68198  25.611  -16.178  34.351 0.0000000000
67053  25.872  -16.692  35.684 0.0000000000
155013  25.076  -17.102  37.349 0.0000000000
67008  24.937  -17.050  38.192 0.0000000000
156492  25.660  -17.162  38.631 0.0000000000
182786  26.144  -17.203  39.624 0.0000000000
164155  26.063  -17.128  40.229 0.0000000000
156497  25.798  -17.138  41.683 0.0000000000
186005  24.145  -17.564  42.693 0.0000000000
155020  24.737  -17.476  42.807 0.0000000000
176024  24.929  -17.474  43.361 0.0000000000
66895  25.501  -17.257  44.342 0.0000000000
66876  26.006  -17.076  45.525 0.0000000000
181524  25.718  -17.160  46.033 0.0000000000
57895  12.526  -23.483  56.698 0.0000000000
59103  13.378  -23.452  56.563 0.0000000000
59092  13.015  -23.055  57.305 0.0000000000
60390  13.883  -22.149  58.462 0.0000000000
94990  58.085  4.544  17.842 0.0000000000
93888  58.613  4.029  18.706 0.0000000000
92754  58.455  3.267  18.867 0.0000000000
173689  57.984  2.839  19.190 0.0000000000
92773  52.821  1.873  17.680 0.0000000000
170550  53.420  2.034  17.935 0.0000000000
158486  54.724  2.959  19.858 0.0000000000
163617  56.385  3.841  22.963 0.0000000000
176641  56.776  4.178  22.554 0.0000000000
89382  44.320  0.486  21.590 0.0000000000
90507  45.278  0.638  21.416 0.0000000000
90492  46.481  1.044  21.715 0.0000000000
91621  47.056  1.298  21.841 0.0000000000
175463  47.256  1.474  22.445 0.0000000000
86892  45.030  -1.882  25.969 0.0000000000
88106  44.690  -1.518  25.387 0.0000000000
88093  45.672  -1.638  26.191 0.0000000000
88092  46.256  -1.466  26.373 0.0000000000
88103  46.845  -0.986  26.233 0.0000000000
90451  50.654  0.642  25.884 0.0000000000
82310  34.758  -5.320  27.197 0.0000000000
83341  36.052  -4.725  30.952 0.0000000000
83363  35.965  -5.066  30.222 0.0000000000
83362  36.851  -5.175  30.353 0.0000000000
82251  38.672  -5.310  30.539 0.0000000000
83317  38.369  -4.592  31.713 0.0000000000
75250  32.869  -11.483  36.389 0.0000000000
73946  32.500  -11.584  35.750 0.0000000000
75258  33.103  -11.263  35.755 0.0000000000
165737  33.310  -10.989  35.082 0.0000000000
76534  33.829  -10.488  34.772 0.0000000000
76526  34.143  -10.462  35.488 0.0000000000
76525  34.774  -9.900  35.437 0.0000000000
77755  35.459  -9.456  35.784 0.0000000000
75178  36.207  -11.045  43.659 0.0000000000
183372  36.639  -10.630  44.390 0.0000000000
76454  37.096  -10.256  43.453 0.0000000000
76461  37.093  -10.230  42.674 0.0000000000
78941  37.511  -8.622  38.895 0.0000000000
78956  37.423  -8.544  38.133 0.0000000000
166410  37.846  -8.058  37.711 0.0000000000
78969  37.719  -7.996  37.100 0.0000000000
80190  37.759  -7.176  36.089 0.0000000000
81209  37.394  -6.872  35.456 0.0000000000
162988  38.070  -6.590  36.569 0.0000000000
172731  38.219  -5.372  37.047 0.0000000000
93985  53.284  3.063  10.398 0.0000000000
95098  56.674  4.488  8.842 0.0000000000
93981  57.530  3.554  10.563 0.0000000000
95052  56.448  3.855  13.425 0.0000000000
95051  57.149  4.150  13.112 0.0000000000
96231  59.162  5.979  13.315 0.0000000000
154404  58.798  5.947  13.877 0.0000000000
101818  61.667  9.455  7.656 0.0000000000
101817  61.960  9.526  7.504 0.0000000000
100775  62.656  8.630  6.542 0.0000000000
98599  61.982  6.926  10.618 0.0000000000
96253  62.226  5.681  10.756 0.0000000000
68085  28.789  -17.358  44.977 0.0000000000
66875  29.259  -17.761  45.153 0.0000000000
66857  29.084  -18.108  45.899 0.0000000000
68043  29.015  -18.216  46.797 0.0000000000
66823  29.414  -18.435  48.442 0.0000000000
59133  16.539  -22.730  52.459 0.0000000000
59121  16.372  -22.670  53.260 0.0000000000
59113  16.232  -22.620  54.047 0.0000000000
59108  16.158  -22.612  54.865 0.0000000000
60406  16.696  -21.936  55.314 0.0000000000
60402  16.633  -21.787  56.189 0.0000000000
61694  17.296  -21.266  57.679 0.0000000000
90579  46.989  1.161  16.160 0.0000000000
90570  46.488  1.008  16.681 0.0000000000
155689  46.850  0.873  17.308 0.0000000000
156725  46.538  0.697  18.134 0.0000000000
83393  43.566  -4.885  28.283 0.0000000000
83377  43.699  -5.078  29.117 0.0000000000
83356  44.956  -4.998  29.926 0.0000000000
84524  45.437  -4.428  31.187 0.0000000000
84504  45.366  -4.032  31.865 0.0000000000
84503  46.000  -3.964  31.682 0.0000000000
54627  8.609  -26.549  53.451 0.0000000000
54619  8.141  -26.223  53.917 0.0000000000
55653  6.873  -25.842  54.489 0.0000000000
55641  7.310  -25.342  55.087 0.0000000000
56804  7.720  -24.852  55.600 0.0000000000
56795  7.328  -24.434  56.416 0.0000000000
82335  37.638  -5.451  25.817 0.0000000000
71545  27.064  -13.968  36.782 0.0000000000
70393  27.159  -14.577  37.342 0.0000000000
70385  27.370  -14.339  38.114 0.0000000000
70384  27.705  -14.792  38.511 0.0000000000
70372  28.483  -14.946  39.405 0.0000000000
174719  23.728  -17.732  44.731 0.0000000000
66881  22.464  -17.879  44.694 0.0000000000
66900  21.328  -18.171  43.692 0.0000000000
65615  21.155  -18.413  44.451 0.0000000000
64357  20.224  -19.169  44.904 0.0000000000
60546  15.792  -22.246  43.998 0.0000000000
60532  16.146  -22.442  45.212 0.0000000000
59214  15.719  -22.913  45.518 0.0000000000
67010  22.689  -17.384  38.203 0.0000000000
66977  23.869  -17.129  39.821 0.0000000000
179235  24.652  -17.090  40.318 0.0000000000
164153  24.139  -17.176  40.345 0.0000000000
66957  23.776  -17.361  40.949 0.0000000000
155016  23.772  -17.558  42.195 0.0000000000
156494  23.387  -17.510  41.568 0.0000000000
66897  23.972  -17.691  44.135 0.0000000000
95011  57.013  4.585  15.272 0.0000000000
96190  57.736  4.967  15.742 0.0000000000
161291  57.513  4.489  16.814 0.0000000000
94991  57.503  4.367  17.449 0.0000000000
162799  57.521  4.303  18.142 0.0000000000
92741  53.331  2.191  19.929 0.0000000000
92729  53.274  2.410  20.798 0.0000000000
92728  53.842  2.843  21.090 0.0000000000
93848  54.832  3.543  22.036 0.0000000000
92694  54.370  3.214  22.740 0.0000000000
93832  55.370  3.676  22.903 0.0000000000
178318  42.245  0.184  19.467 0.0000000000
89396  42.319  0.084  20.265 0.0000000000
89383  43.412  0.250  21.302 0.0000000000
90481  44.904  0.463  22.942 0.0000000000
90472  45.852  0.626  23.763 0.0000000000
86861  48.280  -2.277  28.400 0.0000000000
86870  48.059  -1.931  27.736 0.0000000000
83415  33.441  -5.334  27.884 0.0000000000
83414  34.102  -5.258  27.947 0.0000000000
82296  33.781  -5.423  28.493 0.0000000000
83365  34.868  -5.323  29.758 0.0000000000
82253  34.473  -5.837  30.176 0.0000000000
82252  34.838  -5.301  30.368 0.0000000000
83342  35.359  -4.925  30.770 0.0000000000
83320  35.563  -4.648  31.513 0.0000000000
166040  36.203  -4.348  32.623 0.0000000000
73932  29.915  -11.999  36.437 0.0000000000
73949  29.978  -12.063  35.706 0.0000000000
154998  30.423  -12.037  36.713 0.0000000000
73931  31.038  -12.000  36.647 0.0000000000
158745  32.114  -11.945  38.602 0.0000000000
158256  32.300  -11.880  37.864 0.0000000000
75237  32.987  -11.661  37.742 0.0000000000
75228  33.630  -11.344  37.802 0.0000000000
75227  34.338  -10.939  38.064 0.0000000000
75226  34.929  -10.693  38.611 0.0000000000
92865  51.048  2.433  11.508 0.0000000000
92864  51.799  2.310  11.294 0.0000000000
92863  52.507  2.234  11.227 0.0000000000
92850  52.898  2.037  11.862 0.0000000000
92862  53.260  2.222  11.224 0.0000000000
168125  54.694  2.354  11.182 0.0000000000
92872  55.069  2.536  10.804 0.0000000000
92871  55.676  2.609  10.970 0.0000000000
92860  55.276  2.404  11.429 0.0000000000
93956  55.899  3.043  12.901 0.0000000000
176942  55.318  3.064  13.396 0.0000000000
95036  56.358  4.141  14.180 0.0000000000
95022  56.977  4.627  14.609 0.0000000000
101838  59.366  10.184  6.602 0.0000000000
100777  59.767  9.390  6.934 0.0000000000
100760  61.505  8.939  7.930 0.0000000000
99692  62.357  7.834  8.609 0.0000000000
100746  61.952  8.376  8.509 0.0000000000
99694  61.682  7.787  9.009 0.0000000000
98625  61.177  7.175  9.304 0.0000000000
98626  60.518  6.945  8.420 0.0000000000
97456  60.733  6.427  9.776 0.0000000000
181005  60.484  6.042  10.363 0.0000000000
96263  59.948  5.548  10.451 0.0000000000
155703  28.850  -17.665  39.567 0.0000000000
66988  29.283  -17.439  38.979 0.0000000000
176563  29.231  -17.752  40.246 0.0000000000
65656  30.575  -18.184  41.472 0.0000000000
65642  30.091  -17.867  42.153 0.0000000000
65641  30.900  -18.220  42.268 0.0000000000
65627  32.027  -18.622  43.682 0.0000000000
65599  32.418  -18.933  44.260 0.0000000000
66874  29.769  -18.119  45.433 0.0000000000
65601  31.011  -18.496  45.385 0.0000000000
65587  31.466  -19.089  45.570 0.0000000000
183802  19.908  -18.669  40.601 0.0000000000
61754  20.193  -21.819  51.260 0.0000000000
60433  19.018  -21.650  52.288 0.0000000000
61733  20.069  -21.372  53.451 0.0000000000
176346  20.599  -21.379  53.937 0.0000000000
61720  20.815  -21.446  54.727 0.0000000000
60425  17.472  -21.701  53.496 0.0000000000
60412  17.884  -21.283  54.133 0.0000000000
156792  19.361  -20.963  55.031 0.0000000000
183176  52.151  2.341  15.167 0.0000000000
92793  53.108  2.643  15.744 0.0000000000
173546  52.521  2.477  15.393 0.0000000000
92784  52.005  1.852  16.500 0.0000000000
91692  52.046  1.726  17.087 0.0000000000
91663  52.300  1.678  18.009 0.0000000000
92751  52.282  1.633  18.801 0.0000000000
91696  48.916  1.311  16.485 0.0000000000
91682  50.276  1.275  17.759 0.0000000000
91653  51.468  1.411  18.997 0.0000000000
91641  51.988  1.612  19.517 0.0000000000
179281  51.887  1.736  20.162 0.0000000000
92743  51.964  1.989  20.855 0.0000000000
91633  50.430  1.567  20.747 0.0000000000
92731  51.445  2.060  21.465 0.0000000000
92714  51.702  2.203  22.181 0.0000000000
92697  51.611  2.145  22.845 0.0000000000
167505  51.554  2.015  23.485 0.0000000000
86921  41.787  -1.994  23.199 0.0000000000
158797  42.432  -1.988  23.842 0.0000000000
168540  42.740  -2.381  24.639 0.0000000000
179787  43.724  -2.272  25.386 0.0000000000
85674  43.630  -2.781  25.914 0.0000000000
85673  44.191  -2.745  26.292 0.0000000000
86884  44.760  -2.483  26.358 0.0000000000
86883  45.399  -2.242  26.529 0.0000000000
85651  46.956  -2.784  27.886 0.0000000000
83392  44.321  -4.824  28.572 0.0000000000
83391  45.048  -4.677  28.749 0.0000000000
84550  45.711  -4.334  28.814 0.0000000000
84535  46.370  -4.323  30.203 0.0000000000
84561  46.273  -3.976  28.762 0.0000000000
84560  46.603  -3.437  28.348 0.0000000000
85642  47.251  -3.143  28.558 0.0000000000
85641  47.891  -2.856  28.826 0.0000000000
86847  48.552  -2.490  29.224 0.0000000000
79089  33.488  -8.739  30.302 0.0000000000
77796  33.816  -8.765  31.042 0.0000000000
79054  34.573  -8.370  31.962 0.0000000000
73814  33.135  -12.604  44.151 0.0000000000
73824  33.708  -12.076  43.578 0.0000000000
172560  34.746  -11.654  45.106 0.0000000000
92853  50.288  2.414  12.004 0.0000000000
92836  51.064  2.039  12.923 0.0000000000
92821  50.263  2.031  13.333 0.0000000000
99697  56.664  7.023  8.937 0.0000000000
175504  12.564  -25.345  52.627 0.0000000000
160305  13.130  -25.025  53.035 0.0000000000
56824  12.435  -25.151  53.413 0.0000000000
56812  12.272  -24.831  54.212 0.0000000000
56799  12.422  -24.389  54.842 0.0000000000
56813  11.422  -25.053  54.417 0.0000000000
57917  11.886  -24.288  55.304 0.0000000000
170035  11.972  -23.880  56.040 0.0000000000
57896  11.642  -23.444  56.867 0.0000000000
55650  9.259  -25.791  54.374 0.0000000000
56793  9.980  -24.360  55.848 0.0000000000
59095  10.311  -23.051  57.944 0.0000000000
59083  10.974  -22.719  58.421 0.0000000000
88196  41.028  -0.894  20.836 0.0000000000
88161  41.086  -1.417  21.637 0.0000000000
86934  40.864  -1.912  22.184 0.0000000000
86949  39.958  -1.835  21.384 0.0000000000
86922  41.052  -2.271  22.887 0.0000000000
86914  41.238  -2.597  23.563 0.0000000000
85695  40.758  -3.112  23.992 0.0000000000
85677  41.582  -3.373  25.231 0.0000000000
84592  41.709  -3.785  26.016 0.0000000000
84577  41.919  -4.694  27.197 0.0000000000
84614  38.313  -4.109  23.718 0.0000000000
84604  39.145  -4.161  24.583 0.0000000000
83449  38.779  -4.611  25.053 0.0000000000
84595  39.343  -4.376  25.149 0.0000000000
84594  39.865  -4.321  25.491 0.0000000000
162992  40.499  -4.185  25.843 0.0000000000
83425  41.430  -4.814  27.223 0.0000000000
185858  42.259  -4.937  27.621 0.0000000000
83395  42.229  -5.168  28.096 0.0000000000
83378  42.775  -5.191  29.247 0.0000000000
83358  42.499  -5.059  29.965 0.0000000000
82276  41.405  -5.475  28.826 0.0000000000
82260  41.979  -5.301  29.349 0.0000000000
154214  42.604  -4.400  31.285 0.0000000000
84483  42.661  -3.890  32.559 0.0000000000
177330  28.582  -11.633  33.752 0.0000000000
161911  28.592  -11.420  34.457 0.0000000000
177425  27.114  -11.714  35.844 0.0000000000
72668  27.348  -12.399  36.761 0.0000000000
73952  27.570  -11.286  35.570 0.0000000000
157464  28.046  -11.372  36.100 0.0000000000
161964  28.731  -11.545  36.166 0.0000000000
178331  29.440  -11.851  36.154 0.0000000000
73914  29.881  -12.050  37.117 0.0000000000
73902  29.985  -12.125  37.809 0.0000000000
73890  30.665  -12.142  38.734 0.0000000000
73891  29.215  -12.283  39.102 0.0000000000
179096  30.047  -12.241  39.229 0.0000000000
159104  30.846  -12.188  39.328 0.0000000000
73864  31.002  -12.424  40.877 0.0000000000
73850  31.194  -12.623  41.541 0.0000000000
72595  32.356  -12.854  43.076 0.0000000000
163367  29.867  -17.395  39.185 0.0000000000
66987  30.402  -17.194  39.134 0.0000000000
65668  31.841  -18.185  40.653 0.0000000000
66968  31.748  -17.311  39.821 0.0000000000
66986  30.888  -16.856  39.281 0.0000000000
68127  31.184  -16.419  39.500 0.0000000000
69247  31.585  -16.026  40.035 0.0000000000
69233  31.031  -15.518  40.763 0.0000000000
65637  34.912  -17.872  42.373 0.0000000000
65652  34.359  -17.602  41.826 0.0000000000
69230  33.290  -16.250  41.198 0.0000000000
163654  31.375  -15.539  41.186 0.0000000000
69221  30.844  -15.372  41.760 0.0000000000
70326  30.692  -15.149  41.988 0.0000000000
70313  31.200  -14.997  42.440 0.0000000000
69200  32.636  -15.411  43.796 0.0000000000
70303  31.581  -14.996  43.095 0.0000000000
71465  31.443  -14.452  42.732 0.0000000000
72584  31.739  -13.914  42.882 0.0000000000
72583  32.178  -13.599  43.296 0.0000000000
72582  32.655  -13.125  43.769 0.0000000000
66804  27.672  -17.753  49.984 0.0000000000
66817  25.162  -17.590  49.275 0.0000000000
66807  25.334  -17.689  50.244 0.0000000000
65547  24.580  -17.953  49.983 0.0000000000
170075  23.907  -18.294  49.532 0.0000000000
65549  23.441  -18.725  49.666 0.0000000000
66842  23.500  -17.828  46.726 0.0000000000
65576  23.010  -18.187  47.217 0.0000000000
64304  22.474  -19.696  49.471 0.0000000000
64314  21.720  -19.889  48.360 0.0000000000
61771  21.170  -21.221  49.715 0.0000000000
61772  20.766  -21.592  49.985 0.0000000000
179597  19.952  -18.717  41.150 0.0000000000
157643  19.931  -18.819  41.947 0.0000000000
65645  19.795  -18.951  42.730 0.0000000000
181445  19.316  -19.236  42.108 0.0000000000
64380  19.675  -19.193  43.530 0.0000000000
64368  19.609  -19.600  44.806 0.0000000000
63158  17.668  -20.554  43.059 0.0000000000
61869  17.252  -21.025  43.514 0.0000000000
63150  18.594  -20.172  44.139 0.0000000000
63149  19.057  -19.953  44.671 0.0000000000
63116  19.675  -20.607  46.727 0.0000000000
176888  19.935  -20.797  47.415 0.0000000000
61809  19.341  -21.150  47.188 0.0000000000
61796  20.165  -21.073  48.059 0.0000000000
60459  20.161  -21.778  49.917 0.0000000000
178151  19.077  -22.077  50.426 0.0000000000
60452  18.474  -22.216  50.720 0.0000000000
158450  18.241  -22.310  49.510 0.0000000000
158959  18.141  -22.343  50.116 0.0000000000
60453  17.731  -22.441  50.600 0.0000000000
60463  17.012  -22.659  50.462 0.0000000000
59150  16.665  -22.789  50.937 0.0000000000
59175  16.286  -23.170  47.961 0.0000000000
59176  15.469  -23.605  47.617 0.0000000000
59164  16.218  -23.320  48.839 0.0000000000
59151  16.188  -23.103  51.071 0.0000000000
57944  15.550  -23.595  51.348 0.0000000000
57963  14.400  -24.359  49.591 0.0000000000
167199  14.415  -24.393  50.374 0.0000000000
161719  14.422  -24.430  51.153 0.0000000000
185712  13.939  -24.746  51.462 0.0000000000
56845  13.337  -25.126  51.472 0.0000000000
56846  12.625  -25.350  51.083 0.0000000000
55687  11.360  -25.955  51.663 0.0000000000
55688  10.656  -26.324  51.925 0.0000000000
54649  10.012  -26.700  51.386 0.0000000000
54641  9.950  -26.686  52.179 0.0000000000
175947  26.139  -14.425  34.543 0.0000000000
70427  26.349  -15.021  34.806 0.0000000000
69320  25.979  -15.681  34.504 0.0000000000
157075  26.485  -15.739  35.164 0.0000000000
68171  27.173  -16.441  36.336 0.0000000000
178808  27.744  -17.417  37.755 0.0000000000
180028  25.181  -16.852  35.730 0.0000000000
67038  25.689  -16.981  36.284 0.0000000000
157141  26.191  -17.176  36.737 0.0000000000
155616  27.720  -17.543  38.331 0.0000000000
66952  28.321  -17.648  40.355 0.0000000000
66939  27.968  -17.454  41.269 0.0000000000
155021  25.430  -17.296  42.924 0.0000000000
155274  26.747  -17.029  42.569 0.0000000000
66913  26.882  -16.968  43.257 0.0000000000
68096  27.915  -17.018  44.064 0.0000000000
68086  28.158  -17.077  44.790 0.0000000000
68072  28.284  -17.293  45.493 0.0000000000
68060  26.827  -17.035  45.806 0.0000000000
68046  27.720  -17.260  46.991 0.0000000000
68029  27.833  -17.347  47.851 0.0000000000
68018  27.961  -17.501  48.773 0.0000000000
56810  13.595  -24.430  54.133 0.0000000000
57915  14.195  -23.992  54.960 0.0000000000
57902  14.273  -23.731  55.581 0.0000000000
59102  14.234  -23.337  56.341 0.0000000000
59101  14.913  -23.012  56.415 0.0000000000
60396  15.877  -21.891  57.407 0.0000000000
60387  16.447  -21.523  57.808 0.0000000000
185742  58.412  5.175  16.177 0.0000000000
96177  59.253  5.029  16.780 0.0000000000
92792  53.723  2.771  16.146 0.0000000000
93916  54.383  2.948  16.516 0.0000000000
92771  53.962  2.355  17.676 0.0000000000
93905  55.299  3.161  17.626 0.0000000000
166100  57.493  4.250  19.377 0.0000000000
94967  57.975  4.151  19.783 0.0000000000
93862  56.457  4.230  21.893 0.0000000000
93872  56.262  4.052  21.032 0.0000000000
93881  56.378  3.922  20.167 0.0000000000
94956  58.115  3.973  20.126 0.0000000000
90554  45.101  0.596  17.774 0.0000000000
154976  45.758  0.638  18.125 0.0000000000
90537  45.956  0.571  18.803 0.0000000000
90528  43.471  0.481  18.941 0.0000000000
154083  44.029  0.517  19.325 0.0000000000
184742  44.523  0.502  20.284 0.0000000000
90519  44.632  0.512  19.696 0.0000000000
90526  45.393  0.507  19.378 0.0000000000
182133  46.089  0.540  19.420 0.0000000000
90515  47.683  1.073  20.004 0.0000000000
91620  47.739  1.507  21.944 0.0000000000
91619  48.632  1.645  21.965 0.0000000000
171469  49.404  1.788  22.289 0.0000000000
92699  50.345  1.777  23.019 0.0000000000
88132  42.941  -1.461  23.641 0.0000000000
88131  43.497  -1.180  23.855 0.0000000000
88130  44.130  -0.884  24.142 0.0000000000
89315  44.773  -0.580  24.412 0.0000000000
89330  44.505  -0.283  23.797 0.0000000000
89329  45.199  0.066  23.991 0.0000000000
89328  45.756  0.200  24.355 0.0000000000
90464  46.299  0.470  24.386 0.0000000000
88081  47.884  -1.538  27.241 0.0000000000
88090  48.144  -1.054  26.848 0.0000000000
89281  47.690  -0.688  26.326 0.0000000000
89261  49.625  -0.667  27.101 0.0000000000
163381  48.481  -0.477  26.367 0.0000000000
89299  47.252  -0.271  25.710 0.0000000000
90455  47.631  0.323  25.251 0.0000000000
174883  47.347  0.653  24.721 0.0000000000
90471  46.880  0.779  24.350 0.0000000000
90470  47.498  1.056  24.250 0.0000000000
180661  48.890  1.425  24.269 0.0000000000
182540  50.482  0.931  25.388 0.0000000000
167335  50.693  1.247  24.955 0.0000000000
161280  50.113  1.424  24.493 0.0000000000
91583  50.758  1.567  24.336 0.0000000000
91581  52.054  1.727  24.711 0.0000000000
92675  52.862  1.983  24.880 0.0000000000
82337  36.601  -5.390  25.421 0.0000000000
163832  36.972  -5.495  25.953 0.0000000000
82322  37.443  -5.682  26.466 0.0000000000
82295  35.463  -5.400  27.733 0.0000000000
82294  36.056  -5.550  28.305 0.0000000000
82309  36.344  -5.564  27.444 0.0000000000
82308  37.677  -5.981  27.784 0.0000000000
155946  37.938  -5.895  27.025 0.0000000000
154985  38.821  -5.996  28.524 0.0000000000
82279  39.489  -5.785  29.161 0.0000000000
82249  40.353  -5.157  30.360 0.0000000000
82250  39.541  -5.149  30.581 0.0000000000
83337  40.160  -4.878  31.063 0.0000000000
83336  40.848  -4.873  30.819 0.0000000000
160710  41.424  -4.368  31.793 0.0000000000
84484  41.902  -3.939  32.673 0.0000000000
155185  30.573  -12.249  35.253 0.0000000000
73963  30.887  -12.228  34.523 0.0000000000
168124  32.049  -11.674  35.147 0.0000000000
73962  31.581  -11.875  34.528 0.0000000000
159510  33.367  -10.007  32.481 0.0000000000
76551  33.557  -10.147  33.229 0.0000000000
77785  33.740  -9.479  32.120 0.0000000000
157490  34.203  -9.184  32.490 0.0000000000
77774  34.591  -8.719  32.511 0.0000000000
79053  34.998  -8.162  32.422 0.0000000000
73835  33.613  -12.062  42.690 0.0000000000
163724  34.421  -11.902  42.288 0.0000000000
73859  34.926  -11.724  41.248 0.0000000000
75189  35.509  -11.478  42.559 0.0000000000
75197  35.493  -11.441  41.637 0.0000000000
75205  34.735  -11.559  40.478 0.0000000000
75211  35.201  -11.140  40.072 0.0000000000
75219  35.047  -10.923  39.331 0.0000000000
76488  35.516  -10.437  38.980 0.0000000000
77696  37.516  -9.580  42.218 0.0000000000
184045  38.073  -8.604  41.434 0.0000000000
77702  37.344  -9.408  40.845 0.0000000000
76474  36.916  -10.087  41.169 0.0000000000
76481  36.233  -10.314  40.046 0.0000000000
76487  36.103  -10.133  39.318 0.0000000000
76496  35.424  -10.260  38.293 0.0000000000
77738  35.714  -9.689  37.194 0.0000000000
77748  35.544  -9.618  36.513 0.0000000000
163914  36.014  -9.021  35.936 0.0000000000
78971  36.758  -8.794  37.036 0.0000000000
78984  36.598  -8.648  36.243 0.0000000000
77754  35.776  -8.930  35.240 0.0000000000
175244  35.438  -8.531  33.845 0.0000000000
80222  35.651  -8.090  33.562 0.0000000000
80239  35.475  -7.846  32.883 0.0000000000
80238  35.947  -7.450  33.336 0.0000000000
81225  36.107  -6.581  33.178 0.0000000000
81217  37.099  -6.696  34.872 0.0000000000
82230  36.458  -5.983  33.775 0.0000000000
155890  35.929  -5.540  33.151 0.0000000000
82231  36.219  -4.971  33.433 0.0000000000
83286  36.599  -4.565  33.811 0.0000000000
84464  36.922  -4.201  33.590 0.0000000000
82185  39.001  -5.667  38.211 0.0000000000
82196  38.554  -5.535  37.571 0.0000000000
83253  38.048  -4.761  36.721 0.0000000000
84397  38.632  -3.836  37.520 0.0000000000
84398  38.299  -4.051  36.864 0.0000000000
173388  38.046  -4.169  36.391 0.0000000000
84424  37.745  -3.750  35.248 0.0000000000
180796  37.761  -3.726  34.691 0.0000000000
84463  37.584  -4.023  33.341 0.0000000000
84462  38.432  -3.867  33.594 0.0000000000
169795  39.330  -3.950  33.455 0.0000000000
84461  39.940  -3.845  33.731 0.0000000000
84436  40.525  -3.614  34.145 0.0000000000
99679  56.262  7.481  9.490 0.0000000000
98628  56.584  6.306  8.888 0.0000000000
97468  57.118  5.953  8.353 0.0000000000
97467  57.532  5.327  8.214 0.0000000000
96272  57.924  4.856  8.647 0.0000000000
96271  58.704  4.943  8.901 0.0000000000
96264  59.272  4.976  9.665 0.0000000000
93975  56.272  2.818  11.259 0.0000000000
93974  56.860  3.138  10.874 0.0000000000
95074  58.151  3.973  11.115 0.0000000000
96250  59.265  5.086  11.424 0.0000000000
96255  59.883  5.638  11.248 0.0000000000
97442  60.443  6.112  11.758 0.0000000000
97428  59.956  6.071  13.169 0.0000000000
96230  60.954  5.733  13.279 0.0000000000
54618  8.793  -26.146  53.979 0.0000000000
56811  12.968  -24.429  54.454 0.0000000000
57903  12.886  -23.767  55.979 0.0000000000
57905  10.168  -23.881  56.485 0.0000000000
57936  14.808  -24.192  52.436 0.0000000000
57937  14.164  -24.623  52.591 0.0000000000
59080  13.440  -22.507  57.939 0.0000000000
59081  12.610  -22.535  58.036 0.0000000000
59082  11.827  -22.588  58.201 0.0000000000
59089  15.334  -22.506  56.852 0.0000000000
59090  14.640  -22.783  57.054 0.0000000000
59094  11.344  -23.031  57.635 0.0000000000
59110  14.876  -23.375  55.808 0.0000000000
59165  15.578  -23.665  49.019 0.0000000000
60436  17.032  -22.241  52.970 0.0000000000
60441  19.584  -21.903  51.278 0.0000000000
61810  18.776  -21.494  47.067 0.0000000000
63115  20.304  -20.272  47.027 0.0000000000
64330  21.827  -19.159  47.459 0.0000000000
65629  30.386  -17.800  42.906 0.0000000000
65666  33.286  -17.804  41.070 0.0000000000
66896  25.007  -17.451  44.693 0.0000000000
66936  34.224  -16.876  41.619 0.0000000000
66937  33.856  -17.319  41.314 0.0000000000
66951  32.166  -17.674  40.265 0.0000000000
66969  31.003  -17.458  39.622 0.0000000000
66970  30.267  -17.621  39.619 0.0000000000
66971  29.603  -17.642  39.590 0.0000000000
66985  31.381  -16.967  39.517 0.0000000000
66989  28.452  -17.556  38.790 0.0000000000
68071  28.699  -17.687  45.647 0.0000000000
68095  35.024  -16.177  43.362 0.0000000000
68112  33.759  -16.766  41.272 0.0000000000
68118  32.821  -16.653  40.588 0.0000000000
68126  31.783  -16.707  39.812 0.0000000000
68137  30.328  -16.532  38.972 0.0000000000
68145  29.177  -16.568  38.122 0.0000000000
68170  27.729  -16.174  36.714 0.0000000000
68186  26.292  -16.322  35.358 0.0000000000
68187  25.331  -16.634  35.189 0.0000000000
69191  32.860  -15.016  44.560 0.0000000000
69192  32.409  -15.206  44.150 0.0000000000
69199  33.630  -15.466  43.913 0.0000000000
69201  31.938  -15.329  43.517 0.0000000000
69209  32.598  -15.535  42.842 0.0000000000
69211  31.090  -15.304  42.437 0.0000000000
69217  34.287  -16.199  42.188 0.0000000000
69220  31.692  -15.538  41.651 0.0000000000
69222  30.356  -15.168  41.433 0.0000000000
69232  31.822  -15.776  40.717 0.0000000000
69234  30.184  -15.312  40.603 0.0000000000
69248  30.883  -15.758  39.855 0.0000000000
69250  29.317  -15.346  39.515 0.0000000000
69261  30.644  -16.074  39.249 0.0000000000
69264  28.207  -15.107  38.789 0.0000000000
70302  32.129  -15.095  43.607 0.0000000000
70314  30.682  -14.746  41.979 0.0000000000
70327  30.226  -14.695  41.522 0.0000000000
70343  29.309  -14.514  40.744 0.0000000000
70374  27.611  -14.026  38.772 0.0000000000
71452  32.003  -14.476  43.368 0.0000000000
71466  30.913  -14.353  42.211 0.0000000000
71482  30.409  -14.222  41.773 0.0000000000
71495  29.401  -13.957  40.978 0.0000000000
72568  33.288  -12.762  44.982 0.0000000000
72569  32.904  -13.416  44.581 0.0000000000
72570  32.541  -13.971  43.991 0.0000000000
72596  31.839  -13.252  42.708 0.0000000000
72597  31.292  -13.724  42.331 0.0000000000
72598  30.711  -13.850  41.928 0.0000000000
72612  29.592  -13.592  41.189 0.0000000000
72639  28.591  -12.509  39.642 0.0000000000
72648  27.835  -12.490  38.603 0.0000000000
72658  27.467  -12.636  37.466 0.0000000000
73803  34.558  -11.950  45.802 0.0000000000
73812  34.597  -11.682  44.515 0.0000000000
73822  35.157  -11.487  43.954 0.0000000000
73836  32.762  -12.369  42.630 0.0000000000
73837  32.092  -12.614  42.428 0.0000000000
73845  35.002  -11.745  41.987 0.0000000000
73846  34.520  -11.886  41.653 0.0000000000
73847  33.903  -11.992  41.836 0.0000000000
73848  32.643  -12.235  41.898 0.0000000000
73877  30.944  -12.266  40.093 0.0000000000
73878  30.139  -12.318  39.956 0.0000000000
73879  29.315  -12.391  39.826 0.0000000000
73911  32.458  -11.733  37.031 0.0000000000
73966  26.896  -11.523  35.268 0.0000000000
75168  36.659  -10.689  43.898 0.0000000000
75170  35.733  -11.240  44.164 0.0000000000
75187  36.672  -10.729  43.143 0.0000000000
75213  33.944  -11.543  39.293 0.0000000000
75248  34.064  -10.705  36.231 0.0000000000
76469  36.493  -10.631  41.575 0.0000000000
76480  36.801  -9.922  40.416 0.0000000000
76495  35.989  -9.960  38.607 0.0000000000
76506  34.687  -10.474  37.412 0.0000000000
76542  33.697  -10.306  33.973 0.0000000000
77709  36.659  -9.759  39.669 0.0000000000
77760  35.499  -8.810  34.468 0.0000000000
78955  37.947  -8.095  38.449 0.0000000000
78970  37.342  -8.434  37.390 0.0000000000
78997  36.356  -8.536  35.498 0.0000000000
80163  38.542  -7.166  37.654 0.0000000000
80164  38.160  -7.540  37.254 0.0000000000
80178  37.792  -7.668  36.623 0.0000000000
80206  36.909  -7.692  35.104 0.0000000000
81190  38.724  -6.462  37.765 0.0000000000
82208  37.927  -5.628  36.477 0.0000000000
82223  36.874  -5.783  34.547 0.0000000000
82262  40.587  -5.439  29.708 0.0000000000
82263  39.892  -5.487  29.841 0.0000000000
82267  35.906  -5.347  29.529 0.0000000000
82339  34.635  -5.289  25.856 0.0000000000
83252  38.376  -4.713  37.288 0.0000000000
83285  36.943  -4.240  34.155 0.0000000000
83297  41.507  -4.168  32.316 0.0000000000
83331  45.787  -4.630  30.484 0.0000000000
83338  38.926  -4.919  31.160 0.0000000000
83339  38.120  -4.930  31.118 0.0000000000
83359  41.723  -5.116  30.033 0.0000000000
83413  34.733  -5.325  28.028 0.0000000000
83436  40.726  -4.523  26.490 0.0000000000
84376  39.499  -3.957  38.881 0.0000000000
84423  38.311  -3.542  34.979 0.0000000000
84485  41.206  -4.049  32.794 0.0000000000
84488  37.786  -4.119  32.772 0.0000000000
84562  45.296  -4.130  28.169 0.0000000000
84575  43.085  -4.468  27.340 0.0000000000
84583  42.953  -3.975  26.783 0.0000000000
84585  41.419  -4.406  26.699 0.0000000000
85550  38.995  -3.123  37.261 0.0000000000
85559  39.436  -2.781  36.495 0.0000000000
85654  44.834  -3.404  27.205 0.0000000000
85665  43.226  -3.370  26.314 0.0000000000
86893  44.301  -2.191  25.765 0.0000000000
88145  42.467  -1.475  23.168 0.0000000000
90452  50.050  0.695  25.591 0.0000000000
90473  45.279  0.489  23.419 0.0000000000
90516  47.025  0.881  20.269 0.0000000000
91574  50.053  1.075  25.052 0.0000000000
91582  51.364  1.460  24.815 0.0000000000
91585  48.228  1.299  24.247 0.0000000000
91679  52.309  1.746  17.456 0.0000000000
92676  51.467  1.761  24.153 0.0000000000
92696  52.821  2.530  22.877 0.0000000000
92781  53.862  2.534  16.898 0.0000000000
93902  58.842  3.936  18.053 0.0000000000
93984  54.907  2.844  10.340 0.0000000000
94947  57.979  4.024  21.150 0.0000000000
97435  61.002  6.256  12.291 0.0000000000
97440  61.679  6.265  11.568 0.0000000000
98605  61.769  6.894  10.592 0.0000000000
99675  62.308  7.431  9.204 0.0000000000
101816  62.300  9.437  7.147 0.0000000000
154308  11.846  -24.653  54.786 0.0000000000
155019  26.008  -17.081  42.388 0.0000000000
155278  30.530  -12.084  36.109 0.0000000000
156275  18.799  -22.102  49.418 0.0000000000
156296  45.621  0.556  20.653 0.0000000000
156431  37.185  -5.779  27.193 0.0000000000
156644  37.523  -3.913  34.081 0.0000000000
156901  49.776  1.308  17.255 0.0000000000
158701  35.060  -11.632  43.230 0.0000000000
158795  35.293  -10.126  37.631 0.0000000000
159790  44.735  -4.408  28.168 0.0000000000
159956  45.186  -4.857  30.515 0.0000000000
162143  16.728  -21.557  58.353 0.0000000000
162703  42.174  -4.186  26.688 0.0000000000
163935  31.743  -18.495  42.103 0.0000000000
164314  14.824  -24.089  53.735 0.0000000000
166066  13.637  -23.715  55.855 0.0000000000
166664  53.911  2.932  10.311 0.0000000000
166729  49.493  1.325  19.974 0.0000000000
166760  62.575  8.936  7.102 0.0000000000
167836  37.707  -9.144  41.516 0.0000000000
168885  37.312  -9.693  41.535 0.0000000000
169976  37.841  -3.931  35.905 0.0000000000
170641  39.110  -3.726  34.008 0.0000000000
171156  37.153  -7.254  35.105 0.0000000000
171237  62.536  9.273  6.574 0.0000000000
171856  34.740  -5.681  30.719 0.0000000000
172074  14.058  -24.211  54.448 0.0000000000
173387  40.633  -4.169  32.776 0.0000000000
175740  34.078  -5.290  25.952 0.0000000000
176360  34.358  -10.119  34.927 0.0000000000
177115  39.552  -4.846  31.261 0.0000000000
178753  33.828  -16.363  41.619 0.0000000000
178801  30.780  -16.476  39.235 0.0000000000
180425  41.514  -3.147  24.752 0.0000000000
181612  10.812  -23.019  57.799 0.0000000000
182736  19.633  -21.268  47.765 0.0000000000
183334  35.793  -9.343  36.232 0.0000000000
183537  37.092  -4.569  34.943 0.0000000000
183709  52.274  1.763  19.855 0.0000000000
183743  35.003  -9.236  34.400 0.0000000000
183976  44.619  -4.955  30.386 0.0000000000
184391  31.445  -18.675  45.054 0.0000000000
184692  30.875  -18.035  42.892 0.0000000000
184727  44.562  0.517  17.805 0.0000000000
184899  31.587  -18.363  41.017 0.0000000000
185119  28.371  -17.962  49.527 0.0000000000
185151  60.479  5.607  14.223 0.0000000000
185337  33.743  -10.724  35.277 0.0000000000
