#!ascii label  , from subject sub-v2s13x29119_ses-1 vox2ras=TkReg
1965
4178  14.364  -79.201  -19.625 0.5000000000
158215  13.467  -66.843  -19.275 0.6000000238
12314  12.990  -66.045  -19.381 0.6000000238
12315  12.288  -66.565  -19.255 0.6000000238
13049  12.733  -64.621  -18.973 0.6999999881
13073  11.775  -66.087  -19.085 0.6000000238
13768  13.369  -64.382  -18.257 0.6999999881
13785  12.263  -64.617  -18.380 0.6000000238
6288  16.642  -74.852  -16.038 0.5000000000
5736  17.941  -75.801  -19.799 0.6000000238
6334  18.177  -75.445  -18.308 0.6000000238
6322  17.026  -75.132  -17.282 0.5000000000
5755  18.196  -76.009  -21.205 0.5000000000
5748  17.703  -75.756  -20.667 0.4000000060
6344  17.419  -75.587  -19.339 0.5000000000
163070  16.833  -75.317  -18.106 0.6000000238
165338  13.434  -70.248  -13.301 0.5000000000
4218  17.074  -77.981  -23.556 0.4000000060
158299  13.782  -70.196  -14.707 0.5000000000
9478  12.598  -70.159  -14.258 0.5000000000
9498  13.565  -70.175  -15.618 0.6000000238
178616  14.041  -69.981  -17.207 0.6000000238
10888  14.316  -68.410  -18.671 0.6000000238
12312  14.359  -66.498  -19.985 0.6999999881
11567  13.748  -67.807  -18.856 0.6000000238
156832  14.117  -64.507  -19.891 0.6999999881
13784  15.908  -64.570  -19.498 0.6000000238
13800  14.573  -64.118  -19.580 0.6999999881
13024  17.182  -66.283  -17.965 0.6000000238
13026  15.681  -65.578  -17.977 0.6000000238
13027  14.859  -65.129  -17.949 0.6999999881
12289  16.851  -66.642  -17.226 0.6999999881
13786  11.496  -65.097  -18.199 0.6000000238
6936  16.900  -74.303  -14.656 0.5000000000
182725  17.688  -74.832  -16.540 0.6000000238
165542  17.521  -74.649  -15.952 0.5000000000
5746  19.036  -76.348  -19.903 0.6000000238
181365  18.877  -75.838  -18.878 0.6999999881
163684  17.698  -75.243  -17.865 0.6000000238
5763  18.174  -75.957  -22.261 0.4000000060
9474  16.255  -70.524  -14.885 0.5000000000
9459  14.778  -70.352  -13.743 0.5000000000
4193  15.937  -78.072  -20.964 0.5000000000
174841  15.024  -70.399  -15.178 0.5000000000
9534  15.562  -70.330  -17.551 0.6999999881
166182  15.046  -70.472  -15.960 0.6000000238
9582  15.437  -69.797  -18.447 0.6999999881
9560  14.936  -69.899  -17.937 0.6000000238
9535  14.811  -70.142  -17.444 0.6000000238
10887  14.911  -68.654  -19.050 0.6999999881
10176  13.857  -69.443  -17.977 0.6000000238
12329  15.010  -67.137  -20.147 0.6999999881
13070  15.798  -64.598  -20.177 0.6000000238
13086  14.945  -65.795  -20.535 0.6000000238
13069  16.614  -64.811  -19.900 0.6000000238
13071  14.973  -64.561  -20.183 0.6000000238
171543  17.618  -65.924  -18.641 0.6000000238
180258  17.883  -66.515  -17.852 0.6999999881
172050  13.249  -65.764  -16.434 0.6999999881
167065  10.985  -65.154  -16.994 0.5000000000
13005  15.402  -66.170  -17.150 0.6999999881
13006  14.658  -65.935  -16.991 0.6999999881
13755  12.140  -64.925  -17.216 0.6000000238
6955  19.664  -74.190  -15.929 0.5000000000
6956  18.044  -74.263  -15.376 0.5000000000
6935  17.706  -74.067  -14.718 0.5000000000
6321  19.425  -75.123  -17.373 0.6999999881
177644  18.183  -74.728  -16.519 0.6000000238
160948  19.479  -76.771  -20.377 0.5000000000
5734  19.277  -76.172  -19.184 0.6999999881
5722  19.462  -75.847  -18.525 0.6999999881
5723  18.764  -75.580  -18.389 0.6000000238
169613  18.728  -74.900  -17.043 0.6000000238
5230  19.299  -76.999  -23.491 0.4000000060
5224  18.726  -76.477  -21.664 0.4000000060
5214  18.783  -76.448  -20.733 0.5000000000
154148  16.863  -70.566  -14.355 0.5000000000
9514  16.726  -70.526  -16.289 0.5000000000
9473  17.031  -70.544  -15.242 0.5000000000
9496  15.663  -70.489  -15.428 0.5000000000
180288  16.372  -70.143  -18.370 0.6000000238
9515  15.820  -70.569  -16.249 0.5000000000
10188  15.797  -69.528  -19.233 0.6999999881
10909  16.656  -68.609  -21.087 0.6000000238
10901  15.836  -68.650  -20.288 0.6999999881
10886  15.544  -68.992  -19.546 0.6999999881
12345  16.729  -67.058  -21.043 0.6000000238
11594  16.102  -67.280  -20.963 0.6000000238
11579  15.623  -67.722  -20.490 0.6999999881
13083  18.568  -65.743  -20.075 0.6999999881
13099  17.000  -66.042  -20.851 0.6000000238
12328  15.576  -66.506  -20.778 0.6000000238
13041  20.074  -66.151  -18.897 0.6000000238
13067  18.520  -65.767  -19.514 0.6999999881
161315  17.378  -65.281  -19.515 0.6999999881
172240  21.443  -66.265  -18.019 0.6000000238
12298  19.873  -66.499  -18.074 0.6000000238
13043  18.800  -66.077  -18.847 0.6999999881
12982  12.592  -66.199  -15.244 0.6000000238
12299  19.113  -66.505  -18.065 0.6999999881
12278  14.447  -66.454  -16.188 0.6999999881
12993  12.571  -65.752  -16.100 0.6000000238
156217  21.482  -66.403  -17.201 0.6999999881
12286  20.362  -66.717  -17.437 0.6000000238
12273  19.351  -67.046  -16.682 0.8000000119
12275  18.035  -67.174  -16.413 0.6999999881
165422  16.547  -66.891  -16.536 0.6999999881
12262  15.879  -66.757  -16.482 0.6999999881
6934  18.558  -73.765  -14.787 0.6000000238
167464  20.613  -75.952  -18.184 0.6999999881
6320  20.360  -75.163  -17.242 0.6999999881
182279  19.249  -74.819  -16.899 0.6000000238
5203  20.481  -76.826  -19.396 0.5000000000
5733  19.982  -76.335  -18.961 0.6999999881
177244  19.449  -77.015  -22.054 0.4000000060
4674  19.874  -77.155  -20.983 0.5000000000
160302  18.124  -70.819  -14.256 0.5000000000
8823  17.878  -71.208  -13.523 0.5000000000
9472  17.876  -70.570  -15.025 0.5000000000
9513  17.408  -70.437  -16.571 0.6000000238
9557  17.640  -69.928  -18.512 0.6000000238
9558  16.907  -70.171  -18.116 0.6999999881
158478  16.258  -70.362  -17.781 0.6999999881
183652  17.575  -69.761  -19.266 0.6999999881
9580  16.850  -69.927  -18.924 0.6999999881
11592  17.120  -68.040  -21.249 0.6000000238
10211  16.849  -69.172  -21.021 0.6000000238
10199  16.626  -69.396  -20.386 0.6999999881
13095  20.065  -66.134  -21.270 0.6999999881
13097  18.599  -66.033  -20.722 0.6999999881
12343  18.225  -66.805  -21.035 0.6999999881
12220  12.883  -66.800  -13.764 0.6000000238
13094  20.853  -65.602  -20.809 0.6000000238
156652  19.851  -65.935  -20.805 0.6999999881
13098  17.755  -66.058  -20.737 0.6999999881
13782  23.375  -65.122  -19.030 0.6000000238
13783  22.753  -65.509  -18.597 0.6000000238
13796  22.705  -65.345  -19.429 0.6000000238
13065  21.410  -65.817  -19.466 0.6000000238
165256  19.873  -65.914  -19.706 0.6999999881
12243  13.159  -66.678  -14.582 0.6000000238
13020  22.688  -65.648  -17.791 0.6000000238
175615  20.982  -66.139  -18.786 0.6000000238
174196  16.730  -67.479  -14.584 0.6999999881
12217  15.434  -67.297  -14.261 0.6000000238
12264  14.220  -66.716  -15.433 0.6999999881
12265  13.467  -66.522  -15.286 0.6000000238
184857  23.962  -64.626  -17.868 0.5000000000
13767  23.148  -65.341  -17.266 0.6000000238
13004  21.444  -66.530  -16.455 0.8000000119
12991  21.392  -66.552  -15.671 0.8000000119
171551  19.480  -67.234  -15.457 0.8000000119
12259  18.256  -67.385  -15.681 0.8000000119
12261  16.891  -67.200  -15.885 0.6999999881
12263  15.735  -67.044  -15.661 0.6999999881
12272  20.111  -66.963  -16.628 0.8000000119
12258  19.588  -67.151  -16.120 0.8000000119
6967  20.504  -74.270  -16.097 0.6999999881
6954  20.277  -73.726  -15.531 0.6999999881
6932  20.059  -73.187  -14.985 0.6999999881
7517  18.540  -73.124  -13.988 0.6000000238
5720  21.289  -76.059  -18.152 0.6999999881
7516  19.280  -72.648  -14.119 0.6000000238
5202  21.281  -76.927  -19.259 0.6000000238
8118  18.715  -71.868  -13.566 0.5000000000
8821  19.103  -71.525  -14.077 0.5000000000
16012  12.759  -62.714  -11.390 0.6000000238
154672  19.166  -70.696  -15.175 0.5000000000
15247  12.923  -63.309  -10.907 0.5000000000
160199  18.905  -70.428  -16.052 0.5000000000
14459  14.345  -64.498  -10.652 0.6000000238
174764  19.114  -70.134  -17.379 0.6999999881
165336  18.600  -70.257  -16.894 0.6000000238
9579  18.304  -69.771  -19.111 0.6999999881
9531  18.389  -70.049  -17.694 0.6999999881
12926  14.669  -66.101  -10.974 0.6000000238
10217  17.959  -69.130  -21.559 0.6999999881
10186  18.015  -69.633  -20.036 0.6000000238
12354  20.113  -67.298  -21.860 0.6999999881
11607  18.839  -68.253  -21.794 0.6999999881
11608  18.261  -68.271  -21.602 0.6999999881
12200  14.931  -67.083  -12.637 0.6000000238
173577  14.417  -66.782  -11.759 0.6000000238
155829  20.641  -65.815  -21.374 0.6000000238
12356  18.597  -67.537  -21.382 0.6999999881
12199  15.760  -67.161  -12.683 0.6000000238
12202  13.124  -66.966  -12.807 0.6000000238
14589  22.938  -64.270  -21.523 0.6000000238
13811  22.009  -65.175  -20.572 0.6000000238
12197  17.565  -67.190  -12.698 0.6999999881
164182  16.029  -67.367  -13.452 0.6000000238
164895  14.347  -67.106  -13.289 0.6000000238
13795  23.217  -64.909  -20.013 0.6000000238
12965  21.314  -66.317  -13.899 0.6000000238
12194  19.872  -66.864  -13.226 0.6000000238
12215  18.362  -67.495  -14.293 0.6999999881
163400  16.962  -67.453  -13.616 0.6000000238
12242  13.974  -66.872  -14.705 0.6000000238
180370  22.318  -65.790  -14.918 0.6000000238
12213  19.878  -67.056  -14.103 0.8000000119
12979  22.425  -65.823  -15.570 0.6000000238
12981  21.350  -66.491  -14.840 0.6999999881
12240  17.967  -67.512  -15.057 0.8000000119
6299  21.613  -74.682  -16.682 0.6999999881
6966  21.258  -74.263  -16.249 0.6999999881
7543  20.756  -73.194  -15.337 0.6999999881
5719  22.132  -76.046  -18.127 0.6999999881
5708  21.693  -75.600  -17.629 0.6999999881
7532  20.460  -72.653  -14.908 0.6000000238
8130  19.893  -72.236  -14.473 0.6000000238
154118  13.491  -61.654  -14.354 0.6000000238
156055  12.840  -61.571  -14.038 0.6000000238
16046  13.985  -62.410  -12.657 0.6000000238
16816  12.754  -61.810  -13.123 0.6000000238
8835  20.141  -71.575  -14.831 0.6000000238
15262  14.071  -62.816  -11.830 0.5000000000
9530  19.845  -70.232  -17.395 0.6999999881
9511  19.418  -70.336  -16.675 0.6999999881
15244  15.508  -63.980  -11.278 0.4000000060
15246  14.196  -63.389  -11.223 0.5000000000
158584  19.596  -69.965  -18.992 0.6999999881
181490  19.897  -70.079  -18.567 0.8000000119
14473  15.825  -64.573  -11.105 0.5000000000
9593  18.680  -69.753  -20.666 0.6000000238
164846  18.968  -69.810  -18.862 0.6999999881
180181  15.740  -65.699  -10.954 0.6000000238
10919  18.413  -68.877  -21.730 0.6999999881
9603  18.615  -69.639  -21.425 0.6999999881
12156  16.866  -66.455  -11.555 0.6999999881
12925  15.473  -66.062  -11.135 0.6000000238
12352  21.292  -66.408  -22.250 0.6999999881
11614  20.436  -68.055  -22.315 0.6999999881
164626  18.387  -66.318  -11.836 0.5000000000
12177  15.465  -66.847  -12.029 0.6000000238
13834  22.699  -64.827  -22.532 0.6000000238
13828  21.739  -65.153  -21.746 0.6000000238
13107  21.124  -65.741  -21.837 0.6999999881
174780  17.124  -66.896  -12.112 0.6999999881
14596  22.828  -64.419  -22.066 0.6000000238
13822  21.509  -65.285  -21.026 0.6000000238
12952  20.399  -66.427  -12.866 0.5000000000
12174  18.900  -66.724  -12.330 0.6000000238
14578  23.255  -64.486  -20.827 0.6000000238
13737  22.421  -65.456  -14.219 0.6000000238
164217  20.983  -66.247  -13.186 0.5000000000
12196  18.427  -67.127  -12.848 0.6999999881
14527  23.659  -64.234  -14.862 0.6000000238
165435  21.841  -74.191  -16.427 0.6999999881
178731  21.952  -73.286  -16.120 0.6999999881
8151  21.396  -72.408  -15.617 0.6000000238
8834  20.669  -71.765  -15.142 0.6000000238
16851  12.869  -61.288  -15.012 0.4000000060
185716  12.104  -60.941  -15.203 0.5000000000
9490  20.804  -71.008  -16.037 0.6000000238
16832  14.188  -61.911  -14.155 0.5000000000
16834  11.409  -61.063  -13.915 0.6000000238
8852  21.354  -71.325  -16.384 0.6999999881
9553  21.221  -70.911  -17.961 0.6999999881
9492  19.691  -70.588  -15.880 0.6000000238
15261  14.785  -63.090  -11.780 0.5000000000
9577  20.398  -70.398  -18.969 0.6999999881
15243  15.981  -63.989  -11.464 0.4000000060
181692  19.780  -70.100  -23.128 0.6999999881
9607  19.306  -70.088  -22.450 0.6999999881
9601  19.781  -70.772  -21.729 0.6999999881
14471  17.158  -65.058  -11.350 0.6000000238
11613  21.883  -68.016  -23.067 0.6999999881
10221  20.243  -69.599  -23.190 0.6999999881
10215  18.842  -69.460  -21.908 0.6999999881
9602  19.188  -70.102  -21.339 0.6999999881
13699  17.965  -65.133  -11.505 0.5000000000
13685  16.987  -65.844  -11.270 0.5000000000
12361  22.106  -66.561  -22.679 0.6000000238
12362  21.577  -67.239  -22.634 0.6999999881
10933  20.720  -68.725  -22.885 0.6999999881
10918  19.110  -68.993  -22.126 0.6999999881
12922  18.198  -65.760  -11.503 0.5000000000
178862  24.137  -64.346  -23.059 0.5000000000
13114  23.132  -65.693  -22.919 0.6000000238
13106  21.738  -65.691  -22.270 0.6000000238
7548  22.722  -73.361  -16.876 0.6999999881
8157  22.191  -72.352  -16.620 0.6999999881
17675  12.805  -60.377  -16.211 0.4000000060
8166  22.832  -72.601  -17.800 0.6999999881
8843  21.742  -71.974  -16.114 0.6999999881
18579  12.342  -59.742  -15.841 0.4000000060
8163  22.319  -72.111  -17.374 0.6999999881
17659  11.233  -60.189  -15.173 0.6000000238
8869  21.598  -71.301  -18.542 0.8000000119
8862  21.806  -71.467  -17.679 0.6999999881
8902  20.763  -71.689  -21.227 0.6000000238
8880  21.196  -71.117  -19.411 0.6000000238
20335  10.813  -58.392  -13.776 0.6000000238
9606  19.703  -70.769  -22.680 0.6999999881
181012  20.259  -71.389  -21.646 0.6999999881
8893  20.393  -71.013  -20.927 0.6000000238
10231  21.075  -70.015  -23.795 0.6000000238
11612  22.559  -68.093  -23.512 0.6000000238
21177  9.786  -57.547  -11.987 0.5000000000
13113  23.921  -65.923  -23.306 0.6000000238
12360  22.834  -67.295  -23.232 0.6999999881
13847  25.107  -65.885  -23.732 0.5000000000
8167  22.268  -71.954  -18.324 0.6999999881
19462  12.954  -59.241  -15.522 0.4000000060
8879  21.909  -71.741  -19.207 0.8000000119
18563  11.779  -59.359  -15.375 0.5000000000
7582  21.514  -72.760  -21.422 0.8000000119
19439  12.330  -58.626  -13.267 0.4000000060
161000  12.637  -59.050  -14.770 0.4000000060
8183  21.625  -71.822  -20.065 0.6999999881
182057  12.010  -58.333  -12.892 0.4000000060
19451  11.250  -58.753  -14.306 0.5000000000
10230  22.050  -70.152  -24.067 0.6000000238
8914  20.231  -71.218  -23.769 0.6000000238
8203  20.267  -72.074  -22.791 0.6999999881
19429  12.955  -58.627  -11.837 0.4000000060
10931  23.114  -68.997  -24.185 0.6000000238
10932  22.265  -68.801  -23.671 0.6000000238
21163  10.988  -57.728  -10.651 0.4000000060
20315  10.850  -57.875  -12.591 0.6000000238
13122  24.276  -66.975  -23.904 0.6000000238
13121  24.963  -66.911  -24.130 0.5000000000
13119  26.365  -66.268  -24.197 0.5000000000
18552  13.733  -59.588  -13.945 0.4000000060
8175  22.713  -72.596  -19.382 0.8000000119
19437  13.504  -59.497  -13.116 0.4000000060
8182  21.895  -72.473  -20.604 0.6999999881
19438  12.905  -58.887  -12.782 0.4000000060
8202  20.717  -72.667  -23.027 0.6000000238
8194  20.979  -72.354  -21.661 0.6999999881
8913  20.865  -71.407  -24.256 0.6000000238
8211  20.472  -72.058  -23.981 0.6000000238
19419  13.277  -58.770  -11.143 0.4000000060
154532  12.272  -57.921  -10.924 0.4000000060
11620  23.650  -68.622  -24.334 0.6000000238
20291  11.459  -57.754  -10.014 0.4000000060
12367  25.448  -67.756  -24.659 0.4000000060
18545  14.297  -60.004  -13.199 0.4000000060
7581  22.058  -73.096  -21.173 0.6999999881
164332  13.886  -59.756  -12.560 0.4000000060
7596  21.547  -74.085  -24.273 0.6999999881
7590  21.111  -73.079  -22.359 0.6000000238
175169  13.500  -59.091  -11.655 0.4000000060
9611  22.109  -70.798  -24.133 0.6000000238
174158  21.063  -72.092  -24.452 0.6000000238
19410  13.129  -58.451  -10.070 0.4000000060
10945  23.864  -69.307  -24.487 0.6000000238
20282  11.954  -57.855  -9.243 0.3000000119
181325  25.311  -68.733  -24.812 0.4000000060
12379  26.660  -67.962  -25.012 0.4000000060
10956  26.647  -68.662  -25.028 0.4000000060
18523  14.423  -59.851  -10.836 0.4000000060
18514  14.106  -59.476  -10.242 0.4000000060
10229  22.685  -70.125  -24.044 0.6000000238
10944  24.414  -69.367  -24.586 0.6000000238
10218  23.377  -70.039  -23.150 0.6000000238
10942  26.236  -69.076  -24.451 0.4000000060
10929  25.545  -69.081  -23.839 0.5000000000
10955  27.273  -68.788  -25.040 0.4000000060
19339  12.947  -59.265  -4.824 0.3000000119
154334  27.000  -69.050  -24.151 0.4000000060
16787  17.361  -61.393  -9.467 0.4000000060
19355  14.804  -59.026  -5.652 0.3000000119
20214  11.698  -58.065  -3.514 0.4000000060
17591  19.265  -60.529  -9.390 0.4000000060
17565  17.149  -60.533  -7.810 0.4000000060
19354  15.550  -59.042  -5.919 0.3000000119
19367  16.093  -59.317  -6.301 0.3000000119
19323  13.190  -58.778  -4.381 0.3000000119
19337  14.440  -58.597  -5.012 0.3000000119
20213  12.550  -58.073  -3.785 0.3000000119
18478  18.513  -59.858  -7.963 0.4000000060
166382  18.000  -59.737  -7.668 0.4000000060
18480  16.691  -60.112  -7.338 0.4000000060
20228  14.948  -57.985  -5.008 0.3000000119
20229  14.317  -57.897  -4.665 0.3000000119
23688  9.976  -54.036  -5.661 0.4000000060
24595  9.118  -53.492  -6.428 0.3000000119
25562  9.432  -52.812  -7.582 0.3000000119
21118  13.501  -56.921  -4.360 0.3000000119
21101  12.179  -57.275  -3.876 0.3000000119
168411  17.966  -58.474  -7.472 0.4000000060
19365  17.303  -58.736  -6.939 0.4000000060
166748  16.863  -58.295  -6.416 0.3000000119
174325  15.892  -57.622  -5.464 0.3000000119
21116  14.756  -57.179  -4.856 0.3000000119
22797  10.494  -55.231  -4.951 0.3000000119
21963  14.020  -56.356  -4.784 0.3000000119
24604  10.239  -53.228  -6.442 0.3000000119
21964  13.243  -56.107  -4.675 0.3000000119
160881  11.401  -52.320  -7.644 0.4000000060
25561  10.158  -52.479  -7.921 0.3000000119
26581  11.540  -51.834  -9.022 0.3000000119
25596  10.722  -52.210  -9.443 0.3000000119
166096  17.458  -57.813  -7.004 0.4000000060
20256  16.907  -57.452  -6.321 0.4000000060
21975  15.838  -56.320  -5.603 0.3000000119
185771  10.445  -54.129  -5.638 0.4000000060
21976  15.149  -55.970  -5.331 0.3000000119
176236  11.665  -54.207  -5.809 0.3000000119
24603  10.854  -53.168  -6.496 0.4000000060
24592  11.303  -53.693  -6.106 0.4000000060
25622  11.363  -52.091  -9.969 0.3000000119
21141  17.251  -57.046  -6.826 0.4000000060
21142  16.832  -56.665  -6.373 0.4000000060
21990  16.109  -55.828  -6.064 0.4000000060
22824  15.249  -54.876  -6.187 0.4000000060
22794  13.731  -55.588  -5.068 0.3000000119
23685  12.819  -54.324  -6.001 0.3000000119
23700  12.220  -53.818  -6.298 0.3000000119
173962  12.211  -53.160  -6.819 0.3000000119
183849  12.633  -52.319  -7.695 0.5000000000
25547  11.837  -52.706  -7.142 0.4000000060
26562  11.783  -51.923  -8.212 0.4000000060
25621  11.678  -52.535  -10.779 0.3000000119
22000  16.993  -55.697  -7.365 0.4000000060
22823  15.997  -55.201  -6.498 0.4000000060
23697  14.828  -54.317  -6.585 0.3000000119
24617  14.590  -53.260  -7.675 0.3000000119
25557  14.384  -52.667  -8.174 0.3000000119
25594  14.913  -52.363  -9.219 0.3000000119
23683  14.490  -54.695  -6.019 0.3000000119
24599  14.281  -53.796  -6.933 0.3000000119
25558  13.891  -52.778  -7.744 0.3000000119
180793  13.857  -52.188  -8.370 0.3000000119
26601  13.833  -51.746  -9.687 0.3000000119
24600  13.536  -53.591  -6.881 0.3000000119
26579  12.849  -51.716  -9.042 0.3000000119
26603  12.200  -51.759  -9.425 0.3000000119
163495  11.213  -53.521  -12.589 0.3000000119
22834  19.622  -55.899  -8.182 0.3000000119
21997  18.940  -56.253  -8.497 0.3000000119
155167  17.886  -55.805  -8.572 0.3000000119
23731  17.081  -54.700  -9.059 0.3000000119
24640  16.302  -53.851  -9.065 0.3000000119
25619  15.668  -52.662  -10.380 0.3000000119
22836  16.710  -55.099  -7.686 0.3000000119
23733  16.036  -53.981  -8.331 0.3000000119
24641  15.719  -53.402  -8.708 0.3000000119
25575  15.479  -52.901  -9.083 0.3000000119
175724  15.372  -52.372  -10.836 0.3000000119
26647  14.702  -52.024  -11.031 0.3000000119
26625  13.407  -51.784  -10.534 0.3000000119
26648  13.835  -52.007  -11.270 0.3000000119
26626  12.550  -52.052  -10.680 0.3000000119
26649  12.917  -52.393  -11.467 0.3000000119
22832  21.106  -55.260  -7.839 0.3000000119
22005  18.975  -55.436  -8.726 0.3000000119
22845  17.561  -55.156  -8.955 0.3000000119
23748  16.859  -54.286  -9.413 0.3000000119
24674  16.812  -53.619  -10.371 0.3000000119
25643  15.241  -52.319  -11.676 0.3000000119
25644  14.329  -52.289  -12.043 0.3000000119
25645  13.330  -52.683  -12.332 0.3000000119
25684  11.991  -53.368  -13.643 0.3000000119
24687  17.032  -53.389  -10.929 0.3000000119
25642  15.994  -52.810  -11.103 0.3000000119
25664  14.896  -52.577  -12.750 0.3000000119
178459  13.786  -53.031  -14.069 0.3000000119
25666  12.846  -53.276  -13.344 0.3000000119
25683  12.650  -53.125  -14.092 0.3000000119
25640  17.386  -52.928  -11.526 0.3000000119
25662  16.885  -52.749  -12.158 0.3000000119
25663  15.817  -52.648  -12.234 0.3000000119
25639  18.186  -52.712  -11.179 0.3000000119
25661  17.480  -52.416  -12.207 0.3000000119
155225  16.261  -52.734  -12.653 0.3000000119
25680  15.466  -52.728  -13.316 0.3000000119
25697  15.157  -52.808  -14.444 0.3000000119
25698  14.214  -52.894  -14.528 0.3000000119
25700  12.796  -52.546  -14.439 0.3000000119
4177  14.809  -78.677  -19.967 0.5000000000
4676  15.416  -77.709  -21.501 0.5000000000
4204  16.749  -78.048  -22.475 0.4000000060
13801  13.861  -64.098  -19.441 0.6999999881
13029  13.317  -65.078  -17.272 0.6999999881
5239  18.615  -76.607  -24.113 0.4000000060
4192  16.652  -78.252  -21.402 0.5000000000
171970  16.531  -65.164  -20.583 0.6000000238
9494  17.578  -70.487  -15.830 0.5000000000
13084  17.842  -65.648  -20.316 0.6000000238
178852  20.715  -70.541  -18.231 0.8000000119
9510  20.263  -70.569  -16.542 0.6999999881
9591  19.874  -70.427  -20.687 0.6000000238
13832  24.429  -65.184  -23.346 0.5000000000
10222  19.465  -69.769  -22.653 0.6999999881
20303  11.818  -57.873  -11.559 0.4000000060
13846  25.824  -65.620  -23.840 0.5000000000
159247  23.294  -69.608  -24.198 0.6000000238
12366  26.139  -67.335  -24.668 0.4000000060
7600  21.168  -73.517  -24.491 0.6000000238
8911  22.318  -71.503  -24.072 0.6000000238
19393  13.776  -59.030  -9.017 0.3000000119
11618  24.873  -69.125  -24.779 0.4000000060
154190  24.886  -69.303  -24.505 0.4000000060
17575  18.263  -60.768  -8.543 0.4000000060
21999  17.578  -56.152  -7.854 0.3000000119
22843  19.798  -55.111  -8.260 0.3000000119
7026  23.219  -74.540  -24.895 0.5000000000
177786  23.164  -74.531  -23.453 0.5000000000
7005  22.267  -73.709  -21.812 0.6999999881
7004  23.028  -73.716  -21.168 0.6999999881
184092  23.162  -72.910  -18.922 0.6000000238
7027  22.311  -74.494  -23.886 0.5000000000
7589  21.595  -73.921  -22.868 0.6000000238
7580  22.552  -73.335  -20.963 0.6000000238
6333  23.287  -75.176  -17.852 0.6000000238
6318  22.067  -75.034  -17.170 0.6000000238
7003  23.790  -74.115  -21.418 0.6999999881
181876  24.272  -74.439  -19.122 0.6000000238
6316  23.455  -74.493  -17.755 0.6000000238
6986  24.068  -74.048  -19.513 0.6999999881
7564  23.646  -73.491  -18.927 0.6000000238
6317  22.880  -74.695  -17.325 0.6000000238
7033  23.091  -74.098  -25.334 0.5000000000
6357  24.968  -75.025  -19.969 0.6999999881
165758  24.663  -75.408  -19.320 0.6999999881
5732  24.190  -75.832  -18.919 0.6000000238
5718  22.990  -75.898  -18.180 0.6000000238
6370  25.165  -74.835  -20.962 0.6000000238
6993  24.495  -74.345  -20.430 0.6999999881
5717  23.733  -75.552  -18.369 0.6000000238
7001  25.544  -74.692  -22.541 0.6000000238
156666  23.998  -73.034  -24.327 0.5000000000
7599  21.803  -73.939  -25.124 0.5000000000
6369  25.828  -75.204  -21.412 0.6999999881
175214  24.592  -76.023  -19.366 0.6000000238
5187  22.569  -76.508  -18.639 0.6000000238
8200  24.216  -72.411  -22.872 0.5000000000
7601  22.834  -73.708  -25.455 0.5000000000
8901  23.919  -70.869  -21.406 0.5000000000
8201  23.356  -71.936  -22.820 0.5000000000
10208  23.895  -69.890  -21.416 0.4000000060
161812  11.702  -66.957  -19.199 0.4000000060
11568  12.878  -67.321  -19.122 0.4000000060
10889  12.269  -68.203  -19.068 0.4000000060
10880  13.110  -68.348  -18.644 0.5000000000
9562  13.076  -69.653  -17.683 0.5000000000
173948  12.433  -69.607  -18.025 0.5000000000
8908  22.963  -71.438  -23.116 0.5000000000
9537  13.291  -69.872  -17.156 0.5000000000
173584  10.610  -70.462  -15.153 0.6000000238
9600  23.666  -70.434  -21.725 0.4000000060
9518  13.698  -70.045  -16.793 0.5000000000
164174  13.278  -70.070  -16.345 0.5000000000
9479  12.098  -70.129  -15.022 0.5000000000
171310  11.545  -68.367  -19.535 0.5000000000
10178  12.046  -69.362  -18.718 0.5000000000
10179  11.504  -69.708  -18.910 0.5000000000
168472  11.513  -69.876  -17.612 0.5000000000
9539  10.915  -70.062  -17.804 0.5000000000
9519  12.029  -69.853  -16.927 0.5000000000
9520  11.083  -69.971  -17.044 0.5000000000
163085  10.935  -70.031  -16.295 0.5000000000
9605  23.164  -70.650  -22.686 0.5000000000
9500  12.057  -69.975  -15.870 0.5000000000
11590  25.462  -68.127  -20.914 0.4000000060
160852  24.456  -69.031  -22.010 0.4000000060
11604  25.489  -68.272  -21.659 0.4000000060
13746  10.837  -65.547  -15.987 0.5000000000
9565  10.786  -70.435  -19.391 0.5000000000
179988  22.622  -70.757  -23.760 0.5000000000
10930  24.621  -69.274  -23.379 0.4000000060
12244  12.430  -66.475  -14.483 0.5000000000
179342  11.300  -66.419  -14.232 0.5000000000
12223  10.055  -67.106  -14.234 0.5000000000
183534  11.078  -65.868  -15.386 0.5000000000
10916  25.094  -68.703  -22.375 0.4000000060
12203  12.312  -66.858  -13.168 0.5000000000
183293  10.900  -67.112  -13.278 0.5000000000
165126  11.845  -67.054  -12.538 0.5000000000
12182  11.221  -67.327  -11.863 0.5000000000
11511  10.350  -67.396  -13.448 0.5000000000
11520  9.460  -67.509  -14.530 0.4000000060
12181  12.052  -67.023  -11.627 0.5000000000
11487  9.921  -67.883  -12.082 0.6000000238
11499  9.386  -68.137  -12.607 0.6000000238
155487  13.530  -66.654  -11.221 0.5000000000
12148  12.299  -66.316  -10.395 0.5000000000
12162  10.708  -67.378  -11.115 0.5000000000
12151  10.242  -67.174  -10.680 0.6000000238
11488  9.236  -67.966  -11.895 0.6000000238
173135  8.828  -68.362  -13.136 0.6000000238
10835  7.701  -69.111  -14.850 0.5000000000
10118  6.912  -69.255  -14.578 0.5000000000
10836  6.204  -69.032  -14.589 0.5000000000
171916  12.937  -66.480  -10.736 0.5000000000
13673  13.352  -65.185  -10.274 0.5000000000
13674  12.212  -65.570  -10.004 0.5000000000
12913  11.128  -66.239  -10.086 0.5000000000
13676  10.559  -65.648  -10.066 0.6000000238
12164  8.897  -67.176  -11.085 0.6000000238
10781  8.484  -67.925  -11.901 0.6000000238
160894  7.552  -68.800  -13.277 0.6000000238
10800  6.892  -68.604  -12.994 0.5000000000
16048  5.698  -62.496  -13.419 0.5000000000
11514  5.208  -67.904  -14.421 0.5000000000
12909  14.353  -65.738  -10.612 0.5000000000
184221  13.093  -64.594  -10.270 0.5000000000
173791  12.032  -64.130  -10.303 0.6000000238
15238  10.764  -63.805  -10.477 0.6000000238
14464  9.905  -64.170  -10.617 0.6000000238
13678  8.932  -65.700  -10.807 0.6000000238
14465  9.352  -64.953  -10.692 0.6000000238
12165  8.246  -67.000  -11.364 0.6000000238
181106  8.348  -65.647  -11.224 0.6000000238
10782  7.699  -68.011  -12.151 0.6000000238
11490  6.313  -67.577  -12.390 0.5000000000
11502  5.665  -68.137  -13.494 0.5000000000
12205  5.691  -66.902  -12.529 0.5000000000
12942  5.896  -66.186  -12.321 0.5000000000
12206  4.989  -66.821  -13.173 0.5000000000
12954  4.715  -65.527  -12.896 0.5000000000
15248  12.203  -63.061  -10.937 0.6000000238
16006  10.923  -63.015  -10.872 0.6000000238
16015  10.362  -62.471  -11.128 0.6000000238
16016  9.560  -62.552  -11.214 0.6000000238
15251  9.417  -63.435  -11.095 0.6000000238
177931  8.552  -64.135  -11.599 0.6000000238
15263  8.496  -62.968  -11.843 0.6000000238
13689  7.809  -65.269  -11.711 0.5000000000
14491  7.721  -63.996  -12.458 0.5000000000
12941  6.637  -66.103  -12.077 0.5000000000
170260  7.200  -63.851  -13.045 0.5000000000
16031  6.822  -62.045  -13.371 0.6000000238
13703  5.860  -64.847  -12.772 0.5000000000
15283  6.729  -63.330  -13.490 0.5000000000
169476  6.172  -61.866  -13.436 0.5000000000
17620  4.896  -60.190  -11.551 0.5000000000
16809  10.243  -61.309  -11.739 0.6000000238
16810  9.482  -61.167  -11.532 0.6000000238
16805  8.619  -61.534  -11.617 0.6000000238
15264  7.929  -62.933  -12.569 0.6000000238
16812  7.086  -61.292  -12.693 0.6000000238
17633  6.049  -60.474  -12.679 0.5000000000
16819  10.569  -60.854  -12.577 0.6000000238
16811  7.913  -61.367  -12.044 0.6000000238
18537  6.931  -59.490  -12.450 0.6000000238
18538  5.801  -59.266  -12.080 0.5000000000
19452  10.193  -58.928  -14.026 0.6000000238
18553  10.190  -59.527  -14.070 0.6000000238
18554  9.659  -58.948  -13.661 0.6000000238
18534  8.414  -59.457  -12.418 0.6000000238
162976  7.911  -59.932  -12.132 0.6000000238
161735  6.861  -58.537  -12.344 0.5000000000
19453  9.731  -58.568  -13.636 0.6000000238
19440  9.053  -58.406  -13.319 0.6000000238
20317  9.197  -57.601  -12.630 0.6000000238
18536  7.503  -58.993  -12.513 0.6000000238
21178  8.971  -57.429  -11.880 0.6000000238
20295  7.716  -57.628  -10.956 0.5000000000
21172  9.644  -57.589  -11.244 0.4000000060
7554  23.108  -73.361  -17.481 0.6000000238
7565  23.126  -73.080  -19.590 0.6999999881
182681  22.125  -72.747  -24.934 0.5000000000
8205  22.858  -72.304  -24.094 0.5000000000
8193  24.606  -72.070  -21.980 0.5000000000
8906  23.960  -71.591  -21.951 0.5000000000
9521  10.365  -70.300  -16.669 0.6000000238
181052  9.843  -66.756  -10.477 0.6000000238
168413  10.049  -65.070  -10.311 0.6000000238
12184  7.579  -66.855  -11.663 0.6000000238
14492  6.700  -64.663  -12.660 0.5000000000
17642  9.297  -59.800  -12.590 0.6000000238
17631  8.412  -60.699  -11.805 0.6000000238
19442  8.159  -57.923  -12.627 0.6000000238
20306  7.270  -57.663  -11.558 0.6000000238
3327  14.417  -79.905  -18.165 0.4000000060
3699  15.983  -80.207  -16.008 0.5000000000
3725  16.351  -79.815  -16.640 0.5000000000
3741  15.696  -79.831  -17.223 0.4000000060
3756  15.642  -79.438  -17.950 0.4000000060
4175  16.261  -78.883  -19.029 0.4000000060
4172  14.901  -79.066  -19.150 0.4000000060
3724  17.886  -79.657  -16.747 0.5000000000
3698  16.604  -79.837  -15.721 0.5000000000
157910  16.983  -79.265  -18.785 0.5000000000
3767  16.939  -78.971  -19.498 0.5000000000
158260  16.275  -78.606  -19.743 0.4000000060
3739  18.484  -79.667  -17.434 0.5000000000
3755  18.191  -79.661  -18.211 0.5000000000
3766  17.609  -79.338  -19.326 0.5000000000
3777  17.618  -79.083  -20.199 0.5000000000
3778  16.898  -78.716  -20.136 0.4000000060
183386  17.586  -78.804  -21.570 0.4000000060
3754  19.013  -79.775  -18.089 0.5000000000
3326  18.908  -79.855  -18.814 0.5000000000
3340  19.504  -80.052  -19.323 0.5000000000
3776  18.273  -79.517  -19.858 0.5000000000
3786  18.632  -79.504  -21.255 0.5000000000
158081  17.252  -78.546  -21.945 0.4000000060
5212  20.943  -77.247  -19.944 0.5000000000
4661  20.625  -77.462  -20.758 0.4000000060
170805  20.293  -77.499  -21.758 0.4000000060
4691  20.781  -77.742  -22.710 0.4000000060
4692  19.982  -77.457  -22.981 0.4000000060
5238  19.042  -77.217  -24.564 0.4000000060
3355  18.922  -79.767  -20.501 0.5000000000
4232  19.025  -77.860  -24.764 0.4000000060
4226  18.300  -78.093  -24.596 0.4000000060
4709  17.749  -78.185  -24.135 0.4000000060
3365  20.369  -80.331  -21.415 0.4000000060
3785  18.991  -79.643  -22.081 0.5000000000
4202  18.187  -78.772  -23.353 0.4000000060
179338  18.447  -79.297  -21.927 0.4000000060
163146  21.805  -77.719  -21.068 0.4000000060
4706  21.275  -78.033  -23.769 0.4000000060
4716  20.034  -78.057  -24.512 0.4000000060
163331  20.966  -80.535  -21.054 0.4000000060
3820  19.203  -78.775  -24.204 0.4000000060
3810  18.876  -79.100  -23.568 0.4000000060
3364  21.000  -80.443  -21.687 0.4000000060
3377  19.730  -80.030  -21.988 0.4000000060
172146  19.458  -79.335  -23.757 0.4000000060
3797  18.622  -79.292  -22.735 0.4000000060
5201  22.106  -76.939  -19.217 0.5000000000
4659  22.124  -77.551  -20.472 0.4000000060
4672  22.532  -77.767  -21.347 0.4000000060
4689  22.428  -77.885  -22.577 0.4000000060
4216  21.678  -78.534  -24.078 0.4000000060
4223  21.076  -78.636  -24.334 0.4000000060
3807  21.425  -79.520  -23.814 0.4000000060
174424  20.426  -78.526  -24.467 0.4000000060
3363  21.847  -80.450  -21.829 0.4000000060
3385  21.300  -80.020  -23.056 0.4000000060
3808  20.705  -79.640  -23.672 0.4000000060
169335  22.934  -76.889  -19.233 0.5000000000
5200  23.312  -77.254  -19.808 0.5000000000
5211  24.158  -77.027  -19.839 0.6000000238
4671  23.304  -77.722  -21.168 0.5000000000
4704  23.012  -78.097  -23.556 0.4000000060
4222  23.219  -78.836  -24.094 0.4000000060
3804  23.642  -79.335  -23.795 0.4000000060
3795  23.332  -79.930  -22.866 0.4000000060
4669  24.957  -77.584  -21.691 0.4000000060
5210  25.277  -76.480  -20.216 0.5000000000
4686  25.521  -77.812  -23.115 0.4000000060
4213  24.264  -78.314  -24.096 0.4000000060
4668  25.798  -77.337  -21.813 0.5000000000
4685  26.372  -77.718  -23.178 0.4000000060
4702  25.110  -78.174  -24.021 0.4000000060
4212  25.436  -78.367  -23.963 0.4000000060
5754  26.223  -75.781  -21.363 0.6000000238
5744  25.597  -75.849  -20.574 0.6000000238
4684  27.104  -77.529  -23.251 0.5000000000
172762  27.370  -77.774  -23.392 0.4000000060
16013  11.996  -62.484  -11.435 0.5000000000
16818  11.175  -61.171  -13.009 0.5000000000
17660  10.784  -59.843  -14.642 0.5000000000
16817  12.084  -61.698  -12.750 0.5000000000
17640  10.764  -60.670  -13.629 0.5000000000
16014  11.173  -62.282  -11.354 0.5000000000
3740  17.136  -79.694  -17.123 0.5000000000
157181  16.379  -79.570  -17.522 0.5000000000
165991  21.891  -77.830  -21.756 0.4000000060
4705  22.149  -78.101  -23.634 0.4000000060
3386  20.657  -80.070  -22.904 0.4000000060
4688  23.372  -77.876  -22.364 0.4000000060
4703  23.745  -78.059  -23.631 0.4000000060
178252  22.616  -79.133  -24.038 0.4000000060
3384  21.977  -79.848  -23.255 0.4000000060
4656  24.477  -77.368  -20.681 0.5000000000
3803  24.317  -79.073  -24.056 0.4000000060
5222  25.234  -77.109  -20.803 0.5000000000
5220  26.543  -76.316  -21.602 0.6000000238
4700  26.711  -78.056  -23.642 0.5000000000
5753  27.007  -75.791  -22.032 0.5000000000
9550  27.543  -70.716  -17.652 0.3000000119
8876  27.968  -71.313  -18.791 0.3000000119
8877  26.977  -71.052  -19.267 0.3000000119
9551  26.736  -70.067  -17.903 0.3000000119
10165  26.419  -69.397  -17.334 0.3000000119
170344  25.894  -69.123  -15.456 0.3000000119
10156  26.385  -69.140  -16.608 0.3000000119
8887  28.587  -71.796  -19.135 0.3000000119
166176  28.641  -72.129  -20.030 0.4000000060
8190  28.095  -72.392  -21.051 0.4000000060
8868  28.056  -71.195  -18.098 0.3000000119
158131  27.098  -72.338  -21.191 0.4000000060
179083  27.042  -71.523  -19.952 0.4000000060
8204  25.010  -73.333  -24.401 0.4000000060
7032  24.118  -73.972  -25.172 0.4000000060
9527  27.528  -70.808  -17.175 0.3000000119
8889  26.247  -71.291  -20.024 0.3000000119
8192  25.373  -72.250  -21.778 0.4000000060
11548  25.944  -68.144  -17.826 0.3000000119
9574  25.480  -69.884  -19.263 0.3000000119
161032  29.440  -73.175  -22.138 0.4000000060
7591  29.063  -73.639  -24.382 0.4000000060
174906  27.035  -74.333  -24.519 0.4000000060
7011  26.401  -73.874  -24.929 0.4000000060
8179  29.497  -72.660  -20.009 0.4000000060
7579  28.455  -72.870  -22.075 0.4000000060
7585  28.880  -73.304  -23.439 0.4000000060
7022  27.312  -73.734  -25.076 0.4000000060
7023  25.649  -73.733  -25.080 0.4000000060
182946  28.755  -72.057  -18.234 0.3000000119
8198  27.585  -72.699  -21.904 0.4000000060
157946  26.475  -73.831  -24.939 0.4000000060
7014  23.928  -74.443  -22.769 0.4000000060
8861  27.903  -71.260  -17.537 0.3000000119
7588  25.832  -73.222  -23.948 0.4000000060
7024  24.999  -74.068  -24.945 0.4000000060
9488  26.438  -70.626  -15.983 0.3000000119
159500  25.112  -72.640  -22.859 0.4000000060
8891  24.936  -70.881  -20.511 0.4000000060
6377  30.079  -74.984  -22.955 0.4000000060
5761  28.422  -74.942  -23.660 0.4000000060
6999  30.263  -74.277  -22.326 0.4000000060
6385  29.956  -74.134  -23.260 0.4000000060
6386  29.102  -74.039  -24.367 0.4000000060
5762  27.569  -75.121  -23.134 0.4000000060
7563  28.784  -73.170  -18.477 0.3000000119
7569  29.846  -73.245  -20.237 0.4000000060
8149  26.198  -72.053  -15.584 0.3000000119
8841  26.564  -71.332  -16.184 0.3000000119
7013  24.859  -74.538  -23.710 0.4000000060
8842  26.076  -71.282  -15.485 0.3000000119
5228  27.977  -75.969  -22.800 0.4000000060
5768  28.757  -76.029  -23.308 0.4000000060
184393  24.598  -69.619  -20.361 0.3000000119
10899  24.716  -69.176  -20.215 0.3000000119
9575  24.883  -69.701  -19.950 0.3000000119
7002  24.671  -74.465  -21.893 0.4000000060
6379  26.364  -74.726  -23.288 0.4000000060
6368  26.731  -75.202  -22.332 0.4000000060
5237  28.360  -76.869  -23.229 0.4000000060
8888  27.853  -71.600  -19.562 0.3000000119
175323  26.033  -69.432  -18.050 0.3000000119
10869  26.142  -68.564  -17.259 0.3000000119
7578  29.823  -73.221  -21.123 0.4000000060
8191  26.223  -72.307  -21.405 0.4000000060
8199  26.856  -72.780  -22.286 0.4000000060
157482  26.077  -72.763  -22.571 0.4000000060
7594  25.663  -73.693  -25.059 0.4000000060
8890  25.546  -70.988  -20.133 0.4000000060
7577  30.170  -73.710  -21.738 0.4000000060
6387  28.568  -73.955  -24.752 0.4000000060
7021  28.029  -73.685  -25.170 0.4000000060
7562  29.366  -72.972  -18.981 0.3000000119
7586  27.733  -73.148  -23.353 0.4000000060
7551  28.527  -72.261  -17.915 0.3000000119
6991  29.971  -73.933  -20.393 0.4000000060
6983  29.606  -73.545  -19.558 0.3000000119
8162  26.916  -72.511  -16.982 0.3000000119
2495  18.808  -82.044  -13.389 0.3000000119
2510  19.383  -82.380  -14.115 0.3000000119
2883  18.737  -81.146  -12.224 0.3000000119
2494  19.858  -81.998  -13.631 0.3000000119
2496  17.862  -81.929  -13.365 0.3000000119
2511  18.373  -82.378  -13.945 0.3000000119
3234  18.949  -80.270  -11.139 0.3000000119
3233  19.740  -80.336  -11.229 0.3000000119
2882  19.744  -81.172  -12.393 0.3000000119
3235  17.806  -79.939  -11.556 0.3000000119
2884  17.838  -81.026  -12.299 0.3000000119
2512  17.508  -82.242  -13.974 0.3000000119
3305  15.514  -80.592  -16.264 0.3000000119
183840  20.401  -78.739  -9.782 0.3000000119
3644  20.850  -79.801  -10.685 0.3000000119
3630  18.543  -79.048  -10.558 0.3000000119
3646  19.449  -79.936  -10.707 0.3000000119
3232  20.570  -80.289  -11.330 0.3000000119
3274  16.567  -80.623  -13.706 0.3000000119
3678  16.586  -79.922  -14.772 0.3000000119
180446  15.823  -80.599  -15.641 0.3000000119
176166  18.099  -78.687  -11.160 0.3000000119
3263  17.229  -80.817  -12.647 0.3000000119
3236  17.648  -79.212  -11.668 0.3000000119
4092  17.404  -79.082  -12.498 0.3000000119
3660  17.101  -79.429  -13.350 0.3000000119
3286  16.325  -80.460  -14.512 0.3000000119
3677  17.676  -79.127  -14.729 0.3000000119
164579  19.918  -79.606  -17.356 0.4000000060
3723  18.258  -79.427  -16.051 0.4000000060
2154  24.555  -82.714  -11.939 0.3000000119
2129  24.023  -83.093  -10.379 0.3000000119
2881  20.724  -81.113  -12.639 0.3000000119
2493  20.836  -82.036  -13.874 0.3000000119
3625  23.165  -79.292  -10.575 0.3000000119
157431  23.222  -80.441  -11.483 0.3000000119
2862  24.619  -81.174  -12.149 0.3000000119
2485  23.959  -82.453  -12.674 0.3000000119
2144  24.162  -82.966  -11.666 0.3000000119
4065  22.624  -78.538  -10.128 0.3000000119
3230  22.329  -80.325  -11.406 0.3000000119
3247  23.733  -81.068  -12.165 0.3000000119
2158  23.374  -82.790  -12.946 0.3000000119
2155  23.908  -82.802  -12.361 0.3000000119
3643  21.835  -79.813  -10.814 0.3000000119
3231  21.432  -80.261  -11.378 0.3000000119
2879  22.442  -81.331  -12.669 0.3000000119
171462  22.472  -82.217  -13.473 0.3000000119
2880  21.598  -81.188  -12.697 0.3000000119
2492  21.981  -82.167  -13.704 0.3000000119
2497  17.082  -81.658  -13.540 0.3000000119
2925  16.236  -81.628  -14.574 0.3000000119
3627  21.398  -79.288  -10.298 0.3000000119
3661  16.831  -80.070  -13.210 0.3000000119
2478  25.792  -82.111  -11.634 0.3000000119
2508  21.985  -82.597  -14.245 0.3000000119
3626  22.264  -79.302  -10.436 0.3000000119
3229  24.012  -80.592  -11.658 0.3000000119
3248  22.831  -80.887  -12.089 0.3000000119
2878  23.314  -81.570  -12.693 0.3000000119
2160  22.547  -83.607  -13.706 0.3000000119
180902  17.825  -79.348  -15.441 0.3000000119
3311  26.187  -80.317  -17.532 0.3000000119
3715  25.564  -79.892  -17.129 0.3000000119
3734  23.781  -79.919  -17.915 0.3000000119
3749  23.156  -80.087  -18.290 0.4000000060
3322  21.851  -80.442  -19.129 0.4000000060
3338  21.474  -80.562  -19.831 0.3000000119
3353  20.234  -80.381  -20.573 0.3000000119
3318  25.581  -80.611  -18.654 0.3000000119
174717  24.510  -80.692  -19.290 0.4000000060
3335  23.808  -80.676  -19.661 0.4000000060
3349  23.815  -80.542  -20.390 0.4000000060
158890  22.272  -80.532  -21.139 0.3000000119
3371  23.864  -80.179  -22.062 0.4000000060
3372  23.093  -80.314  -21.956 0.4000000060
3373  22.551  -80.102  -22.641 0.3000000119
156528  24.157  -79.682  -23.154 0.3000000119
4111  26.770  -78.654  -14.998 0.3000000119
4129  26.546  -79.091  -15.439 0.3000000119
184450  24.330  -79.347  -17.120 0.4000000060
3718  23.079  -79.482  -17.618 0.4000000060
168721  22.579  -79.744  -17.909 0.3000000119
3751  21.519  -80.065  -18.391 0.3000000119
3752  20.792  -79.916  -18.189 0.3000000119
176624  27.244  -79.553  -15.871 0.3000000119
172418  27.157  -79.955  -16.550 0.3000000119
3310  26.626  -80.385  -17.847 0.3000000119
3748  26.572  -80.284  -18.945 0.3000000119
3333  25.848  -80.488  -19.267 0.3000000119
3348  24.541  -80.607  -19.932 0.4000000060
172480  27.341  -79.503  -18.867 0.3000000119
3773  26.910  -79.570  -20.098 0.3000000119
3764  26.369  -80.147  -19.643 0.3000000119
3347  25.302  -80.494  -19.893 0.4000000060
3359  24.866  -80.401  -20.552 0.4000000060
156539  27.235  -79.152  -20.783 0.3000000119
180892  26.202  -79.757  -20.971 0.4000000060
3793  25.526  -79.600  -22.529 0.4000000060
4666  28.971  -77.771  -22.460 0.3000000119
4200  27.883  -78.406  -22.739 0.4000000060
3792  26.313  -79.224  -22.688 0.4000000060
3802  25.035  -79.221  -23.610 0.4000000060
164025  29.718  -76.486  -22.067 0.3000000119
4209  28.088  -77.895  -23.172 0.4000000060
4681  29.142  -77.176  -22.925 0.3000000119
6883  26.530  -74.197  -12.105 0.3000000119
167160  25.906  -75.255  -13.006 0.3000000119
5648  24.319  -75.615  -13.451 0.3000000119
5665  23.796  -76.200  -13.851 0.3000000119
4574  27.466  -77.545  -14.244 0.3000000119
164952  26.218  -76.714  -13.855 0.3000000119
5140  25.072  -77.503  -14.603 0.3000000119
173908  23.625  -76.988  -14.601 0.3000000119
4590  28.916  -78.298  -14.832 0.3000000119
4591  27.983  -78.196  -14.721 0.3000000119
4576  25.791  -77.825  -14.570 0.3000000119
176395  25.298  -78.041  -14.896 0.3000000119
4612  24.242  -78.155  -15.533 0.3000000119
4133  22.971  -78.320  -16.241 0.3000000119
4151  22.133  -78.803  -16.800 0.3000000119
3720  21.024  -79.305  -17.108 0.3000000119
3721  20.373  -79.192  -16.752 0.3000000119
4153  19.776  -78.876  -16.116 0.3000000119
185062  29.050  -79.057  -15.697 0.3000000119
4655  28.116  -78.085  -20.783 0.3000000119
166708  27.402  -78.929  -21.682 0.3000000119
172382  28.725  -77.376  -20.839 0.3000000119
4190  28.344  -78.322  -21.853 0.3000000119
5752  29.969  -75.932  -21.598 0.3000000119
5759  29.992  -75.852  -22.511 0.3000000119
5235  29.230  -76.543  -23.056 0.3000000119
6869  26.896  -73.710  -11.684 0.3000000119
6227  27.011  -74.730  -12.429 0.3000000119
5646  26.358  -75.734  -13.245 0.3000000119
179876  25.022  -75.855  -13.598 0.3000000119
5661  27.497  -76.356  -13.502 0.3000000119
5663  25.425  -76.382  -13.845 0.3000000119
165980  18.872  -78.339  -14.772 0.3000000119
8082  27.448  -72.720  -10.736 0.3000000119
6882  27.329  -74.236  -12.017 0.3000000119
6226  27.743  -74.745  -12.331 0.3000000119
6245  27.539  -75.236  -12.760 0.3000000119
5662  26.710  -76.251  -13.525 0.3000000119
5122  28.836  -77.131  -13.978 0.3000000119
7466  28.035  -73.227  -11.068 0.3000000119
6867  28.458  -73.814  -11.498 0.3000000119
6225  28.499  -74.886  -12.375 0.3000000119
5644  27.917  -75.862  -13.134 0.3000000119
3722  19.505  -79.384  -16.720 0.3000000119
3325  19.561  -79.969  -18.657 0.3000000119
3339  20.626  -80.374  -19.392 0.3000000119
184351  22.076  -80.595  -20.447 0.3000000119
3362  22.899  -80.452  -21.364 0.4000000060
4211  26.573  -78.434  -23.472 0.4000000060
6367  30.042  -75.213  -21.196 0.3000000119
3714  26.375  -79.958  -16.810 0.3000000119
3733  25.407  -80.464  -17.959 0.3000000119
3693  25.690  -79.430  -16.367 0.3000000119
3320  24.009  -80.553  -18.731 0.4000000060
3336  23.000  -80.619  -19.790 0.4000000060
3351  22.722  -80.557  -20.427 0.4000000060
3784  25.154  -80.078  -21.396 0.4000000060
4110  27.600  -78.769  -15.095 0.3000000119
4112  25.926  -78.508  -15.013 0.3000000119
4149  23.488  -78.701  -16.653 0.3000000119
4131  24.534  -78.656  -16.060 0.3000000119
4150  22.895  -78.866  -16.938 0.4000000060
3736  21.242  -79.631  -17.684 0.3000000119
3690  28.676  -79.621  -16.589 0.3000000119
3712  28.329  -79.860  -17.006 0.3000000119
3747  27.561  -79.953  -18.287 0.3000000119
3774  26.251  -79.931  -20.323 0.4000000060
5208  29.385  -76.787  -21.294 0.3000000119
5126  24.832  -76.874  -14.260 0.3000000119
168672  24.022  -77.704  -15.160 0.3000000119
4613  23.446  -77.873  -15.561 0.3000000119
5196  28.620  -76.608  -20.285 0.3000000119
9499  12.745  -70.046  -15.766 0.4000000060
2163  22.621  -83.099  -13.710 0.3000000119
2164  22.418  -83.316  -14.212 0.3000000119
2165  22.014  -83.136  -14.652 0.3000000119
2167  18.899  -82.738  -14.584 0.3000000119
2168  18.008  -82.726  -14.487 0.3000000119
2479  25.094  -82.454  -11.762 0.3000000119
2484  24.637  -82.297  -12.264 0.3000000119
2490  23.494  -82.259  -12.968 0.3000000119
2491  22.929  -82.595  -13.409 0.3000000119
2507  22.439  -82.640  -13.859 0.3000000119
2513  16.780  -81.958  -14.191 0.3000000119
2877  24.239  -81.894  -12.603 0.3000000119
2897  22.839  -81.941  -13.118 0.3000000119
2898  22.113  -81.748  -13.183 0.3000000119
2899  21.314  -81.709  -13.329 0.3000000119
2900  20.314  -81.599  -13.131 0.3000000119
2901  19.291  -81.603  -12.901 0.3000000119
2902  18.288  -81.543  -12.807 0.3000000119
2903  17.450  -81.348  -12.928 0.3000000119
2904  16.871  -81.068  -13.220 0.3000000119
2918  16.577  -81.320  -13.913 0.3000000119
3228  24.758  -80.423  -11.617 0.3000000119
3249  21.941  -80.745  -12.081 0.3000000119
3250  21.080  -80.676  -12.054 0.3000000119
3251  20.194  -80.703  -11.910 0.3000000119
3252  19.257  -80.716  -11.719 0.3000000119
3253  18.322  -80.555  -11.677 0.3000000119
3254  17.598  -80.430  -12.115 0.3000000119
3255  17.154  -80.249  -12.629 0.3000000119
3287  15.932  -80.794  -15.066 0.3000000119
3296  16.150  -80.321  -15.274 0.3000000119
3297  15.636  -80.989  -15.643 0.3000000119
3303  27.246  -80.236  -17.558 0.3000000119
3304  26.920  -80.255  -17.201 0.3000000119
3306  15.058  -80.754  -16.791 0.3000000119
3309  27.041  -80.248  -18.209 0.3000000119
3312  24.563  -80.321  -18.090 0.3000000119
3317  26.265  -80.465  -18.511 0.3000000119
3319  24.886  -80.649  -18.693 0.4000000060
3321  23.145  -80.512  -19.067 0.4000000060
3323  21.068  -80.308  -18.918 0.3000000119
3324  20.269  -80.058  -18.612 0.3000000119
3334  25.112  -80.647  -19.293 0.3000000119
3337  22.291  -80.575  -19.848 0.3000000119
3341  18.906  -79.842  -19.588 0.5000000000
3346  25.853  -80.292  -19.916 0.3000000119
3350  23.139  -80.519  -20.801 0.4000000060
3352  21.539  -80.647  -20.745 0.4000000060
3354  19.538  -80.113  -20.092 0.5000000000
3360  24.387  -80.298  -21.266 0.4000000060
3361  23.627  -80.424  -21.159 0.4000000060
3366  19.642  -80.127  -20.969 0.4000000060
3374  21.865  -80.267  -22.462 0.3000000119
3375  21.265  -80.347  -22.223 0.4000000060
3376  20.555  -80.261  -22.180 0.4000000060
3387  20.062  -79.979  -22.724 0.4000000060
3628  19.998  -79.561  -10.365 0.3000000119
3629  19.239  -79.340  -10.310 0.3000000119
3641  23.748  -79.958  -11.105 0.3000000119
3642  22.749  -79.869  -10.909 0.3000000119
3645  20.115  -80.014  -10.818 0.3000000119
3647  18.140  -79.450  -11.087 0.3000000119
3654  17.408  -79.772  -12.169 0.3000000119
3667  17.026  -79.462  -14.245 0.3000000119
3668  16.667  -79.956  -13.926 0.3000000119
3689  29.118  -79.331  -16.524 0.3000000119
3691  28.020  -79.818  -16.372 0.3000000119
3692  26.453  -79.531  -16.064 0.3000000119
3694  24.873  -79.255  -16.680 0.4000000060
3695  19.009  -79.201  -16.062 0.4000000060
3696  18.454  -78.987  -15.282 0.3000000119
3697  17.481  -79.567  -15.945 0.5000000000
3713  27.645  -80.131  -17.032 0.3000000119
3716  24.821  -79.827  -17.420 0.3000000119
3717  23.699  -79.218  -17.239 0.4000000060
3719  21.666  -79.230  -17.211 0.3000000119
3726  15.733  -80.142  -16.620 0.4000000060
3732  27.826  -80.044  -17.613 0.3000000119
3735  21.949  -79.690  -17.827 0.3000000119
3737  20.581  -79.589  -17.480 0.3000000119
3738  19.221  -79.647  -17.378 0.5000000000
3742  15.247  -80.256  -17.012 0.4000000060
3750  22.368  -80.196  -18.559 0.4000000060
3753  19.687  -79.836  -18.007 0.3000000119
3757  14.937  -79.427  -18.395 0.4000000060
3763  26.963  -79.877  -19.313 0.3000000119
3765  18.263  -79.638  -19.067 0.5000000000
3768  14.416  -79.544  -18.902 0.4000000060
3769  14.015  -79.818  -19.475 0.5000000000
3775  25.627  -80.139  -20.601 0.4000000060
3782  26.748  -79.465  -20.902 0.3000000119
3783  25.897  -79.744  -21.591 0.4000000060
3787  17.981  -79.067  -21.219 0.4000000060
3791  26.609  -79.372  -21.728 0.4000000060
3794  24.686  -79.921  -22.288 0.4000000060
3796  19.361  -79.649  -22.979 0.4000000060
3801  25.865  -78.835  -23.498 0.4000000060
3805  22.771  -79.529  -23.596 0.4000000060
3806  22.121  -79.318  -23.925 0.4000000060
3809  20.018  -79.699  -23.433 0.4000000060
3815  23.903  -78.863  -24.148 0.4000000060
3816  22.346  -78.851  -24.122 0.4000000060
3817  21.609  -78.963  -24.260 0.4000000060
3818  20.897  -79.092  -24.313 0.4000000060
3819  20.036  -79.119  -24.241 0.4000000060
4066  21.816  -78.826  -10.078 0.3000000119
4067  21.024  -78.659  -9.813 0.3000000119
4069  18.509  -78.363  -10.637 0.3000000119
4109  28.540  -78.911  -15.298 0.3000000119
4113  25.078  -78.447  -15.426 0.3000000119
4127  28.746  -79.425  -16.001 0.3000000119
4128  27.929  -79.356  -15.638 0.3000000119
4130  25.797  -78.996  -15.662 0.3000000119
4132  23.789  -78.409  -16.108 0.3000000119
4136  19.260  -78.636  -15.481 0.3000000119
4148  24.109  -78.887  -16.662 0.3000000119
4152  21.294  -78.768  -16.578 0.3000000119
4162  28.043  -79.758  -17.888 0.3000000119
4163  22.380  -79.260  -17.387 0.4000000060
4170  16.327  -79.262  -18.311 0.4000000060
4171  15.587  -79.041  -18.679 0.4000000060
4176  15.550  -78.686  -19.415 0.4000000060
4184  17.219  -78.666  -20.963 0.4000000060
4185  15.654  -78.368  -20.169 0.5000000000
4191  27.705  -78.691  -21.042 0.3000000119
4201  27.059  -78.788  -22.719 0.4000000060
4203  17.458  -78.458  -23.029 0.4000000060
4210  27.397  -78.063  -23.407 0.4000000060
4214  23.567  -78.441  -23.988 0.4000000060
4215  22.703  -78.530  -23.939 0.4000000060
4217  18.506  -78.554  -24.148 0.4000000060
4221  23.863  -78.597  -24.197 0.4000000060
4224  19.560  -78.303  -24.612 0.4000000060
4225  18.844  -78.244  -24.654 0.4000000060
4573  28.392  -77.652  -14.318 0.3000000119
4575  26.502  -77.492  -14.249 0.3000000119
4589  29.760  -78.284  -15.013 0.3000000119
4592  27.099  -78.125  -14.640 0.3000000119
4593  24.653  -77.856  -15.035 0.3000000119
4594  23.537  -77.382  -14.999 0.3000000119
4651  22.502  -77.274  -19.810 0.5000000000
4652  21.711  -77.300  -19.839 0.5000000000
4657  23.693  -77.480  -20.523 0.5000000000
4658  22.897  -77.535  -20.477 0.4000000060
4660  21.379  -77.561  -20.549 0.4000000060
4667  26.530  -76.954  -22.060 0.5000000000
4670  24.057  -77.722  -21.471 0.4000000060
4673  21.173  -77.740  -21.530 0.4000000060
4675  16.206  -77.902  -21.726 0.5000000000
4682  28.629  -77.598  -23.127 0.3000000119
4683  27.731  -77.166  -23.245 0.5000000000
4687  24.480  -77.880  -23.061 0.4000000060
4690  21.610  -77.887  -22.655 0.4000000060
4693  16.011  -77.608  -22.417 0.4000000060
4699  28.038  -77.517  -23.329 0.4000000060
4701  25.919  -78.122  -23.920 0.5000000000
4707  20.438  -77.838  -23.899 0.4000000060
4708  19.689  -77.550  -24.129 0.4000000060
4715  20.820  -78.276  -24.339 0.4000000060
4717  19.335  -77.764  -24.666 0.4000000060
4718  18.585  -77.693  -24.822 0.4000000060
5123  27.912  -76.990  -13.888 0.3000000119
5124  27.038  -76.876  -13.861 0.3000000119
5125  25.628  -77.144  -14.200 0.3000000119
5127  24.069  -76.696  -14.274 0.3000000119
5141  24.253  -77.284  -14.702 0.3000000119
5186  23.505  -76.343  -18.768 0.6000000238
5188  21.690  -76.559  -18.631 0.6000000238
5189  20.781  -76.420  -18.698 0.6999999881
5198  24.758  -76.477  -19.685 0.6000000238
5199  24.187  -76.457  -19.250 0.6000000238
5204  19.727  -76.657  -19.605 0.6999999881
5213  20.194  -77.061  -20.133 0.4000000060
5218  29.398  -77.170  -22.209 0.3000000119
5219  28.965  -77.671  -21.588 0.3000000119
5221  25.883  -76.541  -21.053 0.6000000238
5223  19.258  -76.798  -21.123 0.5000000000
5227  29.541  -76.535  -22.700 0.3000000119
5229  27.195  -76.547  -22.289 0.5000000000
5231  18.737  -76.498  -22.824 0.4000000060
5236  28.794  -76.944  -23.296 0.3000000119
5246  18.885  -77.508  -24.834 0.4000000060
5645  27.116  -75.765  -13.161 0.3000000119
5647  25.137  -75.340  -13.221 0.3000000119
5664  24.575  -76.259  -13.906 0.3000000119
5707  22.550  -75.467  -17.639 0.6000000238
5709  20.854  -75.609  -17.703 0.6999999881
5710  20.003  -75.574  -17.937 0.6999999881
5711  19.239  -75.459  -17.997 0.6000000238
5721  20.164  -76.018  -18.460 0.6999999881
5724  17.572  -75.449  -18.568 0.6000000238
5735  18.627  -75.979  -19.472 0.6000000238
5742  29.492  -75.803  -20.686 0.3000000119
5745  25.067  -75.843  -19.842 0.6000000238
5747  18.358  -76.053  -20.280 0.6000000238
5751  30.229  -75.108  -22.008 0.3000000119
5756  17.523  -75.563  -21.672 0.5000000000
5760  29.203  -74.935  -23.679 0.4000000060
5767  29.653  -75.721  -23.207 0.3000000119
5769  18.147  -75.971  -23.508 0.4000000060
6228  26.189  -74.736  -12.534 0.3000000119
6244  28.295  -75.394  -12.800 0.3000000119
6246  26.694  -75.228  -12.863 0.3000000119
6266  17.389  -74.384  -15.220 0.5000000000
6287  18.976  -74.539  -16.424 0.5000000000
6298  22.302  -74.426  -16.782 0.6999999881
6300  20.817  -74.747  -16.646 0.6999999881
6301  17.888  -74.998  -17.107 0.6000000238
6302  17.171  -74.945  -16.589 0.6000000238
6303  16.291  -75.079  -16.709 0.5000000000
6319  21.233  -75.166  -17.160 0.6999999881
6332  23.804  -74.711  -18.228 0.6000000238
6342  24.552  -74.652  -19.464 0.6999999881
6343  24.238  -74.977  -18.829 0.6000000238
6354  29.801  -74.822  -20.580 0.3000000119
6356  25.371  -75.308  -20.416 0.6999999881
6378  27.786  -74.052  -24.913 0.4000000060
6868  27.666  -73.757  -11.573 0.3000000119
6881  28.096  -74.296  -11.949 0.3000000119
6913  17.977  -73.647  -14.244 0.5000000000
6933  19.449  -73.711  -15.208 0.6000000238
6953  21.672  -73.758  -16.061 0.6999999881
6964  22.838  -73.961  -17.009 0.6000000238
6965  22.288  -73.743  -16.481 0.6999999881
6972  23.251  -74.064  -17.502 0.6000000238
6979  23.620  -73.868  -18.090 0.6000000238
6990  30.098  -73.608  -20.937 0.4000000060
6994  23.711  -73.789  -20.400 0.6999999881
7000  30.204  -74.321  -21.304 0.4000000060
7010  29.664  -73.588  -23.269 0.4000000060
7012  25.632  -74.296  -24.580 0.4000000060
7015  23.040  -74.162  -22.139 0.5000000000
7019  29.362  -73.897  -24.159 0.4000000060
7020  28.711  -73.716  -24.830 0.4000000060
7025  24.093  -74.501  -24.494 0.5000000000
7031  25.056  -73.826  -25.136 0.4000000060
7034  22.350  -74.423  -25.101 0.5000000000
7035  22.441  -74.057  -25.427 0.5000000000
7467  27.187  -73.234  -11.212 0.3000000119
7468  26.500  -73.256  -11.351 0.3000000119
7531  21.018  -72.750  -15.300 0.6000000238
7533  19.302  -73.185  -14.556 0.6999999881
7541  22.353  -73.029  -16.486 0.6999999881
7542  21.422  -73.149  -15.696 0.6000000238
7552  27.584  -72.882  -17.586 0.3000000119
7557  28.994  -72.515  -18.434 0.3000000119
7558  28.524  -72.813  -18.008 0.3000000119
7559  23.255  -73.095  -18.265 0.6000000238
7566  22.515  -72.861  -20.280 0.6000000238
7570  23.590  -73.490  -19.727 0.6999999881
7571  23.080  -73.351  -20.342 0.6999999881
7584  30.094  -73.770  -22.554 0.4000000060
7587  26.744  -73.256  -23.903 0.4000000060
7592  28.423  -73.607  -24.847 0.4000000060
7593  27.568  -73.661  -25.133 0.4000000060
7595  24.329  -73.713  -25.214 0.4000000060
7597  20.995  -73.474  -23.526 0.6999999881
7598  23.638  -73.813  -25.366 0.5000000000
7602  22.141  -73.743  -25.385 0.5000000000
7603  21.577  -73.408  -25.028 0.5000000000
8131  19.237  -72.076  -13.967 0.6000000238
8132  18.673  -72.451  -13.656 0.5000000000
8143  20.886  -72.240  -15.199 0.6000000238
8144  20.447  -72.103  -14.878 0.6000000238
8150  21.923  -72.683  -16.035 0.6999999881
8155  27.357  -71.408  -16.898 0.3000000119
8156  22.690  -72.762  -17.071 0.6999999881
8161  27.941  -71.924  -17.443 0.3000000119
8172  29.297  -72.566  -19.152 0.3000000119
8173  28.943  -72.140  -18.726 0.3000000119
8174  22.809  -72.516  -18.608 0.6000000238
8180  27.558  -71.938  -20.373 0.4000000060
8181  26.592  -71.846  -20.573 0.4000000060
8189  29.146  -72.663  -21.008 0.4000000060
8195  20.457  -71.930  -21.985 0.6999999881
8206  20.822  -72.765  -23.814 0.6000000238
8207  20.321  -72.249  -23.428 0.6000000238
8208  23.463  -73.382  -25.121 0.5000000000
8209  21.635  -72.598  -24.781 0.5000000000
8210  21.060  -72.765  -24.447 0.6000000238
8212  22.128  -73.254  -25.203 0.5000000000
8811  18.222  -71.676  -13.343 0.5000000000
8820  19.639  -71.705  -14.333 0.6000000238
8822  18.508  -71.308  -13.840 0.5000000000
8833  25.892  -71.184  -14.813 0.3000000119
8836  19.496  -71.203  -14.666 0.6000000238
8844  21.121  -71.670  -15.642 0.6999999881
8845  20.523  -71.278  -15.421 0.6000000238
8851  21.860  -71.674  -16.844 0.6999999881
8860  28.430  -71.693  -17.884 0.3000000119
8863  21.355  -71.067  -17.151 0.6999999881
8875  28.536  -71.678  -18.445 0.3000000119
8878  25.908  -70.674  -19.552 0.3000000119
8881  20.495  -70.694  -20.019 0.6999999881
8892  21.010  -71.374  -20.414 0.6000000238
8899  25.620  -71.604  -20.739 0.4000000060
8900  24.630  -71.435  -21.222 0.4000000060
8907  23.451  -71.147  -22.141 0.4000000060
8909  20.009  -71.451  -22.391 0.6999999881
8910  20.063  -71.574  -23.221 0.6000000238
8912  21.629  -71.604  -24.474 0.6000000238
9455  18.865  -70.978  -14.425 0.5000000000
9460  13.986  -70.248  -13.885 0.5000000000
9471  19.931  -70.952  -15.247 0.6000000238
9475  15.409  -70.390  -14.470 0.5000000000
9476  14.558  -70.291  -14.536 0.5000000000
9477  13.246  -70.172  -14.067 0.5000000000
9480  11.201  -70.353  -14.683 0.6000000238
9491  20.272  -70.838  -15.800 0.6000000238
9493  18.376  -70.510  -15.513 0.5000000000
9495  16.311  -70.545  -15.653 0.5000000000
9497  14.374  -70.330  -15.420 0.5000000000
9501  11.275  -70.114  -15.610 0.5000000000
9508  27.053  -70.661  -16.664 0.3000000119
9509  20.926  -70.844  -16.692 0.6999999881
9512  18.097  -70.398  -16.325 0.6000000238
9516  15.120  -70.447  -16.835 0.6000000238
9517  14.216  -70.262  -16.330 0.5000000000
9528  27.082  -70.200  -17.115 0.3000000119
9529  20.678  -70.548  -17.429 0.6999999881
9532  17.577  -70.124  -17.797 0.6999999881
9533  16.934  -70.401  -17.277 0.6999999881
9536  14.385  -70.182  -16.926 0.6000000238
9538  12.393  -69.775  -17.403 0.5000000000
9540  10.628  -70.372  -18.348 0.5000000000
9554  20.158  -70.249  -18.133 0.8000000119
9555  19.319  -69.977  -18.178 0.6999999881
9556  18.449  -69.875  -18.402 0.6999999881
9559  15.832  -70.157  -18.174 0.6000000238
9561  14.346  -69.785  -17.664 0.6000000238
9563  11.798  -69.734  -18.164 0.5000000000
9564  11.177  -70.021  -18.541 0.5000000000
9572  27.361  -70.748  -18.367 0.3000000119
9576  21.046  -70.811  -18.631 0.8000000119
9578  18.992  -69.826  -19.666 0.6999999881
9581  16.108  -69.924  -18.808 0.6000000238
9589  25.150  -70.375  -19.951 0.3000000119
9590  24.534  -70.126  -20.460 0.3000000119
9592  19.335  -70.037  -20.413 0.6000000238
9599  24.051  -70.212  -21.076 0.5000000000
9608  18.970  -69.762  -21.893 0.6999999881
9609  19.848  -70.941  -23.234 0.6999999881
9610  19.660  -70.397  -22.963 0.6999999881
9612  21.444  -70.771  -24.200 0.6000000238
9613  20.736  -70.750  -23.984 0.6000000238
10133  6.429  -69.302  -15.208 0.5000000000
10134  5.887  -68.870  -15.341 0.5000000000
10145  26.236  -69.463  -15.933 0.3000000119
10175  14.733  -69.579  -18.203 0.6000000238
10177  12.968  -69.221  -18.290 0.5000000000
10187  17.100  -69.648  -19.837 0.6999999881
10189  15.176  -69.338  -18.850 0.6999999881
10190  11.804  -68.892  -19.339 0.5000000000
10191  11.424  -69.433  -19.557 0.5000000000
10198  17.260  -69.468  -20.709 0.6000000238
10200  16.067  -69.250  -20.024 0.6999999881
10207  24.316  -69.593  -20.859 0.3000000119
10209  18.002  -69.428  -21.102 0.6000000238
10210  17.406  -69.202  -21.230 0.6999999881
10213  24.053  -69.460  -21.637 0.4000000060
10214  23.614  -70.008  -22.125 0.5000000000
10216  18.460  -69.401  -21.638 0.6999999881
10219  23.064  -70.044  -23.823 0.6000000238
10220  21.063  -69.238  -23.390 0.6999999881
10228  23.767  -69.551  -24.114 0.6000000238
10232  20.144  -70.436  -23.496 0.6999999881
10783  6.962  -68.117  -12.424 0.6000000238
10798  8.115  -68.308  -12.356 0.6000000238
10799  7.570  -68.487  -12.617 0.6000000238
10801  6.257  -68.606  -13.357 0.5000000000
10816  7.596  -69.005  -14.058 0.5000000000
10817  6.738  -68.949  -13.784 0.5000000000
10818  5.906  -68.603  -14.038 0.5000000000
10847  25.805  -68.442  -15.289 0.3000000119
10870  25.845  -68.773  -18.090 0.3000000119
10878  14.508  -69.084  -18.458 0.6000000238
10879  13.763  -68.761  -18.405 0.6000000238
10885  25.169  -68.691  -19.715 0.3000000119
10898  25.001  -68.578  -20.504 0.4000000060
10900  16.325  -68.973  -20.700 0.6000000238
10902  15.267  -68.187  -19.757 0.6999999881
10906  24.977  -68.548  -21.357 0.4000000060
10907  24.542  -69.009  -21.033 0.4000000060
10908  17.267  -68.872  -21.276 0.6000000238
10910  16.122  -68.279  -20.849 0.6999999881
10917  23.885  -69.588  -22.925 0.4000000060
10920  17.784  -68.604  -21.460 0.6999999881
10934  19.891  -68.907  -22.565 0.6999999881
10941  27.496  -69.094  -24.669 0.4000000060
10943  25.557  -69.131  -24.776 0.4000000060
10946  21.793  -69.395  -23.733 0.6000000238
10954  27.995  -69.076  -25.117 0.4000000060
11474  9.900  -67.656  -11.331 0.6000000238
11475  9.130  -67.660  -11.401 0.6000000238
11476  8.561  -67.536  -11.469 0.6000000238
11489  7.944  -67.535  -11.715 0.6000000238
11498  9.983  -67.838  -12.823 0.5000000000
11500  8.684  -68.270  -12.404 0.6000000238
11501  6.261  -68.184  -12.854 0.5000000000
11503  5.029  -67.401  -13.780 0.5000000000
11512  9.592  -67.852  -13.553 0.6000000238
11566  14.535  -67.695  -19.272 0.6000000238
11569  11.968  -67.539  -19.230 0.4000000060
11591  17.899  -67.744  -21.274 0.6999999881
11593  16.509  -67.909  -21.070 0.6000000238
11603  25.878  -68.454  -22.475 0.4000000060
11605  21.179  -67.980  -22.676 0.6999999881
11606  19.644  -68.164  -22.022 0.6999999881
11619  24.280  -68.959  -24.679 0.6000000238
11621  23.114  -68.139  -23.829 0.6000000238
11627  25.983  -68.500  -24.916 0.4000000060
12149  11.651  -66.614  -10.397 0.5000000000
12150  10.943  -66.901  -10.489 0.5000000000
12157  15.928  -66.478  -11.496 0.6000000238
12158  15.016  -66.536  -11.465 0.6000000238
12159  14.241  -66.526  -11.254 0.6000000238
12160  12.210  -66.735  -10.853 0.5000000000
12161  11.470  -67.021  -11.009 0.5000000000
12163  9.568  -67.284  -10.885 0.6000000238
12173  19.694  -66.620  -12.537 0.5000000000
12175  17.636  -66.604  -11.848 0.6999999881
12176  16.316  -66.870  -12.035 0.6000000238
12178  14.782  -66.881  -12.052 0.6000000238
12179  13.932  -66.811  -11.696 0.6000000238
12180  12.798  -66.818  -11.393 0.5000000000
12183  10.610  -67.580  -12.530 0.5000000000
12185  6.419  -66.859  -12.147 0.5000000000
12193  20.559  -66.699  -13.576 0.6000000238
12195  19.185  -66.996  -12.976 0.6999999881
12198  16.638  -67.218  -12.717 0.6999999881
12201  14.066  -66.993  -12.419 0.6000000238
12204  11.473  -66.809  -13.456 0.5000000000
12212  20.688  -66.832  -14.425 0.6999999881
12214  19.362  -67.143  -13.606 0.6000000238
12216  16.224  -67.437  -14.149 0.6000000238
12218  14.568  -67.110  -14.077 0.6000000238
12219  13.742  -66.966  -13.956 0.6000000238
12221  11.991  -66.560  -14.007 0.5000000000
12222  10.714  -66.715  -14.040 0.5000000000
12236  20.756  -66.863  -15.291 0.8000000119
12237  20.066  -67.073  -14.959 0.8000000119
12238  19.459  -67.246  -14.760 0.8000000119
12239  18.793  -67.422  -15.076 0.8000000119
12241  17.199  -67.452  -15.176 0.6999999881
12245  10.754  -66.177  -14.828 0.5000000000
12246  10.300  -66.581  -14.694 0.5000000000
12247  9.814  -66.823  -14.955 0.5000000000
12257  20.134  -67.051  -15.758 0.8000000119
12260  17.597  -67.332  -15.784 0.8000000119
12271  20.808  -66.849  -16.121 0.8000000119
12274  18.605  -66.890  -17.244 0.8000000119
12276  17.254  -67.044  -16.494 0.6999999881
12277  15.177  -66.614  -16.352 0.6999999881
12285  20.886  -66.735  -16.905 0.8000000119
12287  19.576  -66.819  -17.355 0.6000000238
12288  17.630  -66.824  -17.189 0.6999999881
12290  16.125  -66.415  -17.218 0.6999999881
12300  18.372  -66.315  -18.298 0.6000000238
12313  13.735  -65.793  -19.762 0.6999999881
12327  16.268  -66.103  -20.913 0.6000000238
12341  19.713  -66.587  -21.501 0.6999999881
12342  18.995  -66.664  -21.223 0.6999999881
12344  17.470  -66.968  -21.041 0.6000000238
12353  20.867  -67.219  -22.212 0.6999999881
12355  19.330  -67.407  -21.591 0.6999999881
12359  23.503  -66.842  -23.410 0.6000000238
12368  24.719  -68.190  -24.641 0.4000000060
12369  23.979  -67.933  -24.227 0.6000000238
12370  23.417  -67.741  -23.791 0.6000000238
12908  15.102  -65.708  -10.800 0.6000000238
12910  13.692  -65.712  -10.433 0.5000000000
12911  12.906  -65.871  -10.319 0.5000000000
12912  11.832  -66.049  -10.105 0.5000000000
12914  10.404  -66.498  -10.223 0.5000000000
12915  9.241  -66.591  -10.682 0.6000000238
12923  17.623  -66.127  -11.526 0.6999999881
12924  16.239  -66.011  -11.207 0.6000000238
12927  8.580  -66.391  -11.047 0.6000000238
12928  7.956  -66.172  -11.430 0.6000000238
12940  7.332  -66.044  -11.808 0.6000000238
12951  21.538  -65.778  -13.163 0.5000000000
12953  5.420  -65.559  -12.522 0.5000000000
12964  21.890  -65.800  -13.810 0.6000000238
12980  21.900  -66.021  -14.485 0.6000000238
12983  11.677  -66.130  -14.818 0.5000000000
12989  22.500  -65.827  -16.306 0.8000000119
12990  21.965  -66.195  -16.013 0.8000000119
12992  13.752  -66.280  -15.964 0.6999999881
12994  11.720  -65.694  -15.769 0.6000000238
13002  22.592  -65.787  -17.039 0.6000000238
13003  22.013  -66.146  -16.760 0.8000000119
13007  13.932  -65.802  -16.730 0.6999999881
13008  12.643  -65.188  -16.880 0.6000000238
13009  11.981  -65.296  -16.578 0.6000000238
13021  22.071  -66.053  -17.514 0.6999999881
13022  20.976  -66.541  -17.534 0.6000000238
13023  20.638  -66.437  -18.124 0.6000000238
13025  16.433  -65.953  -17.983 0.6000000238
13028  14.040  -64.989  -17.686 0.6999999881
13040  22.138  -65.906  -18.275 0.6000000238
13042  19.416  -66.223  -18.647 0.6999999881
13044  18.104  -65.784  -19.155 0.6999999881
13045  16.744  -65.341  -18.923 0.6000000238
13046  16.008  -65.061  -18.684 0.6000000238
13047  15.197  -64.373  -19.023 0.6999999881
13048  13.355  -64.093  -19.003 0.6999999881
13050  12.024  -65.154  -18.831 0.6000000238
13051  10.951  -65.699  -18.357 0.6000000238
13064  22.140  -65.723  -19.043 0.6000000238
13066  19.226  -65.931  -19.429 0.6999999881
13068  17.925  -65.495  -19.853 0.6000000238
13072  12.484  -65.478  -19.263 0.6999999881
13080  20.884  -65.719  -20.113 0.6000000238
13081  20.220  -65.820  -20.334 0.6000000238
13082  19.375  -65.865  -20.333 0.6999999881
13085  15.674  -65.260  -20.673 0.6000000238
13096  19.411  -66.163  -21.031 0.6999999881
13108  20.520  -66.373  -21.791 0.6999999881
13112  24.548  -66.149  -23.641 0.5000000000
13115  22.355  -65.623  -22.640 0.6000000238
13120  25.650  -66.608  -24.170 0.5000000000
13671  14.756  -65.154  -10.661 0.5000000000
13672  14.034  -65.162  -10.459 0.6000000238
13675  11.402  -65.362  -9.981 0.6000000238
13677  9.751  -65.902  -10.361 0.6000000238
13686  16.297  -65.331  -11.057 0.6000000238
13687  15.487  -65.202  -10.867 0.5000000000
13688  8.578  -64.877  -11.270 0.6000000238
13698  18.650  -65.209  -11.708 0.5000000000
13700  17.620  -65.643  -11.321 0.5000000000
13701  7.035  -65.333  -12.145 0.5000000000
13702  6.252  -65.440  -12.363 0.5000000000
13715  5.042  -64.982  -12.846 0.5000000000
13736  23.076  -64.776  -14.328 0.6000000238
13744  23.335  -64.905  -15.309 0.6000000238
13756  11.272  -65.307  -16.491 0.5000000000
13757  10.618  -65.383  -16.629 0.5000000000
13769  12.641  -64.602  -17.757 0.6000000238
13770  11.871  -64.758  -17.715 0.6000000238
13771  11.182  -65.074  -17.513 0.5000000000
13772  10.573  -65.331  -17.219 0.5000000000
13797  22.051  -65.463  -19.818 0.6000000238
13798  21.455  -65.505  -20.302 0.6000000238
13799  15.286  -64.203  -19.771 0.6000000238
13810  22.601  -64.795  -20.881 0.6000000238
13820  22.344  -64.633  -21.629 0.6000000238
13821  21.999  -64.973  -21.220 0.6000000238
13827  22.329  -64.799  -22.040 0.6000000238
13833  23.528  -64.752  -22.922 0.5000000000
13835  22.125  -65.146  -22.282 0.6000000238
13845  26.575  -65.323  -23.940 0.5000000000
14460  13.651  -64.516  -10.428 0.6000000238
14461  12.587  -64.358  -10.255 0.5000000000
14462  11.412  -64.368  -10.198 0.6000000238
14463  10.663  -64.718  -10.148 0.6000000238
14472  16.472  -64.468  -11.363 0.6000000238
14474  15.087  -64.407  -10.918 0.5000000000
14475  14.530  -63.928  -10.908 0.5000000000
14476  9.090  -64.173  -11.104 0.6000000238
14477  8.203  -63.658  -12.137 0.5000000000
14488  18.392  -64.522  -11.896 0.5000000000
14507  6.227  -64.038  -13.210 0.5000000000
14560  23.950  -64.664  -18.571 0.5000000000
14569  23.897  -64.590  -19.463 0.6000000238
14607  23.777  -63.968  -22.704 0.5000000000
14608  23.192  -64.266  -22.519 0.5000000000
14620  25.186  -64.926  -23.559 0.5000000000
15234  13.908  -63.928  -10.724 0.5000000000
15235  13.161  -63.961  -10.539 0.5000000000
15236  12.426  -63.695  -10.540 0.6000000238
15237  11.610  -63.519  -10.566 0.6000000238
15245  14.973  -63.656  -11.267 0.4000000060
15249  11.569  -62.844  -10.995 0.6000000238
15250  10.154  -63.233  -10.877 0.6000000238
15252  8.798  -63.567  -11.526 0.6000000238
15260  15.574  -63.401  -11.785 0.4000000060
15265  7.301  -62.919  -13.360 0.6000000238
15284  5.986  -63.270  -13.524 0.5000000000
15285  5.142  -63.233  -13.178 0.5000000000
16011  13.480  -63.006  -11.337 0.5000000000
16017  8.841  -62.312  -11.491 0.6000000238
16023  15.223  -62.798  -12.437 0.5000000000
16025  13.353  -62.535  -11.950 0.6000000238
16026  12.567  -62.181  -12.144 0.6000000238
16027  11.748  -61.942  -12.005 0.5000000000
16028  11.020  -61.579  -12.051 0.5000000000
16029  8.203  -62.242  -12.016 0.6000000238
16030  7.541  -62.152  -12.735 0.6000000238
16047  13.248  -62.189  -12.651 0.6000000238
16066  14.311  -62.196  -13.460 0.5000000000
16067  13.572  -61.930  -13.488 0.6000000238
16775  17.841  -61.233  -8.938 0.4000000060
16786  17.932  -61.309  -9.526 0.4000000060
16802  10.547  -61.890  -11.433 0.6000000238
16803  9.893  -61.848  -11.310 0.6000000238
16804  9.226  -61.725  -11.395 0.6000000238
16813  5.147  -61.085  -12.304 0.5000000000
16820  6.434  -61.242  -13.053 0.5000000000
16821  5.816  -61.140  -12.903 0.5000000000
16833  12.104  -61.435  -13.698 0.6000000238
16852  12.195  -61.249  -14.527 0.6000000238
16853  11.575  -60.839  -14.811 0.6000000238
16873  12.437  -60.712  -15.720 0.5000000000
17564  17.964  -60.388  -7.938 0.4000000060
17592  18.510  -60.944  -9.266 0.4000000060
17619  8.949  -61.079  -11.495 0.6000000238
17629  9.788  -60.580  -12.125 0.6000000238
17630  8.953  -60.414  -11.804 0.6000000238
17632  7.566  -60.484  -12.206 0.6000000238
17634  5.472  -60.554  -12.371 0.5000000000
17641  10.079  -60.128  -13.258 0.6000000238
17645  10.994  -60.476  -14.461 0.5000000000
17646  10.502  -60.166  -14.125 0.5000000000
17658  11.771  -60.464  -15.553 0.5000000000
17676  12.199  -60.193  -15.975 0.4000000060
17677  11.707  -59.909  -15.585 0.4000000060
17703  12.703  -59.994  -16.176 0.4000000060
18451  14.426  -59.381  -6.109 0.3000000119
18459  17.028  -59.506  -7.036 0.4000000060
18460  16.320  -59.703  -6.800 0.3000000119
18479  17.427  -59.949  -7.497 0.4000000060
18489  19.161  -59.937  -8.350 0.4000000060
18490  18.584  -60.338  -8.290 0.4000000060
18502  14.080  -59.388  -9.504 0.4000000060
18513  14.724  -60.046  -10.257 0.4000000060
18524  13.867  -59.394  -11.116 0.4000000060
18533  13.902  -59.642  -11.908 0.4000000060
18535  8.016  -58.591  -12.778 0.6000000238
18546  9.055  -59.024  -13.145 0.6000000238
18564  11.213  -59.595  -15.046 0.5000000000
19322  13.789  -58.412  -4.482 0.3000000119
19324  12.223  -58.719  -3.772 0.3000000119
19336  15.191  -58.540  -5.373 0.3000000119
19338  13.650  -58.907  -4.900 0.3000000119
19353  16.264  -58.720  -6.035 0.3000000119
19366  16.654  -59.075  -6.561 0.3000000119
19383  18.370  -59.156  -7.716 0.4000000060
19384  17.695  -59.256  -7.349 0.4000000060
19400  13.655  -58.921  -9.793 0.4000000060
19401  13.182  -58.516  -9.276 0.3000000119
19409  13.525  -58.893  -10.515 0.4000000060
19420  12.792  -58.251  -11.094 0.4000000060
19428  13.420  -59.250  -12.300 0.4000000060
19430  7.608  -58.199  -12.560 0.6000000238
19431  6.378  -58.306  -11.912 0.5000000000
19441  8.346  -58.218  -12.897 0.6000000238
19449  12.922  -59.095  -13.849 0.4000000060
19450  12.051  -58.841  -14.275 0.4000000060
19463  12.214  -59.160  -15.193 0.5000000000
19464  11.135  -59.126  -14.793 0.5000000000
19465  10.641  -59.265  -14.578 0.5000000000
19485  12.572  -59.372  -15.756 0.4000000060
20212  13.207  -58.219  -4.097 0.3000000119
20227  15.458  -58.003  -5.286 0.3000000119
20240  16.391  -57.919  -5.881 0.3000000119
20241  15.815  -58.337  -5.611 0.3000000119
20290  12.692  -58.071  -10.435 0.4000000060
20302  12.406  -58.123  -11.614 0.4000000060
20304  11.247  -57.831  -11.973 0.4000000060
20305  8.122  -57.471  -11.614 0.6000000238
20307  6.591  -57.966  -11.467 0.6000000238
20313  12.360  -58.337  -12.400 0.4000000060
20314  11.671  -58.028  -12.499 0.4000000060
20316  10.026  -57.738  -12.682 0.6000000238
20318  8.438  -57.597  -12.408 0.6000000238
20319  7.728  -57.785  -12.189 0.6000000238
20320  7.015  -58.021  -12.055 0.6000000238
20326  11.593  -58.430  -13.458 0.6000000238
20327  11.065  -58.134  -13.129 0.6000000238
20328  10.384  -58.084  -13.258 0.6000000238
20329  9.557  -58.076  -13.275 0.6000000238
20330  8.759  -57.938  -12.921 0.6000000238
20336  10.186  -58.441  -13.786 0.6000000238
21099  13.698  -57.719  -4.288 0.3000000119
21100  13.023  -57.496  -4.003 0.3000000119
21115  15.391  -57.408  -5.123 0.3000000119
21117  14.127  -57.134  -4.584 0.3000000119
21127  16.341  -57.032  -5.800 0.3000000119
21128  15.781  -57.001  -5.382 0.3000000119
21151  17.749  -56.993  -7.553 0.4000000060
21162  11.664  -57.740  -10.750 0.4000000060
21165  9.608  -57.726  -10.631 0.4000000060
21170  11.146  -57.749  -11.333 0.4000000060
21171  10.411  -57.674  -11.287 0.4000000060
21173  8.862  -57.554  -11.012 0.4000000060
21176  10.589  -57.715  -11.964 0.5000000000
21949  12.752  -56.682  -4.237 0.3000000119
21950  12.010  -56.482  -4.242 0.3000000119
21961  15.308  -56.694  -5.139 0.3000000119
21962  14.692  -56.419  -4.978 0.3000000119
21974  16.384  -56.323  -6.029 0.4000000060
21988  17.217  -56.375  -7.034 0.3000000119
21989  16.613  -55.880  -6.581 0.4000000060
21998  18.275  -56.486  -8.278 0.3000000119
22006  18.462  -55.882  -8.660 0.3000000119
22793  14.453  -55.744  -5.159 0.3000000119
22808  15.561  -55.553  -5.844 0.4000000060
22809  14.854  -55.297  -5.644 0.4000000060
22810  14.111  -55.119  -5.521 0.3000000119
22813  11.593  -54.776  -5.331 0.3000000119
22822  16.528  -55.277  -7.021 0.4000000060
22833  20.361  -55.559  -7.890 0.3000000119
22835  17.290  -55.472  -8.164 0.3000000119
22837  16.211  -54.732  -7.201 0.4000000060
22844  18.248  -55.371  -9.019 0.3000000119
22846  16.918  -54.917  -8.456 0.3000000119
23674  10.911  -54.829  -5.238 0.3000000119
23675  10.318  -54.572  -5.335 0.4000000060
23676  9.498  -54.571  -5.315 0.4000000060
23684  13.615  -54.510  -5.964 0.3000000119
23687  10.963  -54.261  -5.625 0.4000000060
23696  15.557  -54.497  -6.844 0.3000000119
23698  13.742  -54.030  -6.529 0.3000000119
23699  13.117  -53.967  -6.438 0.3000000119
23711  20.502  -54.809  -7.942 0.3000000119
23732  16.602  -54.379  -8.724 0.3000000119
23747  17.502  -54.598  -9.539 0.3000000119
24593  10.511  -53.685  -5.976 0.4000000060
24594  9.796  -53.527  -6.120 0.3000000119
24601  12.832  -53.393  -6.832 0.3000000119
24602  11.588  -53.179  -6.622 0.4000000060
24605  9.668  -53.130  -6.739 0.3000000119
24618  13.927  -53.296  -7.294 0.3000000119
24619  13.334  -53.014  -7.282 0.3000000119
24620  9.059  -53.178  -7.046 0.3000000119
24642  15.032  -52.895  -8.468 0.3000000119
24657  16.558  -53.757  -9.767 0.3000000119
24658  15.978  -53.327  -9.429 0.3000000119
24675  16.201  -53.219  -10.229 0.3000000119
24688  16.572  -53.233  -10.815 0.3000000119
25546  12.593  -52.738  -7.290 0.3000000119
25548  11.127  -52.722  -7.055 0.4000000060
25549  10.322  -52.784  -7.066 0.3000000119
25559  13.164  -52.363  -7.815 0.5000000000
25560  12.125  -52.301  -7.643 0.4000000060
25576  10.827  -52.144  -8.423 0.3000000119
25577  10.043  -52.400  -8.621 0.3000000119
25578  9.454  -52.593  -8.458 0.3000000119
25595  14.218  -51.958  -9.053 0.3000000119
25597  10.193  -52.332  -9.115 0.3000000119
25620  15.025  -52.176  -10.127 0.3000000119
25641  16.574  -52.918  -11.583 0.3000000119
25646  11.954  -52.918  -11.618 0.3000000119
25665  13.823  -52.900  -13.224 0.3000000119
25667  11.395  -53.520  -13.288 0.3000000119
25678  16.878  -52.465  -12.964 0.3000000119
25679  16.029  -52.678  -13.696 0.3000000119
25681  14.533  -52.894  -13.792 0.3000000119
25682  13.239  -53.141  -13.908 0.3000000119
25699  13.392  -52.949  -14.478 0.3000000119
26560  13.085  -51.905  -8.456 0.5000000000
26561  12.550  -51.997  -8.044 0.5000000000
26578  13.507  -51.772  -9.012 0.3000000119
26580  12.357  -51.778  -8.671 0.4000000060
26600  14.474  -51.898  -9.645 0.3000000119
26602  12.950  -51.715  -9.769 0.3000000119
26624  14.239  -51.803  -10.352 0.3000000119
26692  13.540  -52.398  -14.749 0.3000000119
154058  12.211  -53.329  -12.630 0.3000000119
154218  17.002  -75.411  -18.816 0.5000000000
154348  10.468  -65.933  -15.611 0.5000000000
154432  14.370  -65.313  -20.236 0.6000000238
154663  11.657  -61.395  -13.206 0.5000000000
155396  15.314  -70.090  -17.926 0.6999999881
155766  18.823  -74.153  -15.624 0.5000000000
155781  21.502  -80.545  -21.468 0.3000000119
156085  12.648  -58.029  -9.660 0.3000000119
156339  13.285  -59.281  -14.711 0.4000000060
156384  22.148  -72.258  -24.570 0.5000000000
156809  22.655  -69.599  -24.048 0.6000000238
157001  18.739  -79.554  -16.723 0.3000000119
157093  14.394  -60.171  -12.319 0.4000000060
157108  20.711  -72.432  -22.312 0.6999999881
157180  6.247  -58.908  -12.232 0.5000000000
157449  17.209  -79.520  -17.993 0.5000000000
157641  19.104  -67.333  -14.227 0.8000000119
157704  21.325  -72.085  -20.888 0.8000000119
157914  19.820  -70.179  -19.774 0.6999999881
157982  22.399  -80.403  -21.877 0.4000000060
158147  14.752  -67.032  -14.852 0.6000000238
158298  12.996  -70.132  -14.920 0.4000000060
158301  15.987  -67.325  -14.849 0.6000000238
158303  17.540  -67.542  -14.363 0.6999999881
158526  14.196  -54.256  -6.394 0.3000000119
158578  5.593  -59.905  -12.171 0.5000000000
158589  13.927  -67.004  -19.388 0.6000000238
158889  12.118  -57.848  -10.169 0.4000000060
158952  24.718  -78.569  -24.147 0.4000000060
158956  29.678  -74.592  -23.760 0.4000000060
159018  19.864  -74.703  -16.662 0.6000000238
159235  10.455  -70.318  -17.504 0.6000000238
159447  17.207  -65.243  -20.160 0.6000000238
159763  11.560  -65.012  -17.083 0.5000000000
160293  26.394  -78.137  -14.659 0.3000000119
160345  21.658  -73.370  -21.902 0.6999999881
160381  19.825  -72.788  -14.542 0.6000000238
160452  19.353  -70.273  -22.118 0.6999999881
160753  26.536  -72.198  -16.369 0.3000000119
160836  17.490  -70.606  -14.546 0.5000000000
160888  22.610  -72.969  -25.014 0.5000000000
160945  24.003  -74.218  -18.772 0.6000000238
161014  5.619  -67.567  -12.967 0.5000000000
161345  23.400  -65.162  -18.069 0.5000000000
161673  10.774  -52.455  -7.591 0.4000000060
161876  19.529  -56.683  -8.140 0.3000000119
162021  25.179  -78.938  -16.016 0.3000000119
162029  22.543  -65.164  -20.139 0.6000000238
162145  16.048  -70.533  -17.045 0.6999999881
162234  7.108  -67.444  -11.994 0.6000000238
162392  16.439  -63.620  -11.930 0.4000000060
162562  26.149  -68.754  -15.964 0.3000000119
162668  21.019  -73.756  -15.775 0.6999999881
162728  6.182  -59.706  -12.461 0.5000000000
163097  17.259  -65.478  -20.556 0.6000000238
163108  17.641  -79.493  -18.662 0.5000000000
163247  22.204  -67.429  -22.963 0.6999999881
163716  13.349  -66.899  -11.948 0.5000000000
163734  18.744  -67.321  -13.563 0.6999999881
163752  16.444  -78.380  -20.508 0.4000000060
163797  21.918  -66.166  -15.258 0.6000000238
163943  17.949  -67.441  -13.535 0.6999999881
164010  12.589  -66.954  -12.257 0.5000000000
164072  16.468  -67.306  -15.364 0.6999999881
164104  15.173  -67.245  -13.392 0.6000000238
164172  17.805  -70.297  -17.119 0.6000000238
164173  12.473  -69.915  -16.409 0.5000000000
164608  23.348  -80.584  -20.247 0.4000000060
164767  20.844  -80.533  -20.239 0.3000000119
164964  22.783  -65.387  -15.027 0.6000000238
165202  26.014  -80.529  -18.116 0.3000000119
165335  18.874  -67.257  -16.096 0.8000000119
165411  13.536  -63.501  -10.925 0.5000000000
165828  8.074  -64.419  -11.942 0.6000000238
165881  11.668  -69.884  -16.386 0.5000000000
165941  26.769  -68.971  -24.788 0.4000000060
166036  29.152  -76.105  -23.209 0.3000000119
166642  21.501  -68.672  -23.196 0.6999999881
166948  11.469  -65.582  -18.696 0.6000000238
167053  23.717  -83.122  -11.089 0.3000000119
167174  29.626  -72.927  -19.563 0.3000000119
167306  18.739  -79.746  -10.743 0.3000000119
167876  17.970  -78.858  -22.247 0.4000000060
167881  17.151  -79.720  -12.755 0.3000000119
167962  21.136  -65.487  -21.398 0.6000000238
168262  17.100  -79.497  -15.117 0.5000000000
168317  18.296  -79.374  -20.577 0.5000000000
168415  11.558  -61.547  -12.562 0.5000000000
168890  29.074  -72.244  -19.356 0.4000000060
168938  12.165  -51.902  -10.091 0.3000000119
169386  12.878  -69.892  -16.810 0.5000000000
169468  23.634  -76.817  -19.341 0.6000000238
169711  13.703  -69.763  -17.487 0.6000000238
169985  18.572  -75.243  -17.740 0.6000000238
169998  20.581  -79.195  -10.083 0.3000000119
170033  12.059  -64.825  -10.076 0.5000000000
170378  13.616  -67.012  -13.252 0.6000000238
170506  8.249  -68.696  -13.603 0.6000000238
170802  5.158  -66.182  -12.707 0.5000000000
171054  22.803  -66.392  -22.937 0.6000000238
171349  10.649  -58.785  -14.294 0.6000000238
171373  11.600  -59.036  -14.862 0.5000000000
172049  14.495  -52.361  -8.640 0.3000000119
172053  16.419  -69.626  -19.552 0.6999999881
172078  7.426  -64.568  -12.322 0.5000000000
172180  22.408  -74.238  -22.729 0.5000000000
172450  12.892  -64.315  -18.513 0.6000000238
172556  29.948  -73.507  -22.156 0.4000000060
172771  12.706  -65.086  -10.114 0.5000000000
173000  24.809  -76.904  -20.163 0.5000000000
173014  18.216  -75.698  -18.952 0.6000000238
173300  23.476  -83.151  -11.868 0.3000000119
173644  14.953  -66.871  -15.587 0.6999999881
173750  26.069  -76.165  -13.568 0.3000000119
173830  14.144  -64.144  -18.803 0.6999999881
173863  21.529  -82.188  -13.986 0.3000000119
174069  6.530  -62.620  -13.638 0.5000000000
174136  22.971  -77.501  -15.204 0.3000000119
174224  20.565  -65.914  -19.542 0.6000000238
174235  25.654  -75.778  -13.417 0.3000000119
174666  15.966  -74.909  -16.112 0.5000000000
175383  9.612  -59.450  -13.485 0.6000000238
175597  17.111  -79.706  -16.438 0.5000000000
175608  9.002  -62.967  -11.380 0.6000000238
175810  16.882  -80.572  -13.053 0.3000000119
175992  24.244  -80.474  -20.601 0.4000000060
176060  13.773  -66.173  -10.741 0.5000000000
176359  18.121  -66.832  -12.226 0.6000000238
176423  12.465  -68.830  -18.758 0.5000000000
176609  13.279  -64.736  -19.532 0.6999999881
177008  21.652  -66.029  -18.712 0.6000000238
177238  19.188  -79.823  -21.363 0.5000000000
177258  20.119  -80.304  -19.767 0.3000000119
177569  14.399  -56.752  -4.780 0.3000000119
177859  20.309  -65.840  -20.930 0.6000000238
177916  6.665  -60.408  -12.583 0.6000000238
177949  8.164  -68.559  -12.853 0.6000000238
178510  7.681  -63.477  -12.763 0.5000000000
178550  24.291  -83.030  -11.011 0.3000000119
178573  10.464  -67.650  -11.714 0.6000000238
178666  26.193  -68.880  -24.786 0.4000000060
178687  15.584  -52.728  -9.715 0.3000000119
178790  8.529  -58.620  -13.005 0.6000000238
179066  11.240  -67.202  -12.746 0.5000000000
179073  22.173  -72.280  -19.772 0.6999999881
179171  27.084  -80.059  -18.741 0.3000000119
179294  22.396  -72.181  -19.067 0.8000000119
179414  18.301  -74.460  -15.991 0.6000000238
179728  13.143  -66.133  -15.787 0.6000000238
180032  20.222  -79.809  -17.941 0.3000000119
180585  18.527  -70.703  -14.837 0.5000000000
180871  24.235  -78.665  -24.212 0.4000000060
181425  24.726  -73.597  -25.065 0.4000000060
181735  22.526  -80.500  -19.293 0.4000000060
182007  28.011  -75.057  -12.557 0.3000000119
182458  24.351  -69.492  -24.163 0.4000000060
182481  25.603  -72.686  -22.689 0.4000000060
182485  17.793  -79.662  -17.487 0.5000000000
182499  24.364  -70.673  -20.881 0.4000000060
182646  22.516  -78.538  -16.543 0.3000000119
182813  24.228  -79.716  -17.555 0.3000000119
182999  17.620  -66.885  -12.183 0.6999999881
183223  20.010  -80.163  -19.132 0.3000000119
183502  12.298  -65.954  -10.187 0.5000000000
183565  28.473  -78.069  -22.746 0.3000000119
184182  18.802  -65.785  -11.734 0.5000000000
184203  16.305  -67.055  -15.977 0.6999999881
184219  13.076  -58.461  -10.658 0.4000000060
184252  12.079  -58.075  -11.992 0.4000000060
184297  26.085  -78.220  -23.868 0.5000000000
184423  17.989  -69.959  -18.087 0.6000000238
184438  6.997  -66.692  -11.904 0.6000000238
184705  11.797  -61.184  -14.265 0.6000000238
184728  18.365  -80.045  -11.179 0.3000000119
184989  8.232  -57.540  -11.019 0.5000000000
185020  18.294  -78.209  -11.044 0.3000000119
185103  29.066  -73.537  -18.936 0.3000000119
185199  15.373  -67.137  -15.042 0.6000000238
185482  18.472  -58.601  -7.764 0.4000000060
185738  8.443  -60.169  -11.932 0.6000000238
185822  12.785  -58.609  -4.006 0.3000000119
185903  27.226  -79.133  -15.382 0.3000000119
