#!ascii label  , from subject sub-v2s13x29098_ses-1 vox2ras=TkReg
1022
18684  -42.866  -62.226  -23.848 0.5000000000
18670  -41.991  -63.165  -20.877 0.8000000119
18648  -39.232  -62.889  -18.966 0.8000000119
18658  -40.503  -62.959  -19.580 0.8000000119
18669  -41.197  -62.775  -20.747 0.8000000119
19636  -44.021  -62.103  -23.532 0.5000000000
18680  -42.280  -62.734  -22.537 0.5000000000
19624  -40.895  -62.457  -22.725 0.6000000238
19604  -37.593  -63.343  -19.996 0.6999999881
18647  -38.808  -62.857  -19.454 0.6999999881
19609  -40.562  -62.585  -20.703 0.8000000119
19623  -40.617  -61.700  -21.980 0.6999999881
19633  -45.118  -62.079  -22.739 0.6000000238
174798  -43.464  -61.754  -23.856 0.5000000000
19635  -42.176  -61.793  -24.151 0.6000000238
17753  -34.759  -64.401  -20.478 0.6999999881
19631  -41.183  -62.004  -23.852 0.6000000238
21400  -41.615  -61.297  -23.196 0.6000000238
18666  -35.885  -64.190  -21.344 0.6999999881
18646  -36.427  -63.563  -19.432 0.6999999881
159222  -39.421  -62.793  -20.804 0.6999999881
20513  -40.674  -61.928  -23.542 0.6000000238
169609  -41.514  -60.854  -21.950 0.6000000238
19607  -39.508  -62.608  -21.577 0.8000000119
19622  -40.136  -61.862  -21.956 0.8000000119
20512  -40.227  -61.779  -22.899 0.6999999881
19625  -44.622  -61.449  -22.383 0.4000000060
20514  -43.965  -61.003  -23.024 0.6000000238
173091  -33.657  -64.278  -21.105 0.6999999881
188584  -42.456  -60.533  -22.439 0.6000000238
18664  -34.397  -64.032  -21.374 0.6999999881
18667  -37.195  -63.801  -22.162 0.6999999881
19605  -39.050  -63.313  -22.106 0.6999999881
19620  -39.262  -63.069  -22.721 0.6999999881
20495  -39.381  -62.450  -22.056 0.6000000238
20506  -39.766  -61.819  -21.896 0.6999999881
21366  -39.523  -60.572  -19.467 0.5000000000
20505  -38.974  -62.737  -22.889 0.6000000238
20494  -39.318  -62.378  -22.184 0.6000000238
21378  -39.132  -61.625  -20.927 0.6000000238
20486  -38.192  -61.420  -20.134 0.6000000238
21364  -37.333  -60.724  -18.762 0.5000000000
21381  -44.141  -59.843  -21.082 0.4000000060
20508  -44.146  -60.654  -21.769 0.5000000000
18662  -32.716  -63.957  -21.415 0.6999999881
21393  -43.581  -60.094  -22.281 0.6000000238
21392  -43.357  -59.986  -22.283 0.6000000238
18677  -36.217  -63.609  -22.149 0.6999999881
21391  -42.584  -59.936  -21.569 0.6000000238
19617  -37.031  -63.131  -22.433 0.6999999881
21380  -41.408  -60.389  -20.678 0.5000000000
163536  -40.686  -60.262  -19.854 0.6000000238
20504  -37.597  -62.440  -22.059 0.6999999881
20493  -38.241  -61.949  -21.505 0.6000000238
171940  -38.102  -60.776  -19.039 0.5000000000
20492  -37.041  -61.645  -20.408 0.5000000000
21385  -30.579  -61.335  -20.650 0.6000000238
20515  -30.476  -62.138  -22.855 0.6000000238
170943  -44.331  -60.766  -19.739 0.5000000000
164353  -44.425  -58.672  -21.163 0.5000000000
19612  -31.604  -63.263  -22.032 0.6999999881
19613  -32.059  -63.576  -21.277 0.6999999881
22251  -43.938  -58.735  -21.663 0.5000000000
22246  -44.604  -57.587  -21.274 0.4000000060
19629  -32.918  -63.907  -21.567 0.6999999881
23131  -44.275  -57.797  -21.293 0.5000000000
18675  -33.784  -63.960  -21.428 0.6999999881
19615  -34.369  -63.366  -21.461 0.6999999881
22245  -43.355  -58.071  -20.790 0.5000000000
19616  -35.655  -63.233  -21.840 0.6999999881
20503  -36.075  -62.448  -21.423 0.6000000238
22243  -41.581  -59.057  -19.708 0.5000000000
164324  -36.166  -61.687  -20.301 0.6000000238
186502  -40.788  -59.050  -19.267 0.5000000000
20491  -35.071  -61.585  -20.088 0.5000000000
21377  -35.321  -60.959  -19.113 0.5000000000
21363  -36.514  -60.614  -18.499 0.5000000000
22225  -38.022  -59.962  -18.281 0.5000000000
21346  -36.814  -60.172  -18.002 0.5000000000
22212  -37.937  -58.940  -17.895 0.3000000119
23110  -45.903  -58.155  -19.144 0.3000000119
21383  -28.851  -60.143  -21.536 0.6000000238
21395  -29.867  -60.964  -22.086 0.6000000238
22229  -45.141  -58.169  -20.296 0.4000000060
23126  -45.134  -57.119  -20.828 0.4000000060
19627  -31.516  -63.016  -23.018 0.6000000238
176621  -44.044  -57.327  -20.806 0.5000000000
19628  -32.235  -63.421  -21.994 0.6999999881
20511  -32.497  -63.457  -21.972 0.6999999881
190983  -42.425  -58.351  -20.021 0.5000000000
20501  -33.746  -62.399  -20.937 0.5000000000
22228  -41.118  -57.798  -19.179 0.5000000000
20490  -34.112  -61.487  -20.014 0.5000000000
23106  -40.280  -58.073  -18.920 0.4000000060
175392  -38.771  -59.213  -18.325 0.3000000119
23088  -38.749  -57.950  -18.193 0.4000000060
21345  -36.136  -60.070  -17.916 0.5000000000
22210  -36.385  -59.399  -17.618 0.4000000060
21394  -29.239  -60.193  -22.132 0.6000000238
190640  -29.726  -60.463  -22.678 0.6000000238
21403  -30.023  -61.214  -23.076 0.6000000238
20520  -30.601  -62.150  -23.761 0.6000000238
20521  -31.122  -62.462  -24.105 0.6000000238
24014  -44.499  -57.102  -20.742 0.3000000119
23124  -42.969  -57.677  -19.959 0.4000000060
20517  -31.562  -62.774  -23.633 0.6000000238
23109  -43.482  -57.409  -19.955 0.3000000119
21397  -32.091  -61.751  -22.650 0.6000000238
20500  -33.001  -62.405  -21.254 0.6999999881
23107  -41.365  -57.388  -19.010 0.3000000119
23123  -41.902  -57.790  -19.390 0.3000000119
21398  -32.423  -62.310  -21.927 0.6000000238
23996  -39.969  -57.013  -18.520 0.3000000119
21386  -32.341  -60.754  -21.291 0.5000000000
21387  -32.755  -61.133  -20.667 0.5000000000
21388  -33.357  -61.373  -20.216 0.5000000000
23087  -37.915  -57.859  -17.830 0.3000000119
23089  -39.400  -57.085  -18.407 0.3000000119
21375  -33.764  -60.739  -19.436 0.5000000000
21360  -34.077  -60.266  -18.788 0.5000000000
165318  -37.119  -58.725  -17.645 0.3000000119
22242  -33.167  -59.662  -19.716 0.5000000000
23085  -35.699  -58.915  -17.636 0.4000000060
23086  -36.406  -58.501  -17.581 0.3000000119
164569  -28.703  -59.132  -22.071 0.5000000000
22257  -29.415  -59.861  -22.472 0.6000000238
166603  -30.066  -60.697  -23.391 0.5000000000
21404  -31.926  -62.009  -24.174 0.6000000238
21407  -31.853  -61.759  -24.622 0.5000000000
23976  -39.611  -56.590  -18.176 0.3000000119
24879  -38.560  -56.339  -17.776 0.3000000119
23975  -38.880  -56.744  -18.094 0.3000000119
22254  -32.255  -60.419  -21.926 0.6000000238
22249  -32.610  -60.184  -20.393 0.5000000000
23130  -33.398  -58.874  -20.192 0.5000000000
23084  -35.014  -59.271  -17.839 0.4000000060
24012  -34.605  -57.996  -19.320 0.4000000060
23135  -29.596  -59.096  -22.388 0.5000000000
23136  -30.549  -59.038  -22.963 0.5000000000
22261  -31.211  -60.222  -24.457 0.5000000000
22260  -30.638  -60.986  -24.369 0.5000000000
23143  -31.800  -60.714  -24.972 0.5000000000
24866  -39.237  -56.516  -17.112 0.3000000119
24865  -38.672  -56.216  -17.451 0.3000000119
22262  -32.514  -61.033  -24.648 0.6000000238
22259  -32.626  -60.324  -23.021 0.6000000238
22255  -32.585  -59.650  -21.633 0.5000000000
23995  -35.439  -57.807  -18.187 0.4000000060
24902  -35.331  -56.949  -20.122 0.4000000060
23140  -31.519  -58.798  -23.756 0.5000000000
24035  -32.632  -58.989  -24.737 0.5000000000
24854  -38.531  -56.516  -16.405 0.4000000060
25849  -37.562  -55.775  -16.228 0.4000000060
22265  -32.121  -61.056  -24.835 0.5000000000
25858  -37.630  -55.585  -17.056 0.4000000060
25872  -37.347  -55.647  -17.627 0.3000000119
22266  -33.205  -60.447  -25.155 0.4000000060
25871  -36.709  -55.716  -18.123 0.3000000119
22263  -33.488  -60.338  -24.701 0.5000000000
23137  -33.200  -59.578  -22.830 0.4000000060
24901  -34.973  -57.370  -20.691 0.4000000060
24031  -31.330  -57.591  -22.873 0.5000000000
181348  -32.007  -58.031  -23.645 0.5000000000
24032  -32.785  -57.932  -24.106 0.5000000000
168835  -37.401  -56.048  -15.342 0.4000000060
23145  -33.449  -59.845  -25.329 0.5000000000
24036  -33.433  -59.030  -25.165 0.4000000060
26843  -36.759  -54.920  -16.309 0.4000000060
162372  -36.709  -54.705  -17.144 0.4000000060
183361  -33.933  -58.499  -25.018 0.4000000060
23146  -33.915  -59.942  -25.192 0.4000000060
160395  -36.535  -54.593  -17.880 0.4000000060
23141  -34.212  -59.742  -24.466 0.4000000060
23138  -33.980  -58.960  -22.783 0.4000000060
24029  -34.755  -58.380  -22.610 0.4000000060
24019  -33.858  -58.261  -20.680 0.4000000060
24025  -35.337  -57.658  -21.841 0.4000000060
24905  -35.550  -57.042  -21.022 0.4000000060
25892  -35.720  -56.569  -20.453 0.4000000060
25893  -36.143  -56.134  -20.892 0.4000000060
25899  -32.000  -56.398  -22.802 0.5000000000
24912  -31.955  -57.181  -23.155 0.4000000060
26833  -36.488  -54.998  -15.278 0.4000000060
26834  -37.043  -55.472  -15.722 0.4000000060
25905  -33.213  -56.560  -23.667 0.5000000000
185235  -33.254  -57.391  -24.085 0.4000000060
24037  -34.567  -59.156  -25.284 0.4000000060
27874  -36.355  -53.895  -17.760 0.4000000060
24038  -35.026  -58.881  -24.941 0.4000000060
24033  -35.308  -58.721  -24.030 0.4000000060
25889  -35.848  -55.946  -19.981 0.3000000119
25900  -32.623  -56.073  -23.064 0.4000000060
26878  -33.660  -55.227  -23.472 0.5000000000
25906  -34.015  -56.328  -23.936 0.4000000060
28909  -36.170  -53.745  -16.138 0.4000000060
26883  -35.230  -55.664  -24.149 0.4000000060
173233  -34.039  -57.482  -24.475 0.4000000060
25907  -35.096  -56.588  -24.339 0.4000000060
24916  -34.808  -58.558  -25.127 0.4000000060
24917  -35.469  -58.380  -24.945 0.4000000060
24918  -36.011  -57.974  -24.736 0.4000000060
174292  -36.127  -58.013  -23.735 0.4000000060
24910  -35.913  -57.705  -22.605 0.4000000060
26870  -36.560  -55.366  -21.154 0.4000000060
24906  -36.401  -56.740  -21.704 0.4000000060
183771  -36.632  -56.175  -21.581 0.4000000060
181533  -34.072  -54.688  -23.551 0.4000000060
191864  -34.612  -54.928  -23.813 0.4000000060
187224  -35.724  -54.512  -24.123 0.4000000060
26884  -36.071  -55.495  -24.566 0.4000000060
25908  -36.168  -56.781  -24.919 0.4000000060
25909  -36.980  -57.027  -25.092 0.4000000060
27890  -36.347  -54.543  -20.545 0.4000000060
25910  -37.623  -56.675  -24.877 0.4000000060
25902  -37.168  -57.159  -23.516 0.4000000060
25904  -38.238  -56.286  -24.389 0.4000000060
25898  -37.546  -56.371  -22.785 0.4000000060
27902  -35.142  -54.024  -23.776 0.4000000060
28954  -35.902  -53.793  -23.999 0.4000000060
28957  -36.668  -54.033  -24.500 0.4000000060
27906  -37.374  -54.753  -25.030 0.4000000060
26888  -37.044  -55.647  -25.080 0.4000000060
181945  -37.993  -54.345  -25.223 0.4000000060
26889  -37.862  -55.683  -25.240 0.4000000060
26890  -38.528  -55.519  -25.154 0.4000000060
26886  -38.559  -55.834  -24.729 0.4000000060
27894  -37.445  -54.560  -21.771 0.3000000119
26876  -38.488  -55.441  -22.883 0.4000000060
26875  -37.759  -55.472  -22.310 0.4000000060
170687  -35.755  -52.879  -23.745 0.4000000060
30030  -36.467  -52.537  -24.029 0.4000000060
31091  -36.795  -51.865  -24.037 0.4000000060
30031  -37.247  -53.072  -24.581 0.4000000060
28958  -37.282  -53.836  -24.788 0.4000000060
27907  -38.376  -55.000  -25.319 0.4000000060
27908  -39.229  -54.849  -25.297 0.4000000060
190961  -36.876  -53.410  -20.978 0.4000000060
172971  -37.107  -53.850  -21.303 0.3000000119
26881  -39.396  -55.172  -24.093 0.4000000060
27895  -38.242  -54.762  -22.334 0.5000000000
28946  -38.697  -53.557  -22.190 0.4000000060
27899  -39.821  -54.639  -23.816 0.5000000000
32091  -37.217  -51.105  -24.064 0.4000000060
165025  -38.142  -50.517  -24.352 0.4000000060
173379  -37.220  -52.430  -24.411 0.4000000060
178502  -38.127  -51.396  -24.604 0.4000000060
30032  -38.170  -52.829  -24.979 0.4000000060
27904  -39.726  -54.817  -24.785 0.4000000060
28950  -39.366  -54.135  -22.839 0.5000000000
164871  -37.250  -50.289  -23.892 0.4000000060
33082  -37.666  -49.693  -24.044 0.4000000060
27905  -40.366  -54.241  -24.598 0.4000000060
27900  -40.289  -53.852  -23.419 0.5000000000
165844  -37.198  -48.985  -24.032 0.4000000060
34052  -38.108  -48.986  -24.522 0.4000000060
30027  -41.059  -53.011  -23.587 0.5000000000
37041  -37.254  -46.127  -23.232 0.4000000060
35059  -37.096  -47.738  -24.463 0.4000000060
36056  -37.819  -47.183  -24.703 0.4000000060
173903  -37.591  -48.205  -24.637 0.4000000060
35060  -38.255  -47.580  -25.231 0.4000000060
36057  -39.223  -46.885  -25.751 0.5000000000
36049  -36.980  -46.794  -23.746 0.4000000060
183861  -33.596  -59.670  -19.238 0.5000000000
24011  -34.017  -58.392  -19.721 0.5000000000
24013  -35.105  -57.609  -18.913 0.4000000060
18681  -43.493  -63.072  -22.745 0.5000000000
178488  -40.085  -63.527  -18.457 0.8000000119
18635  -38.627  -63.201  -17.993 0.8000000119
19590  -37.314  -63.115  -18.442 0.6999999881
18683  -45.639  -62.699  -22.303 0.5000000000
18656  -35.676  -64.116  -20.063 0.6999999881
18672  -44.854  -62.849  -20.663 0.5000000000
18655  -34.021  -64.395  -19.534 0.6999999881
19610  -44.266  -61.496  -20.742 0.4000000060
19626  -44.875  -62.047  -21.520 0.4000000060
18663  -33.041  -64.241  -20.991 0.6999999881
169302  -31.046  -62.505  -21.420 0.6999999881
20498  -44.303  -61.693  -19.425 0.4000000060
160733  -44.523  -61.169  -18.829 0.4000000060
21384  -29.828  -60.764  -21.117 0.6000000238
22230  -46.265  -58.540  -19.050 0.4000000060
22253  -27.978  -59.764  -21.591 0.6000000238
23133  -28.073  -58.953  -21.821 0.5000000000
24026  -28.762  -58.443  -22.002 0.5000000000
24028  -30.620  -57.983  -22.582 0.5000000000
24909  -31.347  -56.733  -22.527 0.4000000060
166151  -32.768  -55.433  -22.802 0.4000000060
27892  -33.031  -54.828  -22.561 0.4000000060
27896  -33.605  -54.542  -23.059 0.4000000060
28949  -34.299  -53.544  -23.060 0.4000000060
190047  -35.138  -52.750  -23.444 0.4000000060
31090  -36.061  -51.934  -23.714 0.4000000060
32090  -36.531  -50.488  -23.697 0.4000000060
33081  -36.826  -49.697  -23.753 0.4000000060
175263  -36.365  -48.935  -23.817 0.4000000060
37027  -36.661  -45.892  -22.560 0.4000000060
18659  -41.037  -63.320  -19.531 0.8000000119
19600  -39.690  -62.707  -19.792 0.8000000119
19632  -44.444  -61.753  -23.305 0.5000000000
19599  -38.506  -62.972  -19.861 0.6999999881
18679  -38.127  -63.371  -22.719 0.6999999881
21401  -42.827  -60.833  -23.263 0.6000000238
21390  -40.554  -61.397  -21.841 0.6999999881
19621  -39.490  -62.331  -22.030 0.6999999881
22250  -43.606  -58.853  -21.477 0.6000000238
21389  -40.270  -61.221  -21.067 0.6000000238
21379  -39.368  -61.504  -20.856 0.6000000238
22244  -42.521  -59.154  -20.626 0.5000000000
20516  -31.034  -62.733  -23.421 0.6000000238
188431  -45.335  -59.436  -19.082 0.5000000000
24015  -45.028  -57.076  -20.809 0.3000000119
21361  -34.738  -60.346  -18.476 0.5000000000
21408  -31.017  -61.704  -24.676 0.6000000238
23129  -32.754  -59.430  -20.667 0.5000000000
23102  -34.186  -59.227  -18.688 0.5000000000
24020  -34.464  -57.831  -20.197 0.4000000060
24023  -33.999  -58.378  -21.654 0.4000000060
24898  -35.356  -57.039  -19.246 0.4000000060
24911  -36.497  -57.359  -22.771 0.4000000060
24914  -36.608  -57.702  -24.198 0.4000000060
28952  -34.623  -53.704  -23.436 0.4000000060
26880  -38.832  -55.698  -23.884 0.4000000060
10997  -32.717  -71.351  -22.439 0.4000000060
10999  -34.052  -71.211  -22.451 0.4000000060
11742  -34.728  -70.782  -22.199 0.4000000060
12581  -35.929  -69.985  -22.427 0.4000000060
189683  -34.136  -70.963  -21.108 0.4000000060
166391  -34.835  -70.642  -21.581 0.4000000060
12569  -36.445  -69.618  -22.142 0.4000000060
12553  -35.969  -69.913  -21.571 0.4000000060
13444  -38.295  -68.495  -22.694 0.5000000000
11702  -34.456  -70.590  -20.233 0.4000000060
12531  -35.699  -69.933  -20.782 0.4000000060
179541  -36.247  -69.589  -21.004 0.5000000000
13430  -37.263  -68.811  -21.154 0.5000000000
14329  -38.355  -68.042  -21.046 0.6000000238
176591  -33.500  -70.619  -19.264 0.4000000060
11686  -34.294  -70.474  -19.524 0.4000000060
12509  -35.405  -69.729  -19.378 0.4000000060
14346  -38.504  -68.183  -21.925 0.5000000000
19611  -44.346  -62.353  -19.968 0.3000000119
21367  -45.176  -60.617  -18.390 0.3000000119
14347  -39.137  -67.893  -22.035 0.5000000000
17786  -46.263  -64.126  -22.728 0.5000000000
17769  -45.918  -63.838  -21.149 0.4000000060
12480  -33.642  -69.882  -17.448 0.4000000060
13412  -36.540  -69.041  -20.031 0.5000000000
13413  -37.173  -68.663  -20.379 0.5000000000
12495  -33.943  -70.094  -18.137 0.4000000060
12508  -34.808  -70.056  -19.084 0.4000000060
14330  -39.114  -67.723  -21.341 0.6000000238
14348  -40.263  -67.488  -22.092 0.6000000238
15229  -41.770  -66.704  -21.385 0.6999999881
18685  -45.921  -63.407  -22.746 0.5000000000
14349  -41.144  -67.111  -21.926 0.6999999881
15237  -42.936  -66.737  -22.185 0.6999999881
16951  -45.567  -64.806  -22.985 0.6999999881
190976  -42.287  -66.699  -21.726 0.6999999881
15230  -43.373  -66.234  -21.856 0.6999999881
13393  -36.355  -68.904  -19.320 0.5000000000
14287  -37.462  -68.224  -19.868 0.6000000238
14309  -38.071  -67.953  -20.237 0.6000000238
15211  -39.367  -67.014  -19.961 0.6000000238
12482  -35.129  -69.361  -17.978 0.4000000060
13371  -35.686  -69.032  -18.340 0.5000000000
14267  -37.205  -68.060  -19.099 0.6000000238
14311  -39.520  -67.289  -20.728 0.6000000238
15212  -40.021  -66.939  -20.429 0.6000000238
15214  -41.428  -66.506  -20.801 0.6000000238
21368  -46.295  -59.869  -18.323 0.3000000119
14331  -39.893  -67.366  -21.319 0.6000000238
16119  -42.815  -65.867  -21.165 0.6999999881
17779  -45.004  -64.162  -22.799 0.6000000238
17784  -45.272  -63.324  -22.901 0.5000000000
159332  -35.010  -68.191  -16.392 0.6000000238
14239  -36.192  -67.482  -16.998 0.6000000238
14252  -36.548  -67.611  -17.547 0.6999999881
14268  -37.560  -67.429  -18.559 0.6000000238
15193  -38.327  -67.121  -19.013 0.6000000238
15195  -40.187  -66.528  -19.782 0.6000000238
13343  -35.305  -68.483  -17.037 0.5000000000
13373  -36.683  -68.444  -18.958 0.6000000238
16102  -41.543  -66.064  -20.312 0.6000000238
16103  -42.266  -65.564  -20.472 0.6999999881
16936  -43.073  -65.165  -21.089 0.6999999881
17778  -44.411  -63.540  -22.719 0.6000000238
16937  -43.814  -64.465  -21.800 0.6999999881
15152  -35.817  -67.284  -16.386 0.6000000238
15154  -37.007  -66.448  -16.817 0.6999999881
15169  -37.333  -66.729  -17.456 0.6999999881
182370  -37.596  -66.954  -17.995 0.6999999881
15181  -38.921  -66.510  -18.683 0.6000000238
18671  -42.779  -63.600  -21.247 0.5000000000
15196  -40.966  -66.006  -19.733 0.6999999881
16935  -42.264  -64.875  -20.201 0.6999999881
17777  -43.519  -63.878  -21.796 0.6000000238
16875  -38.189  -64.754  -16.827 0.6999999881
16888  -39.789  -64.684  -17.949 0.6999999881
16048  -37.690  -66.000  -17.105 0.6999999881
16050  -38.852  -65.540  -17.622 0.6000000238
16069  -39.977  -65.404  -18.391 0.5000000000
16067  -38.551  -66.183  -18.024 0.6999999881
16068  -39.249  -65.850  -18.201 0.6000000238
16084  -41.100  -65.324  -19.260 0.6999999881
17766  -42.098  -64.053  -20.114 0.5000000000
164719  -40.327  -65.894  -19.082 0.6000000238
16923  -41.665  -64.715  -19.505 0.6999999881
17767  -42.874  -64.377  -20.899 0.6000000238
17728  -38.271  -63.967  -17.082 0.6999999881
18636  -39.290  -63.413  -18.053 0.6999999881
19591  -37.983  -63.060  -18.363 0.6999999881
17754  -41.451  -64.067  -19.366 0.6000000238
17740  -40.266  -64.097  -18.354 0.6999999881
18673  -46.042  -63.351  -22.115 0.5000000000
16922  -41.094  -64.691  -18.960 0.6000000238
10987  -34.234  -70.980  -21.616 0.4000000060
163075  -37.398  -68.877  -21.903 0.4000000060
191275  -33.545  -70.397  -18.575 0.4000000060
163526  -35.538  -69.853  -20.080 0.4000000060
13392  -35.827  -69.231  -19.001 0.4000000060
12496  -34.633  -69.847  -18.391 0.4000000060
16121  -44.635  -65.517  -22.436 0.6999999881
16950  -44.245  -65.083  -22.064 0.6999999881
14289  -38.578  -67.394  -19.730 0.6000000238
15194  -38.945  -66.917  -19.327 0.6000000238
13357  -36.005  -68.114  -17.465 0.6999999881
183456  -36.679  -68.021  -18.254 0.6000000238
15180  -38.139  -66.789  -18.341 0.6000000238
163472  -38.276  -65.419  -17.138 0.6999999881
182820  -40.625  -65.208  -18.792 0.6000000238
16886  -38.732  -64.924  -17.248 0.6000000238
16025  -36.595  -66.203  -16.215 0.5000000000
13326  -34.350  -68.507  -16.003 0.4000000060
14225  -35.330  -67.662  -16.188 0.5000000000
16869  -36.963  -64.922  -15.930 0.6000000238
13325  -33.634  -68.784  -15.674 0.4000000060
14208  -34.309  -67.614  -15.068 0.5000000000
14224  -34.758  -67.796  -15.714 0.5000000000
15999  -35.666  -66.305  -15.397 0.5000000000
16862  -36.291  -65.078  -15.430 0.5000000000
17709  -35.806  -64.331  -15.175 0.5000000000
15139  -36.020  -66.656  -15.991 0.5000000000
16874  -37.553  -64.858  -16.400 0.6000000238
17721  -37.181  -64.257  -16.257 0.5000000000
17720  -36.459  -64.192  -15.780 0.5000000000
18622  -36.600  -63.363  -16.872 0.6999999881
18621  -35.818  -63.263  -16.812 0.6000000238
18632  -35.747  -63.223  -17.572 0.6000000238
14206  -33.117  -68.202  -14.515 0.5000000000
15115  -33.963  -67.473  -14.603 0.5000000000
15953  -34.718  -66.054  -14.342 0.5000000000
163232  -35.240  -64.468  -14.641 0.5000000000
15974  -35.401  -65.796  -14.818 0.5000000000
18634  -37.207  -63.230  -17.562 0.6000000238
18609  -35.342  -63.400  -16.007 0.6000000238
162286  -35.025  -63.281  -17.561 0.5000000000
159583  -34.819  -64.144  -19.367 0.6000000238
15092  -33.253  -67.289  -13.715 0.5000000000
15952  -34.105  -65.940  -13.755 0.5000000000
17695  -34.193  -64.512  -13.980 0.5000000000
17708  -34.590  -64.136  -14.520 0.5000000000
18608  -34.556  -63.422  -15.583 0.5000000000
19589  -36.474  -63.237  -18.421 0.6000000238
192066  -34.314  -63.392  -17.376 0.5000000000
18644  -34.341  -63.818  -18.320 0.6000000238
14182  -32.501  -67.403  -13.231 0.5000000000
15932  -33.535  -65.999  -13.280 0.5000000000
190463  -33.297  -64.559  -13.333 0.5000000000
188838  -32.956  -63.877  -13.838 0.5000000000
175447  -32.302  -63.023  -15.037 0.6000000238
18593  -33.422  -63.501  -14.837 0.4000000060
19575  -31.339  -62.118  -16.176 0.4000000060
190630  -32.835  -63.142  -15.474 0.5000000000
166601  -32.790  -63.027  -16.269 0.5000000000
18607  -33.748  -63.343  -15.440 0.4000000060
20464  -30.865  -61.689  -16.606 0.4000000060
20465  -31.443  -62.091  -16.921 0.5000000000
19577  -32.432  -62.921  -16.768 0.5000000000
21344  -30.117  -60.953  -17.706 0.4000000060
18618  -33.056  -63.249  -16.993 0.6000000238
18631  -33.595  -63.614  -17.656 0.6000000238
18654  -33.415  -64.390  -19.745 0.6000000238
18652  -32.517  -63.961  -20.677 0.6000000238
19576  -31.899  -62.506  -16.491 0.5000000000
187774  -30.730  -61.227  -17.949 0.5000000000
20484  -31.237  -61.711  -18.380 0.5000000000
176766  -31.886  -62.549  -18.296 0.5000000000
21358  -29.637  -60.623  -18.456 0.4000000060
21372  -29.651  -60.497  -19.248 0.5000000000
20489  -31.728  -62.477  -19.170 0.6000000238
19598  -32.485  -63.287  -18.384 0.6000000238
19603  -32.044  -63.294  -19.969 0.6000000238
21373  -30.643  -61.049  -19.544 0.5000000000
22247  -27.483  -59.595  -21.189 0.3000000119
22241  -27.027  -60.295  -20.376 0.4000000060
21371  -28.183  -60.413  -20.182 0.4000000060
188055  -28.779  -60.276  -20.870 0.5000000000
20499  -31.143  -62.048  -20.356 0.5000000000
182013  -31.492  -63.042  -21.185 0.6000000238
25895  -31.650  -56.174  -22.180 0.3000000119
25894  -30.986  -56.473  -21.849 0.3000000119
24907  -29.900  -57.486  -22.084 0.4000000060
24022  -29.203  -57.685  -21.795 0.4000000060
27893  -33.454  -54.241  -22.250 0.3000000119
168718  -34.940  -52.381  -23.160 0.3000000119
28948  -33.886  -53.818  -22.735 0.3000000119
31086  -35.095  -51.606  -23.066 0.3000000119
31089  -35.669  -51.421  -23.452 0.3000000119
32089  -35.871  -50.686  -23.528 0.3000000119
33080  -35.972  -49.800  -23.602 0.3000000119
34051  -35.648  -48.874  -23.627 0.3000000119
36055  -36.410  -47.490  -24.057 0.3000000119
26873  -32.576  -55.267  -22.087 0.3000000119
18623  -37.391  -63.640  -16.834 0.5000000000
15116  -35.087  -66.598  -15.014 0.5000000000
163274  -33.372  -63.206  -16.111 0.5000000000
175188  -32.970  -63.993  -19.061 0.6000000238
17780  -46.400  -64.022  -22.146 0.3000000119
15238  -44.085  -66.568  -22.752 0.6000000238
16127  -45.569  -65.643  -23.313 0.6000000238
17735  -45.494  -64.173  -16.698 0.3000000119
17742  -44.894  -64.248  -17.770 0.3000000119
17755  -44.735  -64.319  -18.912 0.3000000119
18661  -44.493  -63.241  -19.411 0.3000000119
16924  -45.336  -65.438  -18.859 0.3000000119
17768  -44.987  -63.703  -20.141 0.3000000119
16134  -46.011  -66.203  -23.645 0.6000000238
16962  -46.416  -64.696  -22.769 0.5000000000
18626  -45.004  -63.556  -16.584 0.3000000119
18637  -44.827  -63.442  -17.266 0.3000000119
18651  -44.506  -63.424  -18.352 0.3000000119
19601  -44.336  -62.612  -18.812 0.3000000119
17756  -45.348  -64.660  -19.873 0.3000000119
166092  -46.204  -64.803  -20.866 0.3000000119
16938  -46.616  -64.901  -21.880 0.4000000060
13342  -34.620  -68.800  -16.667 0.4000000060
187994  -44.182  -63.553  -15.795 0.3000000119
177700  -44.260  -62.876  -16.706 0.3000000119
19581  -44.501  -62.273  -17.091 0.3000000119
19592  -44.484  -62.693  -17.761 0.3000000119
13465  -37.380  -68.947  -24.753 0.5000000000
13472  -38.141  -68.576  -25.400 0.5000000000
168859  -34.554  -70.995  -22.886 0.4000000060
12593  -35.982  -69.981  -23.305 0.4000000060
12594  -36.594  -69.576  -23.636 0.4000000060
12604  -36.764  -69.176  -25.685 0.5000000000
191626  -40.942  -67.873  -24.509 0.5000000000
14373  -40.319  -67.967  -24.972 0.5000000000
13455  -37.545  -68.930  -23.631 0.5000000000
13467  -38.832  -68.366  -24.800 0.5000000000
12583  -37.094  -69.273  -23.149 0.4000000060
14376  -43.623  -67.658  -25.028 0.6000000238
160607  -42.845  -67.525  -24.329 0.6000000238
14374  -40.978  -67.753  -23.608 0.5000000000
14372  -39.490  -68.086  -24.270 0.5000000000
12570  -36.998  -69.276  -22.371 0.3000000119
13456  -38.046  -68.685  -23.312 0.4000000060
13457  -38.748  -68.395  -23.553 0.5000000000
15250  -45.529  -66.860  -24.022 0.6000000238
15248  -42.674  -67.180  -23.081 0.6000000238
14362  -40.975  -67.494  -22.736 0.6000000238
13445  -38.938  -68.129  -22.643 0.4000000060
14360  -39.496  -68.011  -23.256 0.5000000000
16925  -45.827  -65.735  -19.696 0.3000000119
16105  -46.617  -65.616  -22.016 0.4000000060
171923  -43.690  -66.904  -23.156 0.6000000238
161594  -39.599  -67.829  -22.449 0.4000000060
16907  -45.909  -66.266  -17.915 0.3000000119
177390  -45.682  -64.810  -17.068 0.3000000119
16104  -46.376  -66.002  -20.737 0.3000000119
168085  -46.290  -65.884  -23.184 0.5000000000
14350  -41.672  -67.251  -22.621 0.6000000238
15249  -44.797  -66.829  -24.017 0.6000000238
14364  -43.950  -67.211  -24.387 0.6000000238
14378  -44.886  -67.305  -24.545 0.5000000000
14366  -45.727  -67.703  -23.459 0.5000000000
15251  -45.905  -66.945  -23.774 0.5000000000
13450  -45.475  -68.337  -22.518 0.4000000060
167846  -46.018  -67.557  -22.829 0.5000000000
13460  -45.280  -68.187  -23.637 0.5000000000
13476  -44.317  -67.721  -24.826 0.5000000000
13449  -44.701  -68.795  -22.717 0.4000000060
14335  -45.321  -68.408  -21.435 0.4000000060
169721  -46.188  -67.507  -20.768 0.4000000060
15240  -46.266  -66.621  -23.188 0.5000000000
165245  -42.944  -67.708  -25.162 0.5000000000
14385  -43.270  -67.896  -25.383 0.5000000000
15216  -46.429  -66.665  -21.302 0.4000000060
8748  -34.825  -73.968  -24.063 0.3000000119
8739  -35.519  -74.508  -23.462 0.3000000119
8749  -35.516  -74.826  -24.626 0.3000000119
8778  -35.727  -74.840  -26.467 0.3000000119
8780  -36.822  -74.680  -26.440 0.4000000060
8777  -35.112  -74.308  -26.338 0.3000000119
9527  -37.266  -73.834  -26.185 0.4000000060
9540  -36.774  -73.819  -26.843 0.4000000060
8787  -35.839  -74.403  -26.982 0.3000000119
179804  -34.844  -73.209  -27.101 0.3000000119
10267  -37.405  -72.807  -25.586 0.4000000060
179668  -37.444  -72.150  -26.190 0.4000000060
10272  -36.717  -72.852  -27.303 0.4000000060
160389  -35.906  -72.856  -27.431 0.4000000060
190430  -34.875  -72.490  -27.239 0.4000000060
10271  -35.728  -71.890  -27.308 0.4000000060
11765  -38.507  -70.369  -23.680 0.3000000119
166931  -37.772  -71.079  -25.234 0.4000000060
11768  -38.420  -70.618  -25.586 0.4000000060
11767  -38.031  -70.930  -26.279 0.4000000060
11778  -37.723  -70.531  -27.375 0.4000000060
11031  -36.506  -71.403  -27.413 0.4000000060
11030  -35.837  -70.918  -27.255 0.4000000060
12584  -39.977  -69.743  -23.038 0.3000000119
11769  -38.989  -70.277  -24.799 0.4000000060
12612  -39.872  -69.940  -25.672 0.4000000060
11774  -39.205  -70.189  -26.258 0.4000000060
11780  -38.991  -69.717  -27.206 0.4000000060
12621  -39.169  -69.089  -27.454 0.4000000060
12626  -38.294  -69.314  -27.522 0.4000000060
13488  -38.384  -68.966  -27.433 0.4000000060
12624  -37.120  -69.709  -27.264 0.4000000060
11777  -36.214  -70.119  -27.179 0.4000000060
12598  -41.225  -69.762  -24.320 0.4000000060
12606  -40.562  -69.808  -25.030 0.4000000060
13485  -40.289  -68.391  -27.140 0.4000000060
13483  -38.389  -68.721  -27.253 0.4000000060
12618  -36.651  -69.575  -26.995 0.4000000060
12619  -37.390  -69.176  -27.229 0.4000000060
11776  -35.298  -70.592  -27.021 0.4000000060
12607  -41.509  -69.516  -25.528 0.4000000060
12622  -40.612  -68.806  -27.016 0.4000000060
177143  -40.322  -68.196  -27.000 0.4000000060
14388  -39.664  -68.157  -26.707 0.4000000060
12610  -36.279  -69.525  -26.395 0.4000000060
13471  -37.481  -68.790  -26.092 0.4000000060
12615  -42.032  -68.912  -26.078 0.4000000060
14390  -42.081  -68.116  -26.216 0.4000000060
14383  -41.393  -67.896  -25.723 0.4000000060
178692  -44.483  -68.752  -23.828 0.4000000060
13474  -43.331  -68.355  -25.613 0.4000000060
13481  -43.352  -68.061  -25.452 0.4000000060
14334  -44.458  -68.525  -21.122 0.3000000119
14314  -45.161  -68.224  -20.551 0.3000000119
13473  -39.582  -68.056  -25.502 0.4000000060
13469  -44.362  -68.285  -24.833 0.4000000060
14295  -45.881  -67.796  -19.961 0.3000000119
14384  -42.551  -67.896  -25.611 0.4000000060
10270  -37.199  -72.987  -26.618 0.4000000060
178194  -37.218  -72.120  -27.075 0.4000000060
11029  -37.398  -71.256  -27.278 0.4000000060
182076  -36.413  -72.214  -27.438 0.4000000060
12596  -39.418  -69.943  -23.806 0.4000000060
11764  -38.046  -70.726  -24.487 0.4000000060
11757  -39.093  -70.026  -22.894 0.3000000119
11773  -38.553  -70.391  -26.758 0.4000000060
12585  -40.895  -69.649  -23.277 0.3000000119
12597  -40.318  -69.812  -23.978 0.4000000060
12613  -40.669  -69.511  -26.200 0.4000000060
12599  -42.213  -69.613  -24.657 0.4000000060
13487  -41.268  -68.261  -26.715 0.4000000060
13482  -37.728  -68.833  -26.999 0.4000000060
14382  -40.408  -67.987  -26.224 0.4000000060
12609  -43.034  -69.156  -25.251 0.4000000060
10260  -37.147  -72.510  -23.292 0.3000000119
8751  -38.071  -75.029  -24.589 0.3000000119
7960  -37.654  -75.797  -24.797 0.3000000119
163664  -37.764  -74.320  -24.906 0.3000000119
10263  -37.291  -72.552  -24.383 0.3000000119
169548  -37.351  -74.673  -25.794 0.3000000119
9513  -37.529  -73.543  -25.171 0.3000000119
11017  -37.183  -71.786  -23.879 0.3000000119
11022  -37.391  -71.845  -25.014 0.3000000119
11763  -37.519  -71.262  -24.387 0.3000000119
12586  -41.816  -69.623  -23.594 0.3000000119
12587  -42.671  -69.550  -23.912 0.3000000119
13459  -43.422  -69.300  -23.551 0.3000000119
160396  -43.803  -69.094  -22.751 0.3000000119
166240  -37.608  -70.974  -23.514 0.3000000119
191342  -42.817  -69.508  -24.525 0.3000000119
8763  -35.661  -75.088  -25.746 0.3000000119
8764  -37.500  -75.378  -25.338 0.3000000119
8779  -36.278  -74.956  -26.437 0.4000000060
8788  -36.383  -74.412  -26.844 0.4000000060
9525  -34.515  -73.313  -26.784 0.3000000119
9526  -35.282  -74.064  -26.937 0.3000000119
9537  -33.955  -72.512  -27.162 0.4000000060
9538  -35.462  -73.564  -27.256 0.4000000060
9539  -36.199  -73.735  -27.215 0.3000000119
10984  -32.203  -71.123  -21.990 0.4000000060
10986  -33.675  -71.107  -21.214 0.4000000060
10998  -33.490  -71.293  -21.956 0.4000000060
11025  -37.635  -71.465  -26.792 0.4000000060
11028  -36.953  -71.840  -27.441 0.4000000060
11032  -37.200  -70.934  -27.377 0.4000000060
11665  -33.203  -70.309  -18.009 0.4000000060
11674  -32.920  -70.507  -18.703 0.4000000060
11675  -34.148  -70.322  -18.813 0.4000000060
11687  -34.954  -70.194  -19.792 0.4000000060
11703  -35.096  -70.302  -20.503 0.4000000060
11724  -33.982  -70.928  -20.675 0.4000000060
11725  -34.577  -70.691  -20.981 0.4000000060
11726  -35.261  -70.340  -21.217 0.4000000060
11743  -35.348  -70.384  -21.960 0.4000000060
11772  -37.923  -70.710  -27.147 0.4000000060
11779  -38.268  -69.921  -27.414 0.4000000060
11781  -36.753  -70.470  -27.343 0.4000000060
11782  -37.665  -69.959  -27.462 0.4000000060
12469  -34.179  -69.397  -16.978 0.4000000060
12481  -34.432  -69.615  -17.685 0.4000000060
12497  -35.272  -69.560  -18.667 0.4000000060
12510  -35.987  -69.419  -19.686 0.4000000060
12532  -36.128  -69.524  -20.379 0.5000000000
12554  -36.730  -69.326  -21.560 0.4000000060
12582  -36.527  -69.615  -22.816 0.4000000060
12600  -43.324  -69.338  -24.434 0.4000000060
12601  -43.731  -68.707  -25.040 0.4000000060
12605  -39.804  -69.950  -24.598 0.4000000060
12608  -42.338  -69.247  -25.572 0.4000000060
12611  -37.007  -69.123  -26.643 0.4000000060
12614  -41.295  -69.089  -26.460 0.4000000060
12616  -42.667  -68.566  -25.925 0.4000000060
12617  -35.957  -69.917  -26.901 0.4000000060
12620  -38.685  -69.337  -27.525 0.4000000060
12623  -41.320  -68.497  -26.702 0.4000000060
12625  -37.848  -69.256  -27.470 0.4000000060
12627  -38.706  -69.019  -27.505 0.4000000060
13305  -32.843  -68.611  -14.792 0.5000000000
13355  -34.893  -69.088  -17.322 0.5000000000
13356  -35.537  -68.775  -17.685 0.6999999881
13372  -36.229  -68.692  -18.626 0.6000000238
13394  -36.908  -68.578  -19.613 0.5000000000
13414  -37.716  -68.393  -20.785 0.5000000000
13429  -36.697  -69.171  -20.758 0.5000000000
13431  -37.892  -68.497  -21.479 0.5000000000
13435  -44.774  -68.676  -21.872 0.4000000060
13443  -37.599  -68.847  -22.722 0.5000000000
13458  -42.439  -69.411  -23.036 0.3000000119
13466  -38.104  -68.671  -24.191 0.5000000000
13468  -43.956  -68.965  -24.382 0.4000000060
13470  -44.907  -67.790  -24.494 0.5000000000
13475  -43.868  -68.069  -25.221 0.4000000060
13477  -38.246  -68.527  -26.627 0.4000000060
13478  -38.989  -68.414  -27.056 0.4000000060
13479  -42.082  -68.290  -26.373 0.4000000060
13480  -42.761  -68.197  -25.864 0.4000000060
13484  -39.002  -68.734  -27.321 0.4000000060
13486  -40.791  -68.365  -26.992 0.4000000060
14195  -33.460  -67.684  -14.270 0.5000000000
14207  -33.721  -67.956  -14.815 0.5000000000
14223  -34.049  -68.215  -15.375 0.5000000000
14238  -35.617  -67.869  -16.749 0.6000000238
14253  -37.087  -67.326  -17.829 0.6999999881
14288  -37.883  -67.706  -19.405 0.6000000238
14310  -38.849  -67.594  -20.490 0.6000000238
14315  -45.827  -67.983  -20.999 0.4000000060
14332  -40.522  -67.171  -21.471 0.6000000238
14336  -45.818  -68.038  -21.877 0.4000000060
14361  -40.225  -67.753  -22.956 0.4000000060
14363  -41.807  -67.568  -23.422 0.6000000238
14365  -45.466  -67.322  -24.192 0.5000000000
14375  -41.932  -67.750  -24.643 0.5000000000
14377  -44.212  -67.614  -24.869 0.5000000000
14386  -43.805  -67.850  -25.114 0.5000000000
14387  -39.692  -68.409  -27.193 0.4000000060
14389  -40.911  -68.098  -26.645 0.4000000060
14391  -42.872  -68.055  -25.687 0.4000000060
14392  -40.707  -68.268  -27.004 0.4000000060
15070  -33.111  -66.725  -13.199 0.5000000000
15071  -33.692  -66.644  -13.695 0.5000000000
15093  -33.837  -67.122  -14.178 0.5000000000
15094  -34.432  -66.968  -14.655 0.5000000000
15137  -34.800  -67.223  -15.242 0.5000000000
15138  -35.362  -67.096  -15.710 0.5000000000
15153  -36.393  -66.880  -16.611 0.6000000238
15168  -36.749  -67.087  -17.220 0.6999999881
15170  -37.925  -66.450  -17.740 0.6999999881
15213  -40.802  -66.604  -20.410 0.6000000238
15228  -40.353  -67.015  -20.926 0.6000000238
15231  -46.246  -67.301  -21.901 0.4000000060
15236  -42.041  -66.944  -22.102 0.6999999881
15239  -45.308  -66.313  -23.655 0.6000000238
15241  -46.503  -66.205  -22.521 0.5000000000
15975  -35.891  -65.632  -15.182 0.5000000000
16000  -36.214  -65.933  -15.656 0.5000000000
16001  -36.696  -65.555  -15.869 0.6000000238
16026  -37.236  -65.626  -16.368 0.5000000000
16027  -37.808  -65.325  -16.729 0.6999999881
16049  -38.266  -65.925  -17.516 0.6999999881
16083  -39.630  -66.050  -18.696 0.6000000238
16085  -41.669  -65.399  -19.841 0.6999999881
16118  -42.047  -66.187  -20.884 0.6999999881
16120  -43.715  -65.708  -21.712 0.6999999881
16126  -44.403  -66.043  -22.512 0.6999999881
16128  -46.172  -65.293  -23.121 0.5000000000
16129  -46.512  -65.375  -22.774 0.5000000000
16846  -33.744  -65.086  -13.430 0.5000000000
16847  -34.489  -65.231  -13.946 0.5000000000
16860  -35.108  -65.167  -14.399 0.5000000000
16861  -35.659  -65.050  -14.891 0.5000000000
16887  -39.200  -64.974  -17.608 0.6000000238
16904  -39.427  -65.305  -17.936 0.6000000238
16905  -40.477  -64.714  -18.485 0.6000000238
16906  -45.263  -65.160  -18.024 0.3000000119
16952  -46.600  -64.457  -22.474 0.5000000000
16953  -46.675  -64.928  -22.448 0.5000000000
16961  -46.137  -64.501  -22.923 0.5000000000
17694  -33.440  -64.231  -13.766 0.5000000000
17707  -33.850  -63.925  -14.361 0.5000000000
17719  -35.775  -63.782  -15.625 0.5000000000
17727  -37.743  -64.297  -16.630 0.5000000000
17733  -39.087  -64.204  -17.499 0.6000000238
17734  -39.752  -63.866  -18.000 0.8000000119
17741  -40.852  -64.085  -18.829 0.6999999881
17751  -33.361  -64.445  -20.539 0.6999999881
17752  -33.876  -64.477  -20.449 0.6999999881
17765  -34.457  -64.288  -21.039 0.6999999881
17785  -45.851  -63.996  -22.926 0.5000000000
18577  -32.535  -63.528  -13.962 0.5000000000
18578  -33.152  -63.700  -14.240 0.4000000060
18591  -32.123  -63.055  -14.468 0.6000000238
18592  -32.722  -63.308  -14.676 0.5000000000
18594  -34.236  -63.653  -14.949 0.4000000060
18595  -35.120  -63.776  -15.139 0.5000000000
18610  -36.126  -63.541  -16.223 0.5000000000
18611  -36.781  -63.733  -16.334 0.5000000000
18619  -33.947  -63.259  -16.716 0.5000000000
18620  -34.680  -63.214  -16.260 0.6000000238
18624  -37.874  -63.343  -17.508 0.6999999881
18625  -44.401  -63.296  -16.244 0.3000000119
18630  -33.005  -63.621  -18.068 0.6000000238
18633  -36.475  -63.207  -17.543 0.6999999881
18642  -32.514  -63.680  -19.514 0.6000000238
18643  -33.462  -64.120  -18.723 0.6000000238
18645  -35.514  -63.499  -18.543 0.6000000238
18649  -40.088  -63.015  -19.155 0.8000000119
18650  -40.520  -63.465  -18.837 0.8000000119
18653  -32.941  -64.197  -20.092 0.6999999881
18657  -36.849  -63.998  -21.023 0.6999999881
18660  -41.628  -63.482  -19.939 0.8000000119
18665  -35.352  -64.025  -21.592 0.6999999881
18668  -38.172  -63.611  -22.179 0.6999999881
18674  -33.169  -64.125  -21.376 0.6999999881
18676  -34.998  -63.793  -21.728 0.6999999881
18678  -37.321  -63.467  -22.561 0.6999999881
18682  -44.260  -62.641  -23.196 0.5000000000
19555  -32.183  -62.835  -15.464 0.6000000238
19566  -31.792  -62.504  -15.764 0.4000000060
19567  -32.313  -62.820  -16.030 0.5000000000
19587  -32.057  -62.655  -17.389 0.5000000000
19588  -32.611  -63.140  -17.499 0.6000000238
19597  -32.116  -63.097  -19.016 0.6000000238
19602  -31.596  -62.709  -20.185 0.6000000238
19606  -39.142  -63.116  -21.830 0.6999999881
19608  -39.970  -62.571  -20.862 0.8000000119
19614  -33.339  -63.570  -21.598 0.6999999881
19618  -38.213  -63.124  -22.928 0.6999999881
19619  -38.940  -63.199  -22.828 0.6000000238
19630  -40.538  -61.822  -23.241 0.6000000238
19634  -31.375  -62.731  -23.756 0.6000000238
19637  -45.009  -62.549  -22.959 0.5000000000
20477  -30.934  -61.545  -17.412 0.4000000060
20478  -31.533  -62.089  -17.638 0.5000000000
20485  -37.224  -61.231  -19.565 0.5000000000
20488  -31.258  -61.823  -19.375 0.5000000000
20496  -39.408  -61.936  -21.973 0.6999999881
20497  -44.201  -60.916  -20.392 0.4000000060
20502  -34.769  -62.414  -20.976 0.6999999881
20507  -40.392  -61.575  -21.922 0.6999999881
20509  -31.047  -62.839  -22.532 0.6000000238
20510  -31.824  -63.072  -22.658 0.6000000238
20518  -41.451  -61.897  -24.017 0.6000000238
20519  -43.169  -61.161  -23.755 0.6000000238
20522  -31.546  -62.340  -24.365 0.6000000238
20523  -30.841  -62.065  -24.375 0.6000000238
20524  -31.240  -62.131  -24.589 0.6000000238
20525  -31.519  -61.837  -24.807 0.6000000238
21359  -30.476  -60.909  -18.538 0.5000000000
21362  -35.578  -60.397  -18.273 0.5000000000
21365  -38.895  -60.556  -19.099 0.5000000000
21374  -33.119  -60.535  -19.792 0.5000000000
21376  -34.468  -60.829  -19.201 0.5000000000
21382  -44.517  -59.890  -19.640 0.5000000000
21396  -30.483  -61.818  -21.752 0.6000000238
21399  -40.773  -61.562  -23.035 0.6000000238
21402  -43.379  -60.638  -23.045 0.6000000238
21405  -42.212  -61.459  -23.919 0.6000000238
21406  -30.456  -61.554  -24.097 0.6000000238
22208  -34.979  -59.858  -17.990 0.5000000000
22209  -35.558  -59.644  -17.750 0.5000000000
22211  -37.248  -59.607  -17.848 0.4000000060
22223  -33.924  -59.716  -18.878 0.5000000000
22224  -34.478  -59.680  -18.351 0.5000000000
22226  -39.525  -59.469  -18.759 0.3000000119
22227  -40.131  -59.892  -19.273 0.6000000238
22248  -27.604  -60.056  -20.910 0.4000000060
22252  -27.699  -59.399  -21.672 0.6000000238
22256  -28.372  -59.532  -21.872 0.5000000000
22258  -32.208  -61.073  -23.227 0.6000000238
22264  -31.383  -61.203  -24.940 0.6000000238
23103  -34.651  -58.943  -18.298 0.4000000060
23104  -35.239  -58.558  -17.926 0.4000000060
23105  -39.444  -58.031  -18.553 0.4000000060
23108  -42.213  -57.580  -19.168 0.3000000119
23121  -33.748  -59.133  -19.274 0.5000000000
23122  -34.347  -58.647  -18.955 0.4000000060
23125  -44.776  -57.160  -21.061 0.5000000000
23127  -45.592  -57.584  -20.099 0.4000000060
23132  -27.664  -59.009  -21.525 0.5000000000
23134  -33.221  -58.878  -21.386 0.4000000060
23139  -30.218  -60.054  -23.348 0.5000000000
23142  -34.809  -59.156  -24.201 0.4000000060
23144  -32.421  -60.166  -25.091 0.5000000000
23147  -34.518  -59.482  -25.141 0.4000000060
23972  -35.958  -58.069  -17.714 0.4000000060
23994  -34.864  -58.240  -18.532 0.4000000060
23997  -40.702  -57.152  -18.744 0.3000000119
23998  -41.340  -57.316  -18.899 0.3000000119
24021  -28.303  -58.318  -21.676 0.4000000060
24024  -34.551  -57.907  -21.242 0.4000000060
24027  -29.736  -58.179  -22.201 0.5000000000
24030  -35.565  -58.210  -23.177 0.4000000060
24034  -35.691  -58.489  -24.545 0.4000000060
24878  -37.772  -56.208  -17.722 0.3000000119
24880  -39.177  -56.320  -17.910 0.3000000119
24897  -34.912  -57.399  -19.734 0.4000000060
24903  -29.844  -57.172  -21.791 0.4000000060
24908  -30.595  -57.127  -22.140 0.4000000060
24913  -32.577  -56.847  -23.409 0.4000000060
24915  -37.332  -57.109  -24.506 0.4000000060
24919  -36.952  -57.433  -24.592 0.4000000060
25841  -37.941  -56.316  -15.830 0.4000000060
25859  -38.108  -55.959  -16.872 0.3000000119
25873  -38.054  -56.031  -17.461 0.3000000119
25888  -35.609  -56.502  -19.590 0.4000000060
25896  -32.229  -55.789  -22.481 0.3000000119
25897  -36.960  -56.653  -22.296 0.4000000060
25901  -33.168  -55.699  -23.356 0.4000000060
25903  -37.774  -56.739  -23.901 0.4000000060
25911  -37.409  -56.352  -25.145 0.4000000060
26844  -37.122  -55.157  -17.086 0.4000000060
26852  -36.801  -55.155  -17.701 0.4000000060
26867  -36.126  -55.296  -20.307 0.3000000119
26871  -37.102  -55.133  -21.663 0.3000000119
26874  -37.104  -55.873  -21.937 0.4000000060
26877  -33.213  -55.105  -23.072 0.4000000060
26879  -38.232  -56.130  -23.283 0.4000000060
26882  -34.366  -55.501  -23.853 0.4000000060
26885  -38.036  -56.107  -25.063 0.4000000060
26887  -39.067  -55.337  -24.774 0.4000000060
27869  -36.469  -54.299  -16.624 0.4000000060
27891  -36.784  -54.493  -21.194 0.3000000119
27897  -34.109  -54.065  -23.312 0.4000000060
27898  -39.087  -54.957  -23.063 0.4000000060
27901  -34.551  -54.310  -23.624 0.4000000060
27903  -36.439  -54.675  -24.541 0.4000000060
27909  -40.057  -54.247  -25.257 0.4000000060
28916  -35.909  -52.986  -15.960 0.4000000060
28924  -36.263  -53.145  -17.608 0.4000000060
28941  -36.552  -53.743  -20.697 0.4000000060
28953  -35.160  -53.337  -23.598 0.4000000060
28955  -36.528  -53.324  -24.232 0.4000000060
30026  -35.435  -52.178  -23.463 0.4000000060
30029  -34.689  -53.047  -23.184 0.4000000060
31092  -37.649  -51.945  -24.526 0.4000000060
33083  -38.673  -49.700  -24.580 0.4000000060
35058  -36.030  -48.010  -23.961 0.4000000060
159633  -36.483  -57.554  -24.961 0.4000000060
159675  -39.847  -69.469  -26.967 0.4000000060
160633  -34.099  -59.465  -25.340 0.4000000060
162194  -44.592  -62.915  -17.110 0.3000000119
162558  -33.574  -60.122  -19.218 0.5000000000
164585  -39.564  -66.503  -19.246 0.6000000238
165029  -35.960  -57.200  -21.812 0.4000000060
165219  -35.859  -57.715  -24.920 0.4000000060
165371  -35.968  -56.749  -21.161 0.4000000060
165768  -38.890  -68.232  -26.087 0.4000000060
166315  -34.994  -57.660  -24.803 0.4000000060
168345  -40.198  -67.922  -23.866 0.5000000000
168839  -39.694  -63.186  -18.578 0.8000000119
168925  -39.591  -67.663  -21.848 0.6000000238
169178  -40.998  -66.856  -21.136 0.6000000238
169633  -34.796  -64.664  -14.209 0.5000000000
170069  -36.326  -51.254  -23.727 0.4000000060
171686  -39.753  -68.678  -27.285 0.4000000060
171774  -35.186  -54.778  -23.968 0.4000000060
172036  -28.447  -60.564  -19.078 0.4000000060
172761  -36.396  -54.453  -15.944 0.4000000060
173207  -39.816  -61.151  -20.567 0.6000000238
174230  -38.662  -54.251  -22.416 0.5000000000
175654  -36.804  -48.323  -24.123 0.4000000060
177447  -37.290  -45.710  -23.046 0.4000000060
177740  -36.794  -56.386  -25.113 0.4000000060
178124  -34.060  -63.234  -15.965 0.5000000000
178424  -29.765  -60.522  -20.237 0.6000000238
179550  -34.780  -63.215  -16.901 0.5000000000
179704  -35.261  -70.507  -22.882 0.4000000060
179897  -36.058  -69.842  -24.275 0.4000000060
179983  -37.096  -69.259  -23.914 0.5000000000
181013  -36.245  -61.087  -19.198 0.5000000000
181197  -37.938  -68.597  -22.138 0.5000000000
182365  -42.525  -66.421  -21.456 0.6999999881
182549  -37.652  -71.486  -25.894 0.4000000060
183615  -36.059  -68.545  -18.047 0.5000000000
183693  -35.326  -63.190  -17.053 0.6000000238
183775  -30.941  -61.324  -18.909 0.5000000000
183934  -36.493  -54.227  -17.268 0.4000000060
184757  -37.445  -60.275  -18.281 0.5000000000
184819  -36.451  -63.830  -22.062 0.6999999881
185105  -35.531  -57.232  -18.549 0.4000000060
185337  -37.973  -68.966  -27.343 0.4000000060
185724  -35.202  -74.163  -22.616 0.3000000119
187217  -34.180  -66.576  -14.116 0.5000000000
187301  -37.227  -55.363  -16.478 0.4000000060
187731  -32.448  -59.974  -21.062 0.5000000000
188231  -35.204  -63.240  -16.591 0.6000000238
188836  -43.857  -61.407  -23.537 0.5000000000
189112  -35.898  -52.372  -23.704 0.4000000060
189152  -37.592  -68.317  -20.341 0.6000000238
189558  -38.592  -64.478  -17.114 0.6000000238
189835  -35.077  -64.232  -21.114 0.6999999881
190212  -45.640  -63.193  -21.353 0.4000000060
191365  -39.936  -67.146  -20.846 0.6000000238
