#!ascii label  , from subject sub-v2s13x29098_ses-1 vox2ras=TkReg
1481
79719  28.238  -3.704  37.651 0.0000000000
96857  44.337  8.753  22.338 0.0000000000
187139  34.540  2.014  27.265 0.0000000000
71258  22.779  -9.837  47.129 0.0000000000
183698  25.819  -6.359  45.319 0.0000000000
94559  35.349  6.653  26.423 0.0000000000
68931  28.534  -13.103  49.298 0.0000000000
67655  25.481  -12.850  49.034 0.0000000000
68991  27.520  -12.365  46.079 0.0000000000
96852  48.680  8.548  21.827 0.0000000000
82257  33.948  -2.074  34.542 0.0000000000
77339  33.005  -5.535  31.599 0.0000000000
77241  32.962  -5.729  37.453 0.0000000000
101513  46.755  12.390  21.569 0.0000000000
101558  50.857  11.990  18.273 0.0000000000
165119  40.378  7.772  24.413 0.0000000000
91066  44.248  4.362  24.115 0.0000000000
92272  39.329  4.545  24.107 0.0000000000
87035  38.739  1.296  27.237 0.0000000000
73679  27.686  -8.068  40.892 0.0000000000
190600  17.605  -12.074  48.477 0.0000000000
70082  11.688  -11.200  50.459 0.0000000000
72303  11.006  -9.547  55.116 0.0000000000
178149  26.485  -2.964  41.306 0.0000000000
67775  26.807  -12.616  42.934 0.0000000000
88287  30.030  2.185  30.256 0.0000000000
80994  38.519  -3.338  32.571 0.0000000000
108045  54.065  16.969  16.298 0.0000000000
96855  46.316  8.904  22.095 0.0000000000
95747  46.619  7.603  23.877 0.0000000000
82235  30.341  -1.746  35.841 0.0000000000
78511  30.694  -4.484  34.659 0.0000000000
77266  29.785  -5.345  36.587 0.0000000000
100337  43.434  11.052  22.950 0.0000000000
101500  45.812  12.332  23.278 0.0000000000
100363  45.671  10.662  21.582 0.0000000000
98054  47.673  9.914  20.511 0.0000000000
68783  8.104  -12.198  56.692 0.0000000000
94593  39.808  6.428  24.065 0.0000000000
93423  38.324  6.405  25.723 0.0000000000
91019  34.393  4.024  26.339 0.0000000000
89745  36.724  3.307  25.363 0.0000000000
87048  36.422  1.495  27.072 0.0000000000
85906  37.192  1.246  30.184 0.0000000000
68953  24.320  -11.358  47.896 0.0000000000
68913  23.868  -11.678  50.104 0.0000000000
70107  22.187  -10.989  49.073 0.0000000000
68917  20.357  -12.077  49.652 0.0000000000
177443  20.297  -10.951  46.657 0.0000000000
73529  14.047  -9.083  48.557 0.0000000000
71192  10.514  -10.177  53.025 0.0000000000
79642  25.865  -4.397  43.299 0.0000000000
74946  25.094  -7.626  41.572 0.0000000000
175462  25.311  -8.884  43.661 0.0000000000
66337  28.228  -14.133  48.002 0.0000000000
65044  27.749  -14.661  46.753 0.0000000000
190172  36.154  -5.282  34.838 0.0000000000
78534  36.464  -4.598  32.636 0.0000000000
95698  36.921  7.722  27.194 0.0000000000
96774  33.732  8.383  28.206 0.0000000000
93398  32.033  5.437  27.428 0.0000000000
66322  27.529  -14.055  49.376 0.0000000000
66311  26.071  -13.842  49.844 0.0000000000
67653  26.820  -13.215  49.463 0.0000000000
68950  26.057  -11.833  48.487 0.0000000000
165057  24.954  -9.390  47.917 0.0000000000
173070  26.113  -9.777  45.340 0.0000000000
71256  27.885  -10.392  46.912 0.0000000000
68969  28.739  -12.657  47.435 0.0000000000
85856  35.090  0.358  32.817 0.0000000000
84774  32.261  -0.163  32.183 0.0000000000
80996  32.062  -3.727  32.796 0.0000000000
77292  33.633  -5.869  34.684 0.0000000000
104887  50.499  14.764  18.940 0.0000000000
102747  48.522  12.426  19.730 0.0000000000
98065  50.079  9.844  19.646 0.0000000000
96840  42.226  8.613  22.956 0.0000000000
94604  44.207  6.855  23.207 0.0000000000
94607  41.827  6.392  22.993 0.0000000000
91069  41.442  3.898  23.804 0.0000000000
167619  41.316  2.263  25.362 0.0000000000
93444  37.158  5.463  25.264 0.0000000000
88372  38.761  2.525  25.123 0.0000000000
76114  27.422  -6.256  39.346 0.0000000000
77211  29.465  -6.520  39.318 0.0000000000
99141  41.883  10.162  24.768 0.0000000000
72409  20.139  -9.300  46.295 0.0000000000
70158  17.224  -10.508  46.419 0.0000000000
68944  14.222  -11.639  49.465 0.0000000000
67619  13.196  -12.777  52.355 0.0000000000
67611  10.577  -12.698  53.542 0.0000000000
70057  9.284  -11.272  54.413 0.0000000000
71161  8.762  -10.413  55.973 0.0000000000
72269  8.688  -9.257  57.866 0.0000000000
80926  26.889  -3.000  39.250 0.0000000000
76105  25.843  -6.679  40.282 0.0000000000
71311  27.505  -10.930  41.932 0.0000000000
67721  26.705  -12.799  44.592 0.0000000000
167962  31.875  2.666  28.001 0.0000000000
82302  32.421  -1.756  30.392 0.0000000000
82343  34.078  -1.878  28.708 0.0000000000
176670  36.314  -0.665  29.163 0.0000000000
77210  32.002  -6.021  39.525 0.0000000000
105971  55.685  16.173  14.649 0.0000000000
103836  51.714  14.568  17.013 0.0000000000
102785  54.503  13.338  15.823 0.0000000000
96856  45.076  8.885  22.212 0.0000000000
95763  46.219  8.022  23.251 0.0000000000
95764  45.404  7.824  23.152 0.0000000000
82236  29.251  -2.237  36.412 0.0000000000
79740  29.163  -4.039  35.809 0.0000000000
78480  28.839  -4.636  37.101 0.0000000000
98022  43.780  9.764  22.227 0.0000000000
100351  44.450  10.952  22.226 0.0000000000
98021  44.467  9.525  22.053 0.0000000000
98019  46.058  9.393  21.712 0.0000000000
68784  7.556  -11.795  57.008 0.0000000000
94570  39.017  6.667  25.633 0.0000000000
95711  38.068  7.078  26.711 0.0000000000
89706  34.037  3.363  26.741 0.0000000000
89704  35.380  2.731  26.329 0.0000000000
87038  35.696  1.436  27.644 0.0000000000
87020  36.619  1.628  29.019 0.0000000000
163380  35.917  1.216  28.371 0.0000000000
71246  23.198  -10.214  47.615 0.0000000000
174313  22.838  -10.682  48.251 0.0000000000
70137  22.407  -10.304  47.603 0.0000000000
70123  21.090  -11.266  47.855 0.0000000000
71259  21.408  -10.316  46.557 0.0000000000
78384  25.800  -5.300  44.091 0.0000000000
76067  25.316  -6.571  43.356 0.0000000000
74906  25.489  -7.485  44.394 0.0000000000
65008  27.670  -14.689  49.164 0.0000000000
88202  32.131  2.569  34.439 0.0000000000
78488  38.319  -4.714  35.489 0.0000000000
94544  32.924  6.505  27.282 0.0000000000
95673  32.342  8.016  28.725 0.0000000000
67651  28.209  -13.693  48.962 0.0000000000
67652  27.575  -13.495  49.393 0.0000000000
68932  27.411  -13.090  49.717 0.0000000000
179290  26.486  -11.936  48.999 0.0000000000
70118  25.950  -11.179  48.329 0.0000000000
168795  25.591  -10.579  48.060 0.0000000000
186845  27.249  -9.092  47.015 0.0000000000
70103  29.346  -12.548  48.696 0.0000000000
70134  28.903  -11.816  47.362 0.0000000000
68949  28.898  -13.146  48.372 0.0000000000
67665  28.502  -13.763  48.388 0.0000000000
83556  34.446  -0.815  32.321 0.0000000000
82269  32.579  -2.608  33.801 0.0000000000
77279  31.964  -5.544  35.642 0.0000000000
78510  31.742  -5.120  34.294 0.0000000000
77278  32.782  -5.689  35.733 0.0000000000
77261  34.672  -5.844  36.490 0.0000000000
77239  34.388  -5.853  37.211 0.0000000000
102702  46.306  12.554  22.726 0.0000000000
103816  49.099  13.537  20.253 0.0000000000
101528  47.587  12.455  20.608 0.0000000000
98035  47.876  9.413  20.810 0.0000000000
98053  48.301  9.782  20.384 0.0000000000
96884  49.273  9.060  20.598 0.0000000000
95748  41.570  8.526  23.415 0.0000000000
159927  41.977  7.117  22.972 0.0000000000
95768  41.232  7.004  23.300 0.0000000000
166183  39.396  5.349  24.145 0.0000000000
92270  40.659  5.107  23.491 0.0000000000
91071  40.006  4.040  24.011 0.0000000000
89739  41.401  2.992  24.530 0.0000000000
89741  40.007  2.990  24.621 0.0000000000
94558  36.086  6.754  26.347 0.0000000000
94571  37.074  6.399  25.935 0.0000000000
181239  36.158  5.868  25.650 0.0000000000
87059  37.905  1.693  26.030 0.0000000000
89719  37.455  2.902  25.306 0.0000000000
180789  38.630  1.542  26.058 0.0000000000
87044  39.973  1.460  26.511 0.0000000000
168313  27.900  -7.403  40.438 0.0000000000
76102  28.532  -7.052  39.942 0.0000000000
96801  40.594  8.253  24.963 0.0000000000
97989  41.058  9.098  24.649 0.0000000000
180853  41.800  9.653  23.799 0.0000000000
67642  25.773  -13.364  49.445 0.0000000000
67643  25.085  -13.053  49.716 0.0000000000
68940  18.920  -12.108  48.974 0.0000000000
68895  19.067  -12.140  50.468 0.0000000000
160924  17.586  -12.115  50.299 0.0000000000
160914  16.345  -12.208  50.080 0.0000000000
189445  18.817  -9.021  46.575 0.0000000000
72411  18.423  -9.616  46.200 0.0000000000
73585  17.089  -9.361  46.497 0.0000000000
71230  12.670  -10.356  49.520 0.0000000000
71248  13.908  -10.107  48.136 0.0000000000
68924  12.654  -11.788  49.977 0.0000000000
68900  13.782  -12.215  50.749 0.0000000000
68881  12.274  -12.402  51.193 0.0000000000
67621  11.596  -12.891  52.629 0.0000000000
68883  10.829  -11.839  51.789 0.0000000000
72318  10.690  -9.758  54.299 0.0000000000
71193  9.918  -10.618  53.487 0.0000000000
71173  9.683  -10.256  54.843 0.0000000000
71174  9.116  -10.537  55.357 0.0000000000
166090  9.987  -9.656  56.100 0.0000000000
83438  28.546  -0.865  41.031 0.0000000000
83458  28.667  -0.729  39.731 0.0000000000
80916  26.763  -2.767  40.204 0.0000000000
79691  26.203  -4.209  39.490 0.0000000000
171552  25.630  -4.589  40.411 0.0000000000
71323  25.797  -10.310  41.941 0.0000000000
73682  25.628  -8.998  41.130 0.0000000000
70213  27.026  -11.600  42.047 0.0000000000
70153  26.880  -11.102  45.791 0.0000000000
70167  26.368  -11.058  45.171 0.0000000000
69008  27.041  -12.345  45.475 0.0000000000
177077  27.939  -15.097  45.457 0.0000000000
93456  43.818  5.664  23.494 0.0000000000
93454  45.388  5.629  24.310 0.0000000000
92255  45.786  4.554  24.573 0.0000000000
92168  30.245  4.661  30.208 0.0000000000
90967  30.534  4.204  28.916 0.0000000000
88299  30.615  2.490  28.940 0.0000000000
170404  32.759  -2.645  31.258 0.0000000000
83568  31.925  -1.129  31.374 0.0000000000
81036  33.014  -3.514  30.258 0.0000000000
79784  37.770  -3.706  32.252 0.0000000000
79813  35.367  -3.689  30.364 0.0000000000
81019  36.466  -3.051  30.544 0.0000000000
83617  35.131  -1.404  28.616 0.0000000000
82300  37.568  -2.200  30.871 0.0000000000
83575  38.198  -1.044  31.006 0.0000000000
160041  30.617  -6.307  38.939 0.0000000000
107009  55.073  17.007  15.571 0.0000000000
103823  49.965  13.579  18.501 0.0000000000
104899  50.971  14.530  17.627 0.0000000000
102767  50.962  13.348  17.660 0.0000000000
101582  53.775  12.609  16.972 0.0000000000
101580  55.043  11.962  16.481 0.0000000000
96853  48.038  8.604  21.946 0.0000000000
96832  49.056  8.427  22.529 0.0000000000
95761  47.821  8.205  23.310 0.0000000000
83524  32.763  -1.538  35.394 0.0000000000
80974  31.487  -2.963  34.199 0.0000000000
80976  30.248  -3.266  34.814 0.0000000000
77281  30.393  -5.232  35.666 0.0000000000
77243  30.970  -5.709  36.720 0.0000000000
101478  44.739  12.008  24.338 0.0000000000
101502  44.489  11.675  22.976 0.0000000000
101515  45.491  11.730  22.336 0.0000000000
100349  45.893  11.375  21.788 0.0000000000
100361  46.917  11.170  20.793 0.0000000000
99195  46.129  10.275  21.250 0.0000000000
98018  46.816  9.202  21.499 0.0000000000
67548  9.021  -12.908  56.857 0.0000000000
95736  40.013  7.458  24.924 0.0000000000
95750  39.948  7.077  24.308 0.0000000000
95737  39.498  6.854  24.991 0.0000000000
94582  38.945  6.361  25.171 0.0000000000
171510  38.300  5.367  24.881 0.0000000000
93428  34.591  5.489  26.031 0.0000000000
92242  35.651  4.857  25.367 0.0000000000
89720  35.455  3.606  25.849 0.0000000000
88337  36.218  2.177  26.289 0.0000000000
87036  37.864  1.327  27.473 0.0000000000
87019  37.386  1.606  28.566 0.0000000000
170533  37.689  2.124  30.080 0.0000000000
71309  28.890  -10.273  43.012 0.0000000000
68935  25.048  -12.275  48.617 0.0000000000
160657  24.326  -12.062  49.273 0.0000000000
68936  24.256  -11.816  48.441 0.0000000000
70091  22.730  -11.111  49.696 0.0000000000
70092  22.001  -11.338  49.876 0.0000000000
68955  20.385  -11.757  48.099 0.0000000000
68972  19.255  -11.730  47.703 0.0000000000
73547  15.448  -8.752  48.048 0.0000000000
72365  13.369  -9.325  49.736 0.0000000000
72357  11.951  -9.769  50.848 0.0000000000
72349  11.102  -10.058  51.835 0.0000000000
72338  11.932  -9.148  52.579 0.0000000000
72326  12.346  -9.037  53.310 0.0000000000
72316  11.831  -9.352  54.944 0.0000000000
79668  25.873  -3.647  42.227 0.0000000000
177407  25.397  -5.642  41.506 0.0000000000
77163  25.390  -5.632  42.315 0.0000000000
170676  24.993  -7.931  42.447 0.0000000000
71302  25.539  -10.500  43.317 0.0000000000
67683  28.191  -13.180  47.028 0.0000000000
67700  27.675  -13.029  46.304 0.0000000000
175314  28.002  -14.683  47.547 0.0000000000
169101  44.212  3.245  24.873 0.0000000000
88253  30.104  2.385  31.894 0.0000000000
77306  35.282  -5.576  33.799 0.0000000000
78548  34.595  -5.229  31.523 0.0000000000
78520  36.477  -4.926  33.464 0.0000000000
78506  37.988  -4.501  34.089 0.0000000000
108030  53.543  17.298  17.790 0.0000000000
72282  6.710  -9.657  58.041 0.0000000000
96771  36.093  8.607  28.236 0.0000000000
95700  35.335  7.648  27.269 0.0000000000
95701  34.586  7.541  27.315 0.0000000000
93411  33.391  6.061  26.812 0.0000000000
167151  33.231  4.706  26.803 0.0000000000
191473  33.416  3.252  27.115 0.0000000000
66310  26.481  -14.266  50.243 0.0000000000
66323  26.855  -13.829  49.652 0.0000000000
66324  26.344  -13.490  49.424 0.0000000000
67654  26.179  -12.987  49.088 0.0000000000
68933  26.476  -12.531  49.103 0.0000000000
68951  25.528  -11.915  48.332 0.0000000000
68952  24.908  -11.657  48.076 0.0000000000
70120  24.747  -10.860  47.637 0.0000000000
72395  23.691  -9.439  47.376 0.0000000000
74893  25.736  -7.588  45.121 0.0000000000
184767  26.389  -8.286  46.264 0.0000000000
170301  26.648  -9.713  46.104 0.0000000000
70152  27.671  -11.179  46.448 0.0000000000
71255  28.549  -10.381  47.372 0.0000000000
70135  28.300  -11.736  46.787 0.0000000000
68970  28.137  -12.404  46.719 0.0000000000
67682  28.576  -13.458  47.762 0.0000000000
66321  27.914  -14.256  48.692 0.0000000000
86920  34.328  1.768  33.902 0.0000000000
86933  32.577  1.378  33.122 0.0000000000
85869  33.808  0.117  32.512 0.0000000000
82279  33.284  -1.912  32.221 0.0000000000
79775  32.301  -4.017  32.017 0.0000000000
79762  31.656  -4.134  33.408 0.0000000000
77324  32.290  -5.165  32.903 0.0000000000
162141  33.230  -5.893  33.105 0.0000000000
160323  34.964  -5.776  35.145 0.0000000000
78479  36.536  -5.216  36.699 0.0000000000
104883  50.070  14.329  20.163 0.0000000000
102745  49.533  13.158  18.963 0.0000000000
101560  49.444  12.488  18.888 0.0000000000
100375  47.929  11.378  20.027 0.0000000000
99219  49.178  10.663  19.562 0.0000000000
96839  42.897  8.653  22.621 0.0000000000
166001  43.907  7.478  22.852 0.0000000000
94605  43.320  6.959  22.842 0.0000000000
161421  43.032  6.267  22.957 0.0000000000
92279  42.786  5.076  23.310 0.0000000000
93457  40.653  5.811  23.434 0.0000000000
92281  41.391  5.005  23.300 0.0000000000
167820  42.782  3.966  23.827 0.0000000000
168603  42.751  3.138  24.559 0.0000000000
88334  43.443  2.350  26.216 0.0000000000
94556  37.651  6.732  26.136 0.0000000000
93424  37.592  6.081  25.620 0.0000000000
92257  38.293  4.770  24.641 0.0000000000
91056  36.681  4.021  25.095 0.0000000000
89743  37.869  3.471  24.844 0.0000000000
89742  39.209  3.116  24.633 0.0000000000
181104  40.675  2.153  25.453 0.0000000000
79709  27.567  -4.288  38.248 0.0000000000
78448  28.716  -5.152  37.933 0.0000000000
170424  28.691  -6.441  38.823 0.0000000000
77197  29.680  -6.406  40.200 0.0000000000
99151  42.523  10.542  23.645 0.0000000000
167224  42.512  9.314  22.874 0.0000000000
73561  22.967  -8.357  46.961 0.0000000000
74881  21.673  -8.202  46.528 0.0000000000
72406  22.067  -9.118  46.292 0.0000000000
162621  20.367  -9.827  46.077 0.0000000000
70156  18.686  -10.758  46.527 0.0000000000
68974  17.691  -11.644  47.420 0.0000000000
172317  15.268  -9.535  47.239 0.0000000000
70126  15.587  -11.273  47.695 0.0000000000
68942  15.797  -11.888  48.824 0.0000000000
184952  15.027  -12.073  50.496 0.0000000000
68861  14.254  -12.421  52.010 0.0000000000
67580  10.303  -12.959  55.057 0.0000000000
71202  10.207  -10.817  52.734 0.0000000000
68847  9.653  -11.719  53.511 0.0000000000
67581  9.547  -12.630  55.346 0.0000000000
68816  8.597  -11.648  55.532 0.0000000000
70046  8.165  -11.380  56.184 0.0000000000
71163  7.785  -10.937  56.703 0.0000000000
72278  10.252  -9.337  56.961 0.0000000000
72280  8.775  -9.894  56.781 0.0000000000
72281  7.480  -9.719  57.689 0.0000000000
83503  29.233  -1.162  37.390 0.0000000000
83471  28.720  -0.824  38.884 0.0000000000
82212  27.913  -2.231  38.317 0.0000000000
78437  26.814  -4.482  38.789 0.0000000000
76115  26.657  -5.839  39.540 0.0000000000
74958  27.028  -7.804  40.436 0.0000000000
170082  25.410  -7.149  40.857 0.0000000000
73681  26.084  -8.858  40.648 0.0000000000
72454  27.580  -9.568  41.405 0.0000000000
72419  25.820  -9.179  44.978 0.0000000000
70177  25.712  -11.040  43.943 0.0000000000
67757  26.678  -12.852  43.640 0.0000000000
66366  27.421  -13.702  45.706 0.0000000000
66383  27.524  -14.154  44.562 0.0000000000
66404  27.698  -14.105  44.018 0.0000000000
94590  45.530  6.727  24.008 0.0000000000
183733  31.293  6.205  28.531 0.0000000000
90985  31.463  4.234  27.879 0.0000000000
87023  33.410  1.773  27.851 0.0000000000
86945  31.952  1.198  32.762 0.0000000000
85883  30.893  0.614  31.714 0.0000000000
85907  30.588  0.386  30.303 0.0000000000
79814  34.014  -4.057  30.090 0.0000000000
161754  33.234  -1.983  29.242 0.0000000000
85940  31.377  0.435  28.993 0.0000000000
84841  32.783  -0.168  28.445 0.0000000000
190681  34.068  0.414  28.176 0.0000000000
87021  34.979  1.138  28.020 0.0000000000
84825  36.614  0.316  29.438 0.0000000000
158606  29.634  -6.298  38.248 0.0000000000
181561  30.878  -6.118  38.102 0.0000000000
77224  32.572  -5.766  38.110 0.0000000000
159497  33.229  -5.603  39.836 0.0000000000
159495  33.819  -5.766  38.526 0.0000000000
184220  57.081  16.244  14.393 0.0000000000
106992  52.224  16.261  17.604 0.0000000000
105944  53.183  16.050  16.333 0.0000000000
102765  52.261  13.063  17.354 0.0000000000
103840  53.028  14.610  16.232 0.0000000000
105951  54.060  15.540  15.518 0.0000000000
104918  54.917  14.654  15.013 0.0000000000
102808  55.983  13.327  14.364 0.0000000000
96836  45.754  8.504  22.619 0.0000000000
96837  44.894  8.285  22.703 0.0000000000
80946  28.569  -3.106  37.235 0.0000000000
79728  28.852  -3.656  36.487 0.0000000000
79729  28.614  -4.024  37.084 0.0000000000
96858  43.867  9.225  22.261 0.0000000000
70040  7.352  -11.118  57.148 0.0000000000
88327  34.265  2.493  26.962 0.0000000000
88338  34.896  2.262  26.895 0.0000000000
88326  35.067  1.744  27.402 0.0000000000
87039  35.234  1.297  27.884 0.0000000000
71257  23.346  -9.782  47.347 0.0000000000
169844  22.093  -10.059  46.846 0.0000000000
77141  25.845  -5.668  44.885 0.0000000000
77142  25.606  -6.070  44.088 0.0000000000
77134  25.663  -6.359  44.688 0.0000000000
89566  32.515  2.853  34.951 0.0000000000
165376  29.162  -12.395  47.958 0.0000000000
82267  34.066  -2.135  33.506 0.0000000000
82258  33.106  -2.255  34.323 0.0000000000
77263  32.274  -5.625  36.343 0.0000000000
159487  33.074  -5.728  36.602 0.0000000000
159488  33.929  -5.835  36.574 0.0000000000
77240  33.604  -5.794  37.121 0.0000000000
102717  46.817  12.751  22.079 0.0000000000
102732  47.324  12.815  21.312 0.0000000000
102731  47.888  12.901  20.798 0.0000000000
96874  48.152  8.876  21.299 0.0000000000
98034  48.580  9.193  20.711 0.0000000000
96873  48.955  8.779  21.161 0.0000000000
181529  49.567  8.768  21.016 0.0000000000
159208  10.978  -13.491  56.560 0.0000000000
96820  40.908  8.362  24.073 0.0000000000
161818  41.279  7.799  23.456 0.0000000000
95749  40.648  7.472  23.869 0.0000000000
92271  39.975  4.869  23.842 0.0000000000
89764  40.399  3.436  24.224 0.0000000000
89765  39.776  3.450  24.304 0.0000000000
94573  35.738  6.200  25.942 0.0000000000
87046  38.284  1.372  26.636 0.0000000000
74957  28.341  -7.633  41.018 0.0000000000
73656  28.398  -8.158  41.551 0.0000000000
97994  41.401  9.147  23.921 0.0000000000
68941  18.183  -12.095  48.723 0.0000000000
68920  18.281  -12.120  49.434 0.0000000000
188112  17.756  -12.113  49.791 0.0000000000
68921  17.109  -12.159  49.855 0.0000000000
73584  17.594  -9.063  46.662 0.0000000000
70096  12.058  -10.790  49.990 0.0000000000
70095  12.545  -11.153  49.605 0.0000000000
68925  12.128  -11.417  50.068 0.0000000000
68902  12.010  -11.880  50.588 0.0000000000
68903  11.414  -11.550  50.894 0.0000000000
68882  11.426  -12.089  51.343 0.0000000000
70073  10.998  -11.399  51.392 0.0000000000
182256  10.320  -9.846  54.767 0.0000000000
72304  10.246  -9.742  55.406 0.0000000000
82155  27.197  -2.124  41.627 0.0000000000
185466  28.666  -0.912  41.571 0.0000000000
82154  27.764  -1.431  41.299 0.0000000000
82167  27.209  -2.227  40.724 0.0000000000
80903  26.377  -3.111  40.658 0.0000000000
80904  25.981  -3.565  40.499 0.0000000000
79680  25.711  -4.034  40.886 0.0000000000
70201  25.979  -11.417  42.415 0.0000000000
70215  26.207  -10.945  41.933 0.0000000000
69069  26.805  -11.908  42.232 0.0000000000
69058  27.117  -12.173  42.437 0.0000000000
67774  27.407  -12.663  42.847 0.0000000000
68992  27.259  -11.767  45.902 0.0000000000
92269  44.080  5.073  23.821 0.0000000000
92268  44.800  5.148  24.155 0.0000000000
91065  45.042  4.439  24.412 0.0000000000
90934  29.951  3.619  30.700 0.0000000000
92159  30.184  4.374  30.762 0.0000000000
89641  30.041  3.322  30.021 0.0000000000
90968  30.222  3.736  29.462 0.0000000000
88300  30.204  2.303  29.599 0.0000000000
79788  32.561  -4.307  31.303 0.0000000000
79800  32.814  -3.875  30.699 0.0000000000
78562  32.986  -4.668  30.702 0.0000000000
79797  36.806  -3.393  31.126 0.0000000000
81006  37.487  -3.207  31.522 0.0000000000
81018  37.166  -2.744  30.852 0.0000000000
81017  37.837  -2.564  31.322 0.0000000000
82289  38.444  -2.300  31.695 0.0000000000
108044  55.226  17.838  16.687 0.0000000000
108056  55.072  17.462  16.081 0.0000000000
108057  54.565  17.076  15.985 0.0000000000
173855  50.363  12.444  18.247 0.0000000000
102755  50.437  13.233  18.006 0.0000000000
101573  51.008  12.701  17.891 0.0000000000
180372  29.147  -12.452  49.578 0.0000000000
176345  46.947  8.782  22.075 0.0000000000
96834  47.480  8.479  22.485 0.0000000000
95746  47.383  7.749  24.002 0.0000000000
83526  31.238  -1.618  35.638 0.0000000000
160802  31.471  -2.248  34.832 0.0000000000
80967  30.213  -2.467  35.254 0.0000000000
175351  29.397  -4.953  36.241 0.0000000000
79753  29.597  -4.282  35.233 0.0000000000
77282  29.826  -5.113  35.929 0.0000000000
185184  30.863  -5.499  36.036 0.0000000000
191091  42.963  10.960  23.453 0.0000000000
100321  43.960  11.557  23.296 0.0000000000
99181  44.952  10.315  21.849 0.0000000000
100350  45.182  11.128  22.015 0.0000000000
100362  46.258  10.881  21.217 0.0000000000
96854  47.493  8.832  21.724 0.0000000000
67566  8.647  -12.530  56.405 0.0000000000
95726  39.606  7.069  25.564 0.0000000000
93442  38.955  5.817  24.704 0.0000000000
93443  38.318  5.937  25.290 0.0000000000
92244  34.423  4.706  26.146 0.0000000000
92243  35.086  4.886  25.678 0.0000000000
91037  34.923  4.192  25.940 0.0000000000
88325  35.582  1.872  26.909 0.0000000000
87047  37.400  1.394  26.823 0.0000000000
87037  36.947  1.408  27.818 0.0000000000
87002  36.646  1.684  29.473 0.0000000000
87001  37.000  1.867  29.565 0.0000000000
86985  37.016  1.844  29.808 0.0000000000
86984  37.490  1.930  30.231 0.0000000000
95725  40.172  7.596  25.595 0.0000000000
70106  22.939  -11.008  48.980 0.0000000000
70093  21.548  -11.369  49.415 0.0000000000
70108  21.438  -11.284  48.740 0.0000000000
70139  20.962  -10.928  46.898 0.0000000000
70124  20.416  -11.388  47.372 0.0000000000
68971  19.905  -11.701  47.738 0.0000000000
70140  19.743  -11.349  47.166 0.0000000000
73512  13.224  -9.184  50.496 0.0000000000
180373  12.514  -9.515  50.496 0.0000000000
72356  12.581  -9.168  51.200 0.0000000000
180148  11.695  -9.462  51.712 0.0000000000
72348  12.507  -9.012  52.063 0.0000000000
159932  11.930  -9.236  54.039 0.0000000000
80870  26.528  -3.186  43.471 0.0000000000
80869  26.969  -2.582  43.062 0.0000000000
80881  26.408  -3.140  42.688 0.0000000000
79655  25.985  -3.684  43.040 0.0000000000
79656  25.716  -4.322  42.517 0.0000000000
78402  25.630  -5.019  42.821 0.0000000000
74918  25.173  -7.473  43.462 0.0000000000
163653  25.061  -8.341  43.157 0.0000000000
73637  25.157  -9.055  42.790 0.0000000000
72436  25.365  -9.679  43.228 0.0000000000
66353  28.093  -13.940  47.301 0.0000000000
90906  30.563  3.555  32.732 0.0000000000
88236  30.391  2.429  32.539 0.0000000000
78509  35.741  -5.417  34.375 0.0000000000
78521  35.915  -5.268  33.864 0.0000000000
78508  36.394  -5.145  34.300 0.0000000000
78476  38.827  -4.522  36.038 0.0000000000
161011  37.759  -4.840  34.871 0.0000000000
79750  38.492  -4.495  34.750 0.0000000000
96785  35.710  8.165  27.696 0.0000000000
96787  34.169  7.971  27.736 0.0000000000
94561  34.017  6.395  26.672 0.0000000000
94543  33.594  6.773  27.089 0.0000000000
94545  32.241  6.204  27.568 0.0000000000
93397  32.692  5.795  27.082 0.0000000000
92221  32.601  5.044  27.056 0.0000000000
91021  33.334  3.902  26.948 0.0000000000
91004  32.657  4.269  27.152 0.0000000000
68911  26.944  -12.308  49.655 0.0000000000
68934  25.871  -12.401  48.666 0.0000000000
70119  25.463  -11.381  48.101 0.0000000000
72385  25.090  -10.143  47.743 0.0000000000
72394  24.492  -9.940  47.531 0.0000000000
170865  26.232  -7.542  46.268 0.0000000000
72404  27.383  -9.625  46.824 0.0000000000
72405  26.810  -9.048  46.560 0.0000000000
71271  27.140  -10.392  46.298 0.0000000000
188922  28.567  -12.147  47.048 0.0000000000
86930  34.789  1.175  33.264 0.0000000000
86931  33.999  1.454  33.465 0.0000000000
170136  34.153  0.787  32.940 0.0000000000
82278  33.792  -1.954  32.697 0.0000000000
83545  33.890  -1.430  32.247 0.0000000000
178152  33.033  -2.362  32.600 0.0000000000
169307  32.804  -2.544  31.897 0.0000000000
80995  32.504  -3.116  32.293 0.0000000000
79751  30.651  -3.842  34.442 0.0000000000
80987  31.205  -3.667  34.019 0.0000000000
79763  31.240  -4.270  34.120 0.0000000000
77293  32.882  -5.745  34.927 0.0000000000
77310  32.202  -5.389  33.724 0.0000000000
77309  32.932  -5.787  33.995 0.0000000000
166993  32.658  -5.606  33.218 0.0000000000
77308  33.909  -5.918  33.837 0.0000000000
77291  34.432  -5.856  34.588 0.0000000000
77238  35.196  -5.781  36.993 0.0000000000
77260  35.376  -5.692  36.326 0.0000000000
101487  45.946  12.415  24.026 0.0000000000
104877  50.637  14.572  20.666 0.0000000000
103811  49.589  13.982  20.566 0.0000000000
102738  48.759  12.985  19.956 0.0000000000
103820  49.281  13.347  19.552 0.0000000000
102746  49.037  12.777  19.357 0.0000000000
100413  48.968  12.106  19.272 0.0000000000
99207  47.263  10.394  20.535 0.0000000000
100376  47.479  11.041  20.356 0.0000000000
99206  47.974  10.520  20.199 0.0000000000
98066  49.398  9.991  19.770 0.0000000000
99205  48.735  10.248  19.992 0.0000000000
171960  49.569  11.033  19.231 0.0000000000
95766  43.296  7.885  22.629 0.0000000000
163750  42.609  8.075  22.768 0.0000000000
94606  42.554  6.655  22.878 0.0000000000
93467  42.462  5.803  23.017 0.0000000000
93466  43.193  5.680  23.196 0.0000000000
94592  40.445  6.556  23.673 0.0000000000
91082  41.094  4.444  23.582 0.0000000000
91081  41.767  4.429  23.490 0.0000000000
91080  42.439  4.454  23.490 0.0000000000
91068  42.113  3.906  23.762 0.0000000000
89760  43.134  3.551  24.193 0.0000000000
89761  42.445  3.475  24.116 0.0000000000
88368  41.709  2.599  24.956 0.0000000000
88367  42.412  2.693  24.990 0.0000000000
88348  42.013  2.253  25.628 0.0000000000
173299  37.704  7.531  27.223 0.0000000000
95712  37.273  7.199  26.713 0.0000000000
93425  36.808  5.924  25.642 0.0000000000
171436  37.805  5.574  25.202 0.0000000000
92258  37.662  4.899  24.923 0.0000000000
91035  36.085  3.810  25.405 0.0000000000
91057  36.057  4.478  25.105 0.0000000000
88351  38.043  2.327  25.465 0.0000000000
89744  37.199  3.560  25.038 0.0000000000
176446  38.119  2.864  25.103 0.0000000000
178037  38.497  3.111  24.828 0.0000000000
88371  39.566  2.510  25.014 0.0000000000
88350  39.206  2.114  25.402 0.0000000000
77229  27.605  -5.183  38.377 0.0000000000
77212  27.849  -6.040  38.696 0.0000000000
76092  29.379  -6.689  41.204 0.0000000000
76101  29.258  -6.708  40.426 0.0000000000
99140  42.377  10.618  24.421 0.0000000000
99152  42.008  10.151  24.047 0.0000000000
98007  41.917  9.221  23.340 0.0000000000
98006  42.248  9.918  23.362 0.0000000000
68893  20.363  -12.149  50.538 0.0000000000
73560  23.567  -8.644  47.388 0.0000000000
187950  20.268  -8.867  46.699 0.0000000000
73562  20.695  -8.551  47.217 0.0000000000
73581  20.994  -8.744  46.518 0.0000000000
73579  22.143  -8.495  46.395 0.0000000000
73580  21.614  -8.838  46.263 0.0000000000
72407  21.550  -9.379  46.238 0.0000000000
72408  21.007  -9.363  46.252 0.0000000000
71278  17.785  -10.041  46.231 0.0000000000
71277  19.097  -9.774  46.071 0.0000000000
70157  17.932  -10.663  46.451 0.0000000000
70142  18.176  -11.241  46.941 0.0000000000
70143  17.402  -11.156  46.825 0.0000000000
73548  14.879  -8.984  47.859 0.0000000000
73569  15.359  -9.129  47.463 0.0000000000
72399  14.792  -9.367  47.564 0.0000000000
70110  13.711  -11.125  48.858 0.0000000000
70127  14.867  -10.985  47.973 0.0000000000
68960  15.307  -11.472  48.407 0.0000000000
68959  15.880  -11.687  48.067 0.0000000000
68943  15.086  -11.657  49.121 0.0000000000
188790  15.464  -11.869  49.378 0.0000000000
68923  15.104  -11.907  49.834 0.0000000000
68880  13.207  -12.458  51.258 0.0000000000
68879  14.069  -12.361  51.430 0.0000000000
67628  13.588  -12.570  51.916 0.0000000000
68846  10.801  -12.577  52.798 0.0000000000
67610  11.350  -13.017  53.373 0.0000000000
67596  11.168  -13.097  54.076 0.0000000000
67579  11.068  -13.200  54.796 0.0000000000
67597  10.430  -12.821  54.284 0.0000000000
71201  10.665  -10.400  52.260 0.0000000000
71184  9.506  -10.709  54.168 0.0000000000
70062  9.550  -11.227  53.762 0.0000000000
68831  9.453  -11.799  54.090 0.0000000000
68815  9.146  -11.890  54.895 0.0000000000
68798  8.899  -12.237  55.717 0.0000000000
70052  8.961  -11.224  55.055 0.0000000000
71175  8.591  -11.058  55.686 0.0000000000
71162  8.243  -10.661  56.276 0.0000000000
72279  9.451  -9.324  57.402 0.0000000000
171935  8.181  -9.699  57.497 0.0000000000
72270  7.907  -9.101  58.260 0.0000000000
188253  29.554  -1.322  36.852 0.0000000000
82184  27.657  -1.917  39.479 0.0000000000
84710  29.334  -0.562  39.289 0.0000000000
82197  27.847  -1.900  38.837 0.0000000000
83487  28.266  -1.510  38.328 0.0000000000
80938  27.467  -2.918  38.539 0.0000000000
79699  27.021  -3.593  38.580 0.0000000000
80927  26.551  -3.696  39.151 0.0000000000
77198  26.006  -5.518  39.836 0.0000000000
78438  26.372  -5.039  39.371 0.0000000000
170739  26.221  -6.228  39.956 0.0000000000
74970  27.098  -7.139  40.171 0.0000000000
74971  26.357  -6.894  40.109 0.0000000000
189224  25.287  -6.144  41.834 0.0000000000
184390  25.342  -6.350  41.178 0.0000000000
72456  26.167  -9.468  41.042 0.0000000000
71332  26.640  -9.726  41.098 0.0000000000
72455  27.045  -9.439  41.005 0.0000000000
71321  27.090  -10.193  41.366 0.0000000000
71320  27.910  -10.043  41.831 0.0000000000
170291  28.068  -11.171  42.415 0.0000000000
73596  25.868  -8.357  45.303 0.0000000000
70176  26.060  -11.442  44.539 0.0000000000
71293  25.948  -10.538  44.788 0.0000000000
69026  26.251  -12.132  44.369 0.0000000000
70187  25.924  -11.887  43.817 0.0000000000
184675  26.284  -12.434  43.896 0.0000000000
66354  27.711  -13.818  46.527 0.0000000000
65061  27.612  -14.543  45.825 0.0000000000
174007  28.285  -15.522  45.496 0.0000000000
65080  27.732  -14.686  45.010 0.0000000000
67738  27.237  -13.516  44.036 0.0000000000
94603  45.058  7.144  23.512 0.0000000000
94591  44.815  6.394  23.774 0.0000000000
94497  31.392  7.036  29.570 0.0000000000
94516  31.072  6.427  29.217 0.0000000000
89672  31.091  3.016  28.390 0.0000000000
90986  30.985  3.816  28.364 0.0000000000
88329  32.680  2.795  27.642 0.0000000000
88312  32.653  2.126  27.909 0.0000000000
85870  32.871  0.305  32.508 0.0000000000
85871  32.089  0.580  32.442 0.0000000000
83578  31.823  -1.228  30.743 0.0000000000
84790  31.081  -0.071  31.429 0.0000000000
84801  31.381  -0.689  31.107 0.0000000000
85895  30.638  0.436  31.041 0.0000000000
83579  31.345  -0.758  30.422 0.0000000000
78547  35.370  -4.903  31.856 0.0000000000
78560  34.157  -5.030  30.866 0.0000000000
78559  35.021  -4.685  31.136 0.0000000000
81034  35.393  -3.139  29.897 0.0000000000
82325  34.257  -2.699  29.392 0.0000000000
82344  33.559  -1.785  28.895 0.0000000000
84829  31.717  -0.358  29.140 0.0000000000
84828  32.364  -0.663  28.784 0.0000000000
85939  32.104  0.117  28.655 0.0000000000
83619  33.648  -1.243  28.481 0.0000000000
83602  35.800  -1.437  29.023 0.0000000000
84838  34.857  -0.648  28.373 0.0000000000
190509  34.599  0.072  28.258 0.0000000000
178925  34.784  0.790  28.231 0.0000000000
177779  35.206  0.290  28.409 0.0000000000
85922  35.805  0.744  28.751 0.0000000000
84826  36.170  0.259  29.007 0.0000000000
83587  37.775  -0.777  30.559 0.0000000000
165523  29.162  -6.309  38.531 0.0000000000
77227  29.201  -5.810  37.923 0.0000000000
159496  31.122  -6.211  39.667 0.0000000000
159492  31.461  -6.143  38.848 0.0000000000
77225  31.808  -5.906  38.123 0.0000000000
159493  32.281  -5.889  38.778 0.0000000000
77208  33.469  -5.628  39.257 0.0000000000
162939  34.657  -5.735  38.753 0.0000000000
107021  55.760  16.938  15.099 0.0000000000
108069  56.708  17.135  15.032 0.0000000000
107034  56.408  16.487  14.636 0.0000000000
104930  56.174  14.903  14.046 0.0000000000
104882  50.614  14.818  19.787 0.0000000000
104898  51.446  15.134  17.378 0.0000000000
105938  51.750  15.691  17.509 0.0000000000
104906  51.966  15.365  16.983 0.0000000000
107002  52.757  16.399  16.984 0.0000000000
105945  52.570  15.705  16.659 0.0000000000
102776  54.126  12.907  16.390 0.0000000000
102777  53.460  13.226  16.635 0.0000000000
187711  53.538  14.230  16.033 0.0000000000
104911  53.631  14.913  15.818 0.0000000000
103839  54.078  14.137  15.753 0.0000000000
166545  54.638  15.348  15.086 0.0000000000
103848  54.665  14.033  15.392 0.0000000000
179776  45.704  9.017  22.080 0.0000000000
96835  46.626  8.505  22.664 0.0000000000
94602  45.842  7.400  23.720 0.0000000000
82248  29.705  -2.297  35.793 0.0000000000
80955  29.315  -3.115  35.993 0.0000000000
172047  28.922  -4.496  36.375 0.0000000000
163783  29.244  -5.054  36.846 0.0000000000
99167  43.373  10.323  22.514 0.0000000000
99166  43.842  10.845  22.440 0.0000000000
99182  44.106  10.317  22.157 0.0000000000
98038  45.736  9.946  21.525 0.0000000000
98020  45.324  9.483  21.861 0.0000000000
188594  39.164  6.869  26.101 0.0000000000
94555  38.522  6.760  26.200 0.0000000000
186010  34.797  3.472  26.298 0.0000000000
89705  34.654  2.840  26.612 0.0000000000
159936  36.225  1.393  28.289 0.0000000000
87003  36.420  1.412  28.961 0.0000000000
70121  23.884  -10.829  47.683 0.0000000000
70105  23.610  -11.204  48.363 0.0000000000
70122  21.929  -10.803  48.181 0.0000000000
70138  21.657  -10.643  47.297 0.0000000000
73471  13.298  -8.780  52.473 0.0000000000
78392  26.023  -4.550  44.008 0.0000000000
78393  25.770  -5.003  43.515 0.0000000000
76057  25.484  -6.809  44.162 0.0000000000
73620  25.345  -8.136  43.991 0.0000000000
65025  27.976  -14.853  48.325 0.0000000000
89582  31.614  3.023  34.027 0.0000000000
78478  37.382  -4.986  36.651 0.0000000000
78489  37.560  -4.954  35.713 0.0000000000
78477  38.181  -4.793  36.300 0.0000000000
95684  33.466  7.801  27.873 0.0000000000
96775  33.035  8.238  28.411 0.0000000000
94532  32.516  6.885  27.836 0.0000000000
94533  31.880  6.562  28.162 0.0000000000
70104  26.361  -11.332  48.809 0.0000000000
70117  29.424  -11.758  48.083 0.0000000000
175424  29.069  -11.022  47.614 0.0000000000
84760  34.600  0.006  32.542 0.0000000000
187509  34.963  -1.306  32.565 0.0000000000
82268  33.240  -2.311  33.371 0.0000000000
80985  32.554  -2.880  33.095 0.0000000000
77295  31.185  -4.971  34.798 0.0000000000
78523  31.334  -4.698  34.303 0.0000000000
77294  31.748  -5.375  34.959 0.0000000000
177888  32.317  -5.595  35.167 0.0000000000
77277  33.413  -5.805  35.350 0.0000000000
77276  34.175  -5.868  35.368 0.0000000000
77262  33.599  -5.793  35.954 0.0000000000
162938  35.047  -5.806  37.584 0.0000000000
158840  45.810  12.126  22.691 0.0000000000
102701  46.946  12.937  22.824 0.0000000000
103812  49.068  13.668  21.088 0.0000000000
102730  48.483  13.223  20.661 0.0000000000
102739  48.158  12.710  20.263 0.0000000000
101541  47.966  12.117  20.073 0.0000000000
98052  48.991  9.581  20.244 0.0000000000
98051  49.672  9.420  20.120 0.0000000000
98050  50.380  9.284  20.050 0.0000000000
96883  49.948  8.932  20.547 0.0000000000
175758  41.973  7.854  23.027 0.0000000000
188370  41.603  7.440  23.174 0.0000000000
93459  39.488  6.005  24.210 0.0000000000
93458  40.028  5.749  23.788 0.0000000000
185174  40.510  4.458  23.737 0.0000000000
91070  40.769  3.930  23.905 0.0000000000
89762  41.767  3.435  24.120 0.0000000000
89763  41.088  3.423  24.167 0.0000000000
89740  40.714  2.980  24.579 0.0000000000
88369  41.026  2.562  24.959 0.0000000000
95713  36.488  7.246  26.762 0.0000000000
94557  36.837  6.794  26.305 0.0000000000
94572  36.449  6.335  25.958 0.0000000000
93445  36.366  5.416  25.336 0.0000000000
88353  36.823  2.530  25.738 0.0000000000
88352  37.441  2.218  25.726 0.0000000000
160838  38.621  1.924  25.617 0.0000000000
87058  39.199  1.716  25.810 0.0000000000
76103  27.708  -6.919  39.774 0.0000000000
76113  28.188  -6.700  39.229 0.0000000000
76093  28.794  -7.218  40.692 0.0000000000
96800  40.728  8.203  25.781 0.0000000000
97982  40.985  9.015  25.401 0.0000000000
97988  41.396  9.647  25.087 0.0000000000
164096  41.557  9.682  24.376 0.0000000000
67634  25.448  -13.569  50.128 0.0000000000
68939  19.658  -12.141  49.281 0.0000000000
68918  19.693  -12.190  50.058 0.0000000000
68919  18.992  -12.139  49.742 0.0000000000
160925  18.304  -12.093  50.221 0.0000000000
68897  16.961  -12.171  50.727 0.0000000000
68898  16.076  -12.228  50.870 0.0000000000
73564  18.969  -8.877  47.148 0.0000000000
73582  19.525  -8.965  46.561 0.0000000000
72412  17.712  -9.487  46.353 0.0000000000
189772  16.766  -9.591  46.474 0.0000000000
72377  13.214  -9.731  49.179 0.0000000000
72387  13.919  -9.551  48.251 0.0000000000
71239  13.162  -10.254  48.969 0.0000000000
70111  13.038  -10.844  49.066 0.0000000000
70094  13.239  -11.474  49.447 0.0000000000
160004  13.496  -11.931  50.046 0.0000000000
68901  12.862  -12.170  50.586 0.0000000000
67629  12.747  -12.700  51.816 0.0000000000
67620  12.447  -12.943  52.480 0.0000000000
68862  11.873  -12.659  51.882 0.0000000000
68863  11.111  -12.385  52.093 0.0000000000
68864  10.509  -11.931  52.353 0.0000000000
72327  11.073  -9.626  53.602 0.0000000000
72328  10.421  -10.061  53.710 0.0000000000
71183  10.053  -10.195  54.194 0.0000000000
171763  9.239  -10.801  54.711 0.0000000000
72305  9.649  -10.014  55.529 0.0000000000
72292  9.302  -9.997  56.034 0.0000000000
73373  8.343  -8.537  58.698 0.0000000000
179666  27.617  -1.813  40.281 0.0000000000
82185  27.224  -2.370  39.803 0.0000000000
80917  26.297  -3.444  39.872 0.0000000000
79692  25.891  -4.068  40.150 0.0000000000
78428  25.651  -5.275  40.321 0.0000000000
160503  25.270  -9.106  41.906 0.0000000000
73658  25.137  -8.437  41.615 0.0000000000
72457  25.764  -9.679  41.508 0.0000000000
71322  26.380  -10.205  41.451 0.0000000000
159212  26.774  -10.965  41.729 0.0000000000
70200  27.593  -11.668  42.320 0.0000000000
69057  27.786  -12.275  42.708 0.0000000000
71272  26.478  -10.425  45.593 0.0000000000
69009  26.610  -11.829  45.143 0.0000000000
177824  27.959  -15.368  47.053 0.0000000000
65060  27.966  -15.360  46.166 0.0000000000
185525  44.177  6.180  23.474 0.0000000000
183991  44.965  5.836  24.064 0.0000000000
92266  45.929  5.320  24.527 0.0000000000
92158  30.451  5.166  30.749 0.0000000000
92167  30.455  5.215  29.910 0.0000000000
93367  30.738  5.855  29.563 0.0000000000
92183  30.272  4.502  29.576 0.0000000000
89655  30.562  3.372  28.894 0.0000000000
188209  31.232  2.324  28.429 0.0000000000
168372  32.797  -2.028  31.576 0.0000000000
84788  32.403  -0.939  31.913 0.0000000000
83567  32.547  -1.466  31.591 0.0000000000
82301  32.671  -2.258  30.823 0.0000000000
82313  32.849  -2.394  30.186 0.0000000000
79774  37.051  -4.162  32.436 0.0000000000
79786  36.481  -4.219  31.985 0.0000000000
162299  36.463  -3.871  31.415 0.0000000000
79812  35.892  -3.253  30.292 0.0000000000
81045  35.395  -2.594  29.431 0.0000000000
82342  34.677  -1.942  28.762 0.0000000000
82323  35.941  -2.128  29.403 0.0000000000
82312  36.563  -2.135  29.910 0.0000000000
83589  37.029  -1.536  30.012 0.0000000000
83600  36.894  -0.748  29.629 0.0000000000
83576  37.604  -1.539  30.600 0.0000000000
77196  30.215  -6.305  39.793 0.0000000000
187422  29.863  -6.411  38.879 0.0000000000
77195  31.659  -6.061  40.326 0.0000000000
104893  50.184  14.204  18.667 0.0000000000
104892  50.635  14.689  18.267 0.0000000000
103822  50.411  14.045  18.070 0.0000000000
103828  51.267  13.861  17.390 0.0000000000
101581  54.431  12.291  16.754 0.0000000000
101591  54.716  12.521  16.096 0.0000000000
102784  55.091  12.832  15.523 0.0000000000
101590  55.324  12.163  15.790 0.0000000000
68910  28.025  -12.577  50.037 0.0000000000
96833  48.295  8.388  22.528 0.0000000000
95760  48.552  8.280  23.341 0.0000000000
95762  47.029  8.150  23.304 0.0000000000
82245  33.249  -1.827  35.052 0.0000000000
82246  32.460  -1.906  34.882 0.0000000000
80975  30.896  -3.110  34.446 0.0000000000
80977  29.821  -3.685  35.109 0.0000000000
79752  30.159  -4.055  34.845 0.0000000000
77296  30.538  -4.912  35.133 0.0000000000
77280  31.158  -5.329  35.454 0.0000000000
77264  31.529  -5.550  36.177 0.0000000000
77242  31.816  -5.664  36.864 0.0000000000
101489  44.581  11.900  23.571 0.0000000000
101501  45.152  11.964  22.994 0.0000000000
100336  44.124  11.288  22.692 0.0000000000
100335  44.779  11.494  22.506 0.0000000000
101514  46.214  12.125  22.085 0.0000000000
101530  46.504  11.694  21.406 0.0000000000
101529  47.054  12.086  21.003 0.0000000000
99194  46.632  10.302  20.885 0.0000000000
98037  46.383  9.754  21.195 0.0000000000
98036  47.118  9.688  20.863 0.0000000000
96875  47.488  9.179  21.213 0.0000000000
179233  9.523  -13.156  57.018 0.0000000000
94594  39.428  6.472  24.547 0.0000000000
92256  38.814  5.039  24.476 0.0000000000
93427  35.019  6.079  26.067 0.0000000000
93426  35.543  5.488  25.560 0.0000000000
91036  35.524  4.338  25.477 0.0000000000
89703  36.114  3.027  25.789 0.0000000000
88336  37.024  1.788  26.239 0.0000000000
189218  37.714  1.857  29.193 0.0000000000
73636  28.204  -9.132  41.817 0.0000000000
72445  28.669  -9.584  42.543 0.0000000000
169497  24.836  -12.597  49.310 0.0000000000
70090  23.548  -11.412  49.311 0.0000000000
68937  20.941  -11.781  49.196 0.0000000000
68954  20.840  -11.717  48.527 0.0000000000
68938  20.317  -11.984  48.847 0.0000000000
68956  19.618  -12.005  48.394 0.0000000000
68957  18.749  -11.982  48.241 0.0000000000
68958  17.998  -11.944  48.064 0.0000000000
160111  14.365  -8.886  49.136 0.0000000000
72376  13.752  -9.239  49.190 0.0000000000
72366  12.817  -9.656  49.907 0.0000000000
72367  12.230  -10.097  50.178 0.0000000000
71223  11.694  -10.504  50.561 0.0000000000
70083  11.271  -10.938  50.963 0.0000000000
71212  11.368  -10.219  51.209 0.0000000000
72339  11.154  -9.651  52.575 0.0000000000
72337  12.638  -8.937  52.744 0.0000000000
164187  11.640  -9.262  53.210 0.0000000000
72317  11.321  -9.499  54.405 0.0000000000
82143  27.086  -2.224  42.376 0.0000000000
80890  26.318  -3.148  41.866 0.0000000000
188514  25.820  -3.646  41.538 0.0000000000
79669  25.617  -4.246  41.685 0.0000000000
78411  25.507  -4.972  41.974 0.0000000000
176610  25.236  -6.314  42.508 0.0000000000
77151  25.529  -5.705  43.256 0.0000000000
177305  25.082  -7.111  42.515 0.0000000000
171312  25.044  -8.579  42.389 0.0000000000
166681  25.515  -10.209  42.642 0.0000000000
70188  25.761  -11.496  43.090 0.0000000000
91052  44.664  3.785  24.529 0.0000000000
91051  45.439  3.904  24.705 0.0000000000
90907  30.174  3.623  32.058 0.0000000000
88270  29.968  2.244  31.031 0.0000000000
77321  34.371  -5.771  32.648 0.0000000000
77337  34.116  -5.680  31.872 0.0000000000
77320  35.117  -5.502  33.048 0.0000000000
78535  35.731  -5.045  32.701 0.0000000000
78507  37.156  -4.859  34.208 0.0000000000
78519  37.356  -4.552  33.536 0.0000000000
79761  37.920  -4.240  33.453 0.0000000000
79772  38.212  -3.890  33.002 0.0000000000
108035  53.796  17.252  16.955 0.0000000000
100392  50.794  11.339  18.598 0.0000000000
178950  51.424  12.163  18.075 0.0000000000
70041  6.610  -10.481  57.924 0.0000000000
96770  36.885  8.557  28.325 0.0000000000
96784  36.529  8.200  27.700 0.0000000000
95699  36.116  7.735  27.210 0.0000000000
95714  35.720  7.202  26.818 0.0000000000
95715  34.981  7.099  26.908 0.0000000000
96786  34.917  8.080  27.707 0.0000000000
94560  34.659  6.553  26.558 0.0000000000
93409  34.434  6.061  26.352 0.0000000000
93410  33.950  5.807  26.469 0.0000000000
92232  33.795  5.178  26.431 0.0000000000
92233  33.151  5.422  26.702 0.0000000000
91020  33.859  4.329  26.563 0.0000000000
89689  33.687  2.712  27.180 0.0000000000
64994  27.190  -14.505  49.917 0.0000000000
70136  23.967  -10.225  47.483 0.0000000000
76045  25.931  -7.053  45.708 0.0000000000
74892  26.000  -7.753  45.743 0.0000000000
72418  26.263  -9.039  45.780 0.0000000000
180932  27.779  -11.869  46.395 0.0000000000
174432  28.474  -11.070  47.017 0.0000000000
88201  32.824  2.378  34.620 0.0000000000
86921  33.431  1.903  33.960 0.0000000000
85857  33.211  0.845  32.866 0.0000000000
84773  33.324  -0.622  32.197 0.0000000000
83557  33.117  -1.449  32.004 0.0000000000
81007  32.582  -3.378  31.411 0.0000000000
78549  32.722  -5.003  31.378 0.0000000000
82259  32.170  -2.515  34.292 0.0000000000
80986  31.916  -3.236  33.655 0.0000000000
78522  31.742  -4.768  33.574 0.0000000000
78537  32.012  -4.573  32.596 0.0000000000
77323  32.811  -5.600  32.457 0.0000000000
77322  33.494  -5.849  32.254 0.0000000000
77307  34.565  -5.797  33.409 0.0000000000
77290  35.132  -5.704  34.483 0.0000000000
78491  35.624  -5.519  34.995 0.0000000000
164302  34.835  -5.807  35.828 0.0000000000
77275  35.515  -5.597  35.650 0.0000000000
158728  36.748  -5.113  35.956 0.0000000000
104888  50.069  14.317  19.373 0.0000000000
103815  49.609  13.889  19.812 0.0000000000
103819  49.746  13.760  19.111 0.0000000000
102756  49.897  12.854  18.479 0.0000000000
163730  50.263  11.769  18.555 0.0000000000
101542  47.451  11.745  20.443 0.0000000000
101551  48.420  11.767  19.628 0.0000000000
100395  48.537  10.997  19.782 0.0000000000
100394  49.035  11.381  19.379 0.0000000000
100412  49.614  11.705  18.951 0.0000000000
96838  43.608  8.665  22.442 0.0000000000
171550  44.114  8.104  22.660 0.0000000000
95767  42.633  7.411  22.787 0.0000000000
93465  43.617  6.261  23.156 0.0000000000
92278  43.435  5.085  23.529 0.0000000000
185281  43.676  4.593  23.804 0.0000000000
94608  41.122  6.151  23.225 0.0000000000
187181  41.086  5.524  23.252 0.0000000000
93468  41.660  5.631  23.099 0.0000000000
92280  42.085  5.034  23.207 0.0000000000
91079  43.097  4.512  23.623 0.0000000000
91067  43.466  4.076  23.960 0.0000000000
89759  43.879  3.676  24.352 0.0000000000
88366  43.442  3.199  24.686 0.0000000000
88346  43.681  2.772  25.409 0.0000000000
89738  42.081  3.042  24.517 0.0000000000
189862  43.025  2.868  25.014 0.0000000000
91053  38.696  4.308  24.387 0.0000000000
187004  36.035  4.985  25.249 0.0000000000
175390  36.727  4.772  25.064 0.0000000000
91055  37.347  4.143  24.882 0.0000000000
91054  38.056  4.189  24.654 0.0000000000
169271  38.562  3.627  24.511 0.0000000000
91072  39.244  3.814  24.267 0.0000000000
88370  40.315  2.523  25.012 0.0000000000
87056  40.353  1.715  25.964 0.0000000000
87055  41.181  1.887  25.985 0.0000000000
178526  28.061  -4.171  37.929 0.0000000000
78463  28.481  -4.531  37.615 0.0000000000
78449  28.165  -4.837  38.003 0.0000000000
77228  28.488  -5.669  38.293 0.0000000000
76112  29.039  -6.747  39.600 0.0000000000
100323  42.871  11.019  24.068 0.0000000000
100338  42.881  10.586  23.067 0.0000000000
189441  42.585  10.278  23.219 0.0000000000
164111  42.759  9.998  22.862 0.0000000000
98005  43.222  9.422  22.460 0.0000000000
66301  25.879  -14.036  50.558 0.0000000000
73559  24.283  -9.055  47.645 0.0000000000
173580  23.177  -8.906  47.021 0.0000000000
185673  23.024  -9.351  46.988 0.0000000000
186130  22.541  -8.227  46.603 0.0000000000
72396  22.675  -8.824  46.551 0.0000000000
71273  22.436  -9.484  46.598 0.0000000000
71274  21.785  -9.703  46.390 0.0000000000
71275  21.152  -9.854  46.223 0.0000000000
70154  20.750  -10.414  46.325 0.0000000000
71276  19.678  -9.641  46.066 0.0000000000
172721  19.671  -10.030  46.058 0.0000000000
70155  19.526  -10.751  46.499 0.0000000000
70141  18.976  -11.290  47.075 0.0000000000
68973  18.472  -11.701  47.568 0.0000000000
163447  17.281  -11.910  47.977 0.0000000000
73568  16.137  -8.928  47.333 0.0000000000
72397  16.512  -9.334  46.738 0.0000000000
71279  16.337  -9.818  46.560 0.0000000000
71247  14.505  -10.321  47.722 0.0000000000
70145  15.307  -10.582  47.302 0.0000000000
71260  16.050  -10.477  46.794 0.0000000000
70125  16.211  -11.529  47.461 0.0000000000
159845  16.500  -11.909  48.137 0.0000000000
160746  17.071  -12.079  48.539 0.0000000000
159358  16.571  -12.119  49.141 0.0000000000
160357  15.622  -12.129  50.330 0.0000000000
68899  15.333  -12.147  51.004 0.0000000000
160288  14.386  -12.012  50.258 0.0000000000
161013  14.600  -12.180  50.945 0.0000000000
68878  14.876  -12.256  51.660 0.0000000000
67609  12.250  -13.173  53.322 0.0000000000
67563  11.022  -13.301  55.611 0.0000000000
67564  10.209  -13.127  55.918 0.0000000000
71213  10.916  -10.698  51.571 0.0000000000
70074  10.540  -11.209  52.058 0.0000000000
165026  10.122  -12.007  53.065 0.0000000000
70061  9.837  -11.260  53.149 0.0000000000
68830  9.944  -12.245  53.811 0.0000000000
68814  9.740  -12.410  54.538 0.0000000000
67565  9.386  -12.882  56.265 0.0000000000
68799  8.346  -11.943  56.125 0.0000000000
68800  7.959  -11.754  56.499 0.0000000000
70047  7.775  -11.422  56.680 0.0000000000
72291  10.832  -9.429  56.106 0.0000000000
169797  9.572  -9.631  56.633 0.0000000000
71155  7.945  -10.277  56.982 0.0000000000
71156  7.302  -10.455  57.333 0.0000000000
86919  35.226  1.554  33.765 0.0000000000
83515  30.165  -1.316  36.613 0.0000000000
82223  29.092  -1.604  36.851 0.0000000000
175444  28.312  -2.278  37.657 0.0000000000
83486  28.907  -0.992  38.065 0.0000000000
187025  28.211  -1.846  37.931 0.0000000000
80937  28.053  -2.942  37.948 0.0000000000
79708  27.720  -3.565  38.138 0.0000000000
77213  27.072  -5.492  38.961 0.0000000000
76104  26.950  -6.529  39.844 0.0000000000
174167  25.506  -4.937  41.048 0.0000000000
77184  25.508  -5.796  40.788 0.0000000000
189200  25.646  -6.958  40.477 0.0000000000
74960  25.564  -8.139  40.801 0.0000000000
74972  25.838  -7.378  40.362 0.0000000000
74959  26.208  -8.123  40.380 0.0000000000
73680  26.852  -8.688  40.662 0.0000000000
73657  27.634  -8.866  41.175 0.0000000000
172262  25.583  -8.036  44.668 0.0000000000
73605  25.578  -8.663  44.472 0.0000000000
71286  25.793  -9.824  44.681 0.0000000000
72427  25.558  -9.469  44.140 0.0000000000
69043  26.214  -12.249  43.203 0.0000000000
67720  27.224  -12.965  45.527 0.0000000000
177940  27.210  -13.602  44.885 0.0000000000
185666  27.454  -14.182  45.177 0.0000000000
67756  27.300  -13.110  43.294 0.0000000000
66423  27.801  -13.697  43.543 0.0000000000
95765  44.603  7.608  23.018 0.0000000000
162791  45.327  6.175  24.142 0.0000000000
163370  46.257  6.945  24.238 0.0000000000
91050  46.293  3.982  24.861 0.0000000000
96761  32.070  8.299  29.456 0.0000000000
94515  31.590  6.856  28.817 0.0000000000
93384  31.605  5.847  27.933 0.0000000000
171859  30.970  4.641  28.368 0.0000000000
92203  31.459  5.041  27.856 0.0000000000
92222  32.006  4.640  27.437 0.0000000000
89690  32.788  3.463  27.333 0.0000000000
187341  33.192  2.907  27.373 0.0000000000
88328  33.980  2.059  27.461 0.0000000000
88217  32.536  1.990  33.800 0.0000000000
86934  31.758  1.852  33.249 0.0000000000
86946  31.209  1.531  32.631 0.0000000000
85882  31.475  0.197  32.010 0.0000000000
85872  31.394  0.914  32.286 0.0000000000
86947  30.536  1.893  32.311 0.0000000000
86959  30.220  1.719  31.605 0.0000000000
86970  30.105  1.551  30.918 0.0000000000
86987  30.101  1.553  30.330 0.0000000000
78561  33.448  -5.045  30.709 0.0000000000
79815  33.437  -4.446  30.268 0.0000000000
81048  33.256  -3.381  29.961 0.0000000000
79799  35.392  -4.129  30.838 0.0000000000
81047  33.681  -2.999  29.707 0.0000000000
83590  32.691  -1.776  29.660 0.0000000000
84815  31.476  -0.687  29.717 0.0000000000
85923  30.813  0.412  29.588 0.0000000000
87004  30.180  1.759  29.840 0.0000000000
160942  30.837  1.083  29.154 0.0000000000
87025  31.383  1.175  28.694 0.0000000000
164683  31.827  1.747  28.304 0.0000000000
84840  33.410  -0.457  28.314 0.0000000000
178479  33.362  0.268  28.251 0.0000000000
87024  32.730  1.381  28.182 0.0000000000
180413  34.129  1.492  27.802 0.0000000000
187170  34.725  1.311  27.851 0.0000000000
85937  35.484  1.070  28.307 0.0000000000
85921  36.371  1.303  29.194 0.0000000000
85920  36.734  1.372  29.744 0.0000000000
83588  37.385  -0.796  30.144 0.0000000000
84813  37.558  0.090  30.367 0.0000000000
78462  29.018  -5.128  37.500 0.0000000000
77245  29.552  -5.615  37.233 0.0000000000
77226  30.176  -6.303  38.359 0.0000000000
163840  30.000  -6.078  37.715 0.0000000000
181156  30.660  -5.950  37.368 0.0000000000
159489  31.400  -5.800  37.449 0.0000000000
159490  32.174  -5.739  37.494 0.0000000000
77194  32.610  -5.834  40.190 0.0000000000
77209  32.776  -5.702  39.383 0.0000000000
159494  33.013  -5.698  38.695 0.0000000000
77223  33.200  -5.709  38.107 0.0000000000
159491  33.732  -5.795  37.737 0.0000000000
77222  34.504  -5.815  37.999 0.0000000000
105933  51.280  15.641  18.658 0.0000000000
106991  52.317  16.518  18.294 0.0000000000
106996  52.799  16.799  17.695 0.0000000000
189080  53.227  16.949  17.177 0.0000000000
107001  53.471  16.677  16.590 0.0000000000
101572  51.791  12.586  17.739 0.0000000000
102766  51.503  13.212  17.503 0.0000000000
102779  51.969  13.730  17.120 0.0000000000
101583  53.028  12.877  17.187 0.0000000000
102778  52.714  13.484  16.855 0.0000000000
104905  52.430  14.988  16.569 0.0000000000
105952  53.019  15.351  16.183 0.0000000000
182206  53.536  15.667  15.907 0.0000000000
107011  53.915  16.326  15.881 0.0000000000
105958  54.515  16.045  15.291 0.0000000000
105957  55.096  15.788  14.860 0.0000000000
186936  55.139  15.176  14.736 0.0000000000
103847  55.197  13.965  14.959 0.0000000000
103859  55.666  13.846  14.547 0.0000000000
105972  55.630  15.429  14.421 0.0000000000
67549  8.472  -12.727  57.068 0.0000000000
68922  15.817  -12.048  49.607 0.0000000000
68975  16.921  -11.587  47.383 0.0000000000
69044  26.105  -11.852  42.654 0.0000000000
69059  26.541  -12.125  42.558 0.0000000000
70067  10.172  -11.416  52.635 0.0000000000
70109  14.519  -11.277  48.655 0.0000000000
70128  14.107  -10.753  48.274 0.0000000000
70144  16.608  -11.016  46.835 0.0000000000
70159  16.660  -10.331  46.496 0.0000000000
70214  26.493  -11.593  42.163 0.0000000000
71238  13.493  -10.496  48.584 0.0000000000
71249  13.484  -9.902  48.579 0.0000000000
71261  15.580  -9.931  46.958 0.0000000000
71262  14.887  -9.870  47.331 0.0000000000
71263  14.312  -9.683  47.742 0.0000000000
71294  25.640  -10.208  44.111 0.0000000000
71312  25.739  -10.832  42.524 0.0000000000
72386  14.353  -9.159  47.994 0.0000000000
72398  15.852  -9.431  47.009 0.0000000000
72410  19.140  -9.364  46.286 0.0000000000
72413  17.057  -9.848  46.273 0.0000000000
72446  25.382  -9.707  42.278 0.0000000000
73567  16.904  -8.964  46.922 0.0000000000
73583  18.317  -9.226  46.478 0.0000000000
74880  22.159  -8.001  46.660 0.0000000000
76046  25.672  -6.931  44.907 0.0000000000
76085  25.177  -6.791  41.722 0.0000000000
76094  25.566  -6.512  40.604 0.0000000000
77199  25.761  -6.003  40.260 0.0000000000
77237  35.853  -5.522  36.839 0.0000000000
77244  30.188  -5.777  36.964 0.0000000000
77259  36.033  -5.400  36.155 0.0000000000
77265  30.318  -5.507  36.289 0.0000000000
77336  34.891  -5.362  32.275 0.0000000000
77338  33.517  -5.673  31.563 0.0000000000
77350  33.874  -5.437  31.292 0.0000000000
77351  33.351  -5.453  31.129 0.0000000000
77352  33.088  -5.241  31.042 0.0000000000
78427  25.883  -4.764  39.895 0.0000000000
78490  36.156  -5.316  35.444 0.0000000000
78492  29.887  -4.826  35.380 0.0000000000
78493  29.334  -4.668  35.711 0.0000000000
78512  30.130  -4.544  35.021 0.0000000000
78533  36.988  -4.503  33.014 0.0000000000
78536  32.511  -5.119  32.089 0.0000000000
78546  36.000  -4.636  32.136 0.0000000000
78550  32.369  -4.637  31.853 0.0000000000
78573  34.649  -4.304  30.481 0.0000000000
78574  33.884  -4.642  30.419 0.0000000000
79641  26.211  -3.839  43.796 0.0000000000
79739  39.001  -4.326  35.310 0.0000000000
79760  38.480  -4.074  33.646 0.0000000000
79773  37.555  -4.182  32.951 0.0000000000
79785  37.038  -3.775  31.759 0.0000000000
79787  35.836  -4.298  31.449 0.0000000000
79798  36.051  -3.667  30.840 0.0000000000
79816  33.157  -4.012  30.242 0.0000000000
79828  34.148  -3.348  29.757 0.0000000000
79829  33.535  -3.752  29.980 0.0000000000
80880  26.734  -2.724  42.374 0.0000000000
80889  26.803  -2.624  41.792 0.0000000000
80891  26.059  -3.384  41.106 0.0000000000
80902  26.824  -2.633  41.063 0.0000000000
80956  29.008  -2.882  36.667 0.0000000000
80966  30.688  -2.622  34.864 0.0000000000
80968  29.738  -3.057  35.331 0.0000000000
81005  38.163  -2.980  31.924 0.0000000000
81020  32.828  -3.028  30.628 0.0000000000
81032  36.699  -2.570  30.315 0.0000000000
81033  36.077  -2.722  29.924 0.0000000000
81035  34.728  -3.583  30.005 0.0000000000
81046  34.796  -2.964  29.564 0.0000000000
82198  27.475  -2.401  39.022 0.0000000000
82224  28.560  -1.574  37.525 0.0000000000
82237  28.765  -2.241  37.026 0.0000000000
82247  30.791  -2.117  35.277 0.0000000000
82299  38.084  -1.918  31.146 0.0000000000
82311  37.122  -2.147  30.419 0.0000000000
82324  35.294  -2.040  29.002 0.0000000000
82326  33.778  -2.305  29.221 0.0000000000
82327  33.250  -2.558  29.700 0.0000000000
83472  28.164  -1.321  39.190 0.0000000000
83502  29.975  -1.006  37.316 0.0000000000
83577  32.408  -1.638  31.060 0.0000000000
83591  31.926  -1.236  30.033 0.0000000000
83601  36.448  -1.510  29.481 0.0000000000
83603  32.913  -1.375  28.951 0.0000000000
83604  32.113  -1.065  29.343 0.0000000000
83618  34.431  -1.363  28.432 0.0000000000
83620  32.975  -0.828  28.521 0.0000000000
84720  29.459  -0.618  38.678 0.0000000000
84789  31.650  -0.512  31.705 0.0000000000
84802  30.963  -0.172  30.752 0.0000000000
84814  37.100  0.224  29.928 0.0000000000
84816  31.021  -0.179  30.038 0.0000000000
84827  35.635  -0.439  28.701 0.0000000000
84839  34.100  -0.524  28.212 0.0000000000
85858  32.554  0.882  32.755 0.0000000000
85894  37.743  1.067  30.645 0.0000000000
85896  30.364  1.049  31.329 0.0000000000
85908  30.216  0.950  30.622 0.0000000000
85936  36.111  1.268  28.721 0.0000000000
85938  32.770  0.644  28.378 0.0000000000
86932  33.320  1.433  33.334 0.0000000000
86958  30.723  1.278  32.019 0.0000000000
86986  30.345  1.086  29.836 0.0000000000
87022  34.394  1.093  28.047 0.0000000000
87042  41.932  1.902  26.486 0.0000000000
87057  39.721  1.604  26.013 0.0000000000
88218  31.793  2.364  33.886 0.0000000000
88313  30.995  1.745  28.745 0.0000000000
88347  42.888  2.492  25.572 0.0000000000
88349  39.866  2.020  25.508 0.0000000000
89583  31.194  2.528  33.544 0.0000000000
89601  30.601  2.793  33.010 0.0000000000
89602  30.191  2.978  32.309 0.0000000000
89616  29.910  3.112  31.431 0.0000000000
89656  30.235  2.984  29.457 0.0000000000
89671  31.574  3.464  27.927 0.0000000000
89691  32.181  3.252  27.666 0.0000000000
90950  30.114  4.030  30.103 0.0000000000
91005  32.082  3.878  27.536 0.0000000000
92151  30.447  4.770  31.452 0.0000000000
92182  30.650  5.117  29.061 0.0000000000
92267  45.377  5.005  24.415 0.0000000000
93345  30.826  5.815  31.123 0.0000000000
93355  30.717  5.844  30.357 0.0000000000
93385  31.101  5.454  28.404 0.0000000000
93455  44.450  5.723  23.805 0.0000000000
95674  31.870  7.537  29.139 0.0000000000
95685  32.780  7.565  28.128 0.0000000000
95686  32.162  7.235  28.463 0.0000000000
95702  33.869  7.400  27.385 0.0000000000
95703  33.184  7.174  27.561 0.0000000000
95716  34.267  6.984  26.968 0.0000000000
96872  50.169  8.645  21.138 0.0000000000
101559  49.915  12.237  18.599 0.0000000000
102786  53.817  13.611  16.148 0.0000000000
103829  50.771  13.813  17.719 0.0000000000
103834  53.178  13.896  16.401 0.0000000000
103835  52.474  14.217  16.642 0.0000000000
104891  51.132  15.336  17.966 0.0000000000
104910  54.322  14.767  15.411 0.0000000000
104931  55.539  14.593  14.505 0.0000000000
107008  55.520  17.369  15.667 0.0000000000
107010  54.553  16.614  15.612 0.0000000000
107020  57.525  16.808  14.743 0.0000000000
107022  55.081  16.450  15.134 0.0000000000
158516  55.681  17.775  16.134 0.0000000000
159486  32.458  -5.679  36.956 0.0000000000
159512  17.507  -12.121  49.131 0.0000000000
161134  36.853  -5.079  35.048 0.0000000000
161568  33.072  -2.985  30.112 0.0000000000
162863  54.524  17.490  16.631 0.0000000000
163927  29.917  2.869  30.555 0.0000000000
164207  15.949  -11.048  47.165 0.0000000000
164708  18.494  -10.170  46.238 0.0000000000
165060  33.899  -5.911  33.044 0.0000000000
165257  32.278  -5.536  34.510 0.0000000000
165780  29.605  -1.651  36.315 0.0000000000
166405  30.060  2.723  29.960 0.0000000000
167160  32.046  0.928  28.555 0.0000000000
167431  29.483  -3.663  35.456 0.0000000000
169119  33.571  1.069  28.138 0.0000000000
176800  56.412  15.715  14.205 0.0000000000
178130  30.439  1.725  29.311 0.0000000000
178808  34.681  -5.804  34.026 0.0000000000
179275  34.614  1.606  27.615 0.0000000000
180522  21.264  -8.104  46.939 0.0000000000
182412  34.607  -1.748  32.603 0.0000000000
183063  26.454  -7.468  40.250 0.0000000000
183349  31.209  -0.116  29.464 0.0000000000
183781  26.540  -9.256  40.855 0.0000000000
183980  50.133  14.240  20.845 0.0000000000
184899  28.030  -1.333  39.848 0.0000000000
184948  34.253  -5.857  36.039 0.0000000000
185011  34.800  -2.424  29.153 0.0000000000
186380  33.290  2.392  27.577 0.0000000000
187085  52.231  15.908  17.126 0.0000000000
187169  33.550  5.628  26.575 0.0000000000
187625  30.933  5.832  28.930 0.0000000000
188044  56.926  16.661  14.683 0.0000000000
188320  30.002  1.879  30.624 0.0000000000
188681  35.709  -5.274  33.383 0.0000000000
188689  34.757  -1.974  33.132 0.0000000000
188851  25.518  -9.945  43.714 0.0000000000
188873  20.149  -10.367  46.253 0.0000000000
189067  19.099  -10.273  46.244 0.0000000000
189354  13.670  -9.501  48.720 0.0000000000
189897  34.327  -2.252  29.016 0.0000000000
189960  39.038  1.321  27.672 0.0000000000
190132  54.986  13.465  15.352 0.0000000000
190625  54.266  16.751  15.926 0.0000000000
191184  33.711  -0.077  28.229 0.0000000000
191242  33.662  -5.255  30.989 0.0000000000
