#!ascii label  , from subject sub-v2s13x29098_ses-1 vox2ras=TkReg
1046
22089  26.389  -52.544  -16.484 0.6000000238
23903  19.637  -49.654  -14.424 0.6999999881
189452  21.318  -51.185  -13.451 0.6999999881
20308  24.026  -54.737  -14.228 0.8999999762
180133  24.190  -54.649  -15.001 0.8000000119
21192  25.006  -53.628  -15.697 0.8000000119
22090  25.769  -53.342  -17.062 0.6000000238
22088  27.035  -52.657  -17.364 0.6999999881
22992  27.765  -52.708  -17.901 0.6999999881
24886  18.603  -48.416  -14.345 0.6999999881
24851  18.058  -48.896  -13.307 0.6999999881
23901  21.249  -50.484  -13.919 0.6999999881
23930  22.054  -50.523  -14.171 0.6000000238
22950  22.660  -51.265  -13.950 0.6999999881
159809  23.141  -52.024  -13.928 0.6999999881
21176  23.543  -53.331  -15.147 0.8000000119
21195  23.502  -53.521  -15.913 0.8000000119
20335  24.136  -54.293  -15.732 0.8000000119
21193  24.426  -54.184  -16.229 0.8000000119
21211  25.096  -53.658  -16.599 0.6000000238
176204  26.436  -53.379  -17.889 0.6000000238
22094  27.212  -53.610  -19.023 0.6999999881
22982  28.899  -51.796  -17.105 0.6999999881
25822  19.256  -48.162  -13.260 0.5000000000
187918  18.445  -48.995  -12.594 0.6000000238
25866  19.671  -47.990  -14.498 0.4000000060
24885  20.009  -48.247  -14.891 0.6000000238
24884  21.128  -49.527  -14.651 0.5000000000
23953  22.634  -50.701  -14.710 0.6000000238
22066  23.328  -52.160  -14.726 0.8000000119
22080  23.207  -52.400  -15.754 0.6999999881
21214  23.391  -53.666  -17.272 0.6999999881
20377  24.175  -54.234  -18.588 0.6999999881
21227  25.596  -54.290  -19.504 0.5000000000
22093  28.043  -53.331  -19.395 0.6000000238
22991  28.542  -52.686  -18.172 0.6000000238
22981  29.726  -51.760  -17.168 0.5000000000
24831  20.555  -49.641  -11.484 0.5000000000
23865  18.864  -49.933  -11.696 0.6000000238
22888  18.709  -51.056  -11.322 0.6000000238
24849  19.899  -48.834  -12.207 0.5000000000
24898  22.210  -49.877  -15.422 0.5000000000
22977  22.640  -50.823  -16.585 0.6000000238
22986  22.518  -51.035  -17.724 0.6000000238
21230  23.365  -52.925  -18.492 0.6000000238
180910  24.260  -53.710  -19.387 0.5000000000
21232  25.422  -54.173  -20.170 0.5000000000
21231  26.163  -54.259  -20.251 0.6000000238
22100  27.431  -53.687  -20.142 0.6000000238
23000  28.791  -53.112  -19.731 0.5000000000
22998  30.333  -52.639  -19.343 0.5000000000
22996  31.824  -51.855  -19.246 0.5000000000
179327  30.753  -52.276  -18.305 0.5000000000
22886  20.054  -50.966  -10.741 0.5000000000
22877  19.799  -51.654  -10.519 0.5000000000
25821  20.112  -48.236  -12.949 0.5000000000
26814  20.020  -47.604  -14.564 0.4000000060
26836  21.314  -47.292  -14.857 0.3000000119
25893  20.899  -47.491  -15.777 0.4000000060
185371  21.592  -48.135  -16.750 0.3000000119
27852  21.456  -47.280  -16.553 0.3000000119
24901  22.286  -49.677  -16.715 0.5000000000
23972  22.420  -50.241  -17.695 0.5000000000
23977  22.982  -50.957  -18.167 0.5000000000
23004  23.753  -52.397  -18.858 0.5000000000
23014  25.218  -53.410  -20.240 0.5000000000
23013  26.077  -53.300  -20.464 0.6000000238
23012  27.001  -53.104  -20.429 0.6000000238
22099  28.086  -53.275  -20.328 0.5000000000
22097  29.668  -52.686  -20.325 0.5000000000
167883  31.200  -52.167  -20.052 0.5000000000
23848  20.826  -51.002  -10.595 0.5000000000
23863  21.144  -50.410  -10.992 0.5000000000
24847  21.849  -49.346  -11.972 0.5000000000
25842  21.545  -48.167  -13.279 0.4000000060
25843  20.423  -47.857  -13.627 0.5000000000
26812  21.977  -47.855  -13.874 0.4000000060
26849  21.971  -47.112  -15.318 0.3000000119
26882  22.172  -47.661  -17.032 0.3000000119
24907  22.734  -49.523  -17.390 0.4000000060
23987  23.780  -51.664  -18.592 0.5000000000
23003  24.536  -52.484  -19.347 0.4000000060
22104  28.100  -53.181  -20.513 0.5000000000
23992  28.661  -52.284  -20.359 0.5000000000
23009  29.141  -52.575  -20.542 0.5000000000
23007  31.611  -51.832  -20.299 0.5000000000
23015  31.391  -51.609  -20.860 0.4000000060
22096  30.473  -52.397  -20.375 0.5000000000
22875  21.367  -51.678  -10.128 0.5000000000
23862  22.067  -50.570  -10.977 0.5000000000
24829  22.441  -50.070  -11.457 0.5000000000
25819  22.255  -48.912  -12.524 0.4000000060
25841  22.680  -48.522  -13.075 0.4000000060
26834  23.539  -47.754  -14.156 0.3000000119
161703  22.629  -47.107  -16.153 0.3000000119
25902  23.557  -48.981  -16.851 0.4000000060
24906  24.035  -49.785  -17.008 0.4000000060
24914  24.595  -50.314  -17.415 0.4000000060
176058  24.172  -50.928  -18.027 0.4000000060
23986  24.782  -51.492  -18.721 0.4000000060
23985  25.641  -51.188  -18.917 0.5000000000
23001  26.369  -51.920  -19.662 0.5000000000
23994  27.141  -52.116  -19.940 0.6000000238
24929  30.068  -50.733  -19.864 0.4000000060
23990  29.900  -51.716  -20.676 0.5000000000
23846  22.612  -51.215  -10.462 0.4000000060
24845  23.779  -49.777  -11.933 0.4000000060
24828  23.387  -50.250  -11.445 0.4000000060
25840  23.694  -48.696  -12.970 0.4000000060
26810  24.096  -48.145  -13.465 0.4000000060
27834  23.309  -47.214  -15.401 0.4000000060
27850  23.560  -47.356  -15.850 0.4000000060
26881  23.133  -48.093  -16.733 0.4000000060
25901  24.665  -49.221  -16.519 0.4000000060
24905  25.092  -49.786  -16.883 0.4000000060
23976  25.115  -50.721  -18.038 0.5000000000
187136  26.283  -50.820  -19.008 0.5000000000
23984  26.896  -50.948  -19.301 0.6000000238
23982  28.190  -51.098  -19.419 0.5000000000
180256  29.104  -49.274  -18.507 0.4000000060
24920  29.512  -50.018  -18.902 0.4000000060
22873  23.073  -51.729  -9.832 0.4000000060
24827  24.279  -50.337  -11.394 0.4000000060
23860  23.900  -50.828  -10.878 0.4000000060
25817  24.168  -49.290  -12.399 0.4000000060
27815  23.912  -47.454  -14.700 0.4000000060
26864  24.726  -48.065  -15.865 0.4000000060
25900  25.586  -49.249  -16.546 0.4000000060
24913  25.524  -50.125  -17.575 0.4000000060
24912  26.223  -49.806  -17.976 0.5000000000
165518  27.166  -49.385  -18.995 0.4000000060
24922  27.750  -50.062  -18.965 0.6000000238
23859  24.800  -50.832  -10.745 0.4000000060
24826  25.099  -50.305  -11.339 0.4000000060
24843  25.442  -49.686  -11.837 0.4000000060
25839  24.649  -48.712  -12.821 0.4000000060
26832  25.287  -47.483  -13.875 0.4000000060
171425  24.817  -47.397  -14.506 0.4000000060
166765  26.069  -47.227  -14.793 0.5000000000
27849  24.653  -47.578  -15.519 0.4000000060
26862  26.710  -48.345  -16.064 0.3000000119
25899  26.656  -48.796  -16.806 0.3000000119
185493  26.198  -49.169  -16.797 0.4000000060
25915  27.253  -48.898  -18.931 0.4000000060
26908  27.662  -47.783  -19.783 0.4000000060
25914  27.507  -49.057  -19.022 0.5000000000
22871  24.554  -51.426  -9.456 0.4000000060
25838  25.333  -48.407  -12.858 0.4000000060
26808  25.715  -47.788  -13.180 0.4000000060
27813  26.342  -46.995  -13.948 0.3000000119
27831  26.486  -46.850  -14.379 0.3000000119
26861  27.257  -47.813  -15.866 0.3000000119
27865  27.716  -47.682  -16.429 0.3000000119
25898  26.937  -48.738  -17.865 0.3000000119
175421  27.467  -47.707  -19.774 0.4000000060
27901  28.112  -47.280  -19.955 0.4000000060
24825  25.867  -50.211  -11.178 0.3000000119
24842  26.275  -49.710  -11.565 0.3000000119
168078  26.040  -48.529  -12.485 0.3000000119
26807  26.497  -47.740  -12.814 0.3000000119
28787  26.875  -46.713  -13.838 0.3000000119
28803  27.104  -46.567  -14.441 0.3000000119
161571  27.702  -47.233  -15.621 0.4000000060
28813  28.555  -46.342  -15.821 0.4000000060
27846  28.173  -47.040  -16.119 0.3000000119
27864  27.946  -47.375  -17.049 0.3000000119
180047  27.477  -47.585  -18.213 0.3000000119
28850  27.476  -46.822  -20.077 0.4000000060
29903  27.763  -46.241  -20.378 0.4000000060
28878  28.283  -46.104  -20.384 0.4000000060
28814  28.045  -46.632  -15.362 0.4000000060
29857  28.973  -45.362  -16.838 0.4000000060
28823  28.375  -46.625  -16.670 0.4000000060
29872  28.230  -45.487  -17.891 0.3000000119
29888  27.388  -46.012  -19.940 0.4000000060
179477  27.615  -44.766  -20.020 0.4000000060
185166  28.066  -44.745  -20.436 0.4000000060
30872  27.690  -45.517  -20.276 0.4000000060
29910  28.157  -45.575  -20.539 0.4000000060
31865  28.474  -44.063  -17.798 0.4000000060
30849  27.996  -44.824  -18.358 0.5000000000
31878  27.564  -44.101  -19.131 0.4000000060
31890  27.725  -43.346  -20.023 0.4000000060
174182  28.651  -44.877  -20.594 0.3000000119
31896  28.021  -43.184  -20.256 0.3000000119
22079  25.669  -52.922  -16.015 0.6999999881
21175  23.797  -54.123  -14.716 0.8000000119
21223  25.698  -53.937  -18.335 0.6000000238
174545  23.850  -54.094  -17.227 0.6999999881
180046  24.336  -54.315  -17.702 0.6999999881
22990  29.293  -52.567  -18.248 0.6000000238
25881  20.553  -47.934  -15.407 0.4000000060
25892  21.160  -48.049  -16.096 0.4000000060
187024  22.943  -51.563  -16.063 0.6999999881
22091  22.995  -52.723  -17.500 0.6999999881
21228  24.791  -54.216  -19.271 0.6999999881
24848  20.840  -49.037  -12.047 0.5000000000
22993  23.057  -51.583  -18.347 0.5000000000
24908  22.379  -49.210  -17.336 0.4000000060
23002  25.424  -52.254  -19.638 0.6000000238
23993  27.755  -51.818  -19.786 0.5000000000
23983  27.514  -50.721  -19.195 0.6000000238
27833  24.223  -47.356  -15.139 0.3000000119
25907  26.471  -49.260  -17.492 0.4000000060
23843  25.667  -50.792  -10.104 0.4000000060
174921  27.378  -48.063  -17.695 0.3000000119
160005  27.830  -46.943  -17.845 0.3000000119
184814  27.515  -45.575  -18.992 0.3000000119
31888  28.626  -44.067  -20.569 0.3000000119
17636  24.743  -57.084  -9.328 0.6000000238
16712  25.368  -57.964  -8.802 0.6000000238
15871  28.036  -58.489  -10.313 0.6000000238
16736  28.731  -57.493  -10.707 0.6000000238
15849  22.846  -58.935  -8.490 0.5000000000
16714  23.471  -57.851  -8.722 0.6000000238
17649  23.785  -56.402  -10.461 0.6999999881
18479  24.320  -56.745  -9.885 0.6999999881
164703  24.092  -58.075  -8.615 0.6000000238
18477  25.955  -56.436  -9.593 0.6000000238
17634  26.469  -57.071  -9.248 0.6000000238
18475  27.521  -56.142  -9.692 0.6000000238
17632  27.954  -56.601  -9.748 0.6000000238
17648  28.315  -57.034  -10.096 0.6000000238
18514  28.955  -55.871  -10.981 0.6000000238
19384  29.758  -54.798  -12.592 0.6999999881
17640  21.554  -57.485  -9.486 0.6000000238
18497  22.339  -56.099  -10.439 0.6999999881
16715  21.787  -58.418  -8.793 0.5000000000
17651  22.244  -56.725  -10.010 0.6999999881
16728  22.781  -57.568  -9.071 0.6999999881
19357  24.728  -55.937  -10.923 0.6999999881
18494  25.428  -55.994  -10.241 0.6999999881
19355  26.599  -55.080  -10.214 0.5000000000
19352  28.574  -55.321  -10.550 0.6000000238
20232  28.861  -54.354  -11.175 0.6000000238
171963  29.382  -54.397  -11.925 0.6999999881
20261  29.581  -53.653  -12.032 0.6999999881
20258  31.723  -54.081  -12.100 0.6999999881
177663  32.065  -53.386  -12.014 0.6999999881
22960  39.370  -51.549  -15.028 0.4000000060
181641  36.718  -50.891  -14.114 0.5000000000
22917  35.362  -51.435  -13.062 0.6000000238
22012  34.220  -52.283  -12.372 0.6000000238
22014  33.167  -52.696  -12.189 0.6999999881
18532  19.406  -56.338  -11.991 0.5000000000
18520  19.893  -56.265  -11.306 0.5000000000
19373  21.137  -55.348  -10.920 0.6000000238
17653  20.493  -57.005  -10.408 0.5000000000
19372  21.723  -54.948  -11.001 0.6999999881
18518  20.983  -55.956  -10.654 0.5000000000
17652  21.086  -57.126  -9.994 0.6000000238
19371  23.085  -55.175  -11.370 0.6999999881
18496  23.084  -56.030  -10.691 0.6999999881
19369  24.275  -55.959  -11.533 0.6999999881
20216  25.961  -54.908  -10.661 0.6999999881
19353  27.990  -55.135  -10.168 0.6000000238
20233  28.439  -53.770  -11.085 0.6000000238
21135  29.204  -53.045  -11.803 0.6999999881
175799  30.876  -52.551  -12.193 0.6999999881
22904  32.105  -52.170  -12.443 0.6999999881
22902  33.551  -52.037  -12.392 0.6000000238
182732  33.083  -51.681  -12.608 0.6000000238
21162  18.906  -53.161  -13.731 0.5000000000
19430  18.531  -55.051  -13.589 0.4000000060
20267  19.913  -54.253  -12.241 0.5000000000
20291  18.825  -54.374  -13.334 0.5000000000
19375  19.689  -55.580  -11.746 0.5000000000
169544  20.499  -53.607  -12.197 0.6000000238
20266  20.477  -54.265  -11.803 0.6000000238
21137  22.896  -53.509  -12.319 0.6999999881
20239  21.611  -54.362  -11.303 0.6000000238
20237  22.942  -54.563  -11.620 0.6999999881
19387  24.146  -55.522  -12.633 0.6999999881
182366  25.495  -55.010  -11.136 0.6999999881
20215  26.545  -54.405  -10.643 0.6999999881
20234  27.194  -54.032  -10.642 0.6999999881
21113  28.008  -53.246  -11.193 0.6999999881
22019  28.703  -52.450  -11.816 0.6999999881
175509  29.693  -51.779  -12.387 0.8000000119
22905  31.330  -52.069  -12.466 0.6999999881
24863  35.235  -49.998  -13.351 0.5000000000
24865  33.811  -49.993  -13.027 0.6000000238
22919  32.535  -51.721  -12.771 0.6000000238
176735  17.826  -52.390  -15.097 0.4000000060
22050  19.201  -52.261  -13.795 0.6000000238
21153  19.178  -53.737  -13.230 0.6000000238
21152  20.198  -53.012  -12.783 0.6000000238
22025  20.927  -52.895  -12.456 0.6000000238
180205  22.432  -52.874  -12.333 0.6000000238
20289  23.551  -54.394  -12.929 0.6999999881
20263  23.861  -55.129  -12.863 0.6999999881
181411  24.658  -55.045  -12.985 0.6999999881
20262  25.048  -54.680  -12.369 0.6999999881
21149  25.252  -53.692  -13.637 0.8000000119
21136  25.637  -53.707  -12.329 0.8000000119
187372  26.759  -52.421  -12.306 0.6000000238
22020  27.979  -52.272  -11.855 0.6000000238
22922  30.118  -51.315  -12.853 0.8000000119
22921  30.988  -51.596  -12.892 0.6999999881
24882  35.844  -49.495  -13.761 0.5000000000
24864  34.419  -49.524  -13.218 0.6000000238
23923  32.677  -50.527  -13.734 0.6999999881
172877  35.195  -48.442  -13.674 0.6000000238
22967  17.309  -50.171  -15.639 0.5000000000
23956  16.580  -50.044  -16.021 0.4000000060
22954  15.832  -51.155  -15.354 0.4000000060
22051  18.603  -51.606  -14.360 0.5000000000
22067  17.991  -51.406  -15.006 0.5000000000
175094  19.652  -51.666  -13.730 0.6000000238
184033  20.793  -52.046  -13.091 0.6000000238
22928  21.748  -51.738  -13.092 0.6000000238
22049  23.248  -52.813  -13.441 0.6999999881
19429  24.190  -55.105  -13.927 0.8000000119
21150  24.515  -54.769  -14.046 0.8000000119
22031  25.841  -52.816  -13.276 0.6000000238
22926  26.862  -51.688  -13.461 0.6000000238
22924  28.224  -51.333  -12.720 0.6999999881
23927  29.276  -50.721  -13.641 0.6999999881
23925  31.574  -51.051  -14.440 0.6999999881
25836  33.646  -49.223  -13.264 0.6000000238
24883  32.824  -49.577  -13.992 0.6000000238
185607  32.779  -48.975  -14.464 0.6000000238
25863  34.325  -48.667  -13.430 0.6000000238
25880  32.968  -48.728  -14.041 0.6000000238
24868  17.726  -49.136  -14.062 0.5000000000
23936  16.843  -49.776  -15.096 0.5000000000
22933  16.533  -50.768  -14.180 0.5000000000
22052  16.363  -52.055  -13.882 0.5000000000
179455  18.354  -48.811  -14.426 0.5000000000
23955  17.469  -49.582  -14.974 0.5000000000
23902  20.506  -50.741  -13.796 0.6000000238
22065  25.570  -52.856  -15.100 0.6999999881
22078  26.133  -52.236  -15.419 0.6000000238
22948  27.103  -51.331  -14.270 0.6000000238
23952  27.647  -51.014  -14.806 0.6000000238
161842  29.853  -50.608  -14.972 0.6999999881
23961  28.996  -50.710  -15.401 0.6000000238
23949  30.747  -50.797  -14.580 0.6000000238
23946  32.446  -50.432  -14.474 0.6999999881
169055  35.060  -47.276  -13.796 0.5000000000
27829  33.042  -47.479  -14.929 0.4000000060
23881  17.643  -50.165  -12.488 0.5000000000
22912  17.579  -51.130  -12.375 0.5000000000
21141  17.444  -52.751  -12.134 0.5000000000
21142  17.022  -53.465  -12.376 0.5000000000
20269  16.661  -54.502  -12.296 0.5000000000
19391  15.978  -55.734  -12.056 0.5000000000
22985  26.956  -52.055  -16.394 0.6000000238
23962  28.118  -50.943  -15.434 0.6000000238
23969  30.179  -51.170  -16.413 0.4000000060
23959  31.419  -51.110  -15.872 0.5000000000
23967  32.277  -50.570  -16.193 0.4000000060
171423  32.766  -48.762  -15.833 0.4000000060
24900  32.607  -49.677  -15.812 0.5000000000
23866  18.201  -50.474  -11.878 0.6000000238
184554  18.145  -52.216  -11.498 0.5000000000
21999  17.866  -52.813  -11.578 0.5000000000
20268  17.205  -54.214  -11.816 0.5000000000
19390  16.461  -55.808  -11.405 0.5000000000
18533  15.857  -56.249  -11.502 0.5000000000
17665  15.013  -56.846  -10.968 0.4000000060
17667  12.831  -56.736  -11.272 0.5000000000
17658  11.606  -56.376  -10.589 0.4000000060
17670  10.002  -56.223  -10.761 0.4000000060
18524  8.991  -56.129  -11.092 0.4000000060
23970  29.324  -51.129  -16.329 0.6000000238
22980  30.657  -51.751  -17.296 0.4000000060
163610  31.761  -51.107  -16.547 0.4000000060
25897  32.846  -49.127  -16.536 0.4000000060
174121  18.361  -52.812  -11.096 0.5000000000
21119  18.019  -53.548  -11.146 0.4000000060
19376  17.488  -55.175  -10.740 0.4000000060
19361  17.006  -55.835  -10.604 0.5000000000
18481  16.003  -56.344  -9.600 0.4000000060
17655  14.777  -56.765  -10.322 0.5000000000
18482  14.918  -55.942  -9.303 0.4000000060
18484  13.330  -55.809  -9.619 0.5000000000
18504  12.938  -56.287  -10.067 0.5000000000
179590  12.232  -55.373  -9.834 0.3000000119
18486  10.821  -55.671  -10.185 0.3000000119
19362  8.244  -54.979  -10.892 0.3000000119
22988  31.299  -51.884  -17.901 0.4000000060
21986  18.984  -52.757  -10.592 0.5000000000
20218  18.524  -54.399  -10.102 0.5000000000
19339  18.229  -55.086  -9.672 0.4000000060
21984  20.250  -52.355  -10.040 0.4000000060
21094  19.895  -53.129  -9.776 0.4000000060
20201  18.834  -54.600  -9.376 0.4000000060
19324  18.130  -55.004  -8.294 0.4000000060
21975  20.641  -52.901  -9.426 0.4000000060
21079  20.304  -53.482  -9.106 0.4000000060
20191  19.459  -54.262  -8.395 0.4000000060
21974  21.439  -52.773  -9.018 0.4000000060
20180  19.800  -53.973  -7.924 0.4000000060
21052  18.699  -53.802  -7.408 0.4000000060
21054  17.185  -54.083  -7.758 0.4000000060
21065  20.487  -53.557  -8.411 0.4000000060
22860  21.848  -52.232  -9.538 0.3000000119
21039  19.722  -53.148  -7.167 0.4000000060
21041  18.296  -53.193  -7.153 0.4000000060
174400  17.650  -53.090  -7.323 0.4000000060
21972  22.618  -52.138  -9.321 0.4000000060
21954  16.613  -52.575  -7.929 0.4000000060
22850  16.288  -51.996  -8.273 0.4000000060
22849  23.203  -51.928  -8.294 0.3000000119
21950  22.566  -52.280  -8.014 0.4000000060
22838  21.488  -52.185  -7.258 0.4000000060
21941  19.901  -52.441  -6.928 0.4000000060
22828  18.780  -51.700  -6.880 0.4000000060
22839  17.515  -51.851  -7.344 0.4000000060
23799  18.999  -50.976  -6.965 0.3000000119
22976  26.700  -51.850  -15.673 0.6000000238
22931  19.519  -50.537  -14.119 0.5000000000
22974  27.818  -51.376  -16.114 0.6000000238
23975  31.392  -51.522  -17.113 0.4000000060
16738  27.610  -58.060  -9.694 0.6000000238
20260  30.012  -54.175  -12.345 0.6999999881
22017  30.135  -52.433  -12.177 0.6999999881
22945  37.151  -51.254  -14.437 0.5000000000
24881  36.619  -49.631  -13.937 0.5000000000
23922  36.108  -51.175  -13.612 0.5000000000
170884  36.165  -50.300  -13.772 0.4000000060
187482  34.668  -51.267  -12.783 0.6000000238
18552  19.173  -55.686  -12.450 0.5000000000
185600  26.170  -53.359  -11.796 0.6999999881
23894  33.362  -50.596  -12.936 0.6000000238
21139  21.378  -53.369  -11.976 0.6000000238
21997  27.600  -52.776  -11.528 0.6999999881
22923  29.012  -51.378  -12.567 0.8000000119
23895  32.300  -51.251  -13.412 0.6999999881
22068  17.316  -51.160  -15.896 0.4000000060
22022  26.157  -52.888  -12.408 0.6000000238
22925  27.530  -51.454  -12.994 0.6000000238
23926  30.493  -50.836  -13.857 0.6999999881
23897  30.701  -51.115  -13.347 0.6999999881
172534  35.962  -48.286  -13.687 0.5000000000
172510  36.806  -48.164  -13.501 0.5000000000
23924  32.106  -50.907  -14.139 0.6999999881
25837  33.148  -48.962  -13.602 0.6000000238
22949  26.531  -51.786  -14.157 0.6999999881
180981  27.441  -51.220  -13.611 0.6999999881
23928  28.554  -50.735  -13.846 0.6999999881
23957  32.338  -50.445  -15.306 0.6000000238
25864  33.546  -48.568  -13.512 0.6000000238
27811  33.616  -47.439  -14.041 0.6000000238
23906  17.001  -50.007  -13.862 0.5000000000
22037  16.802  -51.893  -13.181 0.5000000000
21155  16.669  -52.868  -13.114 0.4000000060
23963  27.554  -51.205  -15.453 0.6000000238
23960  30.643  -50.864  -15.614 0.6000000238
17671  9.888  -56.505  -11.458 0.3000000119
23968  31.050  -51.265  -16.468 0.5000000000
24903  32.684  -50.068  -16.760 0.4000000060
18502  15.895  -56.572  -10.259 0.5000000000
18505  12.059  -56.099  -10.181 0.4000000060
18509  7.895  -55.298  -11.165 0.4000000060
21962  21.943  -52.643  -8.351 0.4000000060
21050  20.782  -53.321  -7.876 0.4000000060
167018  38.459  -61.091  -24.078 0.3000000119
15194  38.169  -59.663  -23.750 0.3000000119
18626  36.481  -56.305  -17.435 0.4000000060
19516  38.400  -55.468  -19.026 0.4000000060
18649  37.818  -55.811  -19.599 0.4000000060
162339  39.254  -55.362  -20.063 0.4000000060
19482  36.608  -55.521  -16.265 0.4000000060
18601  35.456  -56.334  -15.876 0.4000000060
18602  34.869  -56.484  -15.524 0.4000000060
18583  34.454  -56.355  -14.983 0.5000000000
17704  33.108  -56.834  -15.238 0.5000000000
18585  32.854  -56.492  -14.552 0.5000000000
19491  38.680  -54.938  -17.879 0.4000000060
19492  38.039  -55.167  -17.658 0.5000000000
18614  35.881  -56.358  -16.450 0.5000000000
17706  30.814  -56.855  -14.909 0.5000000000
20376  39.382  -54.884  -18.023 0.5000000000
19507  38.233  -55.355  -18.314 0.5000000000
19504  40.381  -55.222  -18.783 0.5000000000
19514  39.812  -55.350  -19.391 0.4000000060
162923  40.005  -55.404  -20.234 0.4000000060
19523  39.481  -55.275  -20.996 0.4000000060
19529  39.821  -55.156  -21.964 0.4000000060
19536  39.457  -55.071  -22.896 0.3000000119
19547  39.979  -55.363  -24.289 0.4000000060
21209  38.361  -53.559  -16.410 0.4000000060
20319  36.964  -53.950  -15.247 0.4000000060
20320  36.376  -54.281  -14.869 0.4000000060
21208  39.005  -53.344  -16.520 0.4000000060
20347  37.492  -54.603  -16.436 0.4000000060
20332  37.219  -54.295  -15.830 0.4000000060
19452  35.507  -55.330  -14.829 0.4000000060
19453  34.868  -55.699  -14.523 0.5000000000
18568  34.157  -56.005  -14.230 0.5000000000
21221  39.325  -53.920  -16.971 0.4000000060
20363  38.419  -54.585  -17.279 0.4000000060
19481  37.134  -55.366  -16.742 0.4000000060
19427  34.513  -55.329  -13.873 0.5000000000
19428  33.786  -55.618  -13.608 0.5000000000
18571  31.862  -56.100  -13.816 0.5000000000
160721  31.211  -55.957  -13.728 0.6000000238
170226  30.754  -55.597  -13.405 0.6000000238
18573  29.821  -56.457  -13.761 0.6000000238
20257  32.518  -54.049  -12.054 0.6000000238
19381  32.154  -54.676  -12.292 0.6000000238
17687  29.411  -56.807  -13.020 0.5000000000
19522  40.754  -55.540  -20.406 0.4000000060
173078  29.151  -56.450  -11.483 0.5000000000
19528  40.616  -55.237  -21.979 0.4000000060
19533  41.775  -55.274  -23.415 0.4000000060
19542  40.107  -55.137  -23.748 0.4000000060
21172  36.635  -53.525  -14.659 0.4000000060
21158  36.249  -53.154  -13.986 0.5000000000
20283  35.066  -53.871  -13.220 0.5000000000
20284  34.413  -54.208  -12.892 0.5000000000
18548  32.618  -55.742  -13.218 0.5000000000
20255  33.988  -53.731  -12.380 0.5000000000
19398  32.444  -55.242  -12.713 0.6000000238
21131  33.552  -53.230  -12.159 0.6000000238
20256  33.282  -53.944  -12.154 0.6000000238
13070  38.349  -62.129  -23.800 0.3000000119
16037  38.060  -59.157  -23.380 0.3000000119
179205  41.281  -56.998  -22.494 0.3000000119
22076  38.958  -52.699  -16.093 0.4000000060
163406  38.375  -52.517  -15.830 0.4000000060
22077  37.753  -52.351  -15.421 0.4000000060
21171  37.291  -53.131  -15.184 0.4000000060
22063  36.858  -52.640  -14.500 0.4000000060
22046  35.822  -52.758  -13.408 0.5000000000
22045  36.317  -52.464  -13.857 0.4000000060
22028  35.352  -52.309  -12.964 0.5000000000
19401  30.209  -55.222  -13.029 0.6000000238
18531  29.364  -56.263  -12.407 0.5000000000
187660  37.334  -52.498  -14.993 0.4000000060
19470  35.805  -55.649  -15.458 0.4000000060
17694  30.337  -56.595  -14.398 0.5000000000
164951  41.469  -56.784  -23.438 0.3000000119
168710  37.441  -53.684  -15.661 0.4000000060
20305  35.450  -54.268  -13.872 0.5000000000
19397  34.113  -54.962  -13.203 0.5000000000
20285  33.689  -54.488  -12.611 0.6000000238
26894  27.279  -48.450  -18.824 0.3000000119
12357  38.217  -62.661  -23.432 0.3000000119
13077  38.235  -61.728  -24.226 0.3000000119
14460  38.465  -60.337  -24.007 0.3000000119
15031  22.584  -59.559  -8.644 0.5000000000
15848  23.564  -58.585  -8.450 0.6000000238
15850  22.161  -58.949  -8.603 0.5000000000
16713  24.743  -58.003  -8.701 0.6000000238
16723  27.803  -57.307  -9.624 0.6000000238
16726  25.832  -57.589  -8.976 0.6000000238
16727  23.510  -57.308  -9.202 0.6999999881
16729  22.058  -57.837  -9.088 0.6000000238
16737  28.190  -57.767  -10.113 0.6000000238
16740  20.123  -57.592  -10.582 0.5000000000
17624  25.091  -57.515  -8.926 0.6000000238
17625  24.252  -57.543  -8.917 0.6000000238
17635  25.550  -57.044  -9.264 0.6000000238
17637  24.085  -57.103  -9.411 0.6999999881
17638  22.868  -57.033  -9.638 0.6999999881
17639  22.176  -57.258  -9.514 0.6000000238
17641  15.337  -56.610  -9.933 0.5000000000
17642  14.589  -56.412  -9.734 0.4000000060
17647  28.801  -56.631  -10.637 0.6000000238
17650  22.972  -56.543  -10.216 0.6999999881
17654  15.363  -56.765  -10.462 0.5000000000
17656  13.363  -56.733  -10.581 0.5000000000
17657  12.440  -56.548  -10.568 0.4000000060
17659  10.813  -56.289  -10.615 0.4000000060
17662  29.021  -57.070  -11.222 0.6000000238
17663  20.022  -56.945  -10.942 0.5000000000
17666  13.680  -56.809  -11.426 0.4000000060
17669  11.203  -56.569  -11.180 0.4000000060
17675  29.221  -57.144  -12.057 0.5000000000
17677  14.537  -56.775  -11.572 0.4000000060
17681  10.712  -56.590  -11.747 0.3000000119
17695  29.860  -56.995  -14.264 0.5000000000
17696  29.471  -57.323  -13.723 0.6000000238
17705  32.188  -56.838  -15.169 0.5000000000
17707  30.160  -57.238  -14.851 0.5000000000
17713  34.783  -56.852  -16.081 0.4000000060
17728  35.384  -56.741  -16.546 0.5000000000
17797  40.703  -56.800  -23.006 0.3000000119
18468  16.376  -55.999  -9.106 0.4000000060
18469  15.674  -55.998  -9.194 0.4000000060
18476  26.803  -56.307  -9.549 0.6000000238
18478  25.104  -56.588  -9.759 0.6999999881
18483  14.105  -55.876  -9.446 0.5000000000
18485  12.591  -55.831  -9.840 0.5000000000
18490  28.577  -56.028  -10.412 0.6000000238
18491  28.115  -55.894  -10.025 0.6000000238
18492  27.642  -55.569  -9.883 0.6000000238
18493  26.308  -55.798  -9.922 0.5000000000
18495  24.599  -56.321  -10.382 0.6999999881
18498  21.532  -56.426  -10.278 0.6000000238
18499  20.871  -56.548  -10.392 0.5000000000
18503  13.645  -56.245  -9.803 0.5000000000
18506  11.213  -55.988  -10.288 0.4000000060
18507  10.370  -55.904  -10.421 0.3000000119
18508  9.322  -55.757  -10.646 0.4000000060
18515  24.220  -56.162  -10.935 0.6999999881
18516  23.790  -56.000  -11.109 0.6999999881
18517  23.280  -55.716  -11.155 0.6999999881
18519  20.418  -56.343  -10.744 0.5000000000
18521  16.284  -56.323  -10.785 0.5000000000
18522  15.652  -56.647  -10.944 0.5000000000
18523  15.267  -56.621  -11.602 0.5000000000
18525  7.645  -55.823  -11.642 0.4000000060
18534  15.430  -56.126  -12.137 0.5000000000
18547  33.172  -55.843  -13.473 0.5000000000
18549  31.764  -55.644  -13.199 0.6000000238
18550  30.498  -56.057  -13.906 0.6000000238
18551  29.581  -56.136  -13.120 0.5000000000
18569  33.403  -56.143  -14.022 0.5000000000
18570  32.625  -56.130  -13.825 0.5000000000
18572  31.162  -56.367  -14.324 0.5000000000
18582  35.185  -56.012  -15.176 0.4000000060
18584  33.661  -56.479  -14.698 0.5000000000
18586  32.035  -56.431  -14.440 0.5000000000
18600  36.119  -55.901  -16.069 0.4000000060
18613  36.467  -56.034  -16.752 0.4000000060
18625  37.021  -55.891  -17.372 0.5000000000
18627  35.927  -56.639  -17.095 0.5000000000
18637  37.554  -55.722  -18.046 0.5000000000
19338  27.061  -55.636  -9.804 0.6000000238
19344  11.723  -55.137  -9.955 0.3000000119
19346  9.833  -55.341  -10.421 0.3000000119
19347  8.615  -54.612  -10.746 0.3000000119
19354  27.354  -55.069  -10.073 0.6999999881
19356  25.379  -55.481  -10.799 0.6999999881
19358  22.503  -55.365  -10.841 0.6999999881
19359  21.705  -55.663  -10.671 0.6999999881
19360  17.636  -55.483  -10.067 0.4000000060
19367  29.064  -55.064  -11.320 0.6000000238
19368  25.303  -54.802  -11.633 0.6999999881
19370  23.912  -55.697  -11.796 0.6999999881
19374  20.414  -55.553  -11.137 0.6000000238
19380  32.917  -54.649  -12.392 0.6000000238
19382  31.391  -54.671  -12.390 0.6000000238
19383  30.488  -54.651  -12.684 0.6999999881
19385  29.409  -55.069  -12.139 0.6999999881
19386  24.378  -55.451  -12.846 0.6999999881
19388  23.553  -55.153  -12.062 0.6999999881
19389  20.115  -54.864  -11.723 0.5000000000
19399  31.781  -55.109  -12.648 0.6000000238
19400  31.049  -55.155  -12.902 0.6000000238
19402  29.554  -55.517  -12.740 0.6999999881
19403  24.199  -55.342  -13.332 0.8000000119
19404  19.497  -54.937  -12.284 0.5000000000
19405  18.992  -55.019  -12.936 0.5000000000
19406  16.111  -55.115  -12.514 0.5000000000
19426  35.197  -54.998  -14.179 0.5000000000
19451  36.119  -54.985  -15.120 0.4000000060
19454  18.163  -55.030  -14.274 0.4000000060
19468  36.924  -54.960  -16.067 0.4000000060
19469  36.377  -55.276  -15.736 0.4000000060
19480  37.786  -54.896  -17.042 0.4000000060
19493  37.504  -55.413  -17.377 0.5000000000
19505  39.617  -55.170  -18.660 0.5000000000
19506  38.891  -55.186  -18.517 0.4000000060
19515  39.072  -55.335  -19.231 0.4000000060
19524  38.715  -55.306  -20.822 0.4000000060
19527  41.504  -55.425  -22.045 0.4000000060
19534  41.023  -55.169  -22.834 0.4000000060
19535  40.304  -55.084  -22.917 0.3000000119
19541  40.959  -55.155  -23.668 0.4000000060
20181  19.138  -54.216  -7.846 0.4000000060
20182  18.407  -54.433  -7.803 0.4000000060
20190  20.016  -53.926  -8.267 0.4000000060
20192  18.787  -54.664  -8.306 0.4000000060
20199  19.941  -53.929  -8.732 0.4000000060
20200  19.427  -54.240  -9.088 0.4000000060
20213  28.313  -54.512  -10.629 0.6000000238
20214  27.659  -54.506  -10.360 0.6999999881
20217  19.222  -53.748  -9.913 0.4000000060
20219  17.977  -54.834  -10.407 0.4000000060
20235  26.520  -53.709  -11.165 0.6999999881
20236  25.917  -54.406  -11.107 0.6999999881
20238  22.346  -54.523  -11.279 0.6999999881
20240  20.912  -54.722  -11.299 0.6000000238
20241  18.156  -54.171  -10.695 0.4000000060
20242  17.640  -54.377  -11.150 0.5000000000
20243  17.025  -55.082  -11.447 0.5000000000
20259  30.832  -54.077  -12.284 0.6999999881
20264  23.232  -54.392  -12.157 0.6999999881
20265  21.114  -53.999  -11.659 0.6000000238
20286  24.999  -54.370  -13.103 0.8000000119
20287  24.380  -55.238  -13.463 0.6999999881
20288  23.998  -55.009  -13.594 0.8999999762
20290  19.343  -54.317  -12.783 0.5000000000
20304  36.052  -53.914  -14.223 0.5000000000
20306  34.816  -54.617  -13.533 0.5000000000
20307  24.199  -54.856  -14.493 0.8000000119
20321  35.787  -54.626  -14.526 0.4000000060
20322  24.153  -54.582  -14.946 0.8000000119
20333  36.655  -54.622  -15.478 0.4000000060
20334  24.125  -54.272  -16.873 0.6999999881
20345  38.735  -53.989  -16.877 0.4000000060
20346  38.125  -54.242  -16.701 0.4000000060
20362  39.124  -54.427  -17.422 0.4000000060
20364  24.406  -54.295  -18.360 0.6999999881
20365  24.115  -54.279  -17.761 0.6999999881
20375  40.112  -54.841  -18.157 0.5000000000
21038  20.455  -53.008  -7.309 0.4000000060
21040  19.022  -53.211  -7.109 0.4000000060
21049  21.408  -52.920  -7.999 0.4000000060
21051  19.426  -53.668  -7.484 0.4000000060
21053  17.850  -53.855  -7.456 0.4000000060
21064  21.177  -53.098  -8.378 0.4000000060
21078  20.847  -53.219  -8.850 0.4000000060
21080  19.775  -53.742  -9.331 0.4000000060
21093  27.838  -53.852  -10.717 0.6999999881
21095  18.550  -53.582  -10.591 0.4000000060
21112  28.602  -53.132  -11.470 0.6000000238
21114  27.350  -53.381  -11.090 0.6999999881
21115  26.820  -52.903  -11.691 0.6000000238
21116  25.754  -54.019  -11.673 0.8000000119
21117  22.617  -53.924  -11.718 0.6999999881
21118  21.913  -53.866  -11.600 0.6000000238
21120  17.534  -53.533  -11.698 0.5000000000
21130  34.186  -53.000  -12.306 0.5000000000
21132  32.844  -53.347  -12.053 0.6000000238
21133  31.135  -53.335  -12.075 0.6999999881
21134  29.831  -53.010  -12.034 0.6999999881
21138  22.196  -53.319  -11.966 0.6999999881
21140  19.755  -53.657  -12.721 0.6000000238
21147  35.249  -53.098  -13.008 0.5000000000
21148  34.622  -53.429  -12.700 0.5000000000
21151  23.346  -53.585  -13.079 0.6999999881
21154  17.074  -52.608  -12.657 0.5000000000
21159  35.656  -53.513  -13.591 0.5000000000
21160  24.910  -53.965  -14.314 0.8000000119
21161  23.604  -53.890  -13.899 0.8000000119
21163  18.715  -53.826  -13.695 0.5000000000
21173  24.956  -53.755  -14.908 0.8000000119
21174  24.421  -54.618  -14.743 0.8000000119
21177  18.273  -53.445  -14.345 0.5000000000
21190  38.509  -52.992  -16.200 0.4000000060
21191  37.940  -53.139  -15.868 0.4000000060
21194  23.864  -54.101  -15.516 0.8000000119
21210  37.804  -53.915  -16.142 0.4000000060
21212  24.578  -54.144  -17.208 0.6999999881
21213  23.737  -53.979  -16.448 0.6999999881
21220  39.978  -53.995  -17.141 0.4000000060
21222  26.385  -54.131  -19.389 0.5000000000
21224  24.870  -54.203  -18.342 0.6999999881
21225  23.743  -53.990  -17.922 0.6999999881
21226  23.289  -53.329  -18.005 0.6000000238
21229  23.807  -53.694  -18.707 0.6000000238
21233  24.777  -54.017  -19.842 0.5000000000
21940  20.755  -52.349  -7.062 0.4000000060
21942  19.305  -52.737  -6.948 0.4000000060
21943  18.654  -52.506  -6.920 0.4000000060
21944  17.888  -52.499  -7.112 0.4000000060
21951  21.841  -52.508  -7.781 0.4000000060
21952  21.154  -52.768  -7.554 0.4000000060
21953  17.240  -52.523  -7.496 0.4000000060
21961  22.700  -52.290  -8.600 0.4000000060
21963  16.045  -52.670  -8.367 0.4000000060
21973  22.174  -52.491  -8.943 0.4000000060
21983  21.029  -52.292  -9.759 0.4000000060
21985  19.164  -51.771  -10.815 0.5000000000
21996  28.180  -52.754  -11.551 0.6999999881
21998  18.587  -51.989  -11.165 0.5000000000
22013  33.751  -52.646  -12.243 0.6000000238
22015  32.443  -52.737  -12.159 0.6999999881
22016  31.661  -52.684  -12.172 0.6999999881
22018  29.434  -52.438  -12.062 0.6999999881
22021  27.318  -52.321  -12.030 0.6999999881
22023  22.804  -52.761  -12.776 0.6000000238
22024  21.766  -52.807  -12.313 0.6000000238
22026  17.757  -52.059  -11.963 0.5000000000
22029  34.752  -52.660  -12.615 0.5000000000
22030  26.470  -52.282  -12.952 0.6000000238
22032  22.134  -52.358  -12.701 0.6000000238
22033  21.278  -52.278  -12.804 0.6000000238
22034  20.571  -52.411  -12.949 0.6000000238
22035  19.932  -52.388  -13.283 0.6000000238
22036  17.307  -51.942  -12.555 0.5000000000
22047  26.191  -52.224  -13.747 0.6999999881
22048  23.483  -53.072  -14.276 0.8000000119
22064  26.044  -52.195  -14.551 0.6000000238
22095  23.047  -52.536  -18.138 0.6000000238
22098  28.585  -52.976  -20.520 0.5000000000
22101  26.801  -54.049  -20.050 0.6000000238
22102  24.546  -53.383  -19.655 0.5000000000
22103  23.814  -53.008  -18.960 0.6000000238
22105  27.564  -53.417  -20.407 0.5000000000
22106  26.719  -53.890  -20.449 0.6000000238
22107  25.174  -53.956  -20.295 0.5000000000
22829  18.135  -51.811  -7.003 0.4000000060
22840  16.870  -51.880  -7.770 0.4000000060
22859  23.399  -51.958  -8.997 0.4000000060
22872  23.864  -51.612  -9.636 0.4000000060
22874  22.233  -51.724  -9.993 0.3000000119
22876  20.537  -51.646  -10.305 0.5000000000
22887  19.363  -50.930  -11.013 0.6000000238
22903  32.821  -52.177  -12.397 0.6000000238
22906  30.524  -51.914  -12.456 0.6999999881
22907  29.054  -51.939  -12.165 0.6999999881
22908  28.439  -51.821  -12.193 0.6000000238
22909  27.725  -51.793  -12.342 0.6000000238
22910  27.075  -51.934  -12.633 0.6000000238
22911  18.134  -51.398  -11.725 0.5000000000
22918  33.544  -51.290  -12.669 0.6000000238
22920  31.815  -51.719  -12.890 0.6999999881
22927  22.613  -51.932  -13.244 0.6000000238
22929  21.015  -51.649  -13.243 0.6000000238
22930  20.319  -51.699  -13.435 0.6000000238
22932  17.026  -51.000  -13.122 0.5000000000
22946  36.661  -51.749  -14.112 0.4000000060
22947  35.977  -51.986  -13.428 0.5000000000
22951  21.989  -51.181  -13.571 0.6999999881
22952  18.991  -51.075  -14.190 0.5000000000
22953  18.151  -50.467  -14.839 0.5000000000
22961  38.604  -51.554  -15.151 0.4000000060
22963  37.356  -51.874  -14.798 0.4000000060
22964  27.105  -51.405  -15.129 0.6000000238
22965  26.572  -51.739  -14.840 0.6000000238
22966  23.033  -51.288  -15.286 0.6000000238
22968  16.603  -50.222  -16.219 0.4000000060
22969  16.176  -50.315  -15.544 0.4000000060
22970  15.861  -50.789  -16.110 0.4000000060
22973  38.934  -52.079  -15.623 0.4000000060
22975  27.251  -51.599  -15.890 0.6000000238
22983  28.159  -51.891  -16.974 0.6000000238
22984  27.488  -51.987  -16.727 0.6000000238
22987  31.694  -51.813  -18.384 0.5000000000
22989  30.093  -52.402  -18.211 0.5000000000
22994  22.789  -51.725  -18.038 0.5000000000
22995  32.289  -51.530  -19.802 0.5000000000
22997  31.134  -52.305  -19.139 0.5000000000
22999  29.580  -52.859  -19.473 0.5000000000
23005  23.194  -52.253  -18.552 0.5000000000
23006  32.007  -51.429  -20.694 0.5000000000
23008  29.743  -52.271  -20.731 0.5000000000
23010  28.190  -52.860  -20.492 0.5000000000
23011  27.667  -52.906  -20.482 0.5000000000
23016  30.959  -51.961  -20.701 0.4000000060
23017  30.375  -51.930  -20.790 0.5000000000
23798  19.728  -50.912  -6.883 0.3000000119
23842  26.145  -50.483  -10.454 0.3000000119
23844  25.090  -51.123  -9.934 0.4000000060
23845  23.488  -51.282  -10.356 0.4000000060
23847  21.702  -51.095  -10.515 0.5000000000
23858  25.500  -50.649  -10.750 0.3000000119
23861  22.998  -50.723  -10.947 0.4000000060
23864  20.308  -50.336  -11.065 0.5000000000
23880  18.085  -49.577  -12.400 0.6000000238
23892  34.912  -50.704  -12.998 0.6000000238
23893  34.120  -50.763  -12.777 0.6000000238
23896  31.476  -51.381  -13.410 0.6999999881
23898  29.431  -51.014  -13.018 0.8000000119
23899  28.733  -50.919  -13.142 0.6999999881
23900  28.026  -50.992  -13.359 0.6999999881
23904  17.708  -49.413  -13.083 0.5000000000
23905  17.366  -49.668  -13.438 0.5000000000
23921  37.296  -50.656  -14.312 0.5000000000
23929  27.831  -50.908  -14.057 0.6999999881
23931  20.224  -49.540  -14.472 0.6999999881
23932  19.168  -48.430  -14.614 0.6999999881
23933  18.819  -49.019  -14.571 0.6999999881
23934  18.436  -49.626  -14.622 0.5000000000
23935  17.264  -49.451  -14.344 0.5000000000
23947  31.965  -50.814  -14.871 0.6999999881
23948  31.435  -51.019  -15.165 0.6000000238
23950  29.149  -50.576  -14.419 0.6999999881
23951  28.369  -50.731  -14.635 0.6000000238
23954  22.005  -50.002  -14.770 0.6000000238
23958  31.851  -50.853  -15.656 0.6000000238
23964  22.639  -50.468  -15.609 0.6000000238
23965  16.483  -50.116  -16.173 0.4000000060
23971  28.515  -51.177  -16.237 0.6000000238
23973  32.321  -50.817  -17.063 0.4000000060
23974  31.876  -51.388  -17.552 0.4000000060
23978  22.622  -50.887  -18.048 0.5000000000
23981  29.345  -51.034  -19.816 0.4000000060
23991  29.293  -51.988  -20.612 0.5000000000
23998  31.006  -51.526  -20.857 0.4000000060
24824  26.587  -50.058  -10.865 0.3000000119
24830  21.482  -49.826  -11.432 0.5000000000
24832  19.704  -49.622  -11.589 0.6000000238
24844  24.616  -49.809  -11.867 0.4000000060
24846  22.843  -49.617  -11.970 0.4000000060
24850  19.047  -48.830  -12.399 0.5000000000
24866  33.128  -49.874  -13.315 0.6000000238
24867  18.558  -48.378  -13.555 0.5000000000
24887  17.899  -49.096  -14.525 0.5000000000
24888  17.389  -49.462  -14.836 0.5000000000
24897  32.607  -49.691  -14.848 0.6999999881
24899  21.446  -49.061  -15.313 0.4000000060
24902  21.818  -48.938  -16.156 0.4000000060
24904  25.912  -49.614  -17.119 0.4000000060
24909  22.090  -48.689  -16.956 0.5000000000
24911  26.794  -49.392  -18.609 0.4000000060
24915  23.303  -50.338  -17.762 0.4000000060
24916  22.492  -50.241  -17.777 0.4000000060
24921  28.703  -50.534  -19.096 0.5000000000
24923  27.018  -49.930  -19.050 0.6000000238
24924  26.574  -50.130  -18.776 0.5000000000
25815  26.623  -49.137  -11.912 0.3000000119
25816  25.371  -48.983  -12.391 0.4000000060
25818  23.265  -49.181  -12.485 0.4000000060
25820  21.170  -48.559  -12.664 0.5000000000
25844  19.608  -47.873  -13.977 0.5000000000
25861  36.347  -48.910  -13.749 0.5000000000
25862  35.117  -49.172  -13.535 0.6000000238
25865  20.228  -47.662  -15.021 0.4000000060
25867  19.025  -48.142  -14.140 0.4000000060
25890  26.115  -48.801  -16.262 0.4000000060
25891  25.218  -48.696  -16.090 0.4000000060
25903  22.469  -48.521  -17.200 0.4000000060
25904  21.964  -48.023  -16.999 0.3000000119
26809  24.930  -47.990  -13.359 0.4000000060
26811  23.112  -48.130  -13.611 0.4000000060
26813  20.740  -47.461  -14.290 0.5000000000
26827  36.262  -47.561  -13.567 0.5000000000
26828  35.497  -47.714  -13.691 0.5000000000
26829  34.712  -47.883  -13.694 0.6000000238
26830  33.922  -47.974  -13.673 0.6000000238
26831  33.209  -48.163  -13.890 0.6000000238
26833  24.470  -47.682  -14.017 0.4000000060
26835  22.477  -47.578  -14.413 0.3000000119
26837  20.528  -47.411  -15.155 0.4000000060
26847  32.897  -48.223  -14.541 0.6000000238
26848  22.968  -47.328  -14.901 0.4000000060
26850  21.173  -47.268  -15.863 0.3000000119
26860  32.829  -48.100  -15.384 0.4000000060
26863  25.686  -48.069  -15.666 0.4000000060
26865  23.819  -47.730  -16.170 0.4000000060
26866  22.800  -47.444  -16.566 0.3000000119
26867  21.359  -47.484  -16.632 0.3000000119
26868  21.209  -47.342  -16.285 0.3000000119
26879  27.183  -48.283  -16.697 0.3000000119
26880  24.219  -48.488  -16.295 0.4000000060
26883  21.695  -47.442  -16.909 0.3000000119
26909  27.537  -48.224  -19.345 0.4000000060
27790  26.564  -47.073  -13.333 0.3000000119
27791  25.958  -47.247  -13.683 0.4000000060
27812  33.140  -47.593  -14.351 0.6000000238
27814  25.734  -47.153  -14.296 0.3000000119
27828  33.491  -46.972  -14.623 0.6000000238
27830  26.978  -47.146  -15.047 0.4000000060
27832  25.158  -47.391  -14.875 0.3000000119
27835  21.848  -47.038  -16.173 0.3000000119
27847  26.453  -47.664  -15.400 0.3000000119
27848  25.580  -47.508  -15.220 0.5000000000
27851  21.969  -47.291  -16.709 0.3000000119
27882  27.319  -48.042  -18.944 0.3000000119
27902  27.593  -47.382  -20.045 0.4000000060
28802  27.668  -46.253  -14.597 0.3000000119
28812  28.911  -45.920  -16.310 0.4000000060
28822  28.391  -46.133  -17.314 0.4000000060
28867  27.835  -46.904  -20.263 0.4000000060
29902  28.654  -45.472  -20.506 0.4000000060
30863  27.429  -45.153  -19.602 0.4000000060
31889  27.703  -44.042  -20.007 0.4000000060
31895  28.116  -43.801  -20.334 0.4000000060
32872  28.569  -43.226  -20.415 0.3000000119
32873  27.741  -42.859  -20.075 0.3000000119
33845  28.133  -42.671  -20.260 0.3000000119
159005  40.246  -55.339  -21.099 0.4000000060
159204  27.430  -46.361  -18.928 0.3000000119
159607  38.524  -55.451  -19.871 0.4000000060
161651  18.234  -48.706  -14.138 0.5000000000
162305  29.268  -55.708  -11.819 0.5000000000
163735  25.955  -49.235  -12.061 0.3000000119
164329  25.185  -53.860  -17.488 0.6000000238
164615  31.493  -56.703  -14.863 0.5000000000
164753  24.321  -51.268  -10.193 0.4000000060
165841  23.587  -56.856  -9.824 0.6999999881
166232  21.497  -58.028  -9.173 0.6000000238
166533  29.036  -53.696  -11.548 0.6000000238
166686  16.102  -51.222  -14.693 0.4000000060
167003  24.811  -55.510  -11.498 0.6999999881
167198  29.781  -50.791  -15.741 0.4000000060
167262  24.318  -55.725  -12.205 0.6999999881
167707  39.462  -52.451  -15.885 0.4000000060
168031  16.746  -49.882  -15.721 0.5000000000
168237  32.917  -50.707  -13.252 0.6999999881
168801  23.200  -53.136  -16.628 0.6999999881
168830  19.540  -53.055  -13.227 0.6000000238
169700  25.927  -55.417  -10.341 0.6999999881
169712  17.033  -53.312  -7.663 0.4000000060
170032  29.896  -50.642  -14.133 0.6999999881
170296  25.784  -54.054  -20.557 0.6000000238
170846  20.099  -53.502  -7.617 0.4000000060
171538  28.355  -56.427  -10.131 0.6000000238
171707  20.265  -53.708  -8.001 0.4000000060
172102  38.292  -52.015  -15.477 0.4000000060
172188  23.024  -51.433  -14.442 0.6999999881
172213  22.795  -51.905  -16.948 0.6999999881
172660  32.251  -55.956  -13.465 0.5000000000
172789  34.770  -51.904  -12.661 0.6000000238
173190  24.360  -54.063  -19.261 0.5000000000
174758  22.639  -58.249  -8.608 0.5000000000
175016  24.411  -54.389  -15.378 0.8000000119
175027  17.277  -50.372  -12.990 0.5000000000
175284  19.003  -54.621  -8.779 0.4000000060
176039  18.367  -55.702  -13.958 0.4000000060
176123  23.769  -51.678  -8.526 0.3000000119
176294  32.959  -51.222  -12.940 0.6000000238
176662  25.598  -53.418  -12.918 0.8000000119
177023  14.251  -56.896  -10.828 0.4000000060
177296  21.687  -56.990  -9.852 0.6000000238
177352  32.707  -48.877  -15.127 0.6000000238
177447  18.479  -52.453  -14.318 0.5000000000
177699  34.490  -50.181  -13.028 0.6000000238
177892  19.217  -52.224  -6.842 0.4000000060
178719  34.154  -51.561  -12.530 0.6000000238
178858  30.281  -53.539  -12.153 0.6999999881
179256  29.969  -50.855  -13.440 0.8000000119
179257  31.175  -51.086  -13.916 0.6999999881
179510  15.311  -56.301  -9.546 0.4000000060
179798  11.647  -55.676  -10.016 0.3000000119
180022  14.014  -56.654  -10.189 0.5000000000
180288  24.855  -49.315  -12.261 0.4000000060
181204  27.338  -47.336  -19.426 0.4000000060
181646  35.581  -50.720  -13.334 0.4000000060
182057  10.543  -56.504  -11.111 0.3000000119
182418  19.580  -52.436  -10.330 0.5000000000
182439  27.501  -46.759  -14.997 0.4000000060
182562  35.683  -48.882  -13.722 0.5000000000
182656  25.891  -50.400  -18.407 0.5000000000
182948  30.036  -55.802  -13.364 0.6000000238
183048  34.419  -56.727  -15.568 0.4000000060
183621  23.718  -54.455  -13.609 0.6999999881
184341  19.640  -50.345  -11.169 0.5000000000
184421  16.455  -55.283  -11.955 0.5000000000
186030  25.528  -52.972  -14.191 0.6999999881
186175  13.118  -56.036  -9.800 0.5000000000
186231  29.081  -52.884  -20.297 0.5000000000
187311  20.745  -48.685  -15.134 0.5000000000
187525  26.152  -47.423  -13.246 0.3000000119
187936  30.459  -52.975  -12.071 0.6999999881
187982  29.561  -51.320  -12.672 0.8000000119
188089  28.751  -54.796  -10.841 0.6000000238
188616  25.270  -50.866  -10.404 0.4000000060
188854  19.432  -53.041  -10.181 0.5000000000
189727  13.474  -56.518  -10.118 0.5000000000
189907  22.526  -47.091  -15.604 0.3000000119
189959  39.550  -54.198  -17.295 0.4000000060
189997  28.800  -51.384  -19.807 0.5000000000
190075  31.747  -51.168  -13.883 0.6999999881
190584  17.886  -50.801  -12.064 0.6000000238
191049  27.076  -54.578  -10.326 0.6999999881
191197  33.280  -55.281  -12.966 0.5000000000
191273  24.705  -55.324  -12.138 0.6999999881
