#!ascii label  , from subject sub-v2s13x29116_ses-1 vox2ras=TkReg
1248
94218  19.129  -4.116  -35.494 0.2500000000
190162  19.955  -4.348  -36.143 0.2500000000
183341  20.150  -4.741  -36.109 0.7500000000
174437  18.022  -1.610  -35.473 0.2500000000
96483  18.645  -1.999  -35.838 0.1250000000
97562  19.161  -1.583  -36.455 0.3750000000
96482  19.391  -2.490  -36.287 0.2500000000
94219  18.540  -3.612  -35.260 0.2500000000
94240  20.329  -4.085  -36.425 0.7500000000
94241  19.698  -3.970  -36.094 0.3750000000
93058  20.428  -5.356  -36.029 0.8750000000
93077  20.756  -4.784  -36.386 0.8750000000
91938  21.119  -5.441  -36.279 0.8750000000
96502  19.751  -1.921  -36.976 0.3750000000
96481  20.159  -2.624  -36.935 0.3750000000
95423  21.380  -2.915  -37.407 0.8750000000
95403  19.932  -3.303  -36.457 0.7500000000
95400  23.197  -3.284  -37.003 1.0000000000
94257  22.573  -3.533  -36.987 1.0000000000
95401  21.430  -3.516  -36.968 0.8750000000
93075  22.385  -4.790  -36.414 1.0000000000
94239  21.121  -4.074  -36.631 0.8750000000
94236  24.061  -4.083  -36.355 1.0000000000
186275  19.497  -1.264  -37.072 0.2500000000
96501  20.324  -2.090  -37.413 0.7500000000
96500  21.404  -2.255  -38.009 0.8750000000
96499  22.022  -2.584  -37.734 0.8750000000
95424  20.804  -2.544  -37.482 0.7500000000
95419  24.634  -2.876  -37.046 1.0000000000
95421  22.632  -2.919  -37.399 1.0000000000
95420  23.348  -2.624  -37.501 1.0000000000
95397  25.797  -3.508  -36.700 1.0000000000
95399  24.369  -3.476  -36.694 1.0000000000
94237  23.102  -4.101  -36.522 1.0000000000
97555  18.034  -0.995  -35.649 0.1250000000
97576  20.099  -1.409  -37.642 0.6250000000
97589  22.889  -1.560  -38.413 1.0000000000
96516  21.421  -1.519  -38.648 0.8750000000
158176  23.475  -1.993  -37.919 1.0000000000
95416  26.792  -3.495  -37.498 1.0000000000
162949  26.292  -2.569  -37.249 1.0000000000
96496  24.865  -2.365  -37.216 1.0000000000
184529  24.683  -1.907  -37.370 1.0000000000
95436  27.217  -4.350  -37.954 1.0000000000
93108  27.846  -6.581  -39.173 1.0000000000
94256  26.921  -4.546  -37.110 1.0000000000
180545  19.218  2.260  -38.219 0.2500000000
186286  18.960  -0.743  -36.736 0.2500000000
157698  19.589  -0.649  -37.603 0.3750000000
186719  20.082  -0.908  -38.056 0.5000000000
98657  22.609  -0.860  -38.753 1.0000000000
98659  21.127  -0.882  -38.953 0.6250000000
97590  22.200  -1.354  -38.750 1.0000000000
97571  25.757  -1.296  -37.379 1.0000000000
97574  23.570  -1.434  -38.020 1.0000000000
159755  27.405  -4.486  -39.399 1.0000000000
95449  27.281  -3.751  -38.621 1.0000000000
179901  27.444  -2.203  -38.519 1.0000000000
94292  27.623  -5.050  -40.171 1.0000000000
93119  27.766  -6.321  -39.582 1.0000000000
157924  27.555  -5.314  -41.424 1.0000000000
93125  28.028  -5.323  -40.486 1.0000000000
102144  19.676  1.970  -38.821 0.5000000000
101008  18.992  1.435  -37.975 0.3750000000
99834  19.323  0.922  -38.415 0.3750000000
99833  19.813  0.484  -38.790 0.5000000000
99843  20.243  0.864  -39.111 0.5000000000
99830  22.290  -0.121  -38.874 0.8750000000
99819  23.012  -0.205  -38.345 1.0000000000
176973  23.397  0.522  -37.919 1.0000000000
97587  27.318  -1.256  -38.048 1.0000000000
98646  24.908  -0.563  -37.457 1.0000000000
189532  27.673  -3.112  -40.694 1.0000000000
96526  27.812  -2.609  -40.088 1.0000000000
91974  26.751  -5.773  -42.439 1.0000000000
94312  26.946  -4.862  -41.456 1.0000000000
93131  28.097  -5.621  -41.706 0.8750000000
103343  19.663  2.920  -38.888 0.5000000000
101032  19.693  1.200  -38.903 0.5000000000
101020  21.269  1.610  -38.849 0.6250000000
101018  22.274  1.526  -38.310 0.6250000000
101007  22.951  1.197  -38.060 1.0000000000
175939  22.260  0.762  -38.497 0.7500000000
99816  25.388  0.001  -37.331 1.0000000000
96561  25.761  -2.413  -42.514 1.0000000000
96559  27.508  -2.535  -41.758 1.0000000000
96548  27.989  -2.452  -40.910 1.0000000000
98655  27.573  -0.526  -38.194 1.0000000000
95486  25.478  -3.100  -42.122 1.0000000000
175606  26.611  -3.703  -41.584 1.0000000000
93144  25.595  -4.936  -43.090 0.8750000000
94313  25.659  -4.438  -42.081 1.0000000000
102152  20.126  2.342  -38.961 0.5000000000
102143  21.435  2.271  -38.577 0.8750000000
101017  27.100  1.327  -37.682 1.0000000000
101005  24.571  1.391  -37.305 1.0000000000
96560  26.646  -2.314  -42.286 1.0000000000
99841  28.116  0.461  -39.024 1.0000000000
99828  27.482  0.143  -38.067 1.0000000000
160426  28.402  -1.091  -41.303 1.0000000000
93143  26.481  -4.962  -43.508 1.0000000000
94323  25.692  -4.033  -43.490 1.0000000000
97634  28.143  -1.890  -41.845 1.0000000000
95501  26.311  -3.108  -43.897 1.0000000000
103342  20.286  2.992  -38.977 0.5000000000
103334  20.934  2.916  -38.743 0.8750000000
102133  22.715  2.742  -38.184 1.0000000000
103322  25.343  2.861  -36.978 1.0000000000
102131  24.975  2.150  -37.127 1.0000000000
102132  24.047  2.118  -37.436 1.0000000000
101043  28.215  1.179  -40.726 1.0000000000
101038  28.184  1.230  -39.982 1.0000000000
98713  28.478  -0.500  -42.610 1.0000000000
99857  28.331  0.497  -41.132 1.0000000000
163888  28.303  0.624  -40.282 1.0000000000
96578  27.972  -2.101  -43.369 1.0000000000
162193  28.420  -0.868  -41.899 1.0000000000
190837  27.203  -3.215  -44.130 0.8750000000
106700  21.175  6.400  -36.917 1.0000000000
107807  20.283  6.732  -37.371 0.3750000000
180277  21.828  6.124  -36.629 0.8750000000
104477  24.059  4.043  -36.594 1.0000000000
102150  27.735  2.539  -39.141 1.0000000000
103332  27.200  2.834  -37.826 1.0000000000
108766  21.348  7.820  -36.599 0.8750000000
107780  22.754  6.893  -36.054 1.0000000000
106688  22.470  6.202  -36.332 1.0000000000
106699  22.970  5.596  -36.290 1.0000000000
106698  23.810  5.701  -36.045 1.0000000000
104475  25.793  4.131  -36.623 1.0000000000
103341  27.453  3.233  -39.142 1.0000000000
104495  27.032  4.071  -37.975 1.0000000000
188527  27.559  2.778  -40.414 1.0000000000
109819  21.772  8.506  -36.283 0.7500000000
106687  23.299  6.274  -36.056 1.0000000000
106697  24.652  5.859  -36.072 1.0000000000
105583  26.788  4.890  -38.056 1.0000000000
105571  26.466  5.144  -37.292 1.0000000000
104484  26.642  4.354  -37.376 1.0000000000
107779  23.626  6.950  -35.902 1.0000000000
107793  24.966  6.589  -36.120 1.0000000000
106711  25.926  5.417  -36.716 1.0000000000
115627  23.036  13.925  -36.673 0.1250000000
115623  22.791  14.139  -35.991 0.1250000000
114719  23.332  13.597  -37.446 0.2500000000
115630  22.873  14.077  -37.977 0.1250000000
115634  22.317  14.013  -39.109 0.3750000000
116569  21.919  14.756  -38.884 0.2500000000
115635  21.674  14.250  -39.759 0.5000000000
116573  20.872  14.762  -40.127 0.3750000000
116566  21.454  15.560  -38.462 0.2500000000
116570  21.244  15.123  -39.336 0.2500000000
162522  20.030  16.032  -39.199 0.2500000000
118507  18.552  15.862  -38.387 0.2500000000
117559  19.724  15.554  -39.869 0.2500000000
118519  18.362  14.895  -38.897 0.2500000000
116574  20.122  15.015  -40.313 0.3750000000
118518  19.247  15.777  -39.206 0.2500000000
117567  18.672  14.054  -39.791 0.3750000000
117561  18.306  14.204  -39.164 0.2500000000
94202  18.389  -4.360  -34.711 0.1250000000
95385  19.255  -3.359  -35.873 0.2500000000
160679  17.979  -2.377  -35.228 0.1250000000
94233  26.279  -4.145  -36.581 1.0000000000
102141  22.841  2.046  -38.140 0.8750000000
101028  28.083  1.192  -39.249 1.0000000000
93044  18.428  -5.120  -34.303 0.1250000000
90738  21.122  -6.483  -35.582 0.7500000000
97556  17.193  -1.976  -35.077 0.1250000000
91919  22.272  -6.056  -35.946 1.0000000000
181698  17.972  -3.774  -34.676 0.1250000000
93074  23.772  -4.732  -36.169 1.0000000000
93072  25.364  -4.618  -36.106 1.0000000000
93089  27.561  -5.332  -37.029 1.0000000000
183587  18.623  -0.058  -36.668 0.3750000000
101009  18.628  1.291  -37.249 0.2500000000
99821  18.601  0.573  -36.947 0.2500000000
91986  28.345  -6.391  -43.442 0.8750000000
181492  27.955  -6.134  -42.567 0.8750000000
93148  27.690  -5.033  -44.056 0.8750000000
107808  19.217  7.020  -37.674 0.1250000000
160221  18.639  6.332  -38.203 0.1250000000
104507  19.817  3.704  -39.123 0.3750000000
104496  21.592  3.608  -37.899 0.6250000000
97645  28.296  -1.453  -42.597 1.0000000000
94329  27.103  -3.935  -44.091 0.8750000000
107796  20.864  7.202  -36.867 0.5000000000
107795  21.814  6.866  -36.452 0.8750000000
106714  19.598  6.194  -38.028 0.3750000000
174311  21.073  5.158  -37.611 0.8750000000
102166  27.981  1.723  -41.167 1.0000000000
102167  27.641  2.439  -40.844 1.0000000000
103355  27.284  3.080  -40.735 1.0000000000
108753  22.265  7.627  -36.104 1.0000000000
160631  27.081  4.432  -38.579 1.0000000000
171519  22.749  8.282  -35.800 0.8750000000
174811  24.603  8.162  -35.657 1.0000000000
107792  25.603  6.844  -36.541 1.0000000000
106727  26.547  5.754  -37.854 1.0000000000
115606  22.446  14.177  -35.186 0.1250000000
114702  23.406  12.802  -35.894 0.1250000000
113777  24.194  12.298  -36.984 0.6250000000
114725  23.626  13.023  -38.021 0.6250000000
114744  22.136  13.036  -40.199 0.5000000000
116564  22.577  14.728  -37.727 0.2500000000
114755  21.085  13.248  -40.909 0.5000000000
117543  21.159  16.190  -37.871 0.2500000000
118506  19.427  16.380  -38.462 0.2500000000
116578  20.324  14.408  -40.726 0.5000000000
177928  19.866  14.056  -41.013 0.5000000000
118493  18.577  16.649  -37.660 0.1250000000
118508  17.683  15.325  -38.480 0.2500000000
117562  17.184  14.321  -39.662 0.2500000000
116580  19.106  14.071  -40.435 0.3750000000
117568  16.855  14.378  -40.576 0.2500000000
118494  17.372  16.107  -37.783 0.1250000000
93060  19.142  -4.930  -35.101 0.1250000000
94217  19.645  -4.565  -35.812 0.3750000000
91922  19.525  -5.500  -35.140 0.5000000000
95386  18.654  -2.810  -35.572 0.1250000000
163201  20.770  -5.942  -35.879 0.7500000000
93076  21.534  -4.758  -36.449 0.8750000000
91937  21.888  -5.469  -36.297 1.0000000000
178805  23.094  -4.887  -36.227 1.0000000000
94238  22.011  -4.010  -36.726 1.0000000000
93073  24.561  -4.659  -36.104 1.0000000000
94234  25.597  -4.021  -36.380 1.0000000000
97591  20.583  -1.122  -38.477 0.8750000000
97573  24.126  -1.642  -37.634 1.0000000000
175919  27.619  -5.803  -39.406 1.0000000000
96494  26.880  -2.340  -37.636 1.0000000000
97570  26.437  -1.692  -37.461 1.0000000000
94282  27.502  -5.443  -38.669 1.0000000000
94270  27.619  -5.478  -37.728 1.0000000000
98649  19.027  0.008  -37.269 0.3750000000
181965  20.088  -0.359  -38.458 0.5000000000
190678  21.746  -0.214  -39.086 0.8750000000
98648  23.300  -0.858  -38.148 1.0000000000
98644  26.351  -0.909  -37.456 1.0000000000
93126  27.822  -5.421  -40.492 1.0000000000
95461  27.558  -3.693  -40.106 1.0000000000
96527  27.531  -3.057  -39.331 1.0000000000
94303  27.267  -4.630  -40.935 1.0000000000
183096  27.284  -5.821  -42.071 1.0000000000
98671  20.460  0.117  -38.999 0.6250000000
101019  21.728  1.171  -38.716 0.6250000000
99817  24.566  -0.034  -37.501 1.0000000000
166096  25.030  0.700  -37.256 1.0000000000
97603  27.840  -1.884  -39.335 1.0000000000
98656  27.015  -0.473  -37.695 1.0000000000
99815  26.234  -0.136  -37.395 1.0000000000
93138  26.272  -5.439  -42.810 0.8750000000
93130  29.183  -5.835  -42.121 0.8750000000
101006  23.767  1.281  -37.668 1.0000000000
99829  26.901  0.514  -37.605 1.0000000000
96573  25.711  -2.375  -43.164 1.0000000000
159630  26.226  -2.528  -41.878 1.0000000000
180011  28.170  -1.048  -39.396 1.0000000000
98679  28.325  -0.596  -39.904 1.0000000000
91987  27.317  -5.792  -43.383 0.8750000000
101016  27.575  1.610  -38.141 1.0000000000
101004  25.514  1.500  -37.191 1.0000000000
101015  27.877  1.096  -38.585 1.0000000000
183921  27.470  0.885  -38.073 1.0000000000
158920  28.373  -0.856  -40.652 1.0000000000
98669  28.206  -0.345  -39.173 1.0000000000
158919  28.393  -0.058  -40.477 1.0000000000
96571  27.695  -2.108  -42.587 1.0000000000
96572  26.404  -2.150  -42.905 1.0000000000
103335  20.460  3.610  -39.008 0.6250000000
103333  21.754  2.911  -38.244 0.7500000000
159233  24.528  2.770  -37.057 1.0000000000
103323  23.821  2.925  -37.372 1.0000000000
102130  25.913  2.324  -37.118 1.0000000000
185875  24.911  3.290  -36.843 1.0000000000
103321  26.178  3.130  -37.067 1.0000000000
102129  26.720  2.610  -37.363 1.0000000000
173956  28.188  1.149  -41.398 1.0000000000
102149  28.046  1.839  -39.576 1.0000000000
101029  27.933  1.791  -38.768 1.0000000000
105574  21.912  5.032  -37.155 1.0000000000
106713  20.636  5.917  -37.532 0.7500000000
103314  23.538  3.600  -37.129 1.0000000000
103312  25.584  3.533  -36.823 1.0000000000
105573  22.408  4.419  -37.248 1.0000000000
104478  23.256  4.353  -36.855 1.0000000000
103320  26.814  3.489  -37.476 1.0000000000
105558  22.689  4.983  -36.728 1.0000000000
176823  24.263  5.161  -36.156 1.0000000000
105555  25.539  4.650  -36.387 1.0000000000
104485  26.271  3.891  -36.994 1.0000000000
105556  24.645  4.588  -36.288 1.0000000000
103349  27.457  3.083  -39.947 1.0000000000
165978  24.445  7.071  -35.981 1.0000000000
169651  25.108  5.285  -36.257 1.0000000000
161301  26.044  6.271  -36.878 1.0000000000
108765  24.736  7.615  -35.896 1.0000000000
108751  24.022  7.573  -35.776 1.0000000000
179563  22.090  13.761  -34.677 0.1250000000
188195  23.098  13.516  -36.155 0.1250000000
114678  22.636  13.215  -35.256 0.1250000000
116561  22.264  15.341  -37.351 0.2500000000
114713  23.499  13.232  -36.622 0.3750000000
114718  23.837  12.889  -37.221 0.5000000000
114745  21.696  13.475  -40.319 0.5000000000
114734  22.228  13.498  -39.746 0.7500000000
117554  16.434  15.154  -39.007 0.2500000000
167752  17.932  13.823  -39.480 0.2500000000
91906  19.054  -5.571  -34.584 0.2500000000
91893  18.272  -5.854  -33.241 0.1250000000
91892  18.538  -5.743  -33.881 0.1250000000
91921  20.079  -5.820  -35.418 0.6250000000
181613  20.510  -6.339  -35.416 0.7500000000
91936  22.699  -5.455  -36.148 1.0000000000
185266  19.100  5.734  -38.413 0.5000000000
103325  22.374  3.324  -37.841 0.8750000000
104497  20.903  4.008  -38.425 0.7500000000
104487  22.132  3.887  -37.550 0.8750000000
105575  20.005  5.297  -38.227 0.7500000000
170119  20.692  4.621  -38.090 0.8750000000
104488  21.523  4.374  -37.644 1.0000000000
176049  23.699  8.198  -35.578 1.0000000000
109834  25.737  8.411  -36.836 1.0000000000
106710  26.316  6.371  -37.452 1.0000000000
113768  22.920  12.373  -35.426 0.3750000000
113781  24.496  11.840  -37.506 0.7500000000
113782  24.104  12.460  -37.789 0.7500000000
113787  23.114  12.624  -39.267 0.7500000000
178079  17.530  13.763  -40.446 0.2500000000
116586  18.731  13.399  -40.683 0.3750000000
85744  22.441  -9.845  -33.303 0.7500000000
85755  24.464  -10.539  -34.347 0.7500000000
85732  21.961  -10.228  -32.842 0.7500000000
87014  21.607  -9.560  -33.094 0.7500000000
87042  24.304  -9.818  -34.629 0.7500000000
177308  22.979  -9.434  -33.870 0.7500000000
87028  22.108  -9.154  -33.596 0.7500000000
88244  24.835  -9.431  -35.160 0.7500000000
88245  23.968  -8.835  -34.781 0.7500000000
88246  23.173  -8.757  -34.339 0.7500000000
89508  21.052  -7.421  -34.557 0.7500000000
90723  20.720  -6.847  -35.029 0.6250000000
89507  22.612  -7.735  -34.656 0.7500000000
89520  22.293  -7.139  -35.092 0.8750000000
183970  21.859  -7.580  -34.644 0.8750000000
88259  25.409  -9.188  -35.787 0.7500000000
88260  24.656  -8.621  -35.399 0.7500000000
89518  23.962  -7.984  -35.128 0.7500000000
90736  22.718  -6.641  -35.507 0.8750000000
91918  23.115  -6.026  -35.799 0.8750000000
89531  24.958  -7.566  -35.908 0.7500000000
90750  24.456  -6.719  -35.755 0.8750000000
164679  23.492  -5.392  -35.998 0.8750000000
91933  25.728  -6.007  -36.137 0.7500000000
91934  24.817  -6.020  -35.941 0.8750000000
182799  25.100  -5.291  -36.020 0.8750000000
94269  27.996  -5.961  -38.118 0.8750000000
93088  27.862  -5.768  -37.743 0.8750000000
93098  27.998  -6.255  -38.649 0.8750000000
95460  29.218  -3.737  -39.892 0.3750000000
94291  28.794  -5.097  -39.666 0.7500000000
93107  28.246  -6.194  -39.394 0.7500000000
96537  29.580  -2.613  -40.117 0.5000000000
95474  29.533  -3.533  -40.624 0.5000000000
94301  29.600  -4.330  -41.082 0.7500000000
93124  28.621  -5.281  -41.145 0.7500000000
164350  30.002  -1.735  -41.433 0.1250000000
186210  29.952  -2.644  -41.569 0.3750000000
94310  30.144  -4.243  -41.686 0.6250000000
94311  29.525  -4.954  -41.520 0.6250000000
98701  31.157  -0.459  -41.734 0.1250000000
98691  30.450  -0.930  -41.528 0.1250000000
173408  30.856  -4.013  -42.940 0.1250000000
95500  30.514  -2.787  -43.628 0.1250000000
91978  31.020  -6.527  -43.806 0.6250000000
91989  30.328  -6.893  -44.281 0.6250000000
90791  29.089  -6.636  -44.027 0.7500000000
97644  30.493  -1.042  -43.063 0.1250000000
97654  30.687  -1.126  -44.093 0.1250000000
94327  30.870  -4.304  -44.264 0.1250000000
93149  30.298  -4.612  -44.688 0.5000000000
93146  29.559  -5.079  -44.834 0.6250000000
94328  28.463  -4.193  -44.616 0.7500000000
98711  31.649  -0.151  -42.382 0.1250000000
94331  29.700  -4.061  -44.860 0.5000000000
95510  29.674  -3.767  -44.986 0.5000000000
94333  28.882  -3.739  -44.883 0.6250000000
95507  28.296  -3.341  -44.549 0.7500000000
109806  22.333  9.126  -35.934 0.6250000000
110819  23.035  9.711  -35.542 0.5000000000
109805  23.368  8.940  -35.741 0.7500000000
96588  29.051  -2.757  -44.910 0.6250000000
97660  28.737  -1.701  -44.249 0.6250000000
157926  28.630  -1.082  -43.397 0.8750000000
182107  29.520  -2.092  -45.360 0.5000000000
97659  29.132  -1.168  -44.799 0.6250000000
97655  28.897  -0.630  -44.132 0.6250000000
98724  28.574  -0.103  -43.373 0.7500000000
99876  28.355  0.290  -42.611 0.8750000000
104521  27.030  3.652  -40.450 0.8750000000
104506  26.999  4.355  -39.320 0.8750000000
178705  28.291  0.460  -43.159 0.7500000000
102174  27.505  2.241  -41.668 0.8750000000
103363  27.137  2.893  -41.430 0.8750000000
104515  26.791  4.264  -40.155 0.8750000000
105600  26.560  4.864  -39.877 0.8750000000
98739  29.762  -0.848  -46.378 0.3750000000
98733  29.129  -0.344  -44.846 0.5000000000
98734  28.675  0.024  -44.174 0.5000000000
101065  28.034  0.786  -43.495 0.6250000000
99907  29.854  0.303  -46.546 0.2500000000
99897  29.428  -0.104  -45.712 0.3750000000
101073  28.264  0.416  -44.289 0.5000000000
181277  23.554  10.104  -35.414 0.6250000000
111861  24.122  10.078  -35.563 0.7500000000
109804  24.325  8.835  -35.545 0.8750000000
110829  24.634  9.433  -35.683 0.7500000000
109818  25.168  8.750  -35.756 0.8750000000
107831  26.201  6.587  -38.744 0.7500000000
105601  26.110  5.350  -40.368 0.8750000000
101059  27.677  1.462  -42.782 0.6250000000
102175  26.910  2.669  -42.144 0.7500000000
99898  28.785  0.140  -45.067 0.3750000000
101074  27.725  0.863  -44.332 0.5000000000
104536  26.158  3.708  -42.408 0.7500000000
99908  29.020  0.437  -46.296 0.2500000000
111862  23.498  10.783  -35.427 0.6250000000
110828  25.178  9.440  -36.082 0.8750000000
165294  25.713  8.990  -37.039 0.8750000000
108794  25.872  7.762  -37.378 0.8750000000
110858  25.494  9.235  -38.496 0.7500000000
168035  25.742  7.183  -38.964 0.8750000000
105607  25.884  5.206  -41.103 0.7500000000
102181  26.657  2.416  -42.843 0.5000000000
182385  26.636  0.989  -46.034 0.2500000000
101067  26.262  1.731  -44.251 0.5000000000
185861  26.974  1.276  -44.319 0.5000000000
99909  28.285  0.920  -47.001 0.2500000000
112814  23.751  11.273  -35.654 0.5000000000
183005  24.435  11.701  -36.696 0.5000000000
113776  24.814  11.154  -37.151 0.6250000000
111876  25.120  10.659  -37.797 0.7500000000
110843  25.234  9.958  -38.181 0.7500000000
111880  24.845  10.602  -38.751 0.7500000000
110859  25.025  9.756  -39.038 0.7500000000
109872  25.206  8.318  -39.714 0.7500000000
109866  25.226  9.035  -39.372 0.7500000000
111886  24.571  10.194  -39.585 0.7500000000
108814  25.187  7.718  -40.054 0.7500000000
107851  25.493  6.478  -40.574 0.7500000000
108828  24.834  7.672  -40.767 0.7500000000
104537  25.620  4.081  -42.851 0.5000000000
105622  25.389  4.765  -42.580 0.3750000000
106758  25.429  5.650  -41.572 0.6250000000
102200  25.558  1.822  -45.031 0.2500000000
103381  25.404  2.990  -43.810 0.3750000000
104546  25.234  3.716  -43.527 0.3750000000
112828  24.196  11.907  -38.397 0.6250000000
112827  24.715  11.286  -38.109 0.7500000000
111881  24.375  10.790  -39.454 0.7500000000
110875  24.257  9.902  -40.306 0.7500000000
109882  24.539  8.487  -40.854 0.7500000000
108839  24.650  7.380  -41.463 0.6250000000
105623  24.810  5.102  -42.999 0.3750000000
107865  24.526  6.648  -42.410 0.3750000000
102212  25.196  1.701  -46.098 0.1250000000
103391  24.378  3.076  -45.021 0.1250000000
104547  24.677  4.065  -43.921 0.2500000000
113791  23.604  11.908  -39.327 0.6250000000
112838  23.195  11.578  -40.195 0.7500000000
111898  23.738  10.288  -40.760 0.6250000000
110891  23.997  9.643  -40.990 0.7500000000
108849  24.503  7.185  -42.039 0.3750000000
109893  24.138  8.550  -41.668 0.3750000000
105630  24.050  5.128  -44.072 0.2500000000
106766  24.540  5.876  -42.856 0.3750000000
107860  24.812  6.750  -41.719 0.6250000000
103410  23.937  2.768  -47.334 0.1250000000
103401  23.917  2.919  -45.778 0.1250000000
102225  24.936  1.902  -47.018 0.1250000000
113792  22.898  12.236  -39.955 0.6250000000
113799  22.588  11.934  -40.652 0.6250000000
112849  22.511  11.015  -41.577 0.3750000000
112843  22.859  11.297  -40.912 0.3750000000
110907  23.272  9.751  -42.134 0.3750000000
108859  23.307  7.488  -43.798 0.2500000000
108850  24.135  7.362  -42.638 0.3750000000
110906  23.810  9.344  -41.628 0.3750000000
105646  23.393  4.399  -45.589 0.1250000000
106767  23.938  5.924  -43.711 0.3750000000
107866  24.085  6.611  -43.106 0.3750000000
176054  24.436  3.033  -47.955 0.1250000000
105639  23.727  4.791  -44.791 0.1250000000
114756  20.272  12.965  -41.494 0.3750000000
114754  21.754  12.852  -40.701 0.3750000000
112844  22.198  11.631  -41.303 0.3750000000
112850  21.772  11.304  -41.906 0.3750000000
110921  22.170  9.856  -43.064 0.3750000000
111934  22.532  10.114  -42.496 0.3750000000
111914  22.866  10.392  -41.843 0.3750000000
173530  23.252  8.203  -43.538 0.3750000000
108851  23.679  7.856  -43.158 0.3750000000
110919  23.633  8.993  -42.315 0.3750000000
106788  22.675  5.412  -46.580 0.1250000000
107879  23.371  6.280  -44.290 0.1250000000
107873  23.189  6.898  -44.188 0.2500000000
104575  23.306  4.113  -47.651 0.1250000000
112852  20.229  11.897  -42.371 0.2500000000
111936  21.038  10.642  -42.994 0.2500000000
112862  20.616  11.257  -42.703 0.3750000000
112851  20.992  11.571  -42.155 0.3750000000
109931  21.858  9.357  -44.079 0.1250000000
111935  21.753  10.402  -42.747 0.3750000000
112861  21.356  10.962  -42.455 0.3750000000
160404  22.727  8.209  -44.034 0.1250000000
110930  22.505  9.386  -43.395 0.2500000000
107888  22.098  6.918  -45.676 0.1250000000
108865  22.770  7.356  -44.372 0.1250000000
114764  19.288  12.922  -41.650 0.3750000000
113811  19.816  12.486  -42.020 0.3750000000
112863  19.832  11.650  -42.943 0.2500000000
110933  20.774  9.955  -43.958 0.1250000000
111954  20.240  10.491  -43.947 0.1250000000
110942  21.238  9.541  -44.284 0.1250000000
110943  20.551  9.849  -44.500 0.1250000000
107892  22.094  6.771  -46.687 0.1250000000
109949  21.693  9.098  -45.605 0.1250000000
112893  18.730  12.056  -44.288 0.1250000000
110964  20.969  9.691  -46.029 0.1250000000
111974  19.466  10.888  -45.198 0.1250000000
109958  22.052  8.420  -47.210 0.1250000000
108884  22.117  7.452  -47.514 0.1250000000
91935  23.944  -5.994  -35.799 0.8750000000
94268  28.453  -5.224  -38.322 0.6250000000
184488  29.003  -2.863  -44.899 0.6250000000
101051  27.943  1.508  -42.012 0.8750000000
102189  27.047  1.826  -43.099 0.5000000000
99899  28.138  0.533  -45.502 0.3750000000
111860  24.239  10.762  -35.807 0.6250000000
110836  25.111  10.048  -36.589 0.8750000000
110835  25.457  9.488  -36.798 0.8750000000
111875  25.272  10.029  -37.353 0.7500000000
109849  25.766  8.610  -37.789 0.8750000000
109865  25.544  8.477  -38.864 0.7500000000
189087  25.456  7.281  -39.685 0.7500000000
107842  25.719  6.661  -39.685 0.7500000000
103380  26.069  2.739  -43.340 0.5000000000
103372  25.830  3.391  -43.108 0.5000000000
104529  25.923  4.377  -42.138 0.7500000000
102191  25.725  2.319  -44.071 0.5000000000
107887  22.537  6.374  -45.235 0.1250000000
111953  20.838  10.302  -43.531 0.2500000000
110953  20.414  9.874  -45.344 0.1250000000
109948  21.654  8.443  -46.193 0.1250000000
94318  31.026  -4.888  -42.936 0.5000000000
166979  30.044  -6.596  -42.895 0.6250000000
178538  29.159  -6.715  -42.970 0.7500000000
96585  30.087  -1.890  -45.306 0.3750000000
96589  29.650  -2.126  -45.387 0.3750000000
98738  30.183  -0.583  -46.659 0.2500000000
104528  26.412  3.964  -41.685 0.7500000000
108866  22.235  7.884  -44.635 0.1250000000
99914  30.292  0.732  -47.244 0.1250000000
84393  22.980  -11.332  -32.858 0.7500000000
84394  22.244  -10.908  -32.584 0.7500000000
85733  21.182  -9.995  -32.581 0.7500000000
175169  24.155  -11.655  -33.358 0.7500000000
85743  23.197  -10.358  -33.588 0.7500000000
85742  24.843  -10.846  -34.133 0.7500000000
89496  20.568  -7.824  -33.875 0.6250000000
88234  21.802  -8.526  -33.850 0.7500000000
87053  25.518  -9.673  -35.441 0.6250000000
89530  25.965  -8.083  -36.393 0.7500000000
90748  26.411  -7.450  -36.421 0.6250000000
168810  27.091  -5.733  -36.354 0.6250000000
94255  27.982  -5.375  -37.269 0.5000000000
95435  29.041  -3.811  -37.935 0.3750000000
176740  28.924  -4.272  -38.561 0.5000000000
96536  29.804  -1.850  -39.659 0.1250000000
97625  30.273  -1.244  -40.770 0.1250000000
98690  30.909  -0.672  -40.887 0.1250000000
98687  33.051  -0.632  -41.430 0.1250000000
98710  32.825  0.019  -42.588 0.1250000000
99874  32.487  0.339  -43.077 0.1250000000
98722  31.557  -0.018  -43.728 0.1250000000
99895  32.128  0.246  -44.362 0.1250000000
98723  31.075  -0.507  -44.394 0.1250000000
160207  30.410  -1.556  -45.579 0.1250000000
97664  30.335  -1.255  -46.114 0.2500000000
97669  29.732  -1.474  -45.805 0.2500000000
99915  29.179  1.292  -47.458 0.1250000000
161399  27.420  1.289  -47.523 0.1250000000
101089  25.691  1.487  -47.009 0.1250000000
102233  25.581  2.008  -47.676 0.1250000000
113773  23.975  12.122  -36.295 0.3750000000
103414  25.290  2.731  -48.042 0.1250000000
104580  24.239  3.667  -47.908 0.1250000000
104572  25.410  3.703  -47.010 0.1250000000
106794  22.723  5.249  -47.729 0.1250000000
107895  23.659  6.776  -48.271 0.1250000000
116552  22.527  15.406  -36.767 0.1250000000
114766  18.617  13.263  -42.208 0.2500000000
160625  18.457  13.404  -43.035 0.1250000000
115661  18.141  14.076  -43.564 0.1250000000
111989  19.959  10.437  -45.653 0.1250000000
112912  18.571  11.955  -45.144 0.1250000000
109961  22.725  7.975  -48.478 0.1250000000
110963  21.840  9.317  -46.511 0.1250000000
93118  27.956  -6.308  -39.742 0.7500000000
164140  28.110  -2.582  -44.189 0.7500000000
105593  26.734  4.922  -39.025 0.8750000000
94232  26.852  -5.076  -36.626 0.8750000000
180487  21.473  -7.048  -35.148 0.7500000000
165051  24.275  -5.324  -35.967 0.8750000000
93117  28.422  -5.422  -40.142 0.7500000000
90787  30.176  -7.456  -43.950 0.6250000000
101050  28.259  0.763  -41.956 0.8750000000
108763  25.625  7.689  -36.550 0.8750000000
107817  26.121  7.027  -37.960 0.8750000000
106737  26.546  5.517  -38.710 0.8750000000
115643  19.636  13.494  -41.305 0.3750000000
116587  18.487  13.844  -41.382 0.1250000000
115645  18.651  13.392  -41.454 0.2500000000
85731  22.689  -10.589  -33.066 0.7500000000
87027  23.775  -10.133  -34.110 0.7500000000
84402  24.043  -11.102  -33.782 0.7500000000
84401  24.491  -11.371  -33.579 0.7500000000
85754  25.083  -10.152  -34.844 0.7500000000
87029  21.318  -8.884  -33.383 0.7500000000
87043  23.619  -9.363  -34.334 0.7500000000
88233  22.511  -8.687  -34.027 0.7500000000
89506  23.277  -8.115  -34.694 0.7500000000
88248  21.455  -7.973  -34.144 0.7500000000
89509  20.260  -7.146  -34.369 0.6250000000
88247  22.185  -8.113  -34.263 0.7500000000
89519  23.220  -7.330  -35.082 0.8750000000
165772  24.571  -7.955  -35.570 0.7500000000
90735  23.576  -6.658  -35.542 0.8750000000
90749  25.526  -6.929  -36.131 0.7500000000
175051  26.448  -6.741  -36.341 0.7500000000
93070  27.287  -5.397  -36.607 0.7500000000
172992  25.938  -5.282  -36.151 0.8750000000
93069  27.662  -5.321  -36.842 0.6250000000
94281  28.126  -6.288  -38.813 0.7500000000
96512  29.440  -2.949  -38.495 0.2500000000
95448  29.052  -4.008  -39.153 0.5000000000
94280  28.569  -5.381  -38.996 0.6250000000
94302  29.068  -4.566  -40.430 0.7500000000
95473  29.917  -3.454  -41.300 0.5000000000
96547  29.796  -2.452  -40.884 0.2500000000
165551  29.871  -1.796  -40.385 0.1250000000
96558  30.151  -2.341  -42.198 0.2500000000
162931  30.622  -4.291  -42.302 0.3750000000
93129  30.295  -5.083  -42.215 0.6250000000
98702  30.598  -0.771  -42.214 0.1250000000
98700  31.974  -0.147  -41.684 0.1250000000
97633  30.258  -1.373  -42.214 0.1250000000
94317  31.251  -4.597  -43.518 0.5000000000
95499  30.941  -3.851  -43.821 0.1250000000
96577  30.517  -1.973  -43.830 0.1250000000
93142  31.120  -5.257  -44.140 0.5000000000
164582  30.984  -0.484  -43.453 0.1250000000
96576  30.448  -2.948  -44.263 0.1250000000
95506  30.274  -3.557  -44.555 0.1250000000
93151  29.726  -4.541  -44.967 0.6250000000
95509  30.259  -2.982  -44.824 0.1250000000
96584  28.785  -2.899  -44.745 0.6250000000
99886  28.371  0.337  -43.665 0.6250000000
103364  26.619  3.294  -41.918 0.7500000000
105612  26.195  4.619  -41.414 0.7500000000
101066  27.483  1.290  -43.505 0.5000000000
111872  24.809  10.647  -36.455 0.6250000000
106744  25.911  5.964  -40.075 0.7500000000
157647  27.185  0.886  -45.288 0.3750000000
108803  25.773  7.804  -38.372 0.7500000000
105613  25.657  5.019  -41.842 0.6250000000
106751  25.666  5.819  -40.839 0.7500000000
102190  26.406  2.130  -43.537 0.5000000000
102211  25.952  1.313  -46.038 0.1250000000
101082  27.321  0.826  -46.492 0.1250000000
112832  24.300  11.299  -38.985 0.7500000000
175490  24.849  8.790  -40.122 0.7500000000
106752  25.245  6.297  -41.313 0.6250000000
104538  25.060  4.434  -43.263 0.3750000000
105614  25.118  5.422  -42.306 0.3750000000
103390  24.928  2.555  -44.680 0.3750000000
111913  23.512  10.033  -41.447 0.3750000000
105638  24.199  4.428  -44.355 0.3750000000
182396  24.865  2.128  -45.457 0.1250000000
104565  24.049  3.481  -45.269 0.1250000000
102213  23.993  2.442  -46.543 0.1250000000
108858  23.782  7.206  -43.305 0.3750000000
109904  23.923  8.207  -42.470 0.3750000000
106778  23.597  5.549  -44.517 0.2500000000
104574  23.771  3.556  -47.244 0.1250000000
170453  24.161  3.218  -47.843 0.1250000000
102234  24.659  2.341  -47.666 0.1250000000
104566  23.693  3.619  -46.001 0.1250000000
113801  21.204  12.581  -41.286 0.3750000000
107872  23.622  6.731  -43.751 0.2500000000
104567  23.217  4.112  -46.646 0.1250000000
105640  22.956  4.847  -46.075 0.1250000000
189209  23.240  5.180  -45.219 0.1250000000
113809  21.466  11.938  -41.623 0.3750000000
110931  21.934  9.626  -43.570 0.3750000000
109905  23.456  8.608  -43.020 0.3750000000
105651  22.902  4.689  -47.180 0.1250000000
106783  22.786  5.632  -45.610 0.1250000000
106784  22.343  6.141  -46.076 0.1250000000
106789  22.360  5.954  -47.155 0.1250000000
107880  22.859  6.648  -44.634 0.1250000000
107881  22.385  7.120  -44.928 0.1250000000
105654  23.720  4.458  -48.098 0.1250000000
105655  23.481  4.650  -48.303 0.1250000000
113824  19.178  12.283  -42.892 0.2500000000
113812  19.119  12.548  -42.107 0.2500000000
111937  20.386  10.941  -43.292 0.2500000000
109930  22.262  8.803  -44.454 0.1250000000
164557  21.513  8.182  -45.677 0.1250000000
108872  21.895  7.661  -45.329 0.1250000000
108878  21.779  7.658  -46.314 0.1250000000
164522  19.333  11.789  -43.368 0.1250000000
170350  19.148  11.587  -43.905 0.1250000000
111955  19.567  10.985  -44.294 0.1250000000
110952  21.116  9.402  -45.076 0.1250000000
107900  22.693  6.505  -48.404 0.1250000000
109939  21.865  8.471  -45.069 0.1250000000
114793  18.186  13.430  -44.612 0.1250000000
113836  18.643  12.545  -44.022 0.1250000000
84380  22.560  -11.648  -32.295 0.7500000000
84403  23.320  -11.059  -33.342 0.7500000000
84392  23.681  -11.585  -33.167 0.7500000000
85719  21.592  -10.571  -32.447 0.7500000000
84381  21.670  -11.216  -32.043 0.7500000000
88235  21.150  -8.341  -33.701 0.6250000000
177946  27.001  -6.715  -36.370 0.6250000000
94231  28.287  -4.792  -36.515 0.5000000000
99896  31.793  0.011  -45.392 0.1250000000
160803  32.473  0.259  -45.261 0.1250000000
97658  30.734  -1.318  -45.123 0.1250000000
101088  26.531  1.141  -47.068 0.1250000000
105660  23.283  5.173  -48.567 0.1250000000
106798  23.025  5.937  -48.550 0.1250000000
87015  20.667  -9.218  -32.758 0.5000000000
83288  23.633  -12.217  -32.082 0.6250000000
84378  25.205  -11.232  -32.532 0.3750000000
85729  26.026  -10.141  -33.376 0.2500000000
85741  25.450  -10.621  -33.885 0.3750000000
159360  22.752  10.470  -35.430 0.3750000000
112815  23.160  11.606  -35.450 0.2500000000
114712  23.858  12.661  -36.553 0.2500000000
83299  23.306  -11.941  -32.593 0.6250000000
180511  26.463  -9.586  -35.815 0.5000000000
88268  26.662  -8.754  -36.514 0.5000000000
90747  27.009  -7.411  -36.431 0.3750000000
84391  24.524  -11.693  -32.993 0.6250000000
93057  27.408  -5.587  -36.183 0.5000000000
82173  22.619  -13.101  -31.077 0.6250000000
85734  20.404  -9.838  -32.149 0.3750000000
84382  20.829  -11.034  -31.585 0.3750000000
83277  23.021  -12.685  -31.489 0.6250000000
83289  22.886  -12.300  -31.972 0.6250000000
83291  21.377  -11.732  -31.437 0.6250000000
84368  24.999  -11.575  -31.216 0.3750000000
83287  24.336  -12.021  -31.668 0.5000000000
87002  19.866  -9.170  -32.160 0.2500000000
85718  25.766  -10.686  -32.012 0.3750000000
87026  26.447  -9.597  -33.877 0.2500000000
85717  26.132  -10.115  -32.409 0.2500000000
90724  19.968  -6.440  -34.788 0.3750000000
87039  26.934  -9.326  -35.589 0.2500000000
88266  27.083  -8.335  -36.372 0.3750000000
175448  27.236  -7.541  -36.104 0.2500000000
174200  28.063  -5.118  -36.079 0.2500000000
94230  28.679  -4.240  -36.862 0.2500000000
169886  17.912  0.780  -35.943 0.1250000000
103336  19.089  3.263  -38.329 0.2500000000
96493  29.670  -2.763  -37.641 0.2500000000
105585  19.171  5.068  -38.570 0.3750000000
104498  19.298  4.346  -38.791 0.2500000000
108767  20.503  7.981  -36.936 0.2500000000
113767  23.624  11.910  -35.746 0.2500000000
102122  18.437  1.962  -36.759 0.1250000000
99809  18.269  0.358  -36.291 0.2500000000
105584  19.988  4.357  -38.827 0.3750000000
88258  26.034  -9.060  -36.390 0.5000000000
85720  20.959  -10.509  -32.081 0.5000000000
83298  23.943  -11.883  -32.819 0.6250000000
84390  24.990  -11.189  -33.439 0.5000000000
85753  25.477  -10.207  -34.654 0.5000000000
95415  29.222  -3.535  -37.218 0.2500000000
88220  20.535  -8.463  -33.262 0.3750000000
83290  22.157  -12.094  -31.768 0.6250000000
91917  27.441  -5.968  -35.745 0.2500000000
83297  24.256  -12.000  -32.409 0.5000000000
85730  25.615  -10.697  -32.940 0.2500000000
87013  26.504  -9.529  -32.860 0.2500000000
85740  25.960  -10.078  -34.352 0.3750000000
87051  26.928  -9.302  -36.178 0.3750000000
84379  24.795  -11.660  -32.096 0.5000000000
168636  25.401  -11.191  -31.639 0.3750000000
85721  20.182  -10.383  -31.564 0.3750000000
83278  22.489  -12.814  -31.485 0.6250000000
83275  24.507  -11.958  -30.767 0.3750000000
83276  23.747  -12.382  -31.207 0.5000000000
88243  27.180  -8.680  -35.094 0.2500000000
91916  27.872  -5.734  -35.214 0.2500000000
99802  17.552  0.777  -35.288 0.1250000000
82165  21.805  -13.571  -30.402 0.5000000000
83267  23.931  -12.338  -30.325 0.2500000000
82153  23.017  -13.214  -29.905 0.3750000000
82163  23.169  -12.945  -30.718 0.5000000000
82174  22.196  -13.181  -30.923 0.5000000000
80999  21.429  -14.027  -29.881 0.3750000000
182628  20.846  -12.457  -30.425 0.5000000000
163099  21.820  -12.528  -31.228 0.5000000000
82175  21.481  -12.924  -30.704 0.5000000000
80984  19.896  -14.079  -28.582 0.1250000000
82156  20.812  -13.801  -29.635 0.3750000000
84369  20.671  -11.442  -31.038 0.2500000000
79856  20.044  -15.500  -27.641 0.1250000000
158976  20.526  -14.758  -28.921 0.2500000000
80983  21.053  -14.747  -28.921 0.3750000000
167574  23.606  -12.841  -29.268 0.2500000000
80990  22.397  -13.898  -28.945 0.3750000000
82154  22.388  -13.800  -29.759 0.5000000000
82135  19.476  -14.032  -27.804 0.1250000000
80991  21.012  -14.398  -29.371 0.3750000000
181507  21.696  -14.304  -29.462 0.3750000000
82147  19.810  -13.115  -28.744 0.1250000000
84360  19.994  -11.368  -29.913 0.1250000000
97667  30.251  -1.011  -46.565 0.1250000000
82164  22.459  -13.541  -30.511 0.5000000000
84383  20.261  -10.901  -31.164 0.2500000000
83266  24.632  -11.947  -29.933 0.2500000000
82155  21.950  -13.854  -30.010 0.5000000000
82166  20.958  -13.162  -30.090 0.5000000000
189330  23.575  -12.760  -29.952 0.3750000000
157996  22.993  -13.328  -29.109 0.3750000000
83268  20.338  -12.278  -29.946 0.1250000000
83280  20.452  -11.800  -30.479 0.1250000000
83279  21.090  -12.140  -30.898 0.5000000000
79866  20.102  -14.969  -28.235 0.1250000000
80992  20.377  -13.944  -29.168 0.2500000000
82134  19.535  -13.078  -27.967 0.1250000000
79867  19.490  -14.999  -27.444 0.1250000000
82146  22.997  -13.427  -28.420 0.2500000000
82157  20.232  -12.934  -29.405 0.1250000000
160225  19.950  -11.920  -29.305 0.1250000000
79875  20.631  -15.133  -28.590 0.2500000000
80982  21.783  -14.412  -28.622 0.2500000000
89483  19.735  -7.860  -33.173 0.2500000000
180355  20.514  -15.303  -28.088 0.1250000000
79865  21.115  -14.937  -28.154 0.1250000000
173644  19.080  -7.446  -32.734 0.1250000000
109807  21.202  9.455  -36.191 0.1250000000
109820  20.606  8.791  -36.699 0.1250000000
110820  21.849  10.081  -35.690 0.1250000000
110821  20.564  10.434  -35.918 0.1250000000
184957  21.095  10.645  -35.592 0.1250000000
111846  22.350  11.355  -35.352 0.1250000000
111848  19.602  12.020  -34.293 0.1250000000
111863  21.632  10.898  -35.412 0.1250000000
112799  22.325  12.050  -35.174 0.1250000000
110830  20.043  9.856  -36.345 0.1250000000
111847  21.101  11.606  -34.952 0.1250000000
181189  21.715  11.886  -34.908 0.1250000000
113750  20.904  12.560  -33.766 0.1250000000
108768  19.577  8.517  -37.108 0.1250000000
104499  18.837  4.213  -38.391 0.1250000000
85722  19.706  -10.029  -31.187 0.1250000000
88210  19.472  -8.564  -32.071 0.1250000000
106728  18.475  5.662  -38.324 0.1250000000
108769  18.602  8.933  -36.996 0.1250000000
110831  19.102  9.931  -36.102 0.1250000000
110822  19.313  10.830  -35.692 0.1250000000
111865  19.154  11.483  -34.804 0.1250000000
112779  19.208  12.185  -31.871 0.1250000000
178295  20.347  12.621  -32.557 0.1250000000
107797  19.895  7.602  -37.257 0.1250000000
183292  19.559  -5.907  -34.857 0.1250000000
90725  19.192  -6.171  -34.281 0.1250000000
89497  19.838  -7.376  -33.770 0.1250000000
88221  19.887  -8.562  -32.651 0.1250000000
167670  19.453  -9.046  -31.603 0.1250000000
105586  18.678  5.046  -38.405 0.1250000000
90714  19.507  -6.808  -34.023 0.1250000000
89484  19.346  -8.034  -32.472 0.1250000000
187770  19.048  -7.629  -32.244 0.1250000000
112800  21.641  12.371  -34.507 0.1250000000
112801  20.825  12.182  -34.369 0.1250000000
111849  18.709  11.370  -33.434 0.1250000000
114663  20.858  13.213  -32.476 0.1250000000
84359  25.242  -11.472  -30.336 0.1250000000
84367  25.897  -10.727  -31.160 0.1250000000
87001  26.609  -9.551  -31.941 0.1250000000
87012  26.856  -8.950  -33.391 0.1250000000
87025  26.861  -9.132  -34.498 0.1250000000
89505  27.364  -7.890  -34.448 0.1250000000
89516  27.309  -7.993  -35.560 0.1250000000
91903  28.701  -5.476  -34.271 0.1250000000
91904  28.068  -5.853  -34.631 0.1250000000
91905  27.522  -6.235  -35.188 0.1250000000
94215  29.937  -3.609  -35.163 0.1250000000
186072  28.653  -4.564  -35.945 0.1250000000
95383  30.325  -3.030  -35.507 0.1250000000
95384  29.685  -3.434  -35.818 0.1250000000
95414  29.908  -2.760  -36.875 0.1250000000
82145  23.683  -12.981  -28.429 0.1250000000
83250  24.216  -12.425  -28.815 0.1250000000
83265  25.255  -11.654  -29.586 0.1250000000
84358  25.956  -10.917  -30.308 0.1250000000
165626  26.265  -10.167  -31.526 0.1250000000
87000  26.965  -8.940  -32.404 0.1250000000
89482  27.701  -7.695  -32.847 0.1250000000
90713  27.620  -7.169  -33.918 0.1250000000
91877  28.605  -6.146  -33.206 0.1250000000
94200  30.197  -3.861  -34.532 0.1250000000
96511  30.052  -2.058  -38.103 0.1250000000
96491  30.923  -2.056  -37.256 0.1250000000
96480  30.581  -2.368  -36.537 0.1250000000
96524  29.863  -1.946  -38.885 0.1250000000
168776  25.524  -11.160  -30.911 0.1250000000
95396  29.448  -3.404  -36.517 0.1250000000
93043  28.380  -5.336  -34.926 0.1250000000
83258  24.089  -12.327  -29.532 0.1250000000
83257  24.752  -12.049  -29.215 0.1250000000
158147  25.691  -11.286  -29.792 0.1250000000
88232  27.190  -8.464  -33.981 0.1250000000
88219  27.360  -8.306  -32.891 0.1250000000
90712  27.712  -6.531  -34.420 0.1250000000
93042  29.064  -4.928  -34.608 0.1250000000
167534  28.063  -6.616  -33.559 0.1250000000
93041  29.754  -4.510  -34.248 0.1250000000
94216  29.258  -4.110  -35.557 0.1250000000
95382  30.871  -2.946  -35.468 0.1250000000
82133  23.312  -13.338  -27.780 0.1250000000
82144  24.560  -12.682  -28.170 0.1250000000
85708  26.780  -9.667  -31.083 0.1250000000
96490  31.612  -2.153  -37.299 0.1250000000
85752  26.051  -9.907  -35.128 0.3750000000
87040  26.454  -9.669  -34.955 0.2500000000
87041  25.827  -9.812  -35.378 0.5000000000
87052  26.051  -9.582  -36.047 0.5000000000
87060  26.602  -9.289  -36.324 0.3750000000
88257  27.160  -8.918  -36.052 0.3750000000
88267  27.000  -9.034  -36.399 0.3750000000
89495  27.502  -7.777  -33.504 0.1250000000
89517  25.257  -8.419  -35.963 0.7500000000
89529  26.738  -8.061  -36.538 0.6250000000
90733  27.266  -6.787  -35.990 0.2500000000
90734  24.088  -7.337  -35.480 0.7500000000
90737  21.871  -6.584  -35.603 1.0000000000
90783  30.100  -7.315  -43.622 0.6250000000
90784  29.517  -7.132  -43.504 0.7500000000
90786  30.594  -7.566  -44.033 0.6250000000
90788  29.334  -6.988  -43.658 0.6250000000
90789  30.464  -7.505  -44.070 0.6250000000
90790  29.941  -7.216  -44.131 0.6250000000
91891  28.323  -6.008  -33.923 0.1250000000
91920  21.477  -6.035  -36.044 1.0000000000
91931  27.150  -6.151  -36.163 0.5000000000
91932  26.619  -6.003  -36.296 0.6250000000
91979  30.717  -7.113  -43.641 0.6250000000
91980  28.612  -6.648  -43.183 0.7500000000
91981  27.464  -6.062  -42.896 0.8750000000
91985  30.849  -7.173  -43.966 0.6250000000
91988  30.727  -7.227  -44.084 0.6250000000
91990  29.466  -6.173  -44.428 0.6250000000
91991  28.363  -5.954  -44.010 0.7500000000
91992  30.009  -5.494  -44.705 0.6250000000
93055  28.702  -4.821  -35.370 0.1250000000
93056  27.969  -5.420  -35.593 0.2500000000
93059  19.825  -5.176  -35.627 0.7500000000
93071  26.127  -4.702  -36.268 0.8750000000
93109  27.795  -6.467  -39.150 1.0000000000
93132  26.540  -5.400  -41.975 1.0000000000
93133  25.201  -4.591  -42.586 0.8750000000
93136  31.266  -5.493  -43.708 0.6250000000
93137  30.824  -5.969  -43.072 0.6250000000
93139  25.519  -4.934  -42.762 1.0000000000
93145  30.650  -5.748  -44.457 0.5000000000
93147  28.807  -5.132  -44.576 0.8750000000
93150  29.899  -4.621  -44.844 0.6250000000
93152  29.415  -4.322  -44.941 0.6250000000
94201  29.472  -4.267  -34.880 0.1250000000
94235  24.842  -4.021  -36.325 1.0000000000
94254  28.461  -4.726  -37.573 0.5000000000
94314  25.045  -3.839  -42.465 1.0000000000
94319  25.012  -4.216  -42.738 1.0000000000
94322  31.256  -4.704  -43.904 0.5000000000
94324  25.143  -4.529  -42.918 1.0000000000
94330  30.306  -4.177  -44.613 0.5000000000
94332  29.620  -3.970  -44.939 0.5000000000
95374  30.563  -3.258  -34.896 0.1250000000
95394  31.075  -2.623  -36.053 0.1250000000
95395  30.126  -2.862  -36.153 0.1250000000
95398  25.123  -3.414  -36.686 1.0000000000
95402  20.729  -3.319  -36.935 0.7500000000
95417  26.322  -3.430  -36.972 1.0000000000
95418  25.507  -2.827  -37.024 1.0000000000
95422  21.989  -3.242  -37.197 1.0000000000
95475  27.379  -3.860  -40.833 1.0000000000
95484  30.299  -3.415  -42.103 0.3750000000
95485  27.358  -3.052  -41.353 1.0000000000
95493  30.480  -3.070  -42.978 0.1250000000
95494  25.168  -2.882  -42.755 1.0000000000
95495  25.002  -3.739  -42.983 1.0000000000
95502  25.491  -2.953  -43.420 1.0000000000
95508  27.257  -2.875  -44.033 0.8750000000
95511  29.442  -3.443  -44.869 0.6250000000
95512  28.845  -3.077  -44.873 0.6250000000
96471  30.577  -2.657  -35.889 0.1250000000
96479  31.281  -2.342  -36.682 0.1250000000
96492  30.311  -2.185  -37.345 0.1250000000
96495  25.492  -1.966  -37.277 1.0000000000
96497  24.127  -2.354  -37.443 1.0000000000
96498  22.752  -2.267  -37.924 1.0000000000
96510  30.645  -1.740  -37.901 0.1250000000
96513  27.099  -2.953  -37.984 1.0000000000
96514  27.171  -2.002  -37.938 1.0000000000
96515  22.119  -1.957  -38.347 0.8750000000
96525  29.469  -2.735  -39.346 0.2500000000
96570  30.342  -2.044  -42.983 0.1250000000
96579  26.636  -2.458  -43.523 1.0000000000
96583  30.246  -2.346  -44.935 0.1250000000
96586  29.411  -2.972  -44.982 0.3750000000
96587  29.374  -2.697  -45.069 0.3750000000
97563  18.533  -1.222  -36.051 0.2500000000
97572  24.932  -1.265  -37.435 1.0000000000
97575  20.762  -1.875  -38.017 0.7500000000
97588  27.029  -1.659  -37.712 1.0000000000
97615  28.188  -1.591  -40.145 1.0000000000
97626  28.272  -1.706  -41.005 1.0000000000
97665  29.435  -1.185  -45.499 0.5000000000
97666  29.027  -2.325  -44.886 0.6250000000
97668  29.941  -1.471  -45.835 0.2500000000
97670  29.969  -1.044  -46.378 0.2500000000
98638  18.297  -0.439  -36.078 0.2500000000
98645  25.587  -0.692  -37.397 1.0000000000
98647  24.131  -0.850  -37.676 1.0000000000
98654  27.891  -1.008  -38.699 1.0000000000
98658  21.827  -0.777  -39.045 1.0000000000
98660  19.446  0.185  -38.060 0.3750000000
98670  21.190  -0.229  -39.083 0.8750000000
98712  31.012  -0.480  -42.621 0.1250000000
98731  31.505  -0.107  -44.638 0.1250000000
99818  23.756  -0.135  -37.839 1.0000000000
99820  18.952  0.732  -37.685 0.2500000000
99827  27.957  -0.122  -38.556 1.0000000000
99831  21.616  0.389  -39.020 0.7500000000
99832  21.229  0.992  -39.016 0.6250000000
99842  20.889  0.558  -39.120 0.5000000000
99850  28.332  0.147  -39.730 1.0000000000
99865  32.250  0.184  -42.379 0.1250000000
99866  28.408  0.013  -41.894 1.0000000000
99875  31.936  0.156  -42.981 0.1250000000
99885  32.143  0.313  -43.542 0.1250000000
100998  18.269  1.159  -36.463 0.2500000000
101003  26.047  0.761  -37.322 1.0000000000
101021  19.387  1.545  -38.497 0.3750000000
101030  20.744  1.293  -39.150 0.6250000000
101031  20.192  1.640  -39.060 0.6250000000
101058  28.096  0.932  -42.720 0.8750000000
101075  26.389  1.297  -45.119 0.2500000000
101095  26.183  1.535  -47.624 0.1250000000
102134  18.729  1.923  -37.550 0.3750000000
102139  27.560  2.320  -38.281 1.0000000000
102140  27.184  2.085  -37.710 1.0000000000
102142  22.163  2.247  -38.333 0.8750000000
102151  20.721  2.157  -38.987 0.5000000000
102158  28.082  1.821  -40.389 1.0000000000
102159  27.793  2.426  -40.055 1.0000000000
102180  27.321  2.055  -42.412 0.6250000000
102201  24.325  2.486  -45.560 0.1250000000
102226  24.357  2.193  -47.009 0.1250000000
102227  24.137  2.419  -47.350 0.1250000000
103313  24.267  3.395  -36.838 1.0000000000
103324  23.127  3.135  -37.742 0.8750000000
103331  27.272  3.772  -38.688 1.0000000000
103356  26.840  3.512  -41.210 0.8750000000
103371  26.370  3.044  -42.629 0.5000000000
103382  24.806  3.340  -44.241 0.2500000000
103402  23.769  2.954  -46.575 0.1250000000
103409  25.726  2.989  -47.737 0.1250000000
103415  24.736  2.728  -48.048 0.1250000000
103416  24.257  2.678  -47.872 0.1250000000
104476  24.974  3.915  -36.521 1.0000000000
104486  22.798  3.773  -37.382 0.8750000000
104514  27.225  3.749  -39.605 0.8750000000
104522  26.607  4.144  -40.944 0.7500000000
104556  24.354  3.759  -44.651 0.1250000000
104557  23.864  4.060  -45.061 0.1250000000
104573  24.732  3.845  -47.331 0.1250000000
104579  24.842  3.122  -47.865 0.1250000000
104581  23.990  4.093  -47.863 0.1250000000
105557  23.461  5.040  -36.345 1.0000000000
105572  26.216  4.607  -36.795 1.0000000000
105606  26.372  4.764  -40.663 0.8750000000
105629  24.527  4.759  -43.669 0.3750000000
105656  23.089  4.796  -48.172 0.1250000000
106696  25.464  6.061  -36.400 1.0000000000
106712  21.490  5.693  -37.050 0.7500000000
106743  26.368  5.457  -39.579 0.8750000000
106759  24.951  6.104  -42.037 0.6250000000
106772  24.372  5.360  -43.453 0.3750000000
106779  23.028  5.927  -44.885 0.1250000000
106793  23.449  5.048  -48.517 0.1250000000
106795  22.623  5.839  -48.095 0.1250000000
106797  23.378  5.910  -48.644 0.1250000000
107794  24.169  6.381  -35.837 1.0000000000
107806  25.994  7.000  -37.072 1.0000000000
107816  26.398  6.371  -38.067 0.7500000000
107830  26.456  6.073  -38.518 0.8750000000
107843  25.265  7.117  -40.318 0.7500000000
107852  25.022  6.939  -41.025 0.7500000000
107896  22.266  6.589  -47.735 0.1250000000
108752  23.155  7.562  -35.756 1.0000000000
108764  25.178  7.315  -36.155 1.0000000000
108813  25.489  7.788  -39.306 0.7500000000
108840  24.338  7.792  -41.943 0.3750000000
108886  22.959  7.180  -48.677 0.1250000000
108887  22.472  7.168  -48.277 0.1250000000
109817  25.488  8.371  -36.217 1.0000000000
109883  24.189  9.050  -41.150 0.7500000000
109892  24.476  7.969  -41.325 0.7500000000
109918  22.930  8.840  -43.498 0.2500000000
109919  22.449  9.108  -43.899 0.2500000000
109940  21.769  9.154  -44.708 0.1250000000
110818  23.923  9.533  -35.525 0.7500000000
110827  25.545  8.920  -36.368 0.8750000000
110842  25.553  9.406  -37.608 0.8750000000
110874  24.742  9.489  -39.834 0.7500000000
110890  24.444  9.231  -40.555 0.7500000000
110920  22.952  9.389  -42.868 0.3750000000
110922  21.476  10.119  -43.283 0.3750000000
110932  21.300  9.800  -43.750 0.1250000000
111887  24.036  10.547  -40.069 0.7500000000
111899  23.164  10.662  -41.177 0.3750000000
111915  22.116  10.697  -42.175 0.3750000000
111973  19.994  10.379  -44.777 0.1250000000
111990  19.552  10.983  -46.111 0.1250000000
112783  19.969  12.422  -33.377 0.1250000000
112819  24.545  11.169  -36.395 0.5000000000
112820  24.131  11.477  -36.056 0.5000000000
112837  23.832  11.178  -39.766 0.7500000000
112842  23.470  10.930  -40.496 0.3750000000
112874  19.727  11.240  -43.595 0.1250000000
112875  18.976  12.183  -43.629 0.1250000000
112892  19.016  11.438  -44.694 0.1250000000
113786  23.687  12.506  -38.605 0.7500000000
113793  22.318  12.520  -40.387 0.3750000000
113800  21.928  12.240  -41.003 0.3750000000
113810  20.662  12.253  -41.867 0.3750000000
113823  19.609  12.208  -42.474 0.2500000000
113825  18.661  12.799  -43.437 0.1250000000
113847  18.329  12.657  -44.694 0.1250000000
114726  23.136  13.496  -38.330 0.3750000000
114732  23.288  13.005  -38.698 0.6250000000
114733  22.795  13.343  -39.122 0.6250000000
114743  22.600  12.880  -39.810 0.5000000000
114765  18.823  12.938  -41.725 0.2500000000
114776  18.774  12.812  -42.498 0.2500000000
115585  21.951  14.553  -34.252 0.1250000000
115631  22.464  14.432  -38.414 0.1250000000
115633  22.763  13.886  -38.615 0.3750000000
115639  21.054  13.982  -40.520 0.5000000000
115640  20.353  13.709  -41.029 0.5000000000
115644  18.972  13.215  -41.199 0.3750000000
115651  18.433  13.858  -42.498 0.2500000000
116560  22.750  14.708  -36.554 0.1250000000
116565  22.092  15.096  -38.075 0.2500000000
116579  19.733  14.512  -40.742 0.3750000000
116581  18.545  13.594  -40.384 0.3750000000
116582  18.067  13.734  -40.889 0.2500000000
116585  19.220  13.745  -40.841 0.3750000000
117542  21.777  15.777  -37.627 0.2500000000
117544  16.591  15.427  -38.401 0.2500000000
117551  20.787  15.873  -38.980 0.2500000000
117552  20.379  16.456  -38.254 0.2500000000
117553  17.541  14.573  -38.987 0.2500000000
117555  15.293  15.167  -38.831 0.2500000000
117558  20.473  15.511  -39.734 0.2500000000
117560  19.006  15.045  -39.630 0.2500000000
117563  16.407  15.050  -39.572 0.2500000000
117566  19.428  14.857  -40.221 0.3750000000
157391  15.923  16.041  -37.911 0.1250000000
157608  16.919  16.682  -37.655 0.1250000000
158307  23.428  1.881  -37.923 0.8750000000
158431  28.403  -0.340  -41.215 1.0000000000
159899  30.502  -1.945  -44.534 0.1250000000
160311  23.364  2.527  -37.961 1.0000000000
160319  31.071  -6.415  -44.031 0.6250000000
162467  25.844  -5.159  -42.477 1.0000000000
162502  22.753  -8.266  -34.384 0.7500000000
162808  22.976  5.296  -48.380 0.1250000000
165056  26.906  -1.187  -37.636 1.0000000000
165359  26.499  1.680  -37.359 1.0000000000
166066  24.556  2.105  -46.238 0.1250000000
166400  30.730  -1.199  -45.960 0.1250000000
169777  27.448  -7.271  -34.716 0.1250000000
170671  21.775  1.769  -38.517 0.6250000000
170929  27.390  -7.011  -35.356 0.2500000000
171016  18.210  13.575  -40.033 0.2500000000
171048  22.213  5.580  -36.646 1.0000000000
171896  18.235  13.502  -43.905 0.1250000000
172471  30.068  -3.770  -44.809 0.5000000000
173686  22.822  14.325  -37.261 0.1250000000
173707  24.709  10.058  -35.914 0.8750000000
174059  26.707  -5.379  -36.348 0.8750000000
174230  30.730  -4.774  -44.477 0.5000000000
174963  22.841  13.539  -35.678 0.1250000000
176943  25.259  8.002  -35.924 1.0000000000
177230  29.027  -4.952  -40.886 0.7500000000
177727  27.440  3.022  -38.456 1.0000000000
179492  24.174  0.620  -37.513 1.0000000000
179682  26.232  6.057  -39.260 0.7500000000
179919  26.063  -2.631  -43.652 1.0000000000
180383  24.893  8.175  -40.318 0.7500000000
181219  22.778  0.411  -38.337 1.0000000000
181499  31.405  -0.169  -43.003 0.1250000000
181648  27.186  3.436  -38.027 1.0000000000
181701  26.324  5.803  -37.214 1.0000000000
181717  20.668  -0.539  -38.904 0.6250000000
182448  26.803  1.573  -47.819 0.1250000000
182654  29.027  -4.072  -36.206 0.1250000000
183037  21.127  3.418  -38.510 0.6250000000
183175  22.586  14.933  -37.129 0.2500000000
183896  28.223  0.728  -39.650 1.0000000000
184026  25.230  2.491  -47.983 0.1250000000
184777  23.889  -3.020  -37.075 1.0000000000
185536  18.398  12.994  -44.135 0.1250000000
186062  23.923  4.627  -36.422 1.0000000000
186343  28.094  -2.209  -41.373 1.0000000000
186471  30.100  -5.793  -42.505 0.6250000000
186502  18.194  1.713  -36.236 0.1250000000
186534  20.975  16.049  -38.403 0.2500000000
187058  30.640  -3.775  -44.205 0.1250000000
187082  26.809  1.639  -43.705 0.5000000000
187600  27.869  1.124  -43.099 0.6250000000
187747  19.352  3.733  -38.890 0.3750000000
188138  25.073  10.536  -37.086 0.7500000000
188811  27.127  -4.503  -37.527 1.0000000000
189080  30.128  -1.140  -46.330 0.1250000000
189599  27.825  0.507  -38.439 1.0000000000
190154  29.937  -1.759  -40.872 0.2500000000
190858  23.719  -3.597  -36.720 1.0000000000
190933  26.660  1.078  -37.482 1.0000000000
