#!ascii label  , from subject sub-v2s13x29133_ses-1 vox2ras=TkReg
1324
26091  -34.979  -59.281  -41.422 0.5000000000
26080  -33.263  -59.418  -40.085 0.8000000119
28209  -32.954  -57.252  -38.650 0.8000000119
27177  -33.382  -58.480  -40.122 0.8000000119
27184  -34.248  -58.817  -41.470 0.8000000119
27179  -35.394  -58.866  -40.127 0.5000000000
26090  -34.635  -59.360  -41.326 0.5000000000
26096  -34.618  -59.024  -41.571 0.6000000238
133721  -33.128  -55.714  -39.882 0.6999999881
29208  -33.353  -56.510  -40.204 0.6999999881
28226  -34.210  -58.063  -41.666 0.8000000119
27191  -35.181  -57.997  -42.663 0.6999999881
141690  -35.145  -57.292  -39.116 0.6000000238
146318  -35.387  -58.878  -41.028 0.5000000000
28221  -35.831  -57.638  -41.071 0.6000000238
30226  -32.781  -54.870  -37.023 0.6999999881
28227  -35.636  -58.129  -42.085 0.6000000238
29216  -36.252  -57.520  -42.172 0.6000000238
30241  -32.855  -55.067  -38.422 0.6999999881
29189  -32.860  -55.793  -37.873 0.6999999881
29209  -33.689  -56.545  -41.255 0.6999999881
28230  -35.579  -57.792  -42.848 0.6000000238
30259  -37.352  -56.535  -42.265 0.6000000238
146221  -34.082  -57.313  -41.741 0.8000000119
29222  -35.558  -57.432  -43.369 0.8000000119
29219  -36.136  -57.330  -43.352 0.6999999881
151193  -35.467  -55.281  -39.308 0.4000000060
29210  -35.962  -56.684  -40.706 0.6000000238
31164  -32.649  -54.316  -37.562 0.6999999881
30253  -37.453  -55.707  -41.401 0.6000000238
31179  -32.775  -54.399  -39.291 0.6999999881
136323  -33.010  -55.011  -40.009 0.6999999881
30251  -33.310  -55.605  -40.731 0.6999999881
30257  -33.682  -55.867  -41.779 0.6999999881
29221  -34.733  -56.502  -43.193 0.6000000238
29220  -36.631  -56.915  -43.615 0.6999999881
157791  -39.145  -55.779  -42.988 0.5000000000
133266  -33.764  -55.253  -42.233 0.6000000238
31198  -35.939  -55.608  -43.586 0.6000000238
30264  -35.691  -56.483  -43.720 0.6000000238
31200  -38.423  -55.646  -43.519 0.6000000238
31199  -37.470  -55.157  -43.694 0.6000000238
32176  -39.574  -54.339  -43.276 0.5000000000
31186  -35.742  -54.712  -39.346 0.4000000060
29203  -35.483  -56.015  -39.666 0.5000000000
32141  -32.018  -52.881  -37.768 0.6999999881
31187  -36.555  -54.899  -40.210 0.6000000238
31188  -37.499  -54.797  -40.675 0.6000000238
31189  -33.091  -54.230  -41.031 0.6999999881
31191  -38.266  -55.624  -41.692 0.6000000238
31190  -33.448  -54.376  -41.748 0.6999999881
31192  -38.975  -55.526  -41.953 0.5000000000
33141  -40.663  -53.717  -41.200 0.6000000238
31195  -35.045  -54.525  -42.889 0.6999999881
32172  -36.235  -54.492  -43.254 0.6000000238
32171  -40.570  -54.146  -42.353 0.5000000000
32165  -40.891  -53.767  -41.866 0.5000000000
32174  -37.975  -54.337  -43.556 0.5000000000
34182  -29.599  -51.335  -35.454 0.6000000238
34209  -30.374  -51.255  -36.126 0.6000000238
32151  -36.028  -53.658  -38.580 0.5000000000
32152  -36.664  -53.446  -38.936 0.5000000000
33099  -31.530  -52.439  -36.738 0.6999999881
33086  -31.338  -52.751  -35.990 0.6999999881
31181  -36.184  -54.077  -39.226 0.5000000000
32153  -37.323  -53.513  -39.514 0.5000000000
157659  -38.651  -52.413  -39.017 0.4000000060
32142  -32.358  -53.538  -38.085 0.6999999881
33131  -38.105  -53.332  -39.771 0.5000000000
32154  -32.588  -53.438  -39.836 0.6999999881
150506  -33.297  -53.107  -41.406 0.6999999881
33128  -39.817  -52.487  -39.696 0.5000000000
32167  -34.282  -53.648  -42.236 0.6999999881
32168  -35.261  -53.470  -42.493 0.6000000238
33140  -40.052  -53.776  -40.932 0.5000000000
32173  -36.965  -54.034  -43.279 0.6000000238
33135  -41.891  -52.619  -40.541 0.5000000000
33153  -37.099  -53.176  -42.981 0.5000000000
33155  -38.802  -53.276  -43.350 0.5000000000
33157  -40.397  -53.059  -43.137 0.5000000000
34258  -42.460  -52.599  -41.050 0.5000000000
33150  -40.820  -53.543  -42.584 0.5000000000
35374  -44.506  -51.699  -40.954 0.3000000119
34226  -39.710  -51.177  -37.758 0.3000000119
35312  -27.721  -50.244  -35.874 0.6000000238
34181  -29.004  -50.617  -35.639 0.6000000238
33118  -37.623  -52.514  -38.351 0.4000000060
33119  -38.470  -52.146  -38.444 0.4000000060
33116  -31.988  -51.886  -38.813 0.6000000238
34240  -40.083  -51.794  -39.006 0.5000000000
33124  -32.203  -52.491  -39.493 0.6999999881
33130  -32.570  -52.671  -40.284 0.6999999881
34247  -40.690  -52.292  -39.841 0.5000000000
33145  -34.528  -52.760  -41.900 0.5000000000
34248  -41.511  -52.231  -39.982 0.5000000000
35366  -43.857  -51.176  -40.059 0.4000000060
34250  -43.003  -52.171  -40.572 0.3000000119
36602  -44.864  -51.219  -40.454 0.4000000060
34268  -43.172  -51.774  -42.284 0.5000000000
34260  -43.687  -51.894  -41.736 0.4000000060
35313  -28.628  -49.686  -36.047 0.6000000238
35315  -29.956  -50.137  -36.174 0.6000000238
34210  -30.943  -50.945  -36.792 0.6000000238
35352  -32.132  -50.918  -38.224 0.6000000238
35359  -32.320  -50.957  -38.820 0.6000000238
35363  -41.279  -51.249  -38.954 0.3000000119
34241  -41.008  -51.746  -39.320 0.4000000060
34244  -32.538  -51.484  -39.924 0.6000000238
36593  -42.171  -50.421  -38.939 0.3000000119
34253  -33.544  -51.741  -40.828 0.6000000238
33138  -34.003  -52.229  -41.363 0.6999999881
36594  -43.003  -50.243  -39.143 0.3000000119
34242  -41.804  -51.749  -39.582 0.3000000119
34255  -35.263  -51.447  -41.357 0.6000000238
37783  -44.310  -49.656  -39.230 0.3000000119
154237  -43.425  -50.732  -39.524 0.3000000119
34256  -36.041  -51.084  -41.428 0.5000000000
34261  -35.954  -51.709  -41.795 0.5000000000
33147  -36.430  -52.346  -42.323 0.5000000000
37785  -46.694  -50.041  -39.897 0.3000000119
37784  -45.434  -49.846  -39.488 0.3000000119
33148  -37.343  -52.200  -42.591 0.5000000000
34271  -39.642  -52.297  -43.109 0.5000000000
37787  -46.517  -50.842  -40.510 0.3000000119
34264  -38.852  -51.543  -42.605 0.5000000000
35382  -45.232  -51.601  -41.866 0.4000000060
35375  -45.442  -51.635  -41.274 0.3000000119
36544  -29.028  -48.453  -36.216 0.5000000000
158311  -30.448  -49.751  -36.481 0.6000000238
35329  -31.011  -50.275  -36.872 0.5000000000
35367  -32.874  -51.031  -39.663 0.6000000238
35361  -34.329  -50.789  -39.461 0.5000000000
156280  -45.130  -48.184  -38.251 0.3000000119
34246  -33.972  -51.180  -40.513 0.6000000238
40137  -46.508  -47.533  -38.157 0.3000000119
142156  -45.541  -48.988  -38.949 0.3000000119
34254  -34.363  -51.558  -41.036 0.6000000238
34263  -37.336  -51.230  -41.992 0.5000000000
36615  -41.983  -50.287  -42.577 0.5000000000
35389  -44.605  -51.299  -42.427 0.4000000060
146967  -44.849  -50.824  -42.635 0.4000000060
36545  -29.997  -49.241  -36.163 0.5000000000
36562  -31.085  -49.997  -36.727 0.5000000000
35344  -33.145  -50.667  -37.655 0.5000000000
35342  -31.830  -50.730  -37.532 0.5000000000
144990  -34.246  -50.736  -38.718 0.5000000000
41238  -46.242  -46.209  -37.168 0.3000000119
41240  -46.818  -46.811  -37.860 0.3000000119
35369  -34.535  -50.850  -40.152 0.6000000238
35378  -36.270  -50.627  -40.964 0.6000000238
35379  -37.340  -50.586  -41.418 0.5000000000
35384  -39.008  -50.778  -42.151 0.5000000000
36604  -46.843  -51.146  -41.616 0.4000000060
39006  -48.450  -49.349  -41.769 0.4000000060
36564  -32.223  -50.191  -36.454 0.5000000000
35345  -34.038  -50.667  -37.491 0.5000000000
35355  -34.288  -50.689  -38.102 0.5000000000
42353  -45.867  -45.683  -36.594 0.4000000060
43443  -46.298  -44.676  -36.304 0.4000000060
36597  -35.966  -50.387  -40.001 0.5000000000
43451  -46.760  -45.027  -36.829 0.4000000060
42361  -47.194  -46.139  -37.747 0.3000000119
36590  -36.407  -50.179  -39.429 0.4000000060
41241  -48.059  -46.791  -38.579 0.3000000119
35371  -36.584  -50.261  -40.515 0.5000000000
36605  -37.365  -50.199  -40.838 0.4000000060
35380  -38.522  -50.251  -41.542 0.4000000060
39011  -46.382  -50.171  -42.517 0.4000000060
35331  -32.935  -50.432  -35.980 0.5000000000
35333  -34.227  -50.602  -36.589 0.5000000000
153934  -34.716  -50.576  -37.704 0.5000000000
44380  -45.893  -44.334  -35.776 0.4000000060
36588  -35.009  -50.590  -39.006 0.5000000000
36582  -36.472  -50.066  -38.594 0.4000000060
44382  -47.183  -43.779  -36.462 0.4000000060
140637  -47.453  -44.219  -36.958 0.4000000060
140858  -37.238  -49.914  -39.234 0.4000000060
36599  -37.301  -50.022  -40.149 0.4000000060
43453  -48.196  -44.463  -37.594 0.4000000060
143404  -39.386  -49.504  -40.798 0.4000000060
36608  -39.651  -49.644  -41.442 0.4000000060
36609  -40.377  -49.443  -41.760 0.4000000060
37795  -43.091  -49.243  -42.567 0.4000000060
39009  -43.715  -48.656  -42.350 0.4000000060
142529  -47.272  -48.508  -41.974 0.4000000060
40156  -49.168  -48.717  -41.560 0.4000000060
39005  -47.338  -49.615  -42.275 0.4000000060
35316  -33.679  -50.526  -35.466 0.5000000000
45361  -46.506  -42.785  -35.311 0.4000000060
45370  -46.841  -43.277  -35.877 0.4000000060
36565  -34.892  -50.488  -37.003 0.5000000000
36583  -37.278  -49.676  -38.222 0.4000000060
157150  -37.669  -49.879  -39.713 0.4000000060
45380  -48.584  -43.248  -37.211 0.4000000060
36601  -38.811  -49.670  -40.444 0.4000000060
37790  -39.961  -49.078  -40.970 0.4000000060
41256  -50.176  -47.539  -40.935 0.3000000119
39004  -45.582  -48.748  -42.138 0.4000000060
36551  -35.041  -50.311  -35.943 0.4000000060
36566  -35.641  -50.104  -36.676 0.5000000000
37774  -37.836  -49.208  -37.817 0.4000000060
45362  -47.216  -42.554  -35.689 0.4000000060
37776  -39.130  -48.625  -38.527 0.4000000060
36584  -37.975  -49.523  -38.556 0.4000000060
38989  -39.676  -48.309  -39.044 0.4000000060
37780  -39.263  -48.960  -39.275 0.4000000060
37786  -40.032  -48.638  -40.238 0.4000000060
39000  -41.034  -48.082  -41.159 0.4000000060
37791  -41.521  -48.665  -41.763 0.4000000060
39008  -42.795  -48.211  -42.053 0.4000000060
41255  -49.408  -47.056  -41.499 0.4000000060
40154  -46.005  -48.102  -41.733 0.4000000060
40155  -47.895  -48.104  -41.757 0.4000000060
36567  -36.267  -49.653  -36.413 0.4000000060
37771  -38.258  -48.606  -37.456 0.4000000060
37775  -38.487  -48.938  -38.141 0.4000000060
38986  -40.039  -47.459  -39.126 0.4000000060
40144  -40.986  -47.376  -40.640 0.4000000060
133658  -41.522  -47.420  -41.166 0.4000000060
147115  -50.329  -46.955  -41.052 0.4000000060
40151  -42.805  -46.833  -41.372 0.4000000060
40152  -43.652  -47.262  -41.459 0.4000000060
40145  -44.077  -46.942  -40.799 0.4000000060
40146  -45.124  -47.237  -40.891 0.4000000060
139341  -46.535  -46.762  -40.984 0.4000000060
37770  -37.612  -48.938  -37.138 0.4000000060
38984  -38.855  -48.233  -37.861 0.4000000060
159700  -40.427  -46.785  -39.604 0.4000000060
41249  -40.938  -46.484  -40.351 0.4000000060
40143  -40.509  -47.404  -39.937 0.4000000060
42380  -42.266  -45.322  -41.003 0.4000000060
41258  -42.230  -46.173  -41.226 0.4000000060
41251  -43.634  -46.181  -40.350 0.4000000060
41244  -45.099  -46.125  -39.841 0.4000000060
42377  -49.622  -46.317  -41.327 0.3000000119
42369  -47.648  -45.771  -40.953 0.4000000060
41254  -47.590  -46.668  -41.329 0.4000000060
38979  -38.549  -47.765  -37.190 0.4000000060
40134  -39.292  -46.977  -37.999 0.4000000060
152333  -39.211  -46.270  -38.084 0.4000000060
41248  -40.458  -45.966  -39.818 0.4000000060
42379  -41.712  -44.829  -40.866 0.4000000060
158707  -43.683  -45.871  -39.753 0.4000000060
42367  -44.610  -45.590  -39.238 0.4000000060
44408  -51.614  -44.438  -39.840 0.4000000060
43480  -50.758  -45.426  -40.569 0.3000000119
42368  -45.709  -45.460  -39.729 0.4000000060
43478  -48.892  -45.339  -41.095 0.5000000000
43479  -49.543  -44.898  -40.942 0.4000000060
43470  -47.242  -44.706  -40.422 0.5000000000
145824  -39.347  -45.710  -38.593 0.4000000060
43474  -40.991  -43.817  -40.544 0.4000000060
42372  -40.440  -44.808  -40.199 0.4000000060
43467  -41.968  -43.858  -40.062 0.4000000060
160776  -41.717  -44.153  -40.667 0.4000000060
43461  -46.089  -44.192  -39.413 0.4000000060
43471  -48.018  -44.263  -40.718 0.5000000000
42357  -38.949  -45.105  -38.594 0.4000000060
43466  -40.463  -43.687  -40.191 0.4000000060
145258  -41.774  -43.354  -39.814 0.4000000060
142276  -46.901  -43.952  -39.982 0.4000000060
45393  -47.935  -42.663  -40.377 0.5000000000
43465  -39.785  -43.539  -39.696 0.4000000060
44395  -41.395  -42.304  -39.555 0.4000000060
44396  -41.614  -43.444  -38.965 0.4000000060
46415  -47.567  -41.692  -39.886 0.5000000000
44375  -40.550  -42.619  -37.538 0.4000000060
44402  -40.056  -42.506  -39.673 0.4000000060
44386  -40.933  -42.149  -38.751 0.4000000060
45386  -41.200  -41.938  -39.580 0.4000000060
44376  -40.917  -43.250  -37.611 0.4000000060
44369  -42.701  -42.931  -36.142 0.5000000000
45384  -40.276  -41.580  -39.397 0.4000000060
159116  -40.306  -51.335  -42.766 0.5000000000
36617  -43.833  -50.547  -42.787 0.5000000000
36611  -46.480  -51.108  -42.276 0.4000000060
26082  -35.159  -59.496  -40.634 0.5000000000
143421  -32.936  -58.030  -38.846 0.8000000119
28197  -32.834  -57.183  -37.841 0.8000000119
133339  -32.855  -56.489  -37.396 0.6999999881
26053  -35.188  -59.142  -38.539 0.5000000000
156247  -32.796  -55.770  -36.194 0.6999999881
28211  -34.997  -57.457  -38.181 0.5000000000
31143  -32.518  -54.591  -35.815 0.6999999881
30243  -35.202  -54.783  -38.524 0.4000000060
28214  -35.125  -56.416  -39.043 0.4000000060
31154  -32.229  -53.855  -36.032 0.6999999881
33098  -31.014  -51.877  -36.430 0.6999999881
31173  -35.308  -54.139  -37.820 0.4000000060
32137  -35.978  -53.245  -37.472 0.4000000060
35300  -28.236  -50.710  -35.539 0.6000000238
33111  -37.915  -52.079  -37.710 0.4000000060
36559  -27.314  -48.544  -37.819 0.6000000238
36560  -28.004  -48.097  -37.128 0.5000000000
156842  -29.421  -48.511  -36.044 0.5000000000
36547  -31.027  -49.665  -36.297 0.5000000000
36528  -31.485  -49.672  -35.383 0.4000000060
36550  -34.468  -50.368  -35.158 0.4000000060
36531  -34.616  -50.030  -34.377 0.4000000060
36552  -35.597  -49.858  -35.486 0.4000000060
36532  -35.789  -49.511  -34.870 0.4000000060
38974  -37.773  -48.007  -36.292 0.4000000060
41234  -38.928  -46.475  -37.519 0.4000000060
42350  -38.899  -45.802  -37.905 0.4000000060
41233  -38.491  -45.974  -37.187 0.4000000060
42356  -38.555  -44.437  -38.709 0.4000000060
45376  -40.713  -41.262  -38.647 0.4000000060
27171  -33.027  -58.656  -39.404 0.8000000119
28219  -33.400  -57.525  -40.129 0.8000000119
28215  -35.509  -56.965  -39.933 0.5000000000
29196  -32.995  -56.543  -38.816 0.6999999881
30256  -33.352  -54.987  -41.397 0.6999999881
157701  -36.735  -55.843  -41.058 0.6000000238
30260  -38.143  -56.298  -42.610 0.6999999881
149241  -35.343  -56.943  -43.540 0.6999999881
32157  -38.445  -54.088  -40.506 0.6000000238
157545  -38.735  -56.028  -42.617 0.6000000238
30266  -37.648  -56.173  -43.640 0.6000000238
151013  -31.859  -52.182  -38.166 0.6999999881
32158  -39.127  -53.742  -40.534 0.5000000000
34211  -31.355  -51.534  -37.154 0.6000000238
33117  -36.875  -52.904  -38.300 0.5000000000
33125  -37.414  -53.005  -38.996 0.5000000000
34234  -40.583  -51.296  -38.644 0.3000000119
34274  -41.947  -51.893  -42.731 0.5000000000
154881  -33.393  -50.806  -39.117 0.6000000238
35383  -38.108  -50.861  -41.940 0.5000000000
35388  -43.164  -51.046  -42.795 0.5000000000
37796  -44.310  -49.854  -42.692 0.4000000060
37793  -41.231  -49.381  -42.020 0.4000000060
139439  -48.008  -50.143  -41.765 0.4000000060
39003  -44.241  -48.147  -41.978 0.4000000060
137065  -42.593  -47.502  -41.654 0.4000000060
37762  -36.730  -49.085  -36.080 0.4000000060
41253  -45.593  -46.690  -40.533 0.4000000060
44387  -41.392  -43.799  -37.759 0.4000000060
19282  -29.872  -64.308  -44.266 0.4000000060
18020  -28.889  -65.010  -43.391 0.4000000060
17990  -28.308  -64.875  -42.113 0.4000000060
16696  -27.247  -65.631  -41.377 0.4000000060
19230  -29.105  -63.827  -42.348 0.4000000060
19228  -28.128  -64.551  -41.421 0.4000000060
17973  -27.557  -64.943  -41.005 0.4000000060
19192  -26.787  -64.465  -39.566 0.4000000060
17923  -26.003  -65.432  -37.889 0.5000000000
20481  -28.909  -63.387  -41.747 0.4000000060
19209  -28.353  -63.896  -41.229 0.4000000060
19174  -27.068  -63.819  -39.359 0.5000000000
19173  -26.467  -64.266  -38.787 0.5000000000
19141  -26.478  -63.901  -37.173 0.6000000238
21646  -29.307  -62.543  -41.928 0.4000000060
150263  -28.794  -62.759  -41.392 0.4000000060
21615  -27.642  -62.760  -39.802 0.4000000060
139604  -26.265  -64.692  -37.546 0.5000000000
30242  -34.933  -55.446  -38.016 0.3000000119
30236  -34.963  -55.408  -37.270 0.4000000060
150759  -36.355  -52.840  -37.046 0.3000000119
16627  -26.366  -65.319  -37.176 0.5000000000
23780  -34.610  -60.688  -36.396 0.5000000000
26038  -35.311  -58.978  -37.386 0.4000000060
23851  -28.107  -60.687  -40.613 0.4000000060
20431  -27.219  -63.134  -39.259 0.5000000000
20430  -26.716  -63.553  -38.628 0.5000000000
22791  -28.522  -61.420  -41.054 0.4000000060
21630  -28.386  -62.384  -40.834 0.4000000060
19124  -27.097  -64.634  -36.056 0.6000000238
17885  -27.765  -64.633  -35.690 0.6000000238
19112  -29.911  -63.803  -35.551 0.6999999881
24904  -34.635  -60.096  -38.092 0.5000000000
17887  -29.532  -64.531  -35.847 0.6999999881
20367  -31.893  -63.196  -35.577 0.6999999881
23802  -34.271  -60.480  -37.437 0.6999999881
20366  -31.218  -63.176  -35.556 0.6999999881
21524  -31.664  -62.613  -35.554 0.6999999881
20414  -26.871  -62.827  -38.551 0.5000000000
20397  -26.535  -63.055  -37.174 0.6000000238
19108  -26.874  -63.560  -35.965 0.6000000238
20362  -27.635  -63.325  -35.207 0.6000000238
22778  -27.614  -61.227  -39.856 0.4000000060
22763  -27.288  -61.653  -39.181 0.5000000000
21547  -26.588  -62.705  -36.619 0.6000000238
19109  -27.198  -64.127  -35.793 0.6000000238
20363  -28.370  -63.580  -35.149 0.6000000238
144088  -29.831  -63.149  -35.268 0.6000000238
33109  -37.067  -52.510  -37.567 0.3000000119
19110  -28.306  -64.207  -35.441 0.6000000238
20365  -30.457  -63.164  -35.466 0.6999999881
23821  -34.089  -60.497  -38.544 0.6000000238
24918  -34.866  -59.902  -39.113 0.5000000000
133799  -27.151  -59.917  -38.394 0.6000000238
23798  -26.758  -60.422  -37.134 0.6000000238
23775  -26.772  -60.789  -36.325 0.6999999881
22689  -27.056  -61.657  -35.495 0.6000000238
22690  -27.361  -61.965  -35.097 0.6000000238
21506  -29.636  -62.096  -34.924 0.6000000238
141149  -27.055  -60.604  -38.500 0.5000000000
22750  -26.627  -61.849  -37.592 0.6000000238
22692  -30.800  -61.632  -35.580 0.6000000238
136300  -31.303  -61.496  -35.959 0.6999999881
23800  -32.758  -60.614  -38.206 0.6999999881
22716  -32.342  -61.113  -36.797 0.6999999881
24933  -34.504  -60.265  -39.741 0.6000000238
22734  -32.841  -60.895  -37.366 0.6999999881
24882  -27.111  -59.462  -36.110 0.6000000238
23776  -27.014  -60.277  -35.792 0.6999999881
24850  -28.323  -60.198  -34.370 0.6999999881
23761  -27.354  -61.269  -35.104 0.6999999881
22668  -29.071  -61.667  -34.610 0.6000000238
23852  -33.740  -60.382  -40.051 0.5000000000
23762  -30.970  -60.891  -35.752 0.6999999881
22714  -31.502  -60.960  -36.398 0.6999999881
23820  -33.424  -60.604  -38.827 0.6000000238
25990  -31.478  -58.532  -34.914 0.6999999881
26017  -32.235  -58.905  -37.144 0.6999999881
157623  -29.305  -59.251  -33.867 0.6999999881
26002  -31.269  -59.273  -35.243 0.6000000238
26016  -31.892  -59.204  -36.511 0.5000000000
23725  -29.033  -60.277  -34.237 0.6999999881
23741  -29.375  -60.877  -34.467 0.6000000238
24883  -31.390  -60.403  -36.310 0.6999999881
24931  -32.914  -60.194  -39.467 0.5000000000
22670  -30.381  -61.158  -35.215 0.6000000238
23799  -32.400  -60.308  -38.208 0.6999999881
23819  -32.818  -60.343  -38.894 0.6000000238
27114  -31.949  -58.067  -35.325 0.6999999881
27127  -32.569  -58.038  -37.014 0.6999999881
27115  -32.632  -57.463  -36.296 0.6999999881
26066  -32.827  -59.576  -39.318 0.6000000238
140034  -32.779  -58.678  -38.693 0.6999999881
138761  -35.022  -59.612  -38.085 0.5000000000
26036  -31.992  -59.641  -37.203 0.6000000238
19252  -28.818  -64.375  -42.474 0.4000000060
17939  -26.149  -64.969  -39.053 0.4000000060
21645  -28.915  -62.017  -41.478 0.4000000060
20465  -28.001  -63.675  -40.567 0.4000000060
21598  -27.273  -62.419  -39.190 0.4000000060
22779  -28.011  -61.705  -40.385 0.4000000060
21525  -33.096  -62.158  -35.574 0.6999999881
22717  -33.159  -61.215  -36.408 0.6999999881
146450  -26.762  -62.907  -36.064 0.6000000238
21505  -28.622  -62.357  -34.719 0.6000000238
141162  -26.730  -61.041  -37.827 0.6999999881
22733  -26.602  -61.288  -36.954 0.6000000238
23740  -28.603  -60.931  -34.395 0.6000000238
25988  -30.481  -59.315  -34.260 0.6999999881
24868  -31.052  -60.050  -35.557 0.6000000238
27126  -32.235  -58.302  -36.212 0.6000000238
142297  -27.717  -59.210  -34.860 0.5000000000
24946  -27.711  -59.488  -39.815 0.4000000060
24902  -26.949  -59.631  -36.918 0.5000000000
140581  -28.969  -58.151  -33.850 0.6000000238
26079  -28.201  -58.637  -40.611 0.4000000060
26065  -27.477  -58.604  -38.826 0.5000000000
137288  -27.235  -59.230  -38.228 0.5000000000
147206  -27.164  -58.914  -36.780 0.5000000000
25986  -27.771  -58.406  -35.024 0.5000000000
27078  -28.588  -57.488  -34.066 0.5000000000
26001  -27.445  -58.935  -35.493 0.5000000000
25967  -29.580  -58.586  -33.681 0.6000000238
27081  -30.811  -57.842  -33.829 0.5000000000
27079  -29.454  -57.599  -33.605 0.5000000000
28161  -31.826  -56.879  -34.351 0.6999999881
28142  -30.586  -56.712  -33.405 0.6000000238
29145  -32.069  -56.145  -34.489 0.6000000238
27182  -28.021  -57.176  -40.976 0.5000000000
150700  -27.452  -57.997  -38.598 0.5000000000
27147  -27.322  -57.736  -37.048 0.5000000000
154593  -27.692  -56.910  -35.285 0.5000000000
27125  -27.390  -57.854  -36.333 0.5000000000
28171  -32.567  -56.959  -35.623 0.6000000238
28140  -29.001  -56.777  -33.783 0.6000000238
29127  -30.924  -56.055  -33.529 0.5000000000
30208  -32.641  -55.386  -35.630 0.6000000238
139213  -27.547  -56.770  -39.732 0.5000000000
28208  -27.295  -56.852  -38.272 0.5000000000
29172  -27.114  -56.447  -37.056 0.5000000000
155973  -27.438  -56.778  -35.879 0.5000000000
28159  -27.894  -56.396  -34.754 0.5000000000
28162  -32.374  -56.552  -34.951 0.6000000238
142519  -29.773  -55.481  -33.485 0.5000000000
31111  -31.393  -54.809  -34.165 0.6000000238
29214  -27.202  -56.088  -41.171 0.5000000000
142219  -27.346  -56.629  -38.992 0.5000000000
29187  -26.737  -55.807  -38.206 0.5000000000
30234  -26.417  -55.359  -37.496 0.5000000000
31163  -25.995  -54.660  -36.995 0.6000000238
29171  -26.776  -55.889  -36.770 0.4000000060
31162  -25.704  -53.951  -37.634 0.4000000060
30206  -26.691  -55.116  -35.578 0.5000000000
30190  -27.089  -54.991  -34.907 0.5000000000
29153  -27.407  -56.194  -35.447 0.4000000060
33097  -25.744  -52.666  -36.618 0.4000000060
139832  -26.534  -52.911  -35.064 0.5000000000
31123  -27.198  -54.331  -34.629 0.5000000000
154637  -25.779  -51.979  -36.956 0.4000000060
31107  -28.365  -54.466  -34.001 0.6000000238
31109  -29.811  -54.768  -33.632 0.6000000238
31124  -31.155  -54.176  -34.375 0.6000000238
32113  -31.710  -53.487  -35.633 0.6000000238
31141  -26.162  -53.703  -35.565 0.5000000000
33084  -26.332  -52.338  -35.422 0.5000000000
33067  -27.702  -52.359  -34.685 0.5000000000
32092  -27.455  -53.714  -34.435 0.5000000000
35326  -26.315  -50.323  -37.770 0.4000000060
34178  -26.961  -51.095  -35.583 0.5000000000
160154  -29.320  -52.724  -34.464 0.6000000238
32075  -28.733  -53.918  -33.919 0.6000000238
155711  -30.391  -53.311  -34.450 0.6000000238
34179  -27.672  -51.436  -35.198 0.5000000000
37768  -27.124  -48.148  -37.883 0.3000000119
35341  -26.763  -49.298  -38.329 0.4000000060
35311  -27.100  -50.298  -36.211 0.5000000000
33069  -29.434  -52.216  -34.809 0.5000000000
33085  -30.752  -52.339  -35.632 0.6000000238
36529  -32.216  -50.039  -35.121 0.3000000119
37739  -30.113  -48.810  -35.095 0.3000000119
37751  -28.996  -47.941  -35.978 0.4000000060
37761  -28.194  -47.488  -36.862 0.4000000060
36513  -32.660  -50.080  -33.484 0.3000000119
37754  -36.583  -48.826  -35.260 0.3000000119
36516  -35.285  -49.622  -34.247 0.3000000119
144613  -36.587  -48.290  -34.559 0.3000000119
38968  -37.435  -48.029  -35.804 0.3000000119
40124  -38.076  -46.915  -36.274 0.3000000119
41228  -38.014  -46.142  -36.407 0.3000000119
41224  -37.571  -46.006  -35.810 0.3000000119
43455  -38.299  -43.704  -38.805 0.3000000119
36542  -27.574  -49.285  -36.675 0.5000000000
133506  -32.626  -50.145  -34.368 0.3000000119
27104  -31.622  -57.768  -34.558 0.5000000000
26035  -27.305  -58.395  -37.325 0.5000000000
30180  -28.665  -55.582  -33.890 0.5000000000
32078  -30.561  -53.853  -34.158 0.6000000238
24905  -35.161  -59.716  -37.223 0.3000000119
19115  -32.330  -63.604  -35.745 0.6000000238
22718  -34.100  -61.159  -35.998 0.6000000238
156738  -36.509  -55.387  -35.367 0.3000000119
29173  -35.776  -56.404  -36.098 0.3000000119
133617  -35.494  -56.916  -36.459 0.3000000119
30237  -35.144  -55.732  -36.669 0.3000000119
28181  -35.965  -57.129  -36.035 0.3000000119
28199  -35.179  -57.409  -37.173 0.3000000119
28198  -34.965  -56.848  -37.607 0.3000000119
21526  -33.931  -62.219  -35.508 0.6000000238
22695  -34.417  -61.704  -35.588 0.5000000000
30210  -37.306  -55.506  -35.305 0.3000000119
30209  -35.876  -55.253  -35.629 0.3000000119
30228  -35.411  -55.105  -36.123 0.3000000119
30227  -35.100  -54.920  -36.769 0.3000000119
27128  -35.700  -58.591  -36.411 0.3000000119
153996  -35.563  -59.309  -36.683 0.3000000119
23781  -35.389  -60.614  -36.064 0.4000000060
23850  -27.622  -60.360  -39.884 0.4000000060
30194  -37.714  -55.074  -34.667 0.3000000119
31126  -36.618  -54.293  -34.705 0.3000000119
31145  -36.063  -54.110  -35.188 0.3000000119
32114  -35.629  -53.925  -35.785 0.3000000119
15560  -25.258  -66.919  -40.288 0.5000000000
148577  -25.562  -67.476  -38.794 0.5000000000
16725  -28.175  -65.423  -42.617 0.4000000060
16713  -26.664  -66.208  -41.525 0.4000000060
16694  -25.759  -66.371  -40.597 0.4000000060
15559  -24.962  -67.513  -40.760 0.5000000000
15501  -27.649  -66.817  -37.369 0.5000000000
15514  -27.224  -67.311  -37.789 0.5000000000
149296  -25.578  -66.320  -39.937 0.5000000000
15512  -25.853  -66.987  -38.242 0.5000000000
16683  -26.055  -65.743  -40.156 0.4000000060
17911  -31.137  -65.224  -37.158 0.6000000238
17910  -30.348  -65.358  -37.005 0.6000000238
16643  -28.100  -66.312  -36.969 0.5000000000
15500  -26.841  -66.788  -37.408 0.5000000000
17956  -26.472  -65.097  -39.849 0.3000000119
17938  -25.725  -65.700  -38.656 0.4000000060
15499  -26.174  -66.588  -37.670 0.5000000000
17902  -32.359  -64.735  -36.669 0.6000000238
17899  -29.966  -64.982  -36.371 0.6000000238
17898  -29.109  -65.161  -36.164 0.6000000238
16640  -26.113  -65.960  -37.583 0.4000000060
16642  -27.262  -66.311  -36.962 0.5000000000
20382  -33.915  -63.412  -35.893 0.6000000238
147365  -36.267  -58.739  -35.898 0.3000000119
23763  -35.888  -61.143  -35.719 0.4000000060
19126  -31.181  -64.286  -36.130 0.6000000238
16628  -26.902  -65.667  -36.649 0.4000000060
26019  -36.961  -58.580  -35.743 0.3000000119
29174  -36.396  -56.484  -35.980 0.3000000119
160007  -36.020  -60.466  -35.944 0.3000000119
152742  -34.583  -62.265  -35.555 0.5000000000
19125  -30.369  -64.362  -36.041 0.6000000238
20381  -33.124  -63.489  -35.777 0.6000000238
17900  -30.767  -64.823  -36.555 0.6000000238
23782  -36.583  -60.582  -35.797 0.3000000119
17912  -31.921  -65.172  -37.228 0.5000000000
19143  -33.900  -64.483  -36.887 0.5000000000
19129  -33.547  -64.060  -36.291 0.5000000000
19144  -34.588  -64.277  -37.043 0.4000000060
19130  -34.289  -63.939  -36.421 0.5000000000
17914  -33.489  -64.980  -37.395 0.5000000000
16647  -31.496  -65.606  -37.791 0.5000000000
19158  -34.831  -64.493  -37.652 0.4000000060
20398  -35.685  -63.568  -36.849 0.4000000060
20385  -36.107  -63.018  -36.418 0.4000000060
20369  -34.980  -62.652  -35.709 0.5000000000
16645  -29.896  -65.976  -37.462 0.5000000000
16646  -30.728  -65.714  -37.658 0.5000000000
21527  -35.719  -62.488  -35.882 0.4000000060
10457  -24.076  -71.410  -46.191 0.3000000119
9470  -24.242  -71.784  -46.801 0.3000000119
146165  -24.328  -71.644  -45.149 0.3000000119
10416  -25.929  -71.321  -43.696 0.3000000119
11400  -27.382  -70.717  -43.395 0.4000000060
10430  -24.080  -71.209  -44.617 0.3000000119
10413  -23.976  -70.675  -44.020 0.3000000119
11387  -28.620  -70.215  -43.203 0.4000000060
10401  -26.472  -70.936  -43.128 0.4000000060
10400  -25.577  -71.092  -42.962 0.3000000119
144919  -23.941  -70.036  -43.802 0.3000000119
12458  -29.176  -69.938  -43.005 0.4000000060
143192  -29.203  -69.638  -42.118 0.4000000060
11384  -26.174  -70.760  -42.357 0.4000000060
10399  -24.817  -70.994  -42.943 0.4000000060
12473  -24.046  -69.560  -43.184 0.4000000060
148023  -24.889  -70.669  -42.273 0.4000000060
15576  -33.117  -67.131  -41.693 0.3000000119
12436  -30.022  -69.311  -42.156 0.4000000060
13471  -29.640  -69.186  -41.471 0.4000000060
12435  -28.268  -69.814  -41.679 0.4000000060
157570  -26.917  -70.063  -41.229 0.4000000060
11348  -25.606  -70.158  -41.088 0.4000000060
11366  -24.573  -70.297  -41.897 0.4000000060
16697  -34.015  -66.186  -41.107 0.3000000119
13461  -30.748  -68.462  -41.163 0.4000000060
13445  -29.787  -68.503  -40.359 0.4000000060
13460  -30.054  -68.725  -40.976 0.4000000060
13458  -28.608  -69.143  -40.591 0.4000000060
13443  -28.039  -69.005  -40.036 0.4000000060
158332  -26.513  -69.789  -40.646 0.4000000060
12396  -26.618  -69.481  -40.202 0.4000000060
12412  -26.025  -69.781  -40.547 0.4000000060
12409  -24.329  -69.442  -41.386 0.4000000060
15545  -32.818  -66.666  -40.365 0.4000000060
14500  -30.864  -67.617  -40.039 0.4000000060
13428  -27.642  -68.599  -39.317 0.4000000060
13441  -26.480  -69.066  -39.651 0.4000000060
13457  -24.464  -68.953  -41.017 0.4000000060
12393  -24.844  -69.303  -40.450 0.4000000060
13487  -24.390  -68.747  -42.315 0.4000000060
14499  -30.162  -67.618  -39.570 0.4000000060
13429  -28.655  -68.330  -39.456 0.4000000060
14497  -28.054  -68.061  -38.851 0.4000000060
13426  -26.075  -68.750  -39.266 0.4000000060
14524  -24.663  -68.189  -40.914 0.4000000060
13425  -25.612  -68.495  -39.293 0.4000000060
15530  -30.766  -67.073  -39.346 0.4000000060
14481  -29.284  -67.329  -38.670 0.4000000060
15515  -28.061  -67.232  -37.864 0.4000000060
17926  -33.810  -65.231  -38.106 0.4000000060
15518  -30.584  -66.606  -38.697 0.4000000060
16658  -31.082  -66.097  -38.294 0.4000000060
19146  -35.914  -63.819  -37.610 0.3000000119
21568  -36.797  -62.807  -36.658 0.3000000119
14478  -26.818  -67.770  -38.265 0.4000000060
16659  -31.856  -66.002  -38.425 0.4000000060
21549  -37.079  -62.174  -36.284 0.3000000119
15516  -28.917  -67.032  -38.063 0.4000000060
11386  -27.920  -70.375  -42.912 0.4000000060
11370  -27.677  -70.214  -42.116 0.4000000060
11369  -26.790  -70.334  -41.749 0.4000000060
11368  -25.908  -70.492  -41.672 0.4000000060
157994  -32.605  -67.284  -41.310 0.4000000060
14541  -31.337  -68.173  -41.360 0.4000000060
133666  -33.555  -66.688  -41.414 0.3000000119
12414  -27.934  -69.541  -40.827 0.4000000060
16685  -33.691  -66.106  -40.263 0.3000000119
15561  -32.362  -67.094  -40.735 0.4000000060
14525  -30.480  -68.234  -40.537 0.4000000060
14509  -29.566  -68.159  -39.796 0.4000000060
15532  -32.539  -66.552  -39.680 0.4000000060
142561  -28.796  -67.825  -38.919 0.4000000060
12381  -25.613  -68.867  -39.603 0.4000000060
14479  -27.626  -67.721  -38.296 0.4000000060
16670  -31.428  -66.532  -39.025 0.4000000060
13490  -31.834  -68.685  -43.028 0.3000000119
11403  -29.911  -70.205  -44.240 0.3000000119
11413  -28.580  -70.675  -44.443 0.3000000119
12474  -29.771  -69.915  -43.496 0.3000000119
13489  -31.148  -68.955  -42.739 0.3000000119
11412  -27.743  -70.848  -44.185 0.3000000119
14555  -32.179  -68.208  -42.577 0.3000000119
13488  -30.601  -69.023  -42.226 0.3000000119
14542  -31.786  -68.139  -41.894 0.3000000119
16684  -33.117  -66.320  -39.893 0.3000000119
16673  -33.573  -65.927  -39.427 0.3000000119
16661  -33.352  -65.733  -38.657 0.3000000119
17927  -34.641  -64.940  -38.297 0.3000000119
15591  -33.302  -67.412  -42.410 0.3000000119
15531  -31.980  -66.695  -39.505 0.3000000119
9444  -25.020  -71.882  -45.047 0.3000000119
10414  -24.356  -71.145  -43.808 0.3000000119
10415  -25.022  -71.363  -43.643 0.3000000119
10434  -28.142  -71.050  -44.920 0.3000000119
10442  -24.027  -71.299  -45.382 0.3000000119
10443  -24.203  -71.708  -45.740 0.3000000119
11347  -24.980  -70.131  -41.202 0.4000000060
11349  -26.394  -70.089  -41.077 0.4000000060
11367  -25.208  -70.501  -41.689 0.4000000060
11382  -24.410  -70.569  -42.667 0.4000000060
11383  -25.392  -70.795  -42.283 0.4000000060
11385  -27.058  -70.582  -42.583 0.4000000060
11399  -23.993  -70.276  -43.250 0.3000000119
11401  -28.256  -70.502  -43.679 0.4000000060
11402  -29.108  -70.295  -43.840 0.3000000119
11436  -24.065  -70.951  -46.517 0.3000000119
12394  -25.234  -69.142  -39.981 0.4000000060
12395  -25.874  -69.292  -39.923 0.4000000060
12397  -27.352  -69.405  -40.302 0.4000000060
12410  -24.711  -69.638  -40.949 0.4000000060
12411  -25.307  -69.694  -40.543 0.4000000060
12413  -27.028  -69.790  -40.787 0.4000000060
12415  -28.826  -69.415  -41.218 0.4000000060
12432  -24.213  -69.654  -41.890 0.4000000060
12433  -24.520  -69.899  -41.419 0.4000000060
12434  -27.434  -69.971  -41.377 0.4000000060
12456  -24.061  -69.968  -42.519 0.4000000060
12457  -28.513  -70.036  -42.514 0.4000000060
12459  -30.471  -69.331  -42.776 0.3000000119
13424  -25.343  -67.992  -39.263 0.4000000060
13427  -26.806  -68.691  -39.209 0.4000000060
13440  -24.784  -68.585  -40.243 0.4000000060
13442  -27.144  -69.064  -39.764 0.4000000060
13444  -28.988  -68.708  -40.157 0.4000000060
13459  -29.303  -68.971  -40.777 0.4000000060
13469  -24.247  -69.076  -41.772 0.4000000060
13470  -24.521  -68.467  -41.647 0.4000000060
13472  -30.347  -68.892  -41.636 0.4000000060
13473  -31.078  -68.616  -41.893 0.3000000119
13474  -31.618  -68.537  -42.410 0.3000000119
13502  -24.634  -68.560  -42.886 0.4000000060
14477  -26.111  -67.697  -38.392 0.5000000000
14480  -28.470  -67.561  -38.427 0.4000000060
14494  -25.837  -68.160  -38.893 0.4000000060
14495  -26.446  -68.234  -38.764 0.4000000060
14496  -27.210  -68.203  -38.758 0.4000000060
14498  -29.451  -67.732  -39.234 0.4000000060
14508  -25.003  -67.946  -39.794 0.4000000060
14510  -30.183  -68.023  -40.054 0.4000000060
14511  -31.684  -67.360  -40.410 0.4000000060
14526  -31.170  -67.917  -40.770 0.4000000060
14527  -31.944  -67.665  -41.190 0.4000000060
14528  -32.557  -67.681  -41.970 0.3000000119
15502  -28.495  -66.710  -37.489 0.5000000000
15503  -29.319  -66.494  -37.731 0.5000000000
15513  -26.473  -67.230  -37.904 0.5000000000
15517  -29.786  -66.708  -38.336 0.4000000060
15528  -25.215  -67.384  -39.359 0.5000000000
15529  -30.032  -67.161  -38.982 0.4000000060
15541  -25.018  -67.422  -39.990 0.5000000000
15542  -25.322  -66.841  -39.583 0.5000000000
15543  -31.493  -67.024  -39.728 0.4000000060
15544  -32.152  -66.893  -40.074 0.4000000060
15546  -33.377  -66.499  -40.756 0.3000000119
15562  -32.978  -66.892  -41.036 0.4000000060
16629  -27.709  -65.821  -36.493 0.4000000060
16630  -28.598  -65.775  -36.554 0.6000000238
16631  -29.513  -65.594  -36.740 0.6000000238
16641  -26.574  -66.158  -37.191 0.4000000060
16644  -28.977  -66.175  -37.132 0.6000000238
16648  -32.274  -65.551  -37.858 0.5000000000
16656  -25.824  -66.209  -38.142 0.5000000000
16657  -30.345  -66.217  -38.082 0.4000000060
16660  -32.613  -65.896  -38.512 0.4000000060
16669  -25.539  -66.682  -38.856 0.5000000000
16671  -32.225  -66.340  -39.053 0.3000000119
16672  -32.896  -66.151  -39.209 0.3000000119
16682  -25.581  -66.187  -39.327 0.5000000000
16695  -26.459  -65.947  -40.912 0.4000000060
16712  -26.032  -66.533  -41.275 0.4000000060
17886  -28.664  -64.688  -35.686 0.6000000238
17895  -26.737  -64.926  -36.527 0.6000000238
17896  -27.365  -65.173  -36.189 0.6000000238
17897  -28.207  -65.238  -36.064 0.4000000060
17901  -31.563  -64.775  -36.619 0.6000000238
17913  -32.712  -65.108  -37.290 0.5000000000
17915  -34.233  -64.783  -37.531 0.4000000060
17924  -26.096  -64.854  -38.264 0.5000000000
17925  -33.045  -65.430  -37.958 0.5000000000
17955  -25.854  -65.570  -39.428 0.3000000119
17957  -27.207  -64.704  -40.303 0.4000000060
17972  -26.860  -65.327  -40.599 0.4000000060
18008  -28.624  -64.937  -42.815 0.4000000060
18009  -29.156  -64.413  -43.066 0.4000000060
18021  -29.359  -64.682  -43.799 0.4000000060
19111  -29.018  -64.059  -35.450 0.6999999881
19113  -30.797  -63.769  -35.739 0.6999999881
19114  -31.581  -63.729  -35.757 0.6999999881
19123  -26.717  -64.167  -36.403 0.6000000238
19127  -31.969  -64.229  -36.162 0.6000000238
19128  -32.762  -64.154  -36.205 0.6000000238
19131  -34.996  -63.780  -36.596 0.4000000060
19142  -33.152  -64.650  -36.745 0.5000000000
19145  -35.249  -64.077  -37.283 0.4000000060
19157  -26.391  -64.086  -38.008 0.5000000000
19193  -27.451  -64.068  -40.085 0.4000000060
19208  -27.821  -64.301  -40.777 0.4000000060
19229  -28.613  -64.149  -41.882 0.4000000060
19253  -29.122  -64.095  -42.685 0.4000000060
20351  -28.082  -62.883  -34.887 0.6000000238
20352  -28.717  -63.011  -34.925 0.6000000238
20361  -27.117  -63.075  -35.576 0.6000000238
20364  -29.217  -63.407  -35.191 0.6000000238
20368  -34.274  -62.779  -35.621 0.6000000238
20380  -26.635  -63.395  -36.530 0.6000000238
20383  -34.650  -63.316  -36.026 0.5000000000
20384  -35.375  -63.176  -36.195 0.5000000000
20399  -36.374  -63.325  -37.130 0.3000000119
20413  -26.546  -63.316  -37.880 0.6000000238
20448  -28.043  -63.013  -40.383 0.4000000060
20466  -28.428  -63.219  -41.027 0.4000000060
21504  -27.854  -62.207  -34.745 0.6000000238
21519  -26.954  -62.332  -35.629 0.6000000238
21520  -27.467  -62.651  -35.131 0.6000000238
21521  -29.344  -62.709  -34.973 0.6000000238
21522  -30.079  -62.582  -35.221 0.6000000238
21523  -30.822  -62.446  -35.491 0.6999999881
21567  -26.558  -62.443  -37.180 0.6000000238
21582  -26.623  -62.575  -37.814 0.5000000000
21583  -26.886  -62.029  -38.464 0.6000000238
21616  -27.949  -62.409  -40.227 0.4000000060
21660  -30.033  -61.907  -42.651 0.4000000060
22666  -27.685  -61.580  -34.784 0.6000000238
22667  -28.242  -61.614  -34.587 0.6000000238
22669  -29.801  -61.410  -34.828 0.6000000238
22691  -30.232  -61.884  -35.259 0.6000000238
22693  -32.684  -61.611  -36.001 0.6999999881
22694  -33.589  -61.658  -35.751 0.6000000238
22696  -35.241  -61.890  -35.608 0.4000000060
22697  -36.095  -61.787  -35.765 0.4000000060
22713  -26.728  -61.640  -36.116 0.6000000238
22715  -31.867  -61.341  -36.299 0.6999999881
22719  -34.976  -61.188  -35.744 0.5000000000
23739  -27.814  -60.874  -34.644 0.6999999881
23742  -30.000  -60.670  -34.704 0.6000000238
23743  -30.574  -60.408  -35.060 0.6000000238
23760  -27.012  -61.022  -35.641 0.6999999881
23777  -31.841  -60.567  -36.911 0.6999999881
23778  -32.242  -60.649  -37.475 0.6999999881
23779  -33.751  -60.832  -36.842 0.6999999881
23801  -33.520  -60.707  -37.914 0.6999999881
23803  -34.912  -60.211  -36.854 0.5000000000
23818  -26.888  -60.352  -37.894 0.6000000238
23836  -27.359  -60.117  -39.138 0.4000000060
23837  -33.300  -60.489  -39.538 0.6000000238
23838  -34.041  -60.486  -39.536 0.6000000238
24830  -28.821  -59.636  -34.068 0.6999999881
24831  -29.431  -59.763  -34.047 0.6999999881
24832  -29.916  -59.346  -33.966 0.6999999881
24849  -27.734  -60.001  -34.740 0.6999999881
24851  -29.658  -60.227  -34.297 0.6999999881
24852  -30.176  -59.916  -34.436 0.6999999881
24853  -30.776  -59.660  -34.809 0.6000000238
24867  -27.363  -59.747  -35.329 0.6999999881
24869  -31.497  -59.625  -36.030 0.5000000000
24881  -26.873  -60.117  -36.436 0.6000000238
24884  -31.728  -59.982  -36.788 0.6999999881
24885  -35.618  -59.947  -36.361 0.4000000060
24886  -36.337  -59.930  -35.918 0.3000000119
24901  -26.984  -59.780  -37.659 0.6000000238
24903  -32.027  -60.250  -37.504 0.6999999881
24917  -34.443  -60.290  -39.092 0.6000000238
24930  -27.430  -59.352  -39.014 0.4000000060
24932  -33.308  -60.245  -39.959 0.5000000000
24934  -34.787  -59.951  -40.173 0.6000000238
24947  -33.171  -60.006  -39.916 0.5000000000
24948  -33.773  -59.986  -40.495 0.5000000000
24949  -34.284  -60.249  -40.387 0.5000000000
24950  -34.671  -59.736  -40.841 0.5000000000
24963  -34.325  -59.820  -40.927 0.5000000000
25966  -28.777  -58.862  -33.975 0.5000000000
25968  -30.467  -58.651  -33.909 0.6999999881
25987  -28.167  -58.669  -34.471 0.6000000238
25989  -30.960  -58.955  -34.534 0.6999999881
26003  -31.738  -58.830  -35.689 0.6000000238
26015  -27.314  -58.593  -36.177 0.5000000000
26018  -36.000  -59.295  -36.128 0.3000000119
26037  -32.276  -59.692  -37.949 0.6000000238
26051  -27.335  -58.529  -38.051 0.5000000000
26052  -32.597  -60.025  -38.769 0.6000000238
26067  -35.257  -59.413  -39.645 0.5000000000
26078  -27.777  -58.621  -39.680 0.5000000000
26081  -33.756  -59.205  -40.829 0.8000000119
26089  -34.258  -59.459  -41.167 0.5000000000
26097  -34.951  -58.742  -41.916 0.6000000238
26098  -35.253  -58.285  -42.405 0.6000000238
27080  -30.135  -58.026  -33.628 0.5000000000
27082  -31.313  -57.399  -34.019 0.5000000000
27101  -27.774  -57.626  -35.163 0.5000000000
27102  -28.127  -57.914  -34.581 0.5000000000
27103  -31.119  -58.266  -34.293 0.6999999881
27113  -27.517  -58.114  -35.652 0.5000000000
27129  -36.275  -57.960  -35.909 0.3000000119
27148  -32.563  -58.614  -37.881 0.6999999881
27149  -35.383  -58.179  -37.016 0.3000000119
27161  -27.352  -57.710  -37.923 0.5000000000
27162  -35.190  -58.248  -37.879 0.5000000000
27170  -27.486  -57.285  -38.816 0.5000000000
27172  -35.244  -58.352  -39.088 0.5000000000
27175  -27.723  -57.753  -39.450 0.5000000000
27176  -28.065  -57.832  -40.366 0.5000000000
27178  -33.743  -58.274  -40.923 0.8000000119
27185  -35.225  -58.681  -41.866 0.6000000238
27190  -34.732  -58.487  -41.980 0.6999999881
28141  -30.298  -57.378  -33.501 0.5000000000
28143  -31.254  -56.746  -33.737 0.6000000238
28160  -28.399  -56.652  -34.234 0.6000000238
28169  -27.526  -57.375  -35.808 0.5000000000
28170  -32.167  -57.326  -35.038 0.6000000238
28178  -27.329  -57.078  -36.551 0.5000000000
28179  -32.802  -56.539  -36.438 0.6999999881
28180  -35.594  -57.704  -36.419 0.3000000119
28196  -27.260  -57.037  -37.439 0.5000000000
28210  -34.931  -56.698  -38.304 0.5000000000
28213  -33.116  -57.785  -39.393 0.8000000119
28218  -27.613  -56.636  -40.717 0.5000000000
28220  -33.727  -57.346  -40.980 0.8000000119
28224  -26.998  -56.345  -41.798 0.5000000000
28229  -34.607  -57.745  -42.358 0.8000000119
29124  -28.688  -56.191  -33.924 0.5000000000
29125  -29.299  -56.013  -33.618 0.5000000000
29126  -30.140  -56.059  -33.404 0.5000000000
29128  -31.618  -56.101  -33.958 0.6000000238
29144  -28.215  -55.916  -34.263 0.5000000000
29146  -32.427  -55.765  -34.956 0.6000000238
29152  -26.930  -55.750  -35.966 0.4000000060
29154  -32.659  -56.168  -35.595 0.6000000238
29155  -36.115  -55.879  -35.781 0.3000000119
29188  -27.074  -56.378  -37.851 0.5000000000
29190  -34.918  -56.122  -37.553 0.3000000119
29191  -35.152  -56.553  -36.937 0.3000000119
29194  -26.772  -55.638  -39.127 0.5000000000
29195  -27.070  -56.226  -38.656 0.5000000000
29197  -35.121  -55.613  -38.846 0.4000000060
29201  -27.177  -56.107  -39.491 0.5000000000
29202  -33.065  -56.151  -39.330 0.6999999881
29215  -34.188  -56.818  -42.204 0.6999999881
29217  -36.829  -57.038  -42.927 0.6000000238
29218  -34.866  -57.207  -43.070 0.8000000119
29223  -36.065  -57.052  -43.700 0.6999999881
30179  -28.086  -55.110  -34.172 0.5000000000
30181  -30.454  -55.372  -33.500 0.5000000000
30182  -31.218  -55.378  -33.809 0.6000000238
30183  -31.901  -55.379  -34.386 0.6000000238
30191  -27.606  -55.572  -34.718 0.4000000060
30192  -32.324  -54.951  -35.080 0.6000000238
30193  -36.896  -54.950  -34.810 0.3000000119
30207  -27.136  -55.550  -35.306 0.5000000000
30225  -26.454  -55.256  -36.441 0.5000000000
30235  -32.817  -55.069  -37.634 0.6999999881
30240  -26.407  -55.151  -38.651 0.5000000000
30246  -32.963  -55.374  -39.238 0.6999999881
30252  -35.996  -55.634  -40.219 0.6000000238
30258  -36.546  -56.575  -41.514 0.6000000238
30261  -34.241  -56.204  -42.627 0.6999999881
30262  -37.456  -56.597  -43.424 0.6999999881
30263  -38.377  -56.145  -43.237 0.6000000238
30265  -36.742  -56.597  -43.882 0.6999999881
31106  -27.763  -54.382  -34.286 0.5000000000
31108  -29.011  -54.564  -33.783 0.6000000238
31110  -30.695  -54.621  -33.852 0.6000000238
31122  -26.639  -54.411  -35.173 0.5000000000
31125  -31.770  -54.543  -34.676 0.6000000238
31142  -32.057  -54.191  -35.341 0.6000000238
31144  -35.716  -54.586  -35.628 0.3000000119
31152  -25.783  -53.966  -36.544 0.4000000060
31153  -26.159  -54.574  -35.987 0.5000000000
31155  -32.571  -54.247  -36.642 0.6999999881
31156  -35.381  -54.399  -36.261 0.3000000119
31170  -26.012  -54.591  -38.131 0.6000000238
31171  -32.667  -54.241  -38.378 0.6999999881
31172  -35.017  -54.768  -37.559 0.4000000060
31180  -35.624  -54.106  -38.582 0.5000000000
31185  -32.880  -54.218  -40.249 0.6999999881
31193  -39.588  -55.274  -42.167 0.6000000238
31194  -34.074  -54.641  -42.508 0.6999999881
31196  -34.385  -55.722  -42.889 0.6000000238
31197  -34.933  -55.547  -43.207 0.6000000238
31201  -39.535  -55.159  -42.911 0.6000000238
32074  -28.077  -53.839  -34.160 0.6000000238
32076  -29.463  -54.035  -33.853 0.6000000238
32077  -30.102  -54.155  -33.881 0.6000000238
32091  -26.815  -53.664  -34.812 0.5000000000
32093  -27.875  -53.141  -34.361 0.5000000000
32094  -29.218  -53.278  -34.162 0.6000000238
32095  -29.955  -53.558  -34.122 0.6000000238
32096  -30.897  -53.513  -34.663 0.6000000238
32097  -31.500  -53.819  -34.952 0.6000000238
32098  -36.487  -53.560  -34.782 0.3000000119
32110  -25.801  -53.334  -36.270 0.5000000000
32111  -26.010  -52.872  -35.746 0.5000000000
32112  -31.121  -53.141  -35.290 0.6000000238
32123  -25.669  -53.272  -37.184 0.4000000060
32124  -31.833  -53.201  -36.326 0.6999999881
32125  -32.216  -53.574  -36.631 0.6999999881
32127  -35.834  -53.273  -36.735 0.3000000119
32134  -31.933  -53.003  -37.022 0.6999999881
32135  -32.322  -53.588  -37.267 0.6999999881
32143  -35.719  -53.639  -37.978 0.4000000060
32144  -36.257  -53.285  -38.163 0.5000000000
32149  -32.055  -52.727  -38.582 0.6999999881
32150  -32.420  -53.459  -38.966 0.6999999881
32155  -36.926  -54.049  -39.771 0.5000000000
32156  -37.725  -54.032  -40.166 0.6000000238
32159  -32.852  -53.490  -40.618 0.6999999881
32160  -33.150  -53.615  -41.294 0.6999999881
32161  -38.328  -54.799  -40.987 0.6000000238
32162  -39.107  -54.751  -41.229 0.5000000000
32163  -39.826  -54.558  -41.456 0.6000000238
32164  -40.414  -54.227  -41.680 0.5000000000
32166  -33.595  -53.706  -41.831 0.6999999881
32169  -36.219  -53.277  -42.703 0.6000000238
32170  -40.097  -54.686  -42.449 0.5000000000
32175  -38.711  -54.072  -43.526 0.5000000000
32177  -40.234  -53.903  -42.940 0.5000000000
33066  -26.883  -52.062  -34.996 0.5000000000
33068  -28.654  -52.569  -34.489 0.6000000238
33070  -30.090  -52.159  -35.225 0.6999999881
33071  -30.556  -52.861  -34.914 0.6000000238
33083  -25.931  -52.148  -36.097 0.5000000000
33108  -31.706  -52.213  -37.496 0.6999999881
33110  -37.496  -52.095  -37.094 0.3000000119
33126  -38.156  -52.655  -39.041 0.5000000000
33127  -39.191  -52.159  -39.001 0.4000000060
33129  -32.335  -51.999  -40.026 0.6999999881
33132  -39.637  -53.119  -40.260 0.5000000000
33133  -40.480  -53.062  -40.501 0.5000000000
33134  -41.261  -52.751  -40.531 0.5000000000
33136  -32.956  -52.869  -40.911 0.6999999881
33137  -33.333  -52.455  -41.152 0.6999999881
33139  -34.703  -52.038  -41.540 0.5000000000
33142  -41.188  -53.373  -41.194 0.5000000000
33143  -41.775  -52.959  -41.214 0.5000000000
33144  -33.763  -52.964  -41.678 0.6999999881
33146  -35.467  -52.402  -42.009 0.5000000000
33149  -38.066  -51.742  -42.552 0.5000000000
33151  -41.482  -53.244  -42.069 0.5000000000
33152  -42.046  -52.755  -41.821 0.5000000000
33154  -37.963  -53.207  -43.242 0.5000000000
33156  -39.669  -53.278  -43.330 0.5000000000
33158  -41.085  -52.802  -42.796 0.5000000000
34180  -28.420  -51.313  -35.207 0.6000000238
34196  -26.011  -51.360  -36.676 0.4000000060
34197  -26.380  -51.620  -35.723 0.5000000000
34208  -26.518  -50.761  -36.359 0.5000000000
34221  -31.368  -50.812  -37.230 0.6000000238
34222  -31.791  -51.400  -37.939 0.6000000238
34231  -38.588  -51.739  -37.775 0.4000000060
34232  -39.302  -51.642  -38.232 0.4000000060
34238  -32.085  -51.275  -38.833 0.6000000238
34239  -32.334  -51.137  -39.357 0.6000000238
34243  -32.177  -51.650  -39.466 0.6000000238
34245  -33.143  -51.319  -40.290 0.6000000238
34249  -42.260  -52.254  -40.194 0.5000000000
34251  -43.744  -51.951  -41.062 0.3000000119
34252  -32.802  -52.003  -40.559 0.6000000238
34257  -36.718  -50.852  -41.448 0.5000000000
34259  -43.177  -52.242  -41.414 0.4000000060
34262  -36.618  -51.517  -41.921 0.5000000000
34265  -39.646  -51.434  -42.704 0.5000000000
34266  -41.811  -52.589  -42.504 0.5000000000
34267  -42.534  -52.318  -42.166 0.5000000000
34269  -43.834  -51.484  -42.355 0.4000000060
34270  -38.829  -52.400  -43.046 0.5000000000
34272  -40.414  -52.128  -43.077 0.5000000000
34273  -41.146  -51.805  -42.866 0.5000000000
35301  -33.006  -50.361  -35.015 0.4000000060
35314  -29.437  -49.457  -36.162 0.6000000238
35317  -34.223  -50.551  -35.862 0.5000000000
35327  -26.894  -49.738  -37.087 0.5000000000
35328  -30.573  -50.238  -36.628 0.5000000000
35330  -31.430  -50.290  -37.083 0.5000000000
35332  -33.552  -50.582  -36.297 0.5000000000
35343  -32.392  -50.610  -37.666 0.5000000000
35353  -32.743  -50.772  -38.435 0.6000000238
35354  -33.608  -50.717  -38.276 0.5000000000
35360  -32.673  -50.919  -39.099 0.6000000238
35362  -35.151  -50.597  -39.749 0.5000000000
35364  -42.043  -51.205  -39.229 0.3000000119
35365  -42.929  -51.076  -39.562 0.3000000119
35368  -33.667  -50.974  -39.902 0.6000000238
35370  -35.322  -50.649  -40.374 0.6000000238
35372  -42.591  -51.745  -39.909 0.5000000000
35373  -43.471  -51.731  -40.322 0.4000000060
35376  -34.826  -51.012  -40.727 0.6000000238
35377  -35.598  -50.833  -40.898 0.6000000238
35381  -44.345  -51.732  -41.779 0.4000000060
35385  -40.593  -50.770  -42.564 0.5000000000
35386  -41.506  -51.016  -42.678 0.5000000000
35387  -42.409  -51.433  -42.739 0.4000000060
36530  -33.877  -50.335  -34.607 0.4000000060
36543  -28.326  -48.870  -36.457 0.5000000000
36546  -30.656  -49.775  -36.545 0.6000000238
36548  -31.811  -49.890  -36.021 0.5000000000
36549  -32.437  -50.178  -35.733 0.5000000000
36553  -36.161  -49.459  -35.606 0.4000000060
36561  -28.448  -47.911  -36.634 0.5000000000
36563  -31.540  -50.013  -36.687 0.5000000000
36572  -26.780  -49.011  -38.292 0.4000000060
36573  -31.993  -50.365  -37.084 0.5000000000
36574  -35.471  -50.303  -37.596 0.5000000000
36575  -36.223  -49.893  -37.174 0.5000000000
36576  -36.734  -49.749  -37.719 0.4000000060
36580  -34.900  -50.581  -38.271 0.5000000000
36581  -35.642  -50.349  -38.439 0.4000000060
36589  -35.774  -50.374  -39.240 0.5000000000
36591  -38.087  -49.689  -39.336 0.4000000060
36592  -38.777  -49.511  -39.658 0.4000000060
36595  -43.973  -50.418  -39.578 0.3000000119
36596  -45.197  -50.592  -39.982 0.4000000060
36598  -36.675  -50.153  -39.902 0.4000000060
36600  -38.065  -49.840  -40.113 0.4000000060
36603  -45.962  -51.361  -40.975 0.3000000119
36606  -38.153  -49.998  -40.859 0.4000000060
36607  -38.950  -49.836  -41.152 0.4000000060
36610  -46.042  -51.478  -41.884 0.4000000060
36612  -39.307  -50.173  -41.792 0.4000000060
36613  -40.073  -50.081  -42.052 0.4000000060
36614  -40.920  -50.089  -42.282 0.5000000000
36616  -42.816  -50.069  -42.703 0.4000000060
36618  -45.595  -51.282  -42.359 0.4000000060
36619  -45.545  -50.633  -42.638 0.4000000060
37740  -30.688  -49.216  -35.587 0.4000000060
37742  -36.186  -48.953  -34.649 0.3000000119
37750  -28.588  -47.621  -36.352 0.4000000060
37752  -29.887  -48.891  -35.896 0.4000000060
37753  -30.413  -49.353  -36.212 0.5000000000
37755  -37.059  -48.564  -35.749 0.4000000060
37760  -27.709  -47.725  -37.495 0.5000000000
37763  -37.380  -48.645  -36.398 0.4000000060
37769  -36.916  -49.369  -36.930 0.4000000060
37779  -38.662  -49.262  -38.872 0.4000000060
37781  -39.739  -48.688  -39.633 0.4000000060
37782  -43.321  -49.529  -38.943 0.3000000119
37789  -48.628  -49.725  -41.296 0.4000000060
37792  -47.304  -50.644  -41.992 0.4000000060
37794  -42.109  -49.322  -42.298 0.4000000060
38958  -37.051  -48.112  -35.170 0.3000000119
38967  -28.411  -47.368  -36.327 0.4000000060
38973  -27.822  -47.326  -37.145 0.4000000060
38975  -38.143  -47.546  -36.539 0.4000000060
38978  -37.963  -48.286  -36.814 0.4000000060
38980  -39.052  -47.606  -37.720 0.4000000060
38985  -39.448  -47.784  -38.350 0.4000000060
38990  -40.100  -48.118  -39.693 0.4000000060
38991  -44.569  -49.072  -38.916 0.3000000119
38992  -46.997  -49.403  -39.528 0.3000000119
38995  -40.485  -48.037  -40.397 0.4000000060
38998  -49.590  -48.893  -41.338 0.3000000119
38999  -40.414  -48.528  -40.838 0.4000000060
39001  -41.953  -47.909  -41.616 0.4000000060
39002  -43.270  -47.707  -41.862 0.4000000060
39007  -49.174  -49.218  -41.371 0.4000000060
39010  -44.936  -49.306  -42.461 0.4000000060
40119  -37.744  -46.654  -35.762 0.3000000119
40123  -37.796  -47.410  -35.967 0.3000000119
40129  -38.496  -46.824  -36.871 0.4000000060
40130  -38.894  -47.137  -37.429 0.4000000060
40135  -39.723  -47.053  -38.575 0.4000000060
40138  -47.703  -47.451  -38.694 0.3000000119
40140  -40.056  -46.572  -39.090 0.4000000060
40141  -46.309  -48.371  -38.683 0.3000000119
40147  -46.444  -47.423  -41.365 0.4000000060
40148  -47.312  -47.209  -41.452 0.4000000060
40149  -41.580  -46.699  -40.963 0.4000000060
40150  -42.126  -47.046  -41.380 0.4000000060
40153  -44.720  -47.681  -41.456 0.4000000060
41237  -45.540  -46.198  -36.780 0.4000000060
41239  -39.612  -46.393  -38.548 0.4000000060
41242  -39.894  -45.735  -39.251 0.4000000060
41243  -44.180  -46.080  -39.627 0.4000000060
41245  -46.264  -46.191  -40.519 0.4000000060
41250  -42.835  -45.675  -40.840 0.4000000060
41252  -44.559  -46.602  -40.204 0.4000000060
41257  -41.650  -45.763  -40.927 0.4000000060
41259  -42.615  -46.011  -41.097 0.4000000060
41260  -43.208  -46.418  -41.081 0.4000000060
41261  -48.594  -47.630  -41.641 0.4000000060
41262  -49.753  -48.216  -41.351 0.4000000060
42344  -38.002  -45.533  -36.968 0.3000000119
42347  -46.214  -45.219  -36.532 0.4000000060
42349  -38.343  -45.222  -37.824 0.4000000060
42354  -46.573  -45.621  -37.011 0.4000000060
42355  -47.404  -45.457  -37.558 0.3000000119
42364  -39.628  -44.738  -39.427 0.4000000060
42373  -41.240  -44.361  -40.739 0.4000000060
42374  -42.064  -44.519  -40.692 0.4000000060
42378  -50.495  -46.199  -40.748 0.3000000119
43444  -46.896  -44.411  -36.610 0.4000000060
43452  -47.429  -44.778  -37.242 0.4000000060
43456  -39.080  -43.528  -39.236 0.4000000060
43457  -42.002  -44.160  -39.051 0.4000000060
43460  -45.573  -44.729  -39.259 0.4000000060
43462  -48.428  -45.233  -38.137 0.4000000060
43469  -46.367  -44.957  -39.909 0.4000000060
43475  -41.532  -43.589  -40.558 0.4000000060
43476  -41.836  -43.839  -40.462 0.4000000060
43481  -51.140  -45.041  -40.162 0.3000000119
44377  -41.314  -43.750  -36.753 0.4000000060
44381  -46.508  -44.004  -36.061 0.4000000060
44390  -47.953  -43.760  -37.059 0.4000000060
44403  -40.801  -42.687  -40.048 0.4000000060
44404  -41.322  -42.414  -39.896 0.4000000060
44405  -41.571  -43.133  -40.240 0.4000000060
44407  -47.234  -43.248  -40.142 0.4000000060
44409  -41.288  -43.029  -40.428 0.4000000060
45367  -40.407  -42.887  -36.473 0.4000000060
45385  -40.877  -41.683  -39.307 0.4000000060
45391  -40.982  -41.974  -39.664 0.4000000060
46379  -47.569  -41.903  -35.411 0.4000000060
46408  -40.560  -41.044  -39.004 0.4000000060
133216  -33.316  -50.194  -34.062 0.3000000119
133263  -38.910  -52.786  -39.622 0.5000000000
133271  -27.153  -59.094  -37.477 0.5000000000
133554  -32.818  -57.903  -38.226 0.8000000119
133692  -34.068  -50.030  -33.822 0.3000000119
133714  -27.598  -63.422  -39.930 0.4000000060
133736  -32.906  -56.522  -38.190 0.6999999881
134044  -46.289  -42.374  -34.855 0.4000000060
134222  -27.184  -56.354  -36.280 0.5000000000
134406  -32.774  -57.244  -37.076 0.6999999881
134804  -31.878  -49.920  -34.314 0.3000000119
134916  -32.940  -55.908  -38.630 0.6999999881
135242  -27.781  -65.580  -42.075 0.4000000060
135438  -36.879  -52.411  -36.684 0.3000000119
135756  -35.152  -49.998  -34.978 0.4000000060
135951  -41.228  -42.862  -38.689 0.4000000060
136728  -27.358  -60.536  -35.162 0.6999999881
137310  -24.604  -71.496  -44.416 0.3000000119
137361  -27.308  -60.885  -39.193 0.5000000000
137365  -32.799  -50.477  -36.924 0.5000000000
137623  -28.509  -58.212  -34.156 0.6000000238
137707  -32.778  -54.673  -37.989 0.6999999881
137812  -26.810  -55.992  -37.475 0.5000000000
137984  -28.915  -51.674  -35.023 0.6000000238
138456  -27.163  -52.962  -34.636 0.5000000000
138473  -32.745  -55.084  -36.368 0.6999999881
138508  -32.849  -55.662  -36.985 0.6999999881
138675  -39.796  -50.723  -42.346 0.5000000000
138813  -36.834  -50.462  -41.016 0.4000000060
138901  -28.221  -59.432  -34.370 0.6999999881
138922  -33.503  -62.793  -35.527 0.6000000238
139381  -29.468  -63.792  -42.902 0.4000000060
139620  -35.515  -58.037  -40.219 0.5000000000
139664  -29.864  -66.329  -37.922 0.4000000060
140347  -27.626  -62.036  -39.777 0.4000000060
140716  -33.106  -54.792  -40.691 0.6999999881
140735  -37.859  -50.310  -41.323 0.4000000060
141055  -35.582  -55.770  -36.076 0.3000000119
141208  -41.040  -45.344  -40.586 0.4000000060
141245  -32.563  -59.360  -38.546 0.6000000238
141525  -28.637  -54.991  -33.858 0.5000000000
141788  -29.470  -48.341  -35.613 0.4000000060
142210  -26.582  -62.044  -36.762 0.6000000238
142244  -28.059  -57.157  -34.668 0.5000000000
143286  -36.229  -54.779  -35.146 0.3000000119
143523  -35.764  -49.900  -36.028 0.4000000060
144078  -29.818  -69.629  -42.801 0.3000000119
144118  -27.529  -54.871  -34.502 0.5000000000
145328  -36.122  -50.060  -37.899 0.4000000060
145359  -33.529  -50.623  -37.009 0.5000000000
145391  -29.187  -55.235  -33.671 0.5000000000
145444  -40.706  -48.813  -41.464 0.4000000060
145902  -35.936  -50.520  -40.552 0.5000000000
146321  -47.108  -42.370  -39.837 0.5000000000
146568  -32.554  -62.807  -35.495 0.6000000238
146595  -39.021  -55.051  -43.378 0.5000000000
147077  -39.113  -44.307  -39.175 0.4000000060
148485  -30.879  -57.229  -33.660 0.6999999881
148617  -26.472  -64.591  -36.951 0.6000000238
148910  -35.424  -56.268  -36.417 0.3000000119
149141  -33.133  -56.936  -39.386 0.6999999881
149179  -27.728  -63.961  -35.388 0.6000000238
149506  -29.447  -61.732  -42.018 0.4000000060
149609  -28.260  -51.895  -34.861 0.5000000000
149875  -27.845  -57.211  -40.260 0.5000000000
151709  -32.097  -62.011  -35.743 0.6999999881
151948  -26.965  -61.290  -38.568 0.6999999881
152338  -26.681  -62.334  -36.211 0.6000000238
152569  -41.186  -41.974  -39.407 0.4000000060
153115  -41.532  -42.756  -39.846 0.4000000060
153278  -30.280  -69.619  -43.279 0.3000000119
153870  -31.306  -62.057  -35.712 0.6999999881
153898  -29.790  -56.754  -33.470 0.6000000238
154285  -27.832  -65.117  -41.593 0.4000000060
154405  -39.453  -49.188  -40.107 0.4000000060
154719  -25.203  -68.540  -39.632 0.4000000060
154918  -35.591  -58.335  -41.318 0.6000000238
155209  -24.285  -71.883  -46.225 0.3000000119
155679  -31.956  -60.878  -36.790 0.6999999881
155832  -29.883  -52.853  -34.548 0.6000000238
155963  -24.240  -70.810  -43.306 0.3000000119
156483  -34.959  -56.279  -43.387 0.6000000238
156604  -45.718  -46.863  -37.320 0.3000000119
156642  -37.287  -49.401  -37.556 0.4000000060
156807  -28.485  -53.366  -34.192 0.6000000238
156810  -36.935  -55.767  -43.813 0.6000000238
157474  -43.890  -51.137  -42.639 0.4000000060
157669  -29.801  -59.810  -34.151 0.6999999881
157674  -33.237  -66.407  -40.333 0.3000000119
157732  -31.235  -57.825  -34.165 0.5000000000
157936  -34.930  -56.059  -38.356 0.3000000119
157956  -25.741  -65.927  -39.715 0.4000000060
158022  -36.192  -49.207  -35.078 0.3000000119
158158  -36.462  -52.917  -37.719 0.4000000060
158649  -38.152  -52.519  -42.977 0.5000000000
158723  -29.169  -62.221  -34.784 0.6000000238
158841  -26.767  -61.552  -38.128 0.5000000000
158979  -27.303  -58.297  -36.732 0.5000000000
159122  -32.725  -57.781  -37.589 0.6999999881
159790  -32.368  -57.636  -35.662 0.5000000000
160056  -42.265  -48.630  -42.065 0.4000000060
160060  -27.278  -63.622  -35.568 0.6000000238
160114  -37.695  -50.006  -40.514 0.4000000060
160305  -31.216  -49.567  -34.756 0.3000000119
160323  -24.824  -67.908  -40.332 0.5000000000
