#!ascii label  , from subject sub-v2s13x29133_ses-1 vox2ras=TkReg
1057
110904  45.287  25.715  19.354 0.0000000000
133250  48.046  29.293  18.309 0.0000000000
107184  53.135  21.625  22.374 0.0000000000
108057  41.695  22.451  19.137 0.0000000000
106274  45.529  20.290  18.313 0.0000000000
112477  47.977  26.832  13.234 0.0000000000
153625  43.439  29.663  15.800 0.0000000000
117632  50.861  33.682  14.760 0.0000000000
104402  53.566  18.172  19.988 0.0000000000
133580  53.324  20.310  14.508 0.0000000000
142603  50.093  27.514  19.221 0.0000000000
108779  48.828  23.456  21.991 0.0000000000
110848  50.375  26.603  25.003 0.0000000000
155164  48.906  20.589  23.930 0.0000000000
116946  46.607  33.109  9.568 0.0000000000
114013  50.881  28.952  12.618 0.0000000000
106310  49.153  19.814  16.626 0.0000000000
110229  43.489  24.536  19.294 0.0000000000
107218  43.914  21.428  19.150 0.0000000000
108043  44.889  22.466  19.923 0.0000000000
136346  46.850  26.046  16.135 0.0000000000
110932  44.194  25.732  16.957 0.0000000000
118293  45.989  34.257  17.543 0.0000000000
102586  51.944  16.090  17.368 0.0000000000
143644  55.033  15.878  16.193 0.0000000000
101730  51.897  15.741  15.335 0.0000000000
116279  47.692  31.999  5.929 0.0000000000
113927  50.859  28.973  18.720 0.0000000000
112388  50.643  28.223  21.964 0.0000000000
113137  48.968  28.857  22.537 0.0000000000
108754  44.468  22.796  23.696 0.0000000000
108751  46.862  23.052  24.248 0.0000000000
106217  46.512  20.153  23.936 0.0000000000
136085  48.755  19.074  21.815 0.0000000000
140299  46.749  30.111  13.933 0.0000000000
115462  49.605  31.179  12.847 0.0000000000
113991  49.263  28.752  14.692 0.0000000000
152937  51.940  27.934  16.030 0.0000000000
108023  51.084  22.617  22.147 0.0000000000
107199  48.999  21.175  20.152 0.0000000000
107226  51.123  20.785  18.810 0.0000000000
105378  43.880  18.933  16.913 0.0000000000
105391  45.525  19.067  15.807 0.0000000000
140311  49.881  26.404  9.469 0.0000000000
112501  46.147  27.217  11.204 0.0000000000
135964  45.678  29.154  17.591 0.0000000000
113149  46.295  28.313  21.112 0.0000000000
118917  43.811  36.007  14.634 0.0000000000
118310  46.203  34.833  13.707 0.0000000000
116872  46.371  32.414  14.627 0.0000000000
105326  54.134  19.543  21.619 0.0000000000
106268  53.469  20.787  18.214 0.0000000000
142929  54.994  18.926  17.094 0.0000000000
105418  55.168  19.162  13.135 0.0000000000
111642  47.224  26.570  19.395 0.0000000000
110209  46.429  24.735  20.996 0.0000000000
111602  48.832  26.373  21.812 0.0000000000
110181  51.423  25.699  24.558 0.0000000000
109490  51.558  24.122  24.929 0.0000000000
110857  47.114  26.391  23.694 0.0000000000
108742  49.828  23.442  25.087 0.0000000000
107157  51.512  21.115  24.296 0.0000000000
105330  51.037  19.251  21.857 0.0000000000
104405  50.216  18.502  19.380 0.0000000000
117002  43.921  33.355  7.184 0.0000000000
116241  48.447  32.237  8.591 0.0000000000
116195  48.446  31.935  10.921 0.0000000000
113263  50.089  28.346  9.649 0.0000000000
111722  51.938  27.013  12.650 0.0000000000
111682  49.361  26.514  15.870 0.0000000000
158552  46.832  21.907  20.500 0.0000000000
106296  47.087  20.026  17.601 0.0000000000
105403  47.251  19.179  14.814 0.0000000000
152901  51.056  19.776  15.207 0.0000000000
110228  44.182  24.871  19.514 0.0000000000
109537  44.249  23.774  19.991 0.0000000000
110219  44.529  24.451  20.015 0.0000000000
111655  45.738  26.189  18.093 0.0000000000
111678  45.554  25.859  16.574 0.0000000000
150237  44.666  25.796  18.233 0.0000000000
110917  43.666  25.449  18.324 0.0000000000
101707  51.409  15.221  17.302 0.0000000000
101713  52.735  15.430  16.877 0.0000000000
101721  51.302  15.035  16.557 0.0000000000
142613  44.288  18.018  13.430 0.0000000000
133614  49.044  29.329  18.753 0.0000000000
138500  49.643  29.175  20.631 0.0000000000
113906  48.560  29.185  20.356 0.0000000000
106219  44.249  21.001  23.809 0.0000000000
107163  45.123  21.214  23.946 0.0000000000
134108  47.722  29.146  16.430 0.0000000000
113992  48.153  29.162  14.376 0.0000000000
113965  48.725  29.172  16.963 0.0000000000
113963  50.737  28.919  16.906 0.0000000000
108022  52.023  22.397  22.549 0.0000000000
107197  50.825  21.210  20.221 0.0000000000
136924  51.734  21.290  20.250 0.0000000000
146549  41.501  21.860  19.121 0.0000000000
107232  41.750  21.201  19.117 0.0000000000
107229  44.181  20.773  18.772 0.0000000000
106276  43.691  20.260  18.470 0.0000000000
140211  44.703  19.806  17.762 0.0000000000
105377  44.578  19.108  16.680 0.0000000000
106313  45.735  19.548  16.951 0.0000000000
111742  49.379  26.580  11.833 0.0000000000
111755  47.415  26.635  10.666 0.0000000000
112488  47.063  27.148  11.990 0.0000000000
109547  41.678  23.696  18.693 0.0000000000
108815  40.693  22.925  18.628 0.0000000000
150804  44.561  29.212  16.135 0.0000000000
113932  45.118  29.012  18.361 0.0000000000
113186  43.921  28.540  18.833 0.0000000000
116865  44.655  32.732  15.790 0.0000000000
150383  46.589  33.666  16.319 0.0000000000
116158  44.982  31.782  14.703 0.0000000000
138400  45.005  30.117  14.600 0.0000000000
152556  54.308  18.761  21.065 0.0000000000
105350  54.779  19.349  19.451 0.0000000000
104412  55.131  17.426  19.434 0.0000000000
102614  54.488  16.829  14.438 0.0000000000
103527  55.263  17.420  14.923 0.0000000000
104476  54.550  17.961  12.613 0.0000000000
112421  48.873  27.166  19.215 0.0000000000
111628  48.136  26.723  20.400 0.0000000000
112390  48.992  27.103  20.890 0.0000000000
112358  50.665  27.561  24.565 0.0000000000
111590  50.789  26.785  23.664 0.0000000000
110847  50.965  26.192  24.794 0.0000000000
109502  51.614  24.660  24.801 0.0000000000
109491  51.456  24.753  25.251 0.0000000000
112379  45.555  27.521  22.085 0.0000000000
112369  46.575  27.240  22.934 0.0000000000
110858  46.287  26.229  23.363 0.0000000000
136425  47.614  21.551  24.453 0.0000000000
108750  47.741  23.098  24.523 0.0000000000
107995  49.208  21.899  24.582 0.0000000000
107994  50.248  22.004  24.582 0.0000000000
106213  50.654  20.396  23.820 0.0000000000
105298  51.867  19.721  23.322 0.0000000000
105300  50.199  19.525  22.856 0.0000000000
104395  48.189  18.545  20.332 0.0000000000
105346  49.587  19.058  20.921 0.0000000000
133609  44.949  32.748  8.349 0.0000000000
116966  46.769  32.772  8.060 0.0000000000
134541  47.882  33.275  8.937 0.0000000000
118930  48.858  35.965  13.922 0.0000000000
118323  47.697  34.825  12.770 0.0000000000
118320  50.289  34.640  13.327 0.0000000000
114763  49.780  30.308  12.141 0.0000000000
116194  48.966  31.657  11.746 0.0000000000
114770  49.882  30.208  11.573 0.0000000000
114778  48.995  29.982  10.952 0.0000000000
149770  51.250  29.184  10.893 0.0000000000
113254  52.743  27.903  10.986 0.0000000000
135765  52.420  27.726  12.337 0.0000000000
112443  51.222  27.652  17.927 0.0000000000
111672  51.502  27.238  16.077 0.0000000000
111666  49.344  26.880  17.563 0.0000000000
133561  48.104  26.567  17.486 0.0000000000
109519  47.751  24.227  21.813 0.0000000000
108791  46.478  23.128  21.060 0.0000000000
108034  47.455  22.156  20.928 0.0000000000
136347  49.023  20.397  18.444 0.0000000000
106271  47.979  20.409  18.651 0.0000000000
106294  48.570  19.966  17.203 0.0000000000
105373  47.541  19.574  16.168 0.0000000000
106322  48.245  19.512  15.822 0.0000000000
153722  53.452  20.317  15.890 0.0000000000
106308  52.151  20.392  16.953 0.0000000000
155297  52.015  20.072  15.377 0.0000000000
108809  42.660  23.139  19.300 0.0000000000
108053  43.021  22.409  19.376 0.0000000000
108808  43.362  23.138  19.534 0.0000000000
108051  44.362  22.035  19.494 0.0000000000
108050  45.140  21.812  19.614 0.0000000000
111689  47.664  26.348  14.976 0.0000000000
110240  42.653  24.827  18.395 0.0000000000
103468  53.263  17.349  18.409 0.0000000000
103481  55.309  16.423  18.061 0.0000000000
137849  54.108  15.966  17.464 0.0000000000
101718  54.101  15.638  16.267 0.0000000000
145964  50.772  27.887  19.163 0.0000000000
112405  49.868  27.555  20.530 0.0000000000
113159  50.638  28.594  20.513 0.0000000000
113135  50.550  28.734  22.715 0.0000000000
112367  49.901  28.190  24.018 0.0000000000
109505  44.643  24.318  23.358 0.0000000000
156077  45.997  24.476  23.718 0.0000000000
108753  45.315  22.864  23.864 0.0000000000
107996  46.688  21.681  24.343 0.0000000000
106216  47.407  20.035  23.838 0.0000000000
105301  49.249  19.510  22.863 0.0000000000
106229  47.523  19.333  23.317 0.0000000000
145785  47.475  18.608  22.049 0.0000000000
104397  46.722  18.131  20.752 0.0000000000
152863  45.574  32.935  10.769 0.0000000000
116879  49.416  32.059  14.048 0.0000000000
116878  50.734  32.228  13.861 0.0000000000
114749  47.851  30.571  13.335 0.0000000000
114014  49.191  29.427  13.267 0.0000000000
113999  49.654  28.722  13.913 0.0000000000
144703  51.985  27.910  14.170 0.0000000000
113217  51.677  28.193  15.748 0.0000000000
113962  51.343  28.517  17.221 0.0000000000
108778  49.927  23.444  22.306 0.0000000000
108033  48.386  22.157  21.100 0.0000000000
107189  49.596  21.523  20.731 0.0000000000
107212  49.903  20.803  19.277 0.0000000000
134732  50.321  20.287  17.627 0.0000000000
106339  52.948  20.434  12.726 0.0000000000
106340  52.098  20.066  13.151 0.0000000000
104433  42.423  18.514  17.383 0.0000000000
106277  42.926  20.318  18.724 0.0000000000
105351  43.245  19.729  18.199 0.0000000000
104443  43.427  18.512  16.456 0.0000000000
104450  43.642  18.340  15.728 0.0000000000
104459  44.559  18.425  14.784 0.0000000000
104458  45.290  18.621  14.607 0.0000000000
135447  48.302  26.110  8.678 0.0000000000
111779  46.633  26.120  9.316 0.0000000000
113946  47.095  29.268  17.948 0.0000000000
113907  47.347  29.003  20.223 0.0000000000
113920  46.213  29.050  19.242 0.0000000000
159257  45.198  28.052  21.007 0.0000000000
112380  44.691  27.318  22.072 0.0000000000
111596  44.091  26.051  22.909 0.0000000000
146067  43.922  24.422  23.157 0.0000000000
154998  44.840  35.369  14.095 0.0000000000
118913  48.611  36.721  14.758 0.0000000000
118904  49.811  35.966  15.960 0.0000000000
117634  49.397  33.410  15.302 0.0000000000
116168  46.453  31.743  14.011 0.0000000000
113983  46.317  29.258  15.359 0.0000000000
107182  53.783  20.736  21.935 0.0000000000
107209  53.438  21.060  19.822 0.0000000000
106259  53.998  20.745  19.536 0.0000000000
157655  54.299  20.291  17.689 0.0000000000
106325  54.166  20.170  15.357 0.0000000000
104442  55.544  17.336  16.685 0.0000000000
105383  54.966  19.023  15.493 0.0000000000
106331  54.422  20.229  14.048 0.0000000000
111643  46.519  26.371  19.133 0.0000000000
110217  45.984  25.068  20.544 0.0000000000
110895  46.924  25.987  20.457 0.0000000000
110869  47.654  25.431  21.369 0.0000000000
110194  48.727  24.867  22.183 0.0000000000
111615  49.267  27.059  21.664 0.0000000000
110856  49.713  25.549  22.770 0.0000000000
109517  50.063  24.250  22.721 0.0000000000
108762  51.226  24.180  23.409 0.0000000000
108776  51.859  22.976  23.304 0.0000000000
108006  52.262  22.397  23.603 0.0000000000
113147  47.971  28.637  22.026 0.0000000000
112368  48.630  27.986  23.586 0.0000000000
110849  48.968  26.312  24.539 0.0000000000
110176  46.791  25.085  23.844 0.0000000000
145339  48.437  24.555  24.639 0.0000000000
109492  49.773  24.700  25.141 0.0000000000
108741  50.792  23.581  25.204 0.0000000000
108748  52.087  22.369  24.256 0.0000000000
154444  53.100  21.542  23.290 0.0000000000
106225  52.860  20.126  23.232 0.0000000000
105328  53.348  19.261  21.780 0.0000000000
104390  53.042  18.689  20.504 0.0000000000
105331  50.084  19.207  21.682 0.0000000000
105345  50.494  19.128  20.995 0.0000000000
104403  52.299  18.498  19.601 0.0000000000
103470  50.967  17.653  18.015 0.0000000000
116999  46.121  32.525  6.651 0.0000000000
116254  48.542  32.205  7.475 0.0000000000
114790  47.722  30.061  8.790 0.0000000000
116895  50.248  32.596  12.600 0.0000000000
117678  48.209  33.743  9.941 0.0000000000
154468  48.234  32.015  9.835 0.0000000000
114784  47.822  30.470  9.776 0.0000000000
113270  48.190  28.692  8.983 0.0000000000
112522  51.184  27.315  9.469 0.0000000000
111751  51.307  26.662  11.100 0.0000000000
111723  49.784  26.693  12.673 0.0000000000
112457  52.086  27.107  14.415 0.0000000000
111688  51.056  26.783  14.951 0.0000000000
134902  48.579  26.515  14.622 0.0000000000
111675  47.728  26.229  16.162 0.0000000000
111667  47.179  26.470  17.843 0.0000000000
109531  45.564  23.844  20.671 0.0000000000
108798  46.016  22.681  20.613 0.0000000000
107216  46.203  21.062  19.462 0.0000000000
107200  48.202  21.249  20.217 0.0000000000
106262  47.439  20.607  19.111 0.0000000000
106273  46.303  20.217  18.177 0.0000000000
154274  46.337  19.569  16.727 0.0000000000
105404  46.511  19.069  14.976 0.0000000000
107225  51.870  20.799  18.459 0.0000000000
106292  51.023  20.346  17.566 0.0000000000
151236  49.696  19.691  16.035 0.0000000000
106328  51.150  19.676  14.315 0.0000000000
158020  49.163  19.359  14.821 0.0000000000
101731  50.748  15.726  15.169 0.0000000000
102628  51.509  16.638  14.003 0.0000000000
110905  44.544  25.450  19.170 0.0000000000
110898  44.854  25.153  19.793 0.0000000000
111644  45.805  26.198  18.871 0.0000000000
110926  45.049  25.951  17.880 0.0000000000
110915  45.031  25.888  18.610 0.0000000000
110916  44.313  25.609  18.559 0.0000000000
153389  51.219  14.976  17.097 0.0000000000
113918  48.770  29.288  19.564 0.0000000000
113929  48.052  29.276  19.084 0.0000000000
113966  47.886  29.256  17.420 0.0000000000
113945  48.861  29.284  17.844 0.0000000000
108029  52.299  21.987  21.918 0.0000000000
151792  51.488  21.565  20.974 0.0000000000
107187  52.648  21.630  21.194 0.0000000000
107220  42.258  21.864  19.205 0.0000000000
107228  45.011  20.650  18.674 0.0000000000
106275  44.425  20.219  18.294 0.0000000000
155201  45.029  20.153  18.154 0.0000000000
106298  45.007  19.506  17.142 0.0000000000
139856  45.511  19.919  17.683 0.0000000000
111724  48.683  26.814  12.509 0.0000000000
112487  47.808  27.001  12.269 0.0000000000
108810  41.971  23.110  19.073 0.0000000000
108814  41.334  23.015  18.845 0.0000000000
108058  41.042  22.328  18.979 0.0000000000
113985  44.234  29.508  15.637 0.0000000000
135963  44.465  29.078  16.715 0.0000000000
113949  43.876  28.892  17.220 0.0000000000
114737  43.750  30.631  14.908 0.0000000000
116874  44.940  32.355  15.167 0.0000000000
114726  43.936  30.024  15.174 0.0000000000
113994  44.593  29.805  15.059 0.0000000000
150316  54.681  17.820  20.337 0.0000000000
104401  54.967  17.814  20.203 0.0000000000
103458  54.948  17.397  19.652 0.0000000000
103538  54.790  17.379  13.944 0.0000000000
112406  48.832  27.163  20.087 0.0000000000
112420  49.645  27.456  19.829 0.0000000000
111581  50.797  27.039  24.678 0.0000000000
110172  51.388  25.282  25.152 0.0000000000
110173  50.810  25.631  25.271 0.0000000000
111603  45.169  27.037  22.570 0.0000000000
111594  45.841  26.735  22.938 0.0000000000
110859  45.506  25.960  23.152 0.0000000000
107160  48.469  21.141  24.305 0.0000000000
151567  48.412  21.888  24.575 0.0000000000
107159  49.451  21.199  24.239 0.0000000000
106214  49.671  20.491  23.813 0.0000000000
106226  50.891  19.796  23.359 0.0000000000
106227  49.913  19.863  23.326 0.0000000000
104408  47.601  18.194  19.698 0.0000000000
116948  44.699  32.753  9.596 0.0000000000
116968  44.422  32.792  8.892 0.0000000000
155001  46.065  32.843  9.131 0.0000000000
136300  47.038  33.069  8.845 0.0000000000
118928  50.212  35.272  14.633 0.0000000000
118946  49.494  35.471  13.442 0.0000000000
118307  50.758  34.411  14.212 0.0000000000
114747  50.101  29.634  12.451 0.0000000000
114762  50.372  30.026  11.820 0.0000000000
114769  50.803  29.628  11.379 0.0000000000
114025  50.971  29.413  11.881 0.0000000000
113249  52.549  28.102  11.492 0.0000000000
114012  51.757  28.392  12.247 0.0000000000
112435  50.602  27.545  18.584 0.0000000000
111664  50.574  27.155  17.301 0.0000000000
111651  49.617  27.202  18.455 0.0000000000
108780  47.865  23.524  21.711 0.0000000000
108789  48.057  22.810  21.447 0.0000000000
106293  49.403  20.098  17.385 0.0000000000
157621  48.840  20.222  17.897 0.0000000000
106311  48.366  19.686  16.457 0.0000000000
106321  48.909  19.570  15.921 0.0000000000
106326  53.600  20.297  15.118 0.0000000000
106317  52.644  20.242  15.841 0.0000000000
134898  52.463  20.140  14.579 0.0000000000
109545  43.028  23.831  19.306 0.0000000000
109538  43.662  23.794  19.657 0.0000000000
108800  44.602  23.127  20.077 0.0000000000
108044  44.338  22.659  19.773 0.0000000000
111684  47.211  26.198  15.574 0.0000000000
111690  46.780  26.314  14.931 0.0000000000
111685  46.438  26.090  15.501 0.0000000000
110931  44.934  25.856  17.152 0.0000000000
110937  44.839  25.772  16.370 0.0000000000
110239  43.196  25.005  18.706 0.0000000000
110230  42.755  24.450  18.906 0.0000000000
103483  52.501  16.886  17.693 0.0000000000
103482  53.736  16.609  17.898 0.0000000000
102585  53.011  16.082  17.351 0.0000000000
101720  52.149  15.262  16.299 0.0000000000
101719  53.158  15.464  16.310 0.0000000000
101729  52.689  15.593  15.709 0.0000000000
102615  53.829  16.278  14.870 0.0000000000
102616  52.699  16.067  14.994 0.0000000000
116267  46.744  32.375  6.102 0.0000000000
117011  46.118  32.713  5.393 0.0000000000
113915  51.030  28.696  19.090 0.0000000000
113173  50.747  28.472  19.598 0.0000000000
113904  50.506  28.904  20.092 0.0000000000
113894  49.554  29.085  22.038 0.0000000000
113897  50.098  29.087  21.429 0.0000000000
113136  49.952  28.904  22.796 0.0000000000
113128  50.225  28.555  23.523 0.0000000000
113129  49.385  28.633  23.320 0.0000000000
109497  44.914  23.575  23.626 0.0000000000
107162  46.124  21.012  24.121 0.0000000000
107997  45.822  22.038  24.086 0.0000000000
107161  47.001  20.843  24.197 0.0000000000
106230  46.821  19.441  23.568 0.0000000000
105321  46.990  18.592  22.530 0.0000000000
104367  46.393  18.296  22.326 0.0000000000
104377  47.184  18.380  21.370 0.0000000000
104378  46.575  18.120  21.556 0.0000000000
115455  47.065  30.624  13.582 0.0000000000
134985  48.487  31.572  13.652 0.0000000000
114739  47.557  30.129  13.636 0.0000000000
138375  48.417  28.958  15.224 0.0000000000
114000  48.160  29.600  13.699 0.0000000000
137585  48.777  29.142  13.935 0.0000000000
113221  50.353  28.446  14.516 0.0000000000
113218  50.586  28.513  15.245 0.0000000000
159565  50.563  29.129  18.298 0.0000000000
113942  51.103  28.800  18.044 0.0000000000
113185  51.269  28.379  18.497 0.0000000000
108024  50.016  22.701  21.853 0.0000000000
108032  49.288  22.111  21.204 0.0000000000
108031  50.249  22.051  21.336 0.0000000000
107211  51.067  21.000  19.547 0.0000000000
138571  50.425  20.953  19.621 0.0000000000
107227  50.484  20.780  19.042 0.0000000000
159924  49.977  20.609  18.736 0.0000000000
143939  50.429  20.540  18.413 0.0000000000
105365  42.081  18.729  17.900 0.0000000000
105364  42.734  19.114  17.891 0.0000000000
107219  43.142  21.598  19.202 0.0000000000
107230  43.404  20.868  18.921 0.0000000000
106299  43.987  19.759  17.942 0.0000000000
105363  43.560  19.279  17.567 0.0000000000
105379  43.160  18.733  17.172 0.0000000000
105392  44.836  18.885  16.007 0.0000000000
104448  45.057  18.759  15.307 0.0000000000
111775  49.792  26.599  8.937 0.0000000000
111776  49.087  26.245  9.061 0.0000000000
112500  46.890  27.056  11.280 0.0000000000
111766  47.017  26.336  9.940 0.0000000000
111756  46.542  26.829  10.583 0.0000000000
112513  45.722  27.067  10.505 0.0000000000
113947  46.417  29.214  17.444 0.0000000000
136605  46.668  29.212  18.674 0.0000000000
136684  45.901  29.138  18.546 0.0000000000
113174  45.071  28.544  19.746 0.0000000000
112391  44.988  27.714  21.490 0.0000000000
112381  43.899  27.186  21.994 0.0000000000
110185  43.515  25.223  22.995 0.0000000000
118313  43.381  34.701  13.740 0.0000000000
159005  44.306  35.350  14.099 0.0000000000
144002  47.983  37.935  15.329 0.0000000000
119587  48.817  37.500  15.360 0.0000000000
119566  49.370  36.924  15.611 0.0000000000
117636  46.797  33.188  15.406 0.0000000000
117625  47.523  33.929  15.983 0.0000000000
117624  48.687  34.106  15.884 0.0000000000
117635  47.996  33.460  15.220 0.0000000000
137084  47.405  32.724  14.651 0.0000000000
133574  45.781  29.194  15.896 0.0000000000
114735  45.582  29.839  14.622 0.0000000000
155224  46.531  29.155  16.113 0.0000000000
106252  54.063  20.331  21.464 0.0000000000
137996  54.042  20.717  20.547 0.0000000000
106251  54.328  19.729  21.038 0.0000000000
146099  55.040  18.975  18.703 0.0000000000
150223  54.452  20.149  18.398 0.0000000000
105361  54.698  19.686  17.642 0.0000000000
106305  54.213  20.281  17.134 0.0000000000
105372  54.602  19.795  16.702 0.0000000000
102583  55.444  16.162  17.490 0.0000000000
103501  55.607  16.738  17.682 0.0000000000
102594  55.569  16.368  16.671 0.0000000000
104456  55.225  18.232  14.326 0.0000000000
104447  55.246  18.114  15.148 0.0000000000
144578  55.146  19.080  13.892 0.0000000000
105409  54.882  19.792  14.323 0.0000000000
106336  54.942  19.863  13.584 0.0000000000
106337  54.401  20.382  13.290 0.0000000000
106344  54.955  19.957  12.817 0.0000000000
111630  46.671  26.233  19.849 0.0000000000
111616  48.391  26.547  21.087 0.0000000000
111617  47.593  26.271  20.734 0.0000000000
110881  47.965  25.980  21.292 0.0000000000
110195  47.715  24.894  21.631 0.0000000000
110868  48.518  25.589  21.928 0.0000000000
112404  50.527  28.211  21.002 0.0000000000
112389  50.109  27.576  21.340 0.0000000000
112376  50.314  27.521  22.266 0.0000000000
110855  51.038  26.126  23.970 0.0000000000
110867  49.753  26.211  22.723 0.0000000000
109504  50.309  25.101  23.108 0.0000000000
109503  51.433  25.070  24.155 0.0000000000
108761  51.704  23.790  24.093 0.0000000000
108760  51.790  23.112  24.188 0.0000000000
159553  46.731  28.789  20.324 0.0000000000
113148  47.056  28.438  21.517 0.0000000000
111593  46.737  26.853  23.324 0.0000000000
112377  47.371  27.808  22.951 0.0000000000
111592  47.488  26.941  23.687 0.0000000000
111591  48.392  27.299  23.945 0.0000000000
111584  48.111  26.631  24.079 0.0000000000
109495  46.436  23.717  23.990 0.0000000000
146047  46.812  24.384  24.007 0.0000000000
108743  48.696  23.180  24.780 0.0000000000
109493  48.509  23.874  24.737 0.0000000000
110174  49.124  25.495  24.728 0.0000000000
109485  49.400  23.872  25.026 0.0000000000
109484  50.449  24.233  25.393 0.0000000000
107993  51.406  22.099  24.528 0.0000000000
107992  52.155  21.692  24.372 0.0000000000
108005  52.653  21.717  23.934 0.0000000000
107170  52.920  20.948  23.696 0.0000000000
107169  53.333  20.943  23.032 0.0000000000
106211  52.396  20.355  23.727 0.0000000000
142756  51.493  19.395  22.608 0.0000000000
105317  52.412  19.548  22.797 0.0000000000
105329  51.998  19.280  22.126 0.0000000000
105343  52.679  19.024  21.133 0.0000000000
105344  51.622  19.137  21.183 0.0000000000
141121  48.789  19.209  22.438 0.0000000000
105319  49.559  19.285  22.249 0.0000000000
105332  49.344  19.130  21.550 0.0000000000
104393  49.894  18.829  20.166 0.0000000000
104392  50.866  18.923  20.226 0.0000000000
104404  51.201  18.564  19.446 0.0000000000
104415  51.583  18.182  18.694 0.0000000000
117710  43.471  33.582  7.591 0.0000000000
118976  42.957  35.460  7.732 0.0000000000
117724  43.199  34.435  7.301 0.0000000000
117001  44.542  33.123  6.794 0.0000000000
116983  48.249  32.641  7.901 0.0000000000
116984  47.501  32.730  7.630 0.0000000000
135701  48.580  32.332  7.987 0.0000000000
115518  48.704  31.835  7.558 0.0000000000
159077  48.621  31.840  8.126 0.0000000000
116166  49.936  31.631  13.268 0.0000000000
116885  50.852  32.117  13.215 0.0000000000
144180  50.075  31.739  12.822 0.0000000000
155137  49.335  32.892  11.838 0.0000000000
140987  48.924  32.511  11.355 0.0000000000
116908  48.670  32.977  10.517 0.0000000000
116210  48.406  32.429  10.104 0.0000000000
115496  48.113  31.340  10.379 0.0000000000
114038  49.501  29.243  10.333 0.0000000000
114039  48.252  29.678  10.244 0.0000000000
114045  48.677  28.870  9.631 0.0000000000
114046  47.877  29.439  9.400 0.0000000000
113268  50.437  27.510  9.195 0.0000000000
113262  51.309  27.974  9.703 0.0000000000
111739  52.456  27.367  11.929 0.0000000000
112498  52.005  27.067  10.573 0.0000000000
111740  51.692  26.834  11.982 0.0000000000
111741  50.522  26.589  11.916 0.0000000000
148350  51.108  26.734  12.776 0.0000000000
113216  52.089  27.754  15.377 0.0000000000
143552  52.212  27.557  14.533 0.0000000000
112456  52.015  27.417  15.133 0.0000000000
111681  50.639  26.799  16.081 0.0000000000
159059  50.413  26.685  15.546 0.0000000000
159140  49.555  26.544  15.105 0.0000000000
111683  48.365  26.363  15.882 0.0000000000
133627  48.626  26.427  16.356 0.0000000000
145690  47.749  26.667  18.228 0.0000000000
111653  47.144  26.569  18.644 0.0000000000
111654  46.460  26.384  18.352 0.0000000000
110210  45.874  24.448  20.776 0.0000000000
109530  46.284  23.923  21.074 0.0000000000
108035  46.665  22.443  20.836 0.0000000000
108041  46.233  22.052  20.333 0.0000000000
107202  45.844  21.619  19.829 0.0000000000
107201  46.550  21.481  20.045 0.0000000000
107190  48.722  21.584  20.714 0.0000000000
108039  48.004  21.674  20.678 0.0000000000
106272  47.234  20.317  18.402 0.0000000000
106263  46.657  20.581  18.973 0.0000000000
106297  46.321  19.838  17.333 0.0000000000
106312  46.959  19.716  16.841 0.0000000000
105389  47.004  19.317  15.528 0.0000000000
104457  46.024  18.783  14.449 0.0000000000
105416  46.751  18.921  14.278 0.0000000000
107223  53.419  20.934  18.944 0.0000000000
137659  52.685  21.050  19.167 0.0000000000
107224  52.771  20.847  18.313 0.0000000000
106319  51.407  20.025  15.886 0.0000000000
134899  51.493  20.344  17.269 0.0000000000
133447  51.401  20.178  16.559 0.0000000000
133188  50.793  20.177  16.978 0.0000000000
106320  50.626  19.903  16.116 0.0000000000
106341  51.366  19.858  12.580 0.0000000000
105410  51.292  19.640  13.484 0.0000000000
105419  50.571  19.479  13.053 0.0000000000
110220  43.967  24.315  19.775 0.0000000000
109536  44.903  23.803  20.303 0.0000000000
111668  46.449  26.250  17.511 0.0000000000
111677  46.331  26.024  16.716 0.0000000000
111669  45.699  26.000  17.309 0.0000000000
110927  44.319  25.746  17.825 0.0000000000
110928  43.566  25.563  17.545 0.0000000000
110906  43.840  25.225  18.983 0.0000000000
101706  52.358  15.399  17.120 0.0000000000
101714  51.848  15.127  17.016 0.0000000000
113928  50.133  29.264  18.819 0.0000000000
113905  50.095  29.140  20.065 0.0000000000
113917  49.684  29.281  19.452 0.0000000000
151250  49.377  29.277  20.013 0.0000000000
113898  49.065  29.127  21.240 0.0000000000
107999  44.379  21.832  23.808 0.0000000000
107998  45.014  22.163  23.903 0.0000000000
106218  45.630  20.251  23.910 0.0000000000
113993  46.796  29.373  14.801 0.0000000000
134081  47.285  29.571  14.145 0.0000000000
133916  47.542  29.176  14.931 0.0000000000
113980  49.519  28.822  15.644 0.0000000000
113964  49.675  29.015  16.516 0.0000000000
136602  49.828  29.265  18.142 0.0000000000
108030  51.260  22.032  21.542 0.0000000000
107210  51.866  21.055  19.389 0.0000000000
105362  44.288  19.393  17.333 0.0000000000
105376  45.273  19.245  16.475 0.0000000000
111753  49.177  26.450  11.086 0.0000000000
111754  48.458  26.443  10.683 0.0000000000
111743  48.478  26.747  11.647 0.0000000000
112499  47.670  26.903  11.436 0.0000000000
112489  46.472  27.265  11.757 0.0000000000
142449  41.435  24.081  18.245 0.0000000000
109555  41.051  23.574  18.418 0.0000000000
113967  45.185  29.126  16.567 0.0000000000
113948  44.766  29.004  17.437 0.0000000000
113933  44.314  28.817  18.201 0.0000000000
117627  45.372  33.169  16.247 0.0000000000
117614  46.331  33.916  17.040 0.0000000000
116864  45.409  32.772  15.535 0.0000000000
116873  45.542  32.334  14.902 0.0000000000
116157  45.709  31.780  14.349 0.0000000000
114742  44.955  30.633  14.309 0.0000000000
113984  45.006  29.348  15.599 0.0000000000
105341  54.350  18.993  21.155 0.0000000000
134664  54.571  18.943  20.826 0.0000000000
105348  54.878  18.550  20.377 0.0000000000
104400  55.189  18.130  19.718 0.0000000000
105360  55.228  18.475  18.006 0.0000000000
140615  54.769  16.378  15.242 0.0000000000
102602  55.286  16.636  15.614 0.0000000000
102613  55.033  17.025  14.706 0.0000000000
103537  55.138  17.690  14.107 0.0000000000
104475  55.072  18.472  12.778 0.0000000000
133124  47.877  26.820  18.909 0.0000000000
111629  47.366  26.456  20.109 0.0000000000
111641  47.981  26.868  19.680 0.0000000000
112375  50.624  28.083  22.986 0.0000000000
111600  50.700  27.397  23.297 0.0000000000
111589  50.890  27.195  24.330 0.0000000000
152477  51.041  26.762  24.489 0.0000000000
113139  46.312  28.009  21.832 0.0000000000
112378  46.437  27.604  22.450 0.0000000000
144861  47.206  22.338  24.444 0.0000000000
148313  48.056  22.403  24.622 0.0000000000
107987  48.977  22.566  24.768 0.0000000000
107986  49.997  22.741  24.856 0.0000000000
107158  50.460  21.177  24.284 0.0000000000
106212  51.630  20.316  23.835 0.0000000000
105299  51.016  19.515  22.916 0.0000000000
105318  50.566  19.332  22.390 0.0000000000
104376  47.991  18.685  21.339 0.0000000000
104375  48.806  18.913  21.019 0.0000000000
104394  49.012  18.689  20.174 0.0000000000
117696  43.150  33.450  8.260 0.0000000000
153827  44.245  32.887  8.264 0.0000000000
116987  44.524  32.912  7.607 0.0000000000
116986  45.562  32.657  7.731 0.0000000000
116965  47.766  32.993  8.329 0.0000000000
116964  48.208  32.817  8.603 0.0000000000
118931  48.014  35.864  14.162 0.0000000000
118309  47.323  34.965  13.658 0.0000000000
118308  48.290  35.454  13.239 0.0000000000
154880  48.863  35.463  13.080 0.0000000000
115472  49.498  30.746  12.610 0.0000000000
116181  49.593  31.370  12.435 0.0000000000
115486  49.161  30.789  12.141 0.0000000000
114771  48.753  30.536  11.412 0.0000000000
114779  48.164  30.464  10.746 0.0000000000
114030  50.389  29.655  10.933 0.0000000000
114037  51.013  28.787  10.324 0.0000000000
114036  51.898  28.218  10.142 0.0000000000
159961  52.407  28.258  10.903 0.0000000000
113248  52.737  27.726  11.718 0.0000000000
148702  52.315  27.522  12.546 0.0000000000
112451  51.733  27.664  16.429 0.0000000000
112454  51.933  27.599  15.743 0.0000000000
111673  51.042  27.122  16.606 0.0000000000
111674  49.733  26.719  16.665 0.0000000000
157293  48.743  26.555  16.930 0.0000000000
111652  48.552  26.912  18.291 0.0000000000
109529  46.991  24.410  21.394 0.0000000000
143533  47.043  23.677  21.414 0.0000000000
108790  47.208  22.928  21.271 0.0000000000
107213  49.227  20.833  19.477 0.0000000000
107214  48.476  20.867  19.632 0.0000000000
158951  48.494  20.326  18.357 0.0000000000
106295  47.982  20.169  17.862 0.0000000000
132686  47.746  19.859  17.016 0.0000000000
105388  47.773  19.382  15.362 0.0000000000
106306  53.672  20.464  16.840 0.0000000000
106291  53.023  20.622  17.467 0.0000000000
106307  52.843  20.368  16.536 0.0000000000
106318  52.060  20.213  16.186 0.0000000000
108054  42.293  22.578  19.252 0.0000000000
149916  43.660  22.010  19.358 0.0000000000
108801  43.993  23.158  19.807 0.0000000000
108052  43.796  22.565  19.573 0.0000000000
138494  44.679  21.307  19.168 0.0000000000
107217  45.447  21.167  19.281 0.0000000000
111707  47.794  26.571  14.133 0.0000000000
138370  47.093  26.756  13.662 0.0000000000
137796  45.983  26.230  14.867 0.0000000000
147399  46.069  25.915  16.025 0.0000000000
110918  43.010  25.256  18.036 0.0000000000
109554  42.057  24.400  18.458 0.0000000000
109546  42.329  23.807  19.003 0.0000000000
117615  45.482  33.640  17.012 0.0000000000
116866  43.842  32.453  15.800 0.0000000000
115433  43.166  30.805  15.327 0.0000000000
104413  54.139  17.550  19.479 0.0000000000
103467  54.574  16.919  18.822 0.0000000000
102579  54.853  16.239  18.074 0.0000000000
151223  54.864  15.753  17.326 0.0000000000
101705  53.403  15.660  17.091 0.0000000000
101712  53.740  15.594  16.827 0.0000000000
102603  54.307  15.908  15.617 0.0000000000
102626  53.796  16.788  14.178 0.0000000000
154955  50.451  27.955  19.985 0.0000000000
154018  50.345  28.969  20.738 0.0000000000
113146  50.592  28.861  21.555 0.0000000000
113127  50.494  28.312  23.542 0.0000000000
112359  50.330  27.838  24.548 0.0000000000
111582  50.382  27.400  24.756 0.0000000000
110860  44.816  25.748  23.059 0.0000000000
110183  45.221  25.017  23.329 0.0000000000
109496  45.649  23.621  23.788 0.0000000000
108752  46.076  22.945  24.028 0.0000000000
154270  46.503  22.398  24.269 0.0000000000
144521  47.724  20.756  24.164 0.0000000000
106215  48.219  20.334  23.868 0.0000000000
106228  48.874  19.908  23.456 0.0000000000
157353  48.056  19.725  23.509 0.0000000000
105302  48.301  19.328  22.939 0.0000000000
105320  48.152  18.933  22.242 0.0000000000
144490  47.569  18.910  22.724 0.0000000000
104396  47.416  18.362  20.543 0.0000000000
103452  46.901  18.039  19.937 0.0000000000
148670  46.059  32.998  10.220 0.0000000000
116870  50.133  32.693  14.671 0.0000000000
116869  51.022  32.883  14.410 0.0000000000
152811  48.898  31.164  13.259 0.0000000000
115463  48.676  30.772  13.083 0.0000000000
114748  48.587  30.165  13.142 0.0000000000
141022  49.495  30.080  12.700 0.0000000000
113998  50.234  28.808  13.218 0.0000000000
113241  51.431  28.191  13.283 0.0000000000
113230  50.877  28.293  13.991 0.0000000000
113220  51.729  28.076  14.874 0.0000000000
113979  50.745  28.754  16.098 0.0000000000
113211  51.503  28.400  16.437 0.0000000000
113210  51.711  28.078  16.612 0.0000000000
134750  51.660  27.904  17.185 0.0000000000
112434  51.058  27.867  18.657 0.0000000000
108025  48.984  22.765  21.640 0.0000000000
107188  50.519  21.500  20.819 0.0000000000
107198  49.902  21.125  20.054 0.0000000000
106260  49.418  20.584  18.835 0.0000000000
106270  49.634  20.377  18.189 0.0000000000
135437  52.947  20.313  13.692 0.0000000000
103487  41.958  18.064  16.935 0.0000000000
107231  42.587  21.025  19.074 0.0000000000
104444  42.694  18.307  16.687 0.0000000000
104451  42.916  18.133  15.958 0.0000000000
105393  44.142  18.688  16.228 0.0000000000
104449  44.355  18.538  15.514 0.0000000000
104471  44.030  18.101  14.210 0.0000000000
111765  47.967  26.216  9.903 0.0000000000
111778  47.540  26.015  9.160 0.0000000000
111725  47.106  27.037  12.806 0.0000000000
112478  46.397  27.200  12.398 0.0000000000
113930  47.393  29.258  18.698 0.0000000000
113908  46.444  28.870  19.921 0.0000000000
113161  46.290  28.574  20.482 0.0000000000
113921  45.449  28.930  19.128 0.0000000000
113162  45.731  28.548  20.158 0.0000000000
113150  45.693  28.299  20.764 0.0000000000
113140  45.641  27.995  21.394 0.0000000000
110184  44.365  25.120  23.114 0.0000000000
109506  44.196  23.668  23.418 0.0000000000
118933  45.721  35.432  14.159 0.0000000000
118915  46.315  36.198  14.801 0.0000000000
118914  47.602  36.653  14.928 0.0000000000
118911  49.800  36.047  15.118 0.0000000000
118295  50.190  35.174  15.402 0.0000000000
117613  47.174  34.207  16.859 0.0000000000
118297  49.364  34.766  16.543 0.0000000000
117623  49.845  34.132  15.809 0.0000000000
117633  50.490  33.396  15.198 0.0000000000
116871  48.677  32.736  14.683 0.0000000000
116167  47.307  31.649  13.823 0.0000000000
132985  46.718  31.188  13.716 0.0000000000
136650  45.924  31.230  13.969 0.0000000000
114740  46.100  30.028  14.236 0.0000000000
114001  46.581  29.699  14.311 0.0000000000
113982  47.091  29.153  15.631 0.0000000000
133249  46.952  29.208  16.905 0.0000000000
107186  53.386  21.348  21.667 0.0000000000
160240  53.219  21.353  20.962 0.0000000000
107196  53.676  21.027  21.188 0.0000000000
106267  53.965  20.705  18.648 0.0000000000
106258  54.466  19.818  20.168 0.0000000000
106266  54.334  20.306  19.203 0.0000000000
106290  53.933  20.585  17.742 0.0000000000
106316  54.150  20.216  16.293 0.0000000000
103465  55.368  16.971  18.612 0.0000000000
153207  55.479  17.432  18.228 0.0000000000
160019  55.218  18.293  16.669 0.0000000000
103515  55.477  17.206  15.797 0.0000000000
148520  55.243  18.151  15.984 0.0000000000
105371  54.930  19.060  16.287 0.0000000000
105384  54.604  19.778  15.859 0.0000000000
151335  54.425  20.095  14.666 0.0000000000
106332  53.860  20.486  13.867 0.0000000000
106338  53.782  20.651  13.041 0.0000000000
110897  45.580  25.411  20.016 0.0000000000
110903  46.000  25.994  19.576 0.0000000000
110896  46.274  25.698  20.214 0.0000000000
110883  46.609  25.416  20.769 0.0000000000
110882  47.255  25.717  20.965 0.0000000000
110208  47.065  25.099  21.198 0.0000000000
109518  48.816  24.190  22.213 0.0000000000
111601  49.875  26.898  22.521 0.0000000000
108777  51.048  23.321  22.776 0.0000000000
108021  52.697  21.998  22.991 0.0000000000
134758  47.955  29.190  19.722 0.0000000000
113899  47.894  28.917  21.132 0.0000000000
113138  47.184  28.148  22.294 0.0000000000
113130  48.245  28.378  22.817 0.0000000000
111583  49.363  27.032  24.544 0.0000000000
110182  46.057  25.430  23.493 0.0000000000
110851  46.740  25.787  23.682 0.0000000000
109494  47.438  23.912  24.311 0.0000000000
110175  47.658  24.843  24.263 0.0000000000
110850  47.728  25.767  24.106 0.0000000000
110168  51.181  24.902  25.444 0.0000000000
109483  51.276  24.301  25.431 0.0000000000
109482  51.371  23.764  25.100 0.0000000000
107985  51.013  22.955  24.830 0.0000000000
108749  51.594  23.158  24.587 0.0000000000
107183  53.511  21.084  22.341 0.0000000000
106224  53.488  20.257  22.608 0.0000000000
106238  53.889  19.971  22.058 0.0000000000
106239  53.095  19.738  22.722 0.0000000000
105316  53.502  19.650  22.305 0.0000000000
105327  53.864  19.485  21.920 0.0000000000
150217  53.683  18.842  21.213 0.0000000000
104389  54.190  18.450  20.719 0.0000000000
104391  51.922  18.898  20.312 0.0000000000
104414  52.766  18.010  18.954 0.0000000000
103469  52.014  17.613  18.122 0.0000000000
103484  51.429  16.996  17.603 0.0000000000
116266  47.656  32.241  6.634 0.0000000000
116985  46.409  32.553  7.330 0.0000000000
116998  47.118  32.449  6.944 0.0000000000
116265  48.386  31.960  6.776 0.0000000000
132856  48.717  31.806  7.084 0.0000000000
114796  48.200  30.806  7.966 0.0000000000
147721  47.710  29.563  8.011 0.0000000000
116909  46.380  33.265  10.817 0.0000000000
116928  47.059  33.525  10.140 0.0000000000
116877  51.244  32.644  13.643 0.0000000000
117643  50.929  33.545  13.270 0.0000000000
134345  49.449  32.122  12.198 0.0000000000
134149  47.910  33.974  10.204 0.0000000000
116927  47.660  33.602  9.497 0.0000000000
116945  48.135  33.332  9.333 0.0000000000
116226  48.355  32.707  9.309 0.0000000000
115503  48.127  31.673  9.488 0.0000000000
115509  48.059  31.178  8.840 0.0000000000
114051  47.794  29.162  8.553 0.0000000000
113277  48.192  28.152  8.215 0.0000000000
113269  49.212  27.937  8.869 0.0000000000
111774  50.695  26.822  9.365 0.0000000000
113261  51.976  27.728  9.938 0.0000000000
112512  51.640  27.188  9.912 0.0000000000
111763  50.857  26.623  10.105 0.0000000000
111752  50.133  26.451  11.021 0.0000000000
133578  49.107  26.725  13.350 0.0000000000
113229  52.167  27.571  13.729 0.0000000000
112465  52.256  27.294  13.836 0.0000000000
112466  51.914  26.918  13.632 0.0000000000
111687  51.442  27.043  15.624 0.0000000000
111704  51.197  26.761  14.214 0.0000000000
133564  50.457  26.726  13.509 0.0000000000
111705  49.719  26.650  14.242 0.0000000000
111706  48.568  26.642  13.906 0.0000000000
158546  47.857  26.288  15.612 0.0000000000
133254  48.067  26.389  16.734 0.0000000000
111676  47.242  26.261  16.916 0.0000000000
110218  45.295  24.618  20.344 0.0000000000
108799  45.332  23.038  20.396 0.0000000000
108792  45.899  23.294  20.826 0.0000000000
108042  45.560  22.244  20.143 0.0000000000
106264  45.844  20.605  18.851 0.0000000000
108040  47.376  21.441  20.277 0.0000000000
150472  48.061  20.640  19.218 0.0000000000
143104  47.748  20.928  19.700 0.0000000000
107215  46.984  20.984  19.623 0.0000000000
105375  45.965  19.340  16.299 0.0000000000
105374  46.683  19.440  16.203 0.0000000000
105390  46.246  19.195  15.655 0.0000000000
105405  45.780  18.913  15.139 0.0000000000
157401  52.750  21.285  20.184 0.0000000000
156920  52.134  20.592  17.711 0.0000000000
158322  51.507  20.500  17.827 0.0000000000
106269  51.041  20.518  18.117 0.0000000000
106309  49.987  20.002  16.783 0.0000000000
106333  51.927  19.976  13.980 0.0000000000
160051  51.703  19.934  14.698 0.0000000000
105411  50.538  19.435  13.875 0.0000000000
105399  50.432  19.500  14.637 0.0000000000
105385  50.146  19.604  15.366 0.0000000000
105386  49.373  19.486  15.365 0.0000000000
105387  48.598  19.409  15.198 0.0000000000
105402  48.004  19.238  14.636 0.0000000000
151775  51.305  15.413  15.741 0.0000000000
159868  51.285  15.770  15.202 0.0000000000
102617  51.275  16.190  14.662 0.0000000000
156867  51.958  16.140  14.841 0.0000000000
101703  54.634  15.645  16.881 0.0000000000
101704  54.325  15.712  17.204 0.0000000000
102584  55.116  16.009  17.619 0.0000000000
102595  55.212  15.849  17.088 0.0000000000
102604  53.482  15.755  15.612 0.0000000000
103466  55.136  16.927  18.772 0.0000000000
103551  54.543  17.583  13.334 0.0000000000
104388  54.674  18.379  20.727 0.0000000000
104411  55.325  17.763  18.919 0.0000000000
104432  55.399  17.857  17.402 0.0000000000
104465  55.190  18.371  13.546 0.0000000000
104466  54.943  17.878  13.354 0.0000000000
104468  46.263  18.618  13.770 0.0000000000
105342  54.014  19.107  21.505 0.0000000000
105397  55.054  19.021  14.679 0.0000000000
105398  54.729  19.754  15.061 0.0000000000
106261  48.680  20.539  18.951 0.0000000000
106327  52.910  20.240  15.222 0.0000000000
107156  52.320  21.036  24.116 0.0000000000
111665  50.318  27.267  17.963 0.0000000000
111764  49.641  26.288  10.224 0.0000000000
111777  48.399  26.082  9.269 0.0000000000
112360  49.592  27.703  24.354 0.0000000000
112366  50.662  27.791  23.970 0.0000000000
112370  45.870  27.204  22.608 0.0000000000
112452  51.387  27.514  17.077 0.0000000000
112476  52.222  27.454  13.156 0.0000000000
112497  52.588  27.542  11.142 0.0000000000
112511  52.383  27.606  10.444 0.0000000000
113119  50.446  28.056  24.157 0.0000000000
113151  45.124  28.266  20.467 0.0000000000
113160  46.915  28.663  20.769 0.0000000000
113199  51.451  28.276  17.788 0.0000000000
113240  52.046  27.944  13.002 0.0000000000
113255  52.392  28.042  10.449 0.0000000000
113909  45.780  28.794  19.647 0.0000000000
113916  50.540  29.035  19.423 0.0000000000
113919  47.132  29.150  19.380 0.0000000000
113922  44.676  28.751  19.008 0.0000000000
113931  46.347  29.220  18.064 0.0000000000
113943  50.642  29.055  17.681 0.0000000000
113944  49.750  29.169  17.363 0.0000000000
113968  43.956  29.210  16.302 0.0000000000
113981  48.609  29.023  16.079 0.0000000000
114002  46.153  29.557  14.717 0.0000000000
114024  51.672  28.780  11.286 0.0000000000
114029  51.893  28.590  10.625 0.0000000000
114736  44.392  30.374  14.691 0.0000000000
114741  45.522  30.340  14.227 0.0000000000
115444  44.412  31.100  14.658 0.0000000000
115445  43.657  31.287  15.111 0.0000000000
115456  46.173  30.611  13.863 0.0000000000
115457  45.526  30.794  14.079 0.0000000000
115458  45.215  31.204  14.272 0.0000000000
115487  48.433  31.069  11.256 0.0000000000
116154  44.241  31.973  15.155 0.0000000000
116155  43.558  31.855  15.499 0.0000000000
116177  47.792  31.052  13.515 0.0000000000
116255  48.060  32.453  7.273 0.0000000000
116863  46.005  32.788  15.267 0.0000000000
116880  47.960  32.146  14.130 0.0000000000
116884  50.961  32.748  13.084 0.0000000000
116894  50.240  33.575  12.575 0.0000000000
116926  48.452  33.306  9.817 0.0000000000
116947  45.606  32.811  9.646 0.0000000000
116967  45.914  32.713  8.531 0.0000000000
116969  43.742  32.982  8.618 0.0000000000
116988  43.783  33.121  7.895 0.0000000000
117000  45.276  32.833  6.478 0.0000000000
117622  50.414  34.251  15.446 0.0000000000
117626  46.002  33.176  15.901 0.0000000000
117628  44.768  33.200  16.594 0.0000000000
117639  51.184  33.405  14.021 0.0000000000
117711  43.048  33.991  7.669 0.0000000000
117723  43.550  33.984  6.999 0.0000000000
118289  49.579  35.692  16.708 0.0000000000
118291  47.781  34.950  17.269 0.0000000000
118296  49.993  34.961  16.081 0.0000000000
118301  50.525  34.514  14.928 0.0000000000
118331  50.075  34.321  12.662 0.0000000000
118912  49.156  36.560  14.826 0.0000000000
118916  45.307  35.987  14.602 0.0000000000
118929  49.600  35.867  14.247 0.0000000000
118932  46.844  35.477  14.368 0.0000000000
118934  44.448  35.852  14.510 0.0000000000
118945  50.074  35.216  13.921 0.0000000000
118981  43.136  35.033  7.314 0.0000000000
119588  48.471  37.634  15.170 0.0000000000
133242  45.239  32.743  9.029 0.0000000000
133253  48.510  26.386  15.368 0.0000000000
133613  46.078  29.165  16.738 0.0000000000
133689  47.478  27.368  23.398 0.0000000000
134087  45.060  32.783  7.137 0.0000000000
134293  52.857  19.421  22.304 0.0000000000
134303  45.648  29.407  15.162 0.0000000000
134863  54.002  20.333  14.595 0.0000000000
135020  45.633  32.593  7.069 0.0000000000
136442  45.116  32.809  10.262 0.0000000000
136717  42.730  35.068  7.836 0.0000000000
140482  48.962  26.143  9.694 0.0000000000
143071  46.560  18.651  22.854 0.0000000000
149635  52.513  19.207  21.734 0.0000000000
150543  53.465  21.168  20.545 0.0000000000
151455  52.222  27.294  13.255 0.0000000000
151941  45.414  25.837  15.953 0.0000000000
152409  50.998  28.247  18.991 0.0000000000
152486  50.333  28.995  22.152 0.0000000000
152810  50.638  23.942  25.332 0.0000000000
153964  48.657  28.964  21.813 0.0000000000
154000  45.266  24.190  23.574 0.0000000000
154806  47.028  32.146  14.181 0.0000000000
156305  45.941  33.499  16.535 0.0000000000
156834  47.059  29.150  16.265 0.0000000000
157890  50.929  33.968  13.696 0.0000000000
158873  54.752  15.853  17.555 0.0000000000
159199  47.831  29.067  15.647 0.0000000000
159930  52.158  27.047  11.306 0.0000000000
160054  45.147  29.657  14.968 0.0000000000
160155  46.927  18.378  21.984 0.0000000000
