#!ascii label  , from subject sub-v2s13x29133_ses-1 vox2ras=TkReg
641
36974  30.030  -41.801  41.138 0.0000000000
59280  47.010  -23.256  32.042 0.0000000000
62469  53.730  -19.847  31.502 0.0000000000
156365  47.168  -29.825  37.453 0.0000000000
139072  35.410  -39.983  37.976 0.0000000000
138440  33.185  -43.881  39.911 0.0000000000
61417  51.394  -21.330  32.238 0.0000000000
58164  51.251  -23.448  35.752 0.0000000000
48999  43.563  -32.462  38.657 0.0000000000
42171  37.884  -37.352  39.490 0.0000000000
68626  57.107  -14.189  25.526 0.0000000000
67577  52.862  -16.334  29.253 0.0000000000
52076  44.369  -28.836  34.016 0.0000000000
57139  46.479  -24.679  37.367 0.0000000000
37022  32.627  -41.846  39.109 0.0000000000
35935  31.741  -43.296  40.427 0.0000000000
60365  49.424  -22.629  32.436 0.0000000000
60311  51.646  -22.038  34.764 0.0000000000
60313  48.634  -22.090  35.176 0.0000000000
44385  44.236  -35.888  36.432 0.0000000000
36989  36.305  -41.866  40.337 0.0000000000
41130  36.481  -38.488  39.393 0.0000000000
38036  37.745  -40.903  39.197 0.0000000000
141200  55.259  -14.823  24.895 0.0000000000
68594  56.698  -14.242  27.745 0.0000000000
68596  55.407  -14.391  27.872 0.0000000000
135667  52.313  -18.670  30.869 0.0000000000
64590  50.982  -18.068  28.583 0.0000000000
64566  53.531  -17.809  31.026 0.0000000000
64578  54.210  -18.178  30.300 0.0000000000
62502  53.181  -20.199  29.440 0.0000000000
159852  45.226  -31.034  38.660 0.0000000000
51003  44.262  -30.701  36.377 0.0000000000
52038  45.387  -28.842  37.743 0.0000000000
55159  45.408  -26.488  35.836 0.0000000000
54172  46.646  -27.341  38.462 0.0000000000
132591  47.872  -25.870  37.613 0.0000000000
53140  47.518  -27.934  36.562 0.0000000000
37011  34.231  -42.140  40.172 0.0000000000
62490  50.532  -20.579  29.921 0.0000000000
62455  53.005  -20.137  32.230 0.0000000000
59247  52.985  -22.329  33.351 0.0000000000
57201  52.390  -24.894  34.162 0.0000000000
45541  41.063  -34.623  39.786 0.0000000000
45538  43.118  -34.120  39.310 0.0000000000
46742  44.600  -33.604  37.671 0.0000000000
137648  46.956  -32.594  36.011 0.0000000000
51017  47.230  -30.724  35.246 0.0000000000
44362  38.086  -35.365  38.815 0.0000000000
42191  39.915  -36.933  38.274 0.0000000000
69620  58.659  -13.982  24.480 0.0000000000
67607  53.070  -15.674  27.186 0.0000000000
67575  54.715  -15.512  29.530 0.0000000000
64595  53.646  -18.094  28.151 0.0000000000
60297  46.535  -22.528  35.441 0.0000000000
58138  48.673  -23.351  37.771 0.0000000000
133513  50.126  -25.069  35.424 0.0000000000
35918  30.172  -42.913  41.137 0.0000000000
35917  30.504  -42.716  40.960 0.0000000000
132764  31.012  -43.531  40.501 0.0000000000
59279  47.957  -23.181  31.798 0.0000000000
60349  49.057  -22.300  33.433 0.0000000000
60350  47.966  -22.419  33.380 0.0000000000
38037  37.351  -41.271  39.760 0.0000000000
67624  54.350  -15.184  24.434 0.0000000000
67611  54.689  -14.979  25.655 0.0000000000
67612  53.738  -15.331  25.974 0.0000000000
63559  53.359  -18.867  31.440 0.0000000000
64567  52.911  -18.019  31.027 0.0000000000
63558  53.720  -19.033  31.322 0.0000000000
63571  54.049  -18.722  30.952 0.0000000000
49982  45.717  -30.498  38.498 0.0000000000
50981  45.200  -29.919  38.660 0.0000000000
52025  46.117  -28.947  38.513 0.0000000000
54174  46.062  -27.788  38.251 0.0000000000
52024  46.856  -28.766  38.250 0.0000000000
53135  47.489  -27.741  37.353 0.0000000000
135526  47.332  -29.340  37.159 0.0000000000
37012  33.387  -42.014  39.762 0.0000000000
35955  33.988  -43.376  40.033 0.0000000000
139824  34.789  -43.085  40.058 0.0000000000
135637  50.248  -21.954  30.607 0.0000000000
61456  49.863  -21.197  29.532 0.0000000000
61429  51.307  -20.900  31.228 0.0000000000
62470  51.724  -20.238  31.224 0.0000000000
61416  52.066  -20.909  32.472 0.0000000000
61402  53.174  -21.168  32.937 0.0000000000
61404  52.160  -21.055  32.892 0.0000000000
60292  51.254  -22.226  35.501 0.0000000000
58179  52.078  -23.384  34.650 0.0000000000
144499  51.920  -24.407  34.638 0.0000000000
56183  52.264  -26.013  34.027 0.0000000000
56173  51.258  -25.379  34.667 0.0000000000
44361  41.682  -35.573  39.419 0.0000000000
45540  41.805  -34.429  39.736 0.0000000000
44359  42.745  -35.421  38.616 0.0000000000
44370  44.527  -35.110  36.806 0.0000000000
46740  46.120  -33.236  36.647 0.0000000000
41117  37.158  -38.127  39.672 0.0000000000
43252  37.169  -36.648  39.373 0.0000000000
44336  38.056  -36.107  39.492 0.0000000000
43248  39.561  -35.725  39.751 0.0000000000
41128  38.571  -37.328  39.229 0.0000000000
69633  56.003  -13.985  24.002 0.0000000000
69621  58.059  -13.912  24.781 0.0000000000
67593  56.370  -14.561  28.153 0.0000000000
65620  52.249  -16.984  29.295 0.0000000000
65629  51.014  -17.461  27.136 0.0000000000
66632  51.962  -16.630  27.544 0.0000000000
66670  52.410  -16.188  26.507 0.0000000000
66631  52.786  -16.130  28.342 0.0000000000
67595  53.934  -15.185  28.117 0.0000000000
67576  54.148  -15.626  29.517 0.0000000000
63585  52.983  -19.444  28.493 0.0000000000
64587  54.064  -18.216  29.149 0.0000000000
47944  43.001  -32.764  38.581 0.0000000000
49027  43.287  -32.298  36.721 0.0000000000
52046  44.344  -29.731  35.159 0.0000000000
50038  43.572  -30.841  34.912 0.0000000000
56143  46.098  -25.135  36.871 0.0000000000
56161  45.388  -25.026  35.284 0.0000000000
57171  45.901  -24.015  35.877 0.0000000000
59233  45.629  -23.414  34.814 0.0000000000
59202  46.526  -23.280  36.438 0.0000000000
59201  47.379  -22.805  36.741 0.0000000000
58140  47.202  -23.653  37.528 0.0000000000
55158  48.181  -26.307  36.075 0.0000000000
56141  49.120  -24.997  36.474 0.0000000000
156283  48.871  -25.815  34.901 0.0000000000
55175  50.293  -25.803  33.873 0.0000000000
36994  32.054  -42.708  40.217 0.0000000000
34849  32.092  -43.720  40.226 0.0000000000
33847  32.317  -44.212  39.730 0.0000000000
34862  31.940  -43.973  40.080 0.0000000000
60364  50.199  -22.269  32.134 0.0000000000
61390  51.574  -21.511  33.731 0.0000000000
60333  49.908  -21.987  33.864 0.0000000000
136962  50.433  -22.050  35.392 0.0000000000
60277  50.640  -22.334  36.013 0.0000000000
38038  35.217  -40.939  40.003 0.0000000000
40167  35.684  -39.725  38.812 0.0000000000
38026  36.442  -40.362  40.445 0.0000000000
39108  37.244  -39.965  40.085 0.0000000000
40153  38.001  -39.056  39.259 0.0000000000
41140  38.504  -38.267  38.699 0.0000000000
39146  38.257  -40.560  37.986 0.0000000000
68627  56.340  -14.397  25.525 0.0000000000
68606  56.970  -14.257  26.448 0.0000000000
144967  55.677  -14.547  25.977 0.0000000000
68595  56.150  -14.212  27.864 0.0000000000
68580  55.545  -14.841  28.701 0.0000000000
63586  50.703  -19.091  29.113 0.0000000000
64580  51.198  -18.409  29.307 0.0000000000
65606  52.590  -17.296  30.162 0.0000000000
65585  53.482  -17.151  30.656 0.0000000000
66578  53.875  -16.577  30.375 0.0000000000
64565  53.826  -17.885  30.915 0.0000000000
63584  54.035  -19.031  30.017 0.0000000000
49984  44.417  -31.608  38.513 0.0000000000
49026  43.879  -31.701  37.366 0.0000000000
49998  44.640  -30.527  38.105 0.0000000000
140974  44.817  -29.966  37.706 0.0000000000
53143  45.179  -28.851  36.566 0.0000000000
145681  45.129  -27.899  35.219 0.0000000000
54198  45.602  -27.306  36.971 0.0000000000
137869  45.956  -26.812  37.486 0.0000000000
151163  46.594  -25.698  38.155 0.0000000000
56127  47.388  -24.912  38.065 0.0000000000
55137  47.342  -26.492  38.035 0.0000000000
54197  47.794  -26.999  36.815 0.0000000000
54202  47.764  -27.175  35.760 0.0000000000
38051  32.478  -41.582  38.198 0.0000000000
133507  33.410  -41.382  38.602 0.0000000000
145948  34.652  -41.053  39.406 0.0000000000
136995  35.274  -41.650  40.287 0.0000000000
35953  36.483  -42.947  39.544 0.0000000000
62489  51.242  -20.019  30.439 0.0000000000
145049  52.497  -19.737  31.622 0.0000000000
62454  53.283  -20.052  31.937 0.0000000000
61415  53.445  -20.765  32.375 0.0000000000
136464  53.391  -22.292  32.406 0.0000000000
58206  53.277  -23.950  32.547 0.0000000000
60331  52.033  -21.712  34.052 0.0000000000
136959  52.952  -23.301  33.164 0.0000000000
45572  39.562  -34.451  38.167 0.0000000000
46734  41.115  -33.905  38.700 0.0000000000
46721  42.115  -33.797  39.550 0.0000000000
47914  43.116  -33.352  39.283 0.0000000000
44371  43.738  -35.402  37.253 0.0000000000
45552  43.683  -34.175  38.552 0.0000000000
47930  44.245  -32.580  38.703 0.0000000000
47929  45.059  -32.398  38.186 0.0000000000
49011  46.555  -31.689  37.280 0.0000000000
49996  47.086  -31.294  36.847 0.0000000000
139527  47.346  -30.137  36.644 0.0000000000
50025  47.214  -31.553  35.457 0.0000000000
45543  39.585  -34.846  39.328 0.0000000000
43255  40.430  -35.672  39.837 0.0000000000
42200  41.005  -36.646  37.476 0.0000000000
136754  39.017  -38.048  37.754 0.0000000000
42201  40.174  -37.061  37.148 0.0000000000
69630  58.757  -13.328  24.116 0.0000000000
67613  52.986  -15.692  26.245 0.0000000000
67606  53.744  -15.159  27.056 0.0000000000
68581  55.088  -14.870  28.780 0.0000000000
66595  55.122  -15.466  29.306 0.0000000000
159918  54.274  -16.981  30.213 0.0000000000
65603  54.610  -16.673  29.870 0.0000000000
65618  54.753  -16.863  28.765 0.0000000000
49036  43.565  -31.681  36.153 0.0000000000
147008  45.423  -23.226  33.426 0.0000000000
60352  46.341  -22.726  33.329 0.0000000000
60314  47.673  -22.069  35.045 0.0000000000
60278  49.273  -22.459  36.606 0.0000000000
58150  50.380  -23.468  36.569 0.0000000000
57135  48.531  -24.064  37.688 0.0000000000
57151  49.513  -24.354  36.727 0.0000000000
57168  50.743  -24.657  35.404 0.0000000000
56185  51.134  -25.617  34.492 0.0000000000
52036  47.363  -29.185  35.728 0.0000000000
53152  47.324  -28.423  35.021 0.0000000000
36975  29.928  -42.362  41.344 0.0000000000
59261  47.525  -22.884  32.660 0.0000000000
67625  53.750  -15.505  24.852 0.0000000000
63540  53.443  -19.387  31.538 0.0000000000
62487  53.928  -19.576  30.977 0.0000000000
61445  53.606  -20.481  30.814 0.0000000000
50991  46.581  -30.167  37.966 0.0000000000
50980  45.894  -29.658  38.596 0.0000000000
50979  46.671  -29.437  38.167 0.0000000000
154734  47.163  -29.244  37.751 0.0000000000
52031  47.259  -28.790  37.706 0.0000000000
35933  33.183  -43.397  40.205 0.0000000000
36992  33.754  -42.779  40.221 0.0000000000
133789  33.864  -43.802  39.611 0.0000000000
60363  50.827  -21.806  31.803 0.0000000000
60373  50.783  -21.503  31.019 0.0000000000
144758  51.255  -21.275  31.604 0.0000000000
61428  51.797  -20.727  31.801 0.0000000000
59213  51.174  -22.648  35.850 0.0000000000
58180  51.557  -23.916  35.181 0.0000000000
57185  51.358  -24.779  34.949 0.0000000000
57167  51.076  -24.356  35.378 0.0000000000
43264  41.614  -36.072  38.637 0.0000000000
44360  42.183  -35.740  38.683 0.0000000000
139951  42.068  -36.090  37.848 0.0000000000
41116  37.508  -38.006  39.600 0.0000000000
42173  36.989  -37.051  39.489 0.0000000000
42172  37.601  -37.353  39.520 0.0000000000
43251  37.602  -36.669  39.540 0.0000000000
42182  38.446  -36.947  39.470 0.0000000000
68636  56.635  -14.092  24.683 0.0000000000
69642  56.323  -13.486  23.856 0.0000000000
69632  56.939  -13.590  24.184 0.0000000000
69622  57.492  -13.841  24.904 0.0000000000
66616  52.062  -16.759  28.395 0.0000000000
157931  53.452  -15.869  29.224 0.0000000000
66598  53.703  -16.077  29.886 0.0000000000
47955  42.751  -32.885  37.346 0.0000000000
49014  43.457  -32.349  37.961 0.0000000000
52058  44.579  -29.063  34.818 0.0000000000
56160  45.745  -24.720  36.069 0.0000000000
57153  46.171  -24.317  36.636 0.0000000000
58153  46.258  -23.723  36.356 0.0000000000
150595  46.623  -23.838  37.061 0.0000000000
59187  47.025  -23.220  36.982 0.0000000000
57138  46.887  -24.381  37.635 0.0000000000
55166  48.251  -26.331  35.208 0.0000000000
55157  48.785  -25.700  35.548 0.0000000000
56187  49.439  -25.706  34.215 0.0000000000
36995  31.253  -42.792  40.582 0.0000000000
37014  31.312  -42.203  40.163 0.0000000000
35934  32.463  -43.363  40.325 0.0000000000
34850  31.528  -43.685  40.335 0.0000000000
59278  48.884  -22.953  31.754 0.0000000000
59292  49.151  -22.887  30.937 0.0000000000
59277  49.661  -22.674  31.544 0.0000000000
60348  50.048  -22.127  33.071 0.0000000000
60334  49.295  -22.053  34.435 0.0000000000
60312  49.597  -22.092  35.304 0.0000000000
60293  49.854  -22.241  36.068 0.0000000000
38027  35.792  -41.347  40.490 0.0000000000
39111  35.880  -40.440  40.408 0.0000000000
148316  36.403  -41.053  40.484 0.0000000000
38024  37.462  -40.591  39.855 0.0000000000
40139  37.481  -39.255  39.849 0.0000000000
39120  37.794  -40.057  39.457 0.0000000000
39131  38.181  -39.938  38.640 0.0000000000
68638  54.772  -14.764  23.986 0.0000000000
68637  55.708  -14.515  24.354 0.0000000000
67605  54.572  -14.724  26.931 0.0000000000
68608  55.527  -14.303  27.027 0.0000000000
68587  55.885  -14.539  28.339 0.0000000000
68588  55.285  -14.664  28.402 0.0000000000
63572  51.391  -18.870  29.921 0.0000000000
65586  52.968  -17.574  30.811 0.0000000000
65584  53.836  -17.213  30.684 0.0000000000
62501  53.841  -19.567  30.169 0.0000000000
154576  53.441  -19.591  29.280 0.0000000000
61462  52.470  -20.715  28.879 0.0000000000
154296  44.760  -31.233  38.698 0.0000000000
49983  44.692  -30.916  38.556 0.0000000000
52027  45.145  -29.599  38.262 0.0000000000
159171  44.860  -30.053  38.294 0.0000000000
52039  45.069  -29.421  37.382 0.0000000000
53147  45.336  -27.865  36.159 0.0000000000
53142  45.502  -28.103  37.276 0.0000000000
153787  46.387  -27.392  38.333 0.0000000000
146849  46.231  -27.136  38.091 0.0000000000
55139  46.364  -26.292  38.011 0.0000000000
55121  46.686  -26.183  38.404 0.0000000000
55120  46.964  -26.119  38.346 0.0000000000
55138  46.834  -26.711  38.410 0.0000000000
54187  47.555  -27.066  37.585 0.0000000000
53146  47.467  -28.214  35.815 0.0000000000
38041  31.779  -41.712  38.681 0.0000000000
38040  34.101  -41.472  39.459 0.0000000000
132723  34.382  -40.857  38.402 0.0000000000
38039  34.738  -41.622  39.977 0.0000000000
36991  34.941  -42.204  40.318 0.0000000000
62504  50.053  -20.383  29.220 0.0000000000
62456  52.541  -20.232  32.077 0.0000000000
151608  53.039  -19.534  31.799 0.0000000000
62445  53.120  -20.535  32.583 0.0000000000
60346  53.292  -21.885  32.895 0.0000000000
59259  53.257  -23.032  32.413 0.0000000000
151708  53.232  -22.540  32.810 0.0000000000
61378  51.559  -21.757  34.281 0.0000000000
157528  52.042  -21.972  34.337 0.0000000000
58193  52.529  -23.918  34.021 0.0000000000
59248  52.556  -22.871  33.957 0.0000000000
57200  53.011  -24.562  33.378 0.0000000000
56196  53.226  -25.467  33.096 0.0000000000
45555  39.918  -34.486  39.045 0.0000000000
45571  40.340  -34.210  38.392 0.0000000000
45554  40.662  -34.238  39.300 0.0000000000
45539  42.482  -34.314  39.617 0.0000000000
46720  42.672  -33.746  39.439 0.0000000000
46732  42.639  -33.304  39.140 0.0000000000
155550  43.564  -35.848  36.827 0.0000000000
45568  44.985  -34.231  36.919 0.0000000000
45569  44.237  -34.204  37.638 0.0000000000
46730  44.092  -33.423  38.600 0.0000000000
152083  44.609  -32.993  38.149 0.0000000000
47943  45.249  -33.287  37.271 0.0000000000
152311  46.629  -33.084  36.221 0.0000000000
47954  46.472  -32.481  36.792 0.0000000000
49025  46.973  -31.964  36.462 0.0000000000
50012  47.211  -31.572  36.097 0.0000000000
139768  47.105  -32.229  35.588 0.0000000000
40155  36.048  -39.373  39.570 0.0000000000
142503  36.104  -38.840  38.748 0.0000000000
41131  36.352  -38.037  38.679 0.0000000000
44363  37.485  -35.583  38.627 0.0000000000
45574  37.688  -35.175  37.506 0.0000000000
45557  38.370  -35.017  38.261 0.0000000000
45556  39.157  -34.707  38.721 0.0000000000
152086  38.818  -35.075  39.061 0.0000000000
42180  39.705  -36.675  39.134 0.0000000000
159866  39.974  -35.681  39.830 0.0000000000
43266  40.386  -36.406  39.061 0.0000000000
43275  41.068  -36.400  38.455 0.0000000000
43276  40.496  -36.698  38.065 0.0000000000
42213  41.095  -37.041  36.277 0.0000000000
68623  58.588  -14.567  24.785 0.0000000000
150546  56.850  -14.225  27.253 0.0000000000
64598  50.170  -18.372  27.324 0.0000000000
64597  50.811  -17.808  27.725 0.0000000000
67587  54.534  -15.121  29.019 0.0000000000
67586  55.142  -15.091  29.101 0.0000000000
64564  54.069  -17.319  30.496 0.0000000000
66577  54.156  -16.661  30.212 0.0000000000
65619  54.368  -17.526  28.974 0.0000000000
65627  54.061  -17.505  27.920 0.0000000000
50013  44.306  -30.994  37.304 0.0000000000
50026  43.802  -31.086  35.718 0.0000000000
54204  45.276  -27.227  35.478 0.0000000000
56177  45.093  -24.884  34.358 0.0000000000
152691  45.651  -23.182  34.570 0.0000000000
59250  45.487  -23.199  34.035 0.0000000000
59232  46.021  -22.696  34.607 0.0000000000
59263  45.827  -23.076  32.913 0.0000000000
60337  46.513  -22.412  34.007 0.0000000000
60315  46.797  -22.201  34.888 0.0000000000
59185  48.320  -22.942  37.490 0.0000000000
60279  48.448  -22.454  36.548 0.0000000000
59199  48.763  -22.676  37.018 0.0000000000
59198  49.511  -22.697  36.894 0.0000000000
148039  49.771  -23.137  37.021 0.0000000000
55119  47.367  -25.651  38.101 0.0000000000
57136  48.024  -24.963  37.750 0.0000000000
56158  49.381  -25.199  35.769 0.0000000000
57170  49.880  -24.816  35.963 0.0000000000
57169  50.278  -24.307  36.080 0.0000000000
56157  50.479  -24.881  35.406 0.0000000000
56174  50.889  -25.127  34.937 0.0000000000
56175  50.611  -25.219  34.954 0.0000000000
55174  51.060  -25.998  33.960 0.0000000000
133074  47.366  -30.068  35.938 0.0000000000
145905  47.248  -29.910  35.318 0.0000000000
35936  31.066  -43.252  40.617 0.0000000000
35937  30.551  -43.244  40.926 0.0000000000
151243  48.544  -23.193  31.152 0.0000000000
59260  48.480  -22.762  32.584 0.0000000000
60335  48.314  -22.124  34.261 0.0000000000
37009  36.729  -42.366  39.939 0.0000000000
36988  36.883  -41.614  40.210 0.0000000000
37008  37.200  -42.042  39.571 0.0000000000
37007  37.615  -41.602  38.927 0.0000000000
63560  52.852  -19.037  31.449 0.0000000000
64553  53.234  -18.401  31.280 0.0000000000
64552  53.635  -18.397  31.236 0.0000000000
135084  44.942  -30.595  38.755 0.0000000000
52026  45.539  -29.232  38.493 0.0000000000
52032  45.591  -28.902  38.260 0.0000000000
53137  45.713  -28.258  38.080 0.0000000000
53124  45.894  -28.445  38.419 0.0000000000
53123  46.345  -28.383  38.481 0.0000000000
53122  46.819  -28.059  38.355 0.0000000000
54188  47.134  -27.385  38.093 0.0000000000
53136  47.253  -28.213  37.825 0.0000000000
53141  47.399  -28.622  37.080 0.0000000000
35932  34.511  -42.768  40.283 0.0000000000
60389  49.770  -21.934  29.999 0.0000000000
61447  50.380  -21.349  30.235 0.0000000000
61446  50.991  -20.771  30.650 0.0000000000
62446  52.710  -20.609  32.609 0.0000000000
61403  52.682  -21.013  33.002 0.0000000000
60329  52.602  -21.401  33.483 0.0000000000
59231  51.642  -22.791  35.291 0.0000000000
56182  52.697  -25.509  33.780 0.0000000000
56172  51.742  -25.196  34.556 0.0000000000
144757  51.738  -25.762  34.293 0.0000000000
56184  51.469  -25.874  34.224 0.0000000000
44346  41.113  -35.317  39.871 0.0000000000
156895  41.631  -35.017  39.875 0.0000000000
158735  42.243  -35.093  39.476 0.0000000000
45553  42.784  -34.803  39.192 0.0000000000
44384  45.076  -35.914  36.075 0.0000000000
46741  45.824  -34.071  36.463 0.0000000000
46752  46.402  -33.723  36.078 0.0000000000
151529  36.733  -38.630  39.863 0.0000000000
41118  36.876  -37.825  39.415 0.0000000000
43267  36.730  -36.308  38.552 0.0000000000
44364  37.107  -35.917  38.750 0.0000000000
44350  37.748  -35.744  39.155 0.0000000000
44349  38.463  -35.578  39.359 0.0000000000
44348  39.224  -35.358  39.523 0.0000000000
43249  38.792  -35.922  39.633 0.0000000000
42181  39.146  -36.673  39.460 0.0000000000
42192  39.157  -37.271  38.649 0.0000000000
69631  58.022  -13.296  24.358 0.0000000000
65621  51.477  -17.405  28.468 0.0000000000
65628  51.416  -17.167  27.667 0.0000000000
66650  51.871  -16.596  26.749 0.0000000000
66649  52.498  -16.161  27.353 0.0000000000
67596  53.168  -15.726  27.946 0.0000000000
67588  53.685  -15.530  28.771 0.0000000000
63591  53.756  -18.934  29.216 0.0000000000
65604  54.360  -17.453  29.969 0.0000000000
64588  53.319  -18.768  28.334 0.0000000000
47945  42.370  -33.281  38.295 0.0000000000
51019  44.110  -30.431  35.470 0.0000000000
51035  43.855  -30.194  34.607 0.0000000000
51050  43.628  -29.943  33.854 0.0000000000
139503  45.614  -25.658  36.213 0.0000000000
148773  45.374  -25.864  35.410 0.0000000000
57172  45.565  -24.328  35.422 0.0000000000
57187  45.329  -24.309  34.740 0.0000000000
58182  45.328  -23.851  34.362 0.0000000000
58166  45.605  -23.809  35.132 0.0000000000
59217  46.040  -23.389  35.670 0.0000000000
59216  46.476  -22.905  35.893 0.0000000000
59215  47.021  -22.624  36.105 0.0000000000
152530  46.881  -22.944  36.447 0.0000000000
59186  47.608  -23.032  37.372 0.0000000000
58139  47.916  -23.565  37.858 0.0000000000
55149  48.129  -26.130  36.875 0.0000000000
56142  48.425  -25.381  37.031 0.0000000000
56159  48.640  -25.591  36.278 0.0000000000
56176  49.698  -25.391  35.069 0.0000000000
56186  50.516  -25.558  34.506 0.0000000000
37013  31.917  -42.038  39.580 0.0000000000
139043  32.608  -42.257  39.792 0.0000000000
36993  32.933  -42.773  40.122 0.0000000000
34848  32.641  -43.736  40.158 0.0000000000
33846  32.851  -44.217  39.548 0.0000000000
34861  32.453  -44.009  40.003 0.0000000000
59291  49.772  -22.447  30.717 0.0000000000
60374  50.316  -22.221  31.272 0.0000000000
60347  50.819  -21.790  32.677 0.0000000000
61405  51.494  -21.357  33.028 0.0000000000
60332  50.782  -21.734  33.688 0.0000000000
153989  51.054  -21.761  34.455 0.0000000000
135937  50.306  -21.912  34.610 0.0000000000
158372  50.781  -21.907  34.929 0.0000000000
59214  50.800  -23.038  36.212 0.0000000000
43286  42.617  -36.332  36.884 0.0000000000
39132  35.118  -40.422  38.835 0.0000000000
39121  35.609  -40.126  39.738 0.0000000000
147978  36.043  -39.834  40.028 0.0000000000
151359  36.394  -39.259  39.903 0.0000000000
38025  36.964  -40.679  40.321 0.0000000000
39109  36.780  -39.893  40.354 0.0000000000
40154  36.690  -39.271  40.146 0.0000000000
154110  36.923  -38.789  40.023 0.0000000000
148566  37.227  -38.670  39.889 0.0000000000
145222  37.573  -38.566  39.682 0.0000000000
41129  38.127  -38.062  39.307 0.0000000000
40166  38.383  -39.280  38.482 0.0000000000
40165  38.460  -39.874  37.860 0.0000000000
68607  56.410  -14.086  27.022 0.0000000000
67594  55.948  -14.909  28.567 0.0000000000
158196  50.660  -18.643  28.692 0.0000000000
64579  52.094  -18.027  30.283 0.0000000000
64589  51.711  -17.707  29.332 0.0000000000
65605  53.179  -16.633  30.109 0.0000000000
62508  52.709  -20.093  28.669 0.0000000000
48998  43.889  -32.273  38.754 0.0000000000
49013  43.959  -31.945  38.409 0.0000000000
49999  44.368  -31.298  38.170 0.0000000000
50982  44.869  -30.233  38.538 0.0000000000
51002  44.531  -30.404  37.186 0.0000000000
51018  44.669  -29.850  36.412 0.0000000000
52045  44.777  -29.221  35.653 0.0000000000
53148  45.035  -28.565  35.466 0.0000000000
53153  44.834  -28.338  34.606 0.0000000000
54203  45.432  -27.072  36.228 0.0000000000
54189  45.807  -27.566  37.801 0.0000000000
55150  45.634  -26.537  36.676 0.0000000000
136446  45.995  -25.977  37.194 0.0000000000
56129  46.372  -25.457  37.698 0.0000000000
56128  46.660  -25.070  37.947 0.0000000000
57118  46.998  -24.820  37.989 0.0000000000
56108  46.912  -25.493  38.245 0.0000000000
146689  47.778  -26.540  37.418 0.0000000000
39133  34.986  -40.313  37.703 0.0000000000
35931  35.243  -42.633  40.206 0.0000000000
37010  36.056  -42.531  40.068 0.0000000000
62503  50.793  -19.734  29.640 0.0000000000
159861  51.532  -19.346  30.363 0.0000000000
62488  52.030  -19.464  31.048 0.0000000000
61427  53.602  -20.544  31.786 0.0000000000
156599  53.693  -20.475  31.382 0.0000000000
60371  53.518  -21.353  31.893 0.0000000000
144989  53.378  -22.129  31.965 0.0000000000
60362  53.495  -21.555  32.458 0.0000000000
61389  52.126  -21.371  33.607 0.0000000000
60330  52.470  -22.220  33.962 0.0000000000
59230  52.124  -22.420  34.558 0.0000000000
136541  40.026  -34.348  37.327 0.0000000000
46722  41.398  -33.980  39.491 0.0000000000
46733  41.889  -33.625  38.994 0.0000000000
47932  43.296  -32.835  38.961 0.0000000000
43273  42.611  -35.859  37.778 0.0000000000
44372  43.167  -35.641  37.657 0.0000000000
44358  43.305  -34.953  38.408 0.0000000000
45570  43.836  -34.775  37.678 0.0000000000
46731  43.495  -33.559  39.084 0.0000000000
47931  43.601  -32.948  38.964 0.0000000000
48997  44.523  -31.874  38.617 0.0000000000
48996  45.203  -31.631  38.525 0.0000000000
47942  45.768  -32.686  37.322 0.0000000000
49012  45.848  -32.034  37.759 0.0000000000
48995  45.907  -31.331  38.199 0.0000000000
49997  46.569  -30.939  37.680 0.0000000000
50990  47.128  -30.553  37.143 0.0000000000
137713  47.254  -30.883  36.501 0.0000000000
140777  47.317  -30.851  35.978 0.0000000000
49046  47.060  -32.258  35.023 0.0000000000
50037  47.099  -31.494  34.808 0.0000000000
147232  35.850  -39.265  37.745 0.0000000000
42203  36.309  -37.372  38.111 0.0000000000
45542  40.298  -34.691  39.614 0.0000000000
44347  39.981  -35.262  39.749 0.0000000000
138129  40.578  -35.061  39.938 0.0000000000
43265  41.100  -35.983  39.338 0.0000000000
43274  41.562  -36.357  37.825 0.0000000000
42202  39.521  -37.344  37.685 0.0000000000
41150  39.508  -37.807  36.855 0.0000000000
38017  29.454  -41.295  41.363 0.0000000000
70694  59.447  -12.892  23.666 0.0000000000
68597  54.599  -14.722  27.881 0.0000000000
68582  54.720  -14.817  28.529 0.0000000000
67585  55.526  -15.109  28.943 0.0000000000
66629  55.576  -15.417  29.053 0.0000000000
66597  54.304  -16.015  29.975 0.0000000000
66596  54.679  -15.958  29.809 0.0000000000
66615  55.106  -15.972  29.480 0.0000000000
65626  54.531  -16.932  27.650 0.0000000000
59281  46.196  -23.325  32.146 0.0000000000
58195  44.843  -23.889  33.367 0.0000000000
143739  45.576  -23.427  32.241 0.0000000000
59262  46.646  -22.957  32.737 0.0000000000
60351  47.059  -22.559  33.349 0.0000000000
60336  47.367  -22.188  34.146 0.0000000000
60280  47.673  -22.490  36.370 0.0000000000
60295  48.068  -22.245  35.859 0.0000000000
60294  48.981  -22.253  35.992 0.0000000000
155383  49.936  -22.471  36.541 0.0000000000
59197  50.206  -22.730  36.653 0.0000000000
57137  47.337  -24.243  37.882 0.0000000000
155757  47.809  -24.311  37.932 0.0000000000
57152  48.806  -24.667  37.177 0.0000000000
157816  49.072  -24.185  37.280 0.0000000000
58152  49.270  -23.658  37.333 0.0000000000
58151  49.892  -23.762  36.783 0.0000000000
58165  50.785  -23.938  35.920 0.0000000000
57186  51.002  -24.923  35.040 0.0000000000
55173  51.598  -26.240  33.898 0.0000000000
52037  47.395  -29.382  36.504 0.0000000000
143003  47.425  -28.714  36.371 0.0000000000
53151  47.481  -27.681  35.180 0.0000000000
36990  35.619  -42.039  40.329 0.0000000000
39110  36.359  -39.870  40.222 0.0000000000
40140  37.020  -39.279  40.136 0.0000000000
43250  38.226  -36.635  39.522 0.0000000000
43256  39.788  -36.119  39.734 0.0000000000
43257  39.066  -36.255  39.601 0.0000000000
43258  37.426  -36.214  39.313 0.0000000000
43259  37.011  -36.378  39.070 0.0000000000
45558  37.599  -35.375  38.146 0.0000000000
54173  46.310  -27.845  38.439 0.0000000000
55122  46.540  -26.832  38.360 0.0000000000
58137  49.051  -23.031  37.303 0.0000000000
58181  45.311  -23.606  34.052 0.0000000000
58194  45.140  -23.572  33.459 0.0000000000
59200  48.021  -22.694  36.976 0.0000000000
59249  45.835  -22.818  33.743 0.0000000000
59264  45.178  -23.485  32.746 0.0000000000
60296  47.234  -22.307  35.670 0.0000000000
135887  48.611  -23.085  30.402 0.0000000000
140587  46.013  -22.984  35.190 0.0000000000
143509  44.985  -23.991  33.720 0.0000000000
149768  43.984  -31.262  36.530 0.0000000000
152666  51.068  -21.960  35.099 0.0000000000
153025  47.105  -28.467  38.053 0.0000000000
153051  53.005  -21.681  33.357 0.0000000000
156004  52.159  -25.542  34.239 0.0000000000
157871  52.180  -20.195  31.718 0.0000000000
159973  47.113  -32.102  36.003 0.0000000000
