#!ascii label  , from subject sub-v2s13x29133_ses-1 vox2ras=TkReg
1244
51196  31.632  -30.145  24.464 0.0000000000
73831  44.289  -9.851  17.129 0.0000000000
61575  37.687  -21.369  18.837 0.0000000000
40225  16.219  -39.238  34.511 0.0000000000
51112  26.214  -30.359  29.788 0.0000000000
66781  38.128  -16.886  18.837 0.0000000000
44456  20.487  -35.073  30.184 0.0000000000
40279  19.656  -38.663  32.096 0.0000000000
44481  24.574  -35.329  27.911 0.0000000000
74752  48.193  -9.798  17.412 0.0000000000
157530  34.658  -27.624  24.571 0.0000000000
56323  35.539  -25.778  21.962 0.0000000000
51195  36.699  -30.429  24.948 0.0000000000
136871  46.926  -5.884  17.410 0.0000000000
141567  50.083  -5.778  14.884 0.0000000000
74730  41.017  -9.746  19.372 0.0000000000
69689  45.259  -13.851  18.224 0.0000000000
68709  41.229  -15.500  17.638 0.0000000000
62606  42.229  -20.554  18.760 0.0000000000
48104  31.068  -32.665  28.647 0.0000000000
36016  15.085  -42.938  36.035 0.0000000000
34908  10.937  -43.432  37.362 0.0000000000
34838  8.075  -43.746  41.613 0.0000000000
153826  28.546  -28.195  26.602 0.0000000000
44516  27.926  -35.081  26.627 0.0000000000
61543  32.567  -21.104  21.291 0.0000000000
152951  37.688  -22.985  23.472 0.0000000000
83681  52.699  -1.733  14.035 0.0000000000
73828  46.482  -9.891  16.865 0.0000000000
72797  46.333  -11.385  19.163 0.0000000000
138215  33.265  -29.359  23.884 0.0000000000
147726  34.462  -29.610  22.214 0.0000000000
50180  34.054  -31.290  24.234 0.0000000000
76701  43.717  -7.790  18.383 0.0000000000
78588  45.978  -5.960  19.247 0.0000000000
76710  45.322  -7.553  16.884 0.0000000000
76731  47.526  -7.663  15.863 0.0000000000
28811  8.601  -48.647  39.989 0.0000000000
71826  40.599  -12.631  19.103 0.0000000000
70745  39.239  -13.183  19.222 0.0000000000
63709  37.954  -19.536  18.170 0.0000000000
155842  39.419  -18.915  17.373 0.0000000000
61591  39.719  -21.006  18.279 0.0000000000
59508  39.903  -22.787  19.934 0.0000000000
151277  17.753  -38.877  33.016 0.0000000000
133776  19.557  -40.452  33.920 0.0000000000
38105  17.406  -41.217  34.447 0.0000000000
36032  17.030  -42.454  35.637 0.0000000000
38096  15.303  -41.298  35.017 0.0000000000
38072  11.912  -41.310  37.133 0.0000000000
34873  9.117  -44.124  38.906 0.0000000000
53258  26.500  -28.736  28.434 0.0000000000
50154  27.044  -30.929  26.386 0.0000000000
49172  26.560  -32.306  26.666 0.0000000000
147358  23.973  -36.988  30.083 0.0000000000
42294  26.319  -37.240  29.726 0.0000000000
55278  38.565  -26.420  24.118 0.0000000000
57298  36.338  -23.863  23.414 0.0000000000
68681  38.536  -14.636  20.754 0.0000000000
65747  37.136  -17.600  20.455 0.0000000000
63686  36.241  -19.575  19.644 0.0000000000
42275  22.040  -36.957  31.091 0.0000000000
41237  21.432  -37.828  32.267 0.0000000000
43350  19.797  -36.351  30.946 0.0000000000
44430  18.199  -36.108  32.689 0.0000000000
42234  16.758  -36.758  34.568 0.0000000000
46901  25.516  -33.581  28.207 0.0000000000
46885  23.793  -33.489  28.905 0.0000000000
44464  22.490  -35.391  29.165 0.0000000000
152821  33.085  -26.009  25.419 0.0000000000
57316  31.321  -24.751  23.498 0.0000000000
135972  34.189  -27.106  22.917 0.0000000000
53352  36.404  -28.529  22.252 0.0000000000
80579  50.167  -3.709  16.160 0.0000000000
78627  48.754  -5.974  15.460 0.0000000000
75721  49.373  -8.085  15.871 0.0000000000
74740  42.474  -9.269  18.162 0.0000000000
139670  43.998  -11.470  18.604 0.0000000000
71823  42.748  -12.014  18.876 0.0000000000
68698  42.746  -14.494  18.113 0.0000000000
64709  43.919  -17.859  18.201 0.0000000000
67724  39.480  -16.261  17.725 0.0000000000
64712  42.020  -18.596  17.551 0.0000000000
49168  30.987  -31.426  26.481 0.0000000000
49165  33.395  -32.048  26.204 0.0000000000
76678  42.896  -7.709  20.145 0.0000000000
40208  14.673  -38.907  35.722 0.0000000000
37051  13.323  -41.338  35.765 0.0000000000
34923  13.100  -43.093  36.431 0.0000000000
32926  12.629  -45.322  38.129 0.0000000000
31958  10.738  -46.064  38.196 0.0000000000
133885  8.881  -46.645  38.818 0.0000000000
31937  7.137  -46.461  40.701 0.0000000000
147001  5.920  -47.075  42.827 0.0000000000
52230  29.947  -29.020  25.467 0.0000000000
50152  29.143  -30.595  26.670 0.0000000000
144131  29.246  -33.214  27.524 0.0000000000
44502  26.508  -35.553  27.044 0.0000000000
61578  35.496  -21.055  19.958 0.0000000000
58332  33.736  -23.670  22.009 0.0000000000
59498  35.455  -22.794  21.554 0.0000000000
59510  37.646  -22.902  20.375 0.0000000000
132681  35.811  -31.741  26.797 0.0000000000
82702  54.246  -2.179  12.620 0.0000000000
80597  51.418  -3.846  14.602 0.0000000000
80606  53.141  -4.052  14.076 0.0000000000
73830  44.980  -9.886  16.898 0.0000000000
157549  45.716  -10.781  18.143 0.0000000000
72814  45.059  -10.852  18.161 0.0000000000
52264  32.338  -29.992  24.116 0.0000000000
158450  33.343  -30.589  23.409 0.0000000000
50182  32.646  -31.164  24.446 0.0000000000
151796  43.828  -8.074  17.697 0.0000000000
76711  44.816  -7.563  17.360 0.0000000000
75715  44.760  -8.582  16.722 0.0000000000
75714  45.366  -8.230  16.566 0.0000000000
28801  8.027  -49.119  40.370 0.0000000000
71808  39.087  -12.219  20.314 0.0000000000
70729  38.750  -12.885  20.717 0.0000000000
62630  37.673  -20.212  18.431 0.0000000000
62629  38.365  -20.186  18.110 0.0000000000
61573  39.225  -21.506  18.659 0.0000000000
60541  40.017  -22.279  19.347 0.0000000000
60530  39.264  -22.482  19.529 0.0000000000
41202  16.880  -38.499  33.927 0.0000000000
39215  17.867  -40.058  33.474 0.0000000000
39201  16.589  -39.865  34.248 0.0000000000
37058  16.684  -41.371  34.678 0.0000000000
39202  15.969  -40.086  34.541 0.0000000000
52147  26.245  -29.534  29.561 0.0000000000
50138  26.010  -30.595  27.447 0.0000000000
50124  25.869  -31.182  28.323 0.0000000000
42273  23.853  -37.384  30.917 0.0000000000
60458  31.276  -22.598  25.148 0.0000000000
56282  38.801  -25.643  24.628 0.0000000000
64675  36.843  -18.239  20.066 0.0000000000
64665  36.152  -17.849  21.040 0.0000000000
43361  21.181  -36.044  30.298 0.0000000000
42276  20.807  -36.910  31.001 0.0000000000
44445  20.030  -35.613  30.643 0.0000000000
158149  18.392  -35.481  32.611 0.0000000000
44419  17.986  -35.417  33.370 0.0000000000
43329  17.306  -36.873  33.677 0.0000000000
46865  25.244  -32.925  29.703 0.0000000000
46869  21.355  -33.484  29.799 0.0000000000
46887  22.208  -34.191  29.170 0.0000000000
44466  21.477  -34.874  29.618 0.0000000000
43381  22.277  -35.898  29.639 0.0000000000
55281  33.201  -26.397  24.395 0.0000000000
54336  34.321  -27.548  23.868 0.0000000000
51212  35.517  -30.557  23.255 0.0000000000
52288  35.408  -29.256  22.109 0.0000000000
52261  36.559  -29.618  23.225 0.0000000000
52259  37.763  -28.739  24.065 0.0000000000
51193  37.943  -29.332  25.144 0.0000000000
78609  46.750  -5.759  18.092 0.0000000000
136274  48.822  -4.914  16.312 0.0000000000
78616  47.735  -5.791  16.440 0.0000000000
75712  47.488  -8.816  16.220 0.0000000000
76730  48.196  -7.656  15.688 0.0000000000
75710  49.003  -8.702  16.311 0.0000000000
74742  41.498  -9.813  18.869 0.0000000000
73817  42.335  -10.528  18.243 0.0000000000
73800  41.229  -10.457  18.991 0.0000000000
69694  40.871  -14.211  18.299 0.0000000000
69693  41.397  -13.670  18.515 0.0000000000
68699  42.048  -14.695  17.992 0.0000000000
67719  43.119  -15.875  17.611 0.0000000000
66792  42.850  -16.593  17.476 0.0000000000
68690  38.306  -15.677  19.575 0.0000000000
68689  38.457  -14.940  19.298 0.0000000000
67716  38.536  -16.313  18.484 0.0000000000
63707  41.158  -19.682  17.755 0.0000000000
64724  40.624  -18.719  17.272 0.0000000000
63706  41.885  -19.373  17.878 0.0000000000
63684  43.143  -19.504  18.651 0.0000000000
135243  31.050  -31.924  27.763 0.0000000000
49148  31.895  -32.197  27.622 0.0000000000
74715  41.064  -9.072  21.179 0.0000000000
75663  41.753  -8.507  20.166 0.0000000000
75672  42.510  -8.375  19.007 0.0000000000
148145  20.809  -38.033  32.140 0.0000000000
152765  20.642  -38.852  32.837 0.0000000000
36015  16.601  -42.865  36.130 0.0000000000
35996  17.360  -42.953  37.168 0.0000000000
34919  16.276  -43.263  36.811 0.0000000000
34903  14.849  -43.715  37.118 0.0000000000
39154  13.435  -39.331  36.994 0.0000000000
39186  14.010  -40.241  35.464 0.0000000000
39170  13.026  -40.188  36.495 0.0000000000
35999  11.297  -42.804  37.126 0.0000000000
36020  12.181  -42.423  36.500 0.0000000000
150077  12.041  -43.711  36.951 0.0000000000
33876  12.591  -44.205  37.069 0.0000000000
33877  11.709  -44.257  37.198 0.0000000000
32927  11.828  -45.485  37.969 0.0000000000
33865  10.433  -44.630  37.736 0.0000000000
34846  8.459  -43.852  40.495 0.0000000000
33852  8.857  -44.872  38.749 0.0000000000
140158  8.113  -44.716  40.039 0.0000000000
137396  7.818  -46.508  39.584 0.0000000000
32909  7.376  -45.653  40.755 0.0000000000
53276  30.394  -27.873  27.852 0.0000000000
53311  30.585  -28.347  26.230 0.0000000000
52231  29.235  -28.836  25.938 0.0000000000
51163  29.246  -29.921  26.168 0.0000000000
51180  28.846  -29.369  26.176 0.0000000000
48137  28.086  -33.016  26.486 0.0000000000
48121  28.655  -32.709  27.003 0.0000000000
45730  29.009  -34.150  27.231 0.0000000000
45714  24.789  -34.586  27.816 0.0000000000
45732  25.490  -34.674  27.387 0.0000000000
43416  25.293  -35.536  27.617 0.0000000000
42314  26.996  -37.090  29.235 0.0000000000
70750  44.240  -12.933  18.813 0.0000000000
70742  45.487  -12.202  18.917 0.0000000000
69688  46.145  -13.895  18.260 0.0000000000
62586  33.604  -19.703  21.115 0.0000000000
62596  34.576  -19.992  20.415 0.0000000000
61564  33.926  -21.329  20.661 0.0000000000
56326  33.081  -25.039  22.363 0.0000000000
58334  31.829  -23.917  22.396 0.0000000000
139250  33.910  -24.297  22.186 0.0000000000
59434  36.677  -23.273  23.712 0.0000000000
58314  35.583  -23.399  22.849 0.0000000000
59451  36.408  -22.948  22.654 0.0000000000
59497  36.285  -22.735  21.113 0.0000000000
59471  37.126  -23.031  22.201 0.0000000000
133943  38.673  -23.357  22.158 0.0000000000
48134  34.521  -32.019  26.531 0.0000000000
82692  53.059  -2.083  13.390 0.0000000000
79591  49.785  -5.032  15.255 0.0000000000
80586  50.479  -3.970  15.453 0.0000000000
153967  51.073  -4.947  14.804 0.0000000000
139412  52.835  -4.975  14.683 0.0000000000
79599  53.523  -4.950  14.823 0.0000000000
48041  20.397  -33.212  31.092 0.0000000000
45673  19.647  -34.382  31.273 0.0000000000
74753  47.586  -9.885  17.070 0.0000000000
74739  48.164  -10.215  18.401 0.0000000000
73796  46.957  -10.569  18.245 0.0000000000
139360  33.816  -28.788  24.132 0.0000000000
53354  34.043  -28.778  22.681 0.0000000000
52262  33.566  -29.249  23.253 0.0000000000
50217  34.199  -30.753  23.062 0.0000000000
159844  35.398  -31.047  24.314 0.0000000000
78576  45.460  -6.198  19.970 0.0000000000
77654  44.906  -6.751  18.814 0.0000000000
78601  45.799  -6.494  17.926 0.0000000000
77664  46.012  -6.656  17.245 0.0000000000
77673  46.888  -6.665  16.342 0.0000000000
76722  45.980  -7.670  16.464 0.0000000000
135727  46.742  -8.750  16.249 0.0000000000
149348  10.003  -48.284  39.885 0.0000000000
73783  40.020  -10.410  20.339 0.0000000000
72799  40.603  -10.988  19.293 0.0000000000
72800  39.966  -11.536  19.562 0.0000000000
70754  39.899  -12.991  19.091 0.0000000000
69695  40.007  -14.209  18.415 0.0000000000
64713  38.163  -18.267  18.210 0.0000000000
64727  38.598  -17.854  17.922 0.0000000000
154836  38.917  -18.959  17.630 0.0000000000
62646  39.714  -19.951  17.670 0.0000000000
61589  41.415  -20.948  18.634 0.0000000000
60528  41.143  -22.458  19.710 0.0000000000
59506  41.472  -22.842  20.280 0.0000000000
48082  30.980  -33.313  28.902 0.0000000000
144081  18.267  -38.858  32.630 0.0000000000
39223  19.611  -39.668  32.948 0.0000000000
39225  18.561  -39.983  33.148 0.0000000000
39214  18.410  -40.573  33.668 0.0000000000
38095  18.651  -41.368  34.847 0.0000000000
144974  16.034  -41.692  34.983 0.0000000000
145801  15.362  -42.029  35.278 0.0000000000
39156  12.256  -40.637  37.510 0.0000000000
37026  10.830  -42.055  38.215 0.0000000000
157707  10.473  -42.565  38.206 0.0000000000
155929  9.903  -44.395  37.991 0.0000000000
35966  9.756  -42.928  38.997 0.0000000000
35929  9.213  -42.600  40.814 0.0000000000
34845  8.677  -43.118  41.157 0.0000000000
53298  27.713  -27.905  27.537 0.0000000000
150219  27.425  -29.530  26.625 0.0000000000
52216  26.813  -29.645  26.783 0.0000000000
49171  27.008  -31.826  26.349 0.0000000000
46930  27.192  -33.834  26.389 0.0000000000
43380  23.912  -36.230  28.903 0.0000000000
43378  25.288  -36.453  28.510 0.0000000000
42296  24.713  -37.050  29.872 0.0000000000
138330  45.295  -15.277  18.219 0.0000000000
61532  31.499  -21.155  22.507 0.0000000000
146700  37.124  -26.463  22.543 0.0000000000
57329  35.943  -25.173  22.256 0.0000000000
56295  37.321  -25.071  23.509 0.0000000000
57296  37.620  -24.569  24.236 0.0000000000
82678  51.969  -1.865  15.295 0.0000000000
28788  6.057  -49.246  41.714 0.0000000000
68672  38.827  -15.413  20.967 0.0000000000
67699  38.255  -16.246  20.130 0.0000000000
65765  37.857  -16.927  19.807 0.0000000000
64693  37.217  -18.583  19.181 0.0000000000
63685  37.255  -19.487  18.734 0.0000000000
62607  37.067  -20.321  18.863 0.0000000000
42255  23.292  -37.494  31.717 0.0000000000
41236  22.138  -37.674  32.398 0.0000000000
42257  21.692  -37.354  31.740 0.0000000000
42258  20.775  -37.471  31.540 0.0000000000
42259  19.803  -37.532  31.418 0.0000000000
44437  19.097  -35.486  31.530 0.0000000000
157261  19.130  -36.852  31.599 0.0000000000
41240  18.838  -38.004  31.999 0.0000000000
154157  18.048  -37.732  32.648 0.0000000000
42240  16.943  -37.665  33.925 0.0000000000
144240  16.442  -37.552  34.600 0.0000000000
49120  25.920  -31.725  29.224 0.0000000000
48084  25.566  -32.691  29.552 0.0000000000
46902  25.021  -33.822  28.245 0.0000000000
45715  24.044  -34.732  28.156 0.0000000000
48086  23.131  -33.290  29.197 0.0000000000
46886  22.969  -34.050  28.819 0.0000000000
44483  23.205  -35.370  28.751 0.0000000000
155974  23.140  -35.976  29.161 0.0000000000
42298  22.743  -36.780  30.515 0.0000000000
57269  32.574  -24.338  26.096 0.0000000000
57288  31.133  -24.341  24.746 0.0000000000
56285  31.795  -25.579  24.685 0.0000000000
55303  32.941  -25.894  23.063 0.0000000000
55315  34.603  -26.377  22.150 0.0000000000
53353  34.511  -28.316  22.343 0.0000000000
149709  35.316  -28.093  21.934 0.0000000000
54366  36.250  -27.359  21.813 0.0000000000
53350  37.658  -27.818  23.224 0.0000000000
53329  38.842  -28.157  24.831 0.0000000000
80580  49.614  -4.081  16.505 0.0000000000
80588  49.332  -4.628  15.996 0.0000000000
78635  49.418  -5.677  15.172 0.0000000000
152739  47.854  -7.124  15.696 0.0000000000
77684  48.896  -6.732  15.330 0.0000000000
74755  43.048  -9.023  17.730 0.0000000000
73815  43.924  -10.363  17.584 0.0000000000
72817  42.926  -10.780  18.118 0.0000000000
155703  43.607  -11.959  18.879 0.0000000000
70744  43.484  -12.965  18.864 0.0000000000
71825  41.276  -12.124  19.048 0.0000000000
159966  42.425  -13.425  18.613 0.0000000000
68697  44.013  -14.545  18.136 0.0000000000
67712  44.682  -15.734  18.119 0.0000000000
65775  44.509  -17.329  18.386 0.0000000000
155594  38.498  -13.985  20.196 0.0000000000
69696  39.104  -14.313  18.697 0.0000000000
68710  40.537  -15.490  17.755 0.0000000000
65790  39.691  -17.619  17.291 0.0000000000
65789  40.362  -17.323  17.245 0.0000000000
66794  41.413  -16.767  17.252 0.0000000000
64711  42.693  -18.148  17.651 0.0000000000
50168  30.961  -31.038  25.639 0.0000000000
49198  32.388  -31.547  25.096 0.0000000000
49167  32.094  -32.037  26.649 0.0000000000
136471  33.169  -32.402  27.652 0.0000000000
76687  43.510  -7.450  19.675 0.0000000000
75686  43.110  -8.126  18.682 0.0000000000
41180  15.530  -37.916  35.625 0.0000000000
41167  15.019  -38.135  36.091 0.0000000000
40207  15.339  -38.642  35.405 0.0000000000
39185  14.732  -39.871  35.193 0.0000000000
37049  14.544  -41.676  35.349 0.0000000000
36035  14.075  -42.230  35.717 0.0000000000
38085  12.347  -41.398  36.498 0.0000000000
36019  12.818  -42.392  36.201 0.0000000000
34922  13.915  -43.340  36.465 0.0000000000
34904  14.068  -43.846  37.013 0.0000000000
145668  13.819  -44.642  38.065 0.0000000000
30885  10.894  -47.095  39.117 0.0000000000
32929  9.796  -45.140  38.042 0.0000000000
31952  9.481  -46.423  38.523 0.0000000000
30886  10.114  -47.283  38.952 0.0000000000
29814  9.074  -47.695  39.262 0.0000000000
30881  7.533  -47.632  39.883 0.0000000000
29796  7.015  -48.078  40.474 0.0000000000
31929  6.911  -46.009  41.596 0.0000000000
31938  6.679  -46.833  41.452 0.0000000000
29786  6.088  -48.016  42.014 0.0000000000
52247  31.668  -29.592  24.558 0.0000000000
53322  31.084  -28.729  25.577 0.0000000000
52248  31.016  -29.696  24.723 0.0000000000
50169  30.254  -30.466  25.658 0.0000000000
50136  30.048  -31.171  27.051 0.0000000000
49137  30.240  -32.000  27.943 0.0000000000
147464  28.545  -30.713  26.670 0.0000000000
48120  29.238  -32.354  27.474 0.0000000000
48106  29.874  -32.506  28.007 0.0000000000
46900  25.846  -33.318  27.855 0.0000000000
46931  26.646  -33.912  26.670 0.0000000000
44517  27.102  -35.059  26.586 0.0000000000
43377  26.093  -36.546  28.365 0.0000000000
43398  27.300  -36.626  28.039 0.0000000000
43413  27.910  -36.308  27.556 0.0000000000
154642  44.890  -11.447  18.735 0.0000000000
63662  35.232  -18.772  20.620 0.0000000000
63687  35.869  -20.029  19.797 0.0000000000
60545  36.595  -21.746  19.638 0.0000000000
143748  30.920  -23.406  23.453 0.0000000000
59478  31.371  -22.457  22.270 0.0000000000
142768  32.538  -22.557  21.509 0.0000000000
57313  35.139  -24.079  22.526 0.0000000000
59474  34.615  -23.266  22.034 0.0000000000
60515  34.003  -22.082  20.975 0.0000000000
60533  35.280  -21.808  20.349 0.0000000000
59512  36.237  -22.230  20.274 0.0000000000
60532  37.645  -22.491  19.780 0.0000000000
59509  38.959  -23.013  20.219 0.0000000000
49185  33.505  -31.844  25.526 0.0000000000
49183  35.192  -31.576  25.581 0.0000000000
50165  36.427  -30.960  25.677 0.0000000000
50135  37.130  -31.413  27.699 0.0000000000
50147  37.644  -30.560  26.763 0.0000000000
84662  54.799  -1.098  12.414 0.0000000000
81628  51.197  -2.942  15.340 0.0000000000
82694  51.933  -2.781  14.175 0.0000000000
79600  52.135  -4.805  14.576 0.0000000000
79607  51.970  -4.104  14.359 0.0000000000
81652  52.431  -3.080  13.772 0.0000000000
81664  53.490  -2.939  13.234 0.0000000000
81649  54.738  -3.257  13.346 0.0000000000
74768  44.615  -9.302  16.814 0.0000000000
73814  44.630  -10.387  17.486 0.0000000000
51215  32.318  -30.570  24.061 0.0000000000
50183  31.957  -30.939  24.644 0.0000000000
75699  43.722  -8.713  17.354 0.0000000000
75698  44.305  -8.136  17.175 0.0000000000
158705  44.267  -8.789  16.972 0.0000000000
27763  7.506  -49.628  40.800 0.0000000000
154714  37.489  -20.797  18.689 0.0000000000
61593  38.067  -20.821  18.447 0.0000000000
61574  38.426  -21.436  18.696 0.0000000000
60542  38.801  -22.029  19.083 0.0000000000
60543  38.030  -21.996  19.159 0.0000000000
40247  16.766  -39.228  34.074 0.0000000000
148649  25.916  -30.497  28.388 0.0000000000
50111  26.017  -30.910  29.254 0.0000000000
42254  24.132  -37.792  31.766 0.0000000000
59399  31.677  -22.987  25.582 0.0000000000
44455  21.138  -35.363  29.909 0.0000000000
43362  20.627  -35.719  30.273 0.0000000000
149931  20.987  -34.008  29.918 0.0000000000
46888  21.528  -34.239  29.575 0.0000000000
45692  20.994  -34.632  29.869 0.0000000000
55280  34.123  -26.926  24.269 0.0000000000
51211  36.179  -30.248  23.607 0.0000000000
51210  36.859  -29.883  24.179 0.0000000000
52244  37.538  -29.317  24.466 0.0000000000
51194  37.341  -29.865  25.035 0.0000000000
150505  47.141  -5.468  18.458 0.0000000000
79564  47.312  -5.494  17.858 0.0000000000
79573  47.471  -5.605  17.146 0.0000000000
79582  47.947  -5.355  16.875 0.0000000000
74764  47.882  -9.370  16.653 0.0000000000
75711  48.236  -8.778  16.233 0.0000000000
74763  48.609  -9.265  16.800 0.0000000000
75697  49.321  -9.098  17.016 0.0000000000
30880  11.128  -47.451  39.890 0.0000000000
68700  41.288  -14.855  17.940 0.0000000000
157725  41.551  -14.275  18.237 0.0000000000
68708  41.903  -15.387  17.634 0.0000000000
67720  42.423  -15.995  17.434 0.0000000000
67721  41.712  -16.092  17.385 0.0000000000
67706  38.253  -16.277  19.280 0.0000000000
62625  41.688  -20.138  18.193 0.0000000000
49136  30.786  -32.173  28.164 0.0000000000
49135  31.380  -32.288  28.399 0.0000000000
74721  40.834  -9.482  20.076 0.0000000000
75664  41.184  -8.933  20.487 0.0000000000
74720  41.332  -9.056  19.720 0.0000000000
74729  41.615  -9.266  19.066 0.0000000000
41218  20.417  -38.507  32.344 0.0000000000
40263  20.001  -39.089  32.589 0.0000000000
148552  15.838  -42.940  36.081 0.0000000000
34920  15.416  -43.336  36.628 0.0000000000
34902  15.718  -43.598  37.361 0.0000000000
34907  11.466  -43.569  37.102 0.0000000000
33878  10.989  -44.118  37.389 0.0000000000
33864  11.214  -44.926  37.591 0.0000000000
33835  7.890  -44.403  40.947 0.0000000000
32908  7.687  -45.042  40.508 0.0000000000
33836  7.481  -44.902  41.289 0.0000000000
54313  28.932  -27.556  27.294 0.0000000000
54312  29.612  -27.651  27.569 0.0000000000
157527  29.327  -27.780  26.927 0.0000000000
53312  29.416  -28.090  26.397 0.0000000000
52214  29.016  -28.373  26.275 0.0000000000
51181  28.478  -28.814  26.347 0.0000000000
46929  27.904  -33.750  26.370 0.0000000000
46913  28.520  -33.560  26.813 0.0000000000
45731  28.293  -34.350  26.647 0.0000000000
149401  28.702  -34.943  27.121 0.0000000000
44504  25.140  -35.097  27.463 0.0000000000
149526  44.576  -13.515  18.429 0.0000000000
147795  44.989  -12.936  18.634 0.0000000000
135309  32.586  -20.187  21.726 0.0000000000
62578  33.087  -19.650  21.644 0.0000000000
62587  33.147  -20.353  21.156 0.0000000000
62597  33.870  -20.446  20.646 0.0000000000
61551  33.344  -20.985  20.909 0.0000000000
56324  34.661  -25.596  22.086 0.0000000000
56325  33.764  -25.095  22.198 0.0000000000
59433  37.371  -23.095  23.862 0.0000000000
159877  36.347  -23.095  23.227 0.0000000000
59450  36.989  -22.956  23.217 0.0000000000
59449  37.782  -23.123  22.688 0.0000000000
83677  53.053  -1.071  14.488 0.0000000000
83680  53.278  -1.374  13.656 0.0000000000
79601  50.505  -5.061  14.916 0.0000000000
78634  50.855  -5.528  14.796 0.0000000000
46833  19.905  -33.651  31.552 0.0000000000
48022  20.287  -32.931  31.807 0.0000000000
48040  20.979  -32.689  30.843 0.0000000000
73811  47.008  -10.140  17.294 0.0000000000
73797  46.396  -10.901  18.740 0.0000000000
50201  33.702  -30.925  23.567 0.0000000000
51230  33.814  -30.466  22.992 0.0000000000
50200  34.416  -31.024  23.575 0.0000000000
50199  35.117  -30.956  23.690 0.0000000000
134713  34.791  -31.212  24.271 0.0000000000
77643  44.204  -7.004  19.469 0.0000000000
77642  44.877  -6.584  19.723 0.0000000000
148105  44.288  -7.284  18.581 0.0000000000
135763  45.305  -6.755  18.170 0.0000000000
77665  45.384  -7.019  17.471 0.0000000000
77675  45.741  -7.098  16.871 0.0000000000
77674  46.287  -6.923  16.623 0.0000000000
74766  46.221  -9.294  16.474 0.0000000000
75713  46.029  -8.534  16.366 0.0000000000
74765  47.066  -9.478  16.604 0.0000000000
29795  9.469  -48.799  40.215 0.0000000000
73774  40.160  -10.130  21.097 0.0000000000
73791  40.136  -10.684  19.691 0.0000000000
72789  39.664  -11.089  20.171 0.0000000000
70734  38.958  -12.820  19.794 0.0000000000
71819  39.438  -12.193  19.642 0.0000000000
70755  39.609  -13.623  18.827 0.0000000000
64714  37.703  -18.795  18.447 0.0000000000
63724  38.332  -18.938  17.976 0.0000000000
140684  39.490  -20.466  17.968 0.0000000000
62627  40.131  -20.454  17.970 0.0000000000
61590  40.534  -21.007  18.392 0.0000000000
60539  41.506  -21.817  19.243 0.0000000000
60540  40.712  -22.076  19.243 0.0000000000
60529  40.500  -22.502  19.673 0.0000000000
59507  40.667  -22.887  20.187 0.0000000000
59492  40.988  -23.204  20.910 0.0000000000
73773  40.638  -9.567  21.151 0.0000000000
40265  18.667  -39.403  32.654 0.0000000000
40266  18.083  -39.436  33.051 0.0000000000
38110  17.650  -40.655  33.975 0.0000000000
38104  18.189  -41.124  34.260 0.0000000000
37056  17.910  -41.641  34.788 0.0000000000
38107  15.989  -40.948  34.683 0.0000000000
36033  16.151  -42.410  35.467 0.0000000000
37017  10.820  -41.582  39.168 0.0000000000
148798  10.314  -42.307  38.858 0.0000000000
138081  10.152  -43.026  38.230 0.0000000000
136979  9.988  -42.274  39.724 0.0000000000
53241  26.950  -28.186  29.762 0.0000000000
53256  27.658  -27.436  29.202 0.0000000000
53277  27.640  -27.574  28.331 0.0000000000
53278  27.048  -28.293  28.062 0.0000000000
53299  27.164  -28.588  27.350 0.0000000000
53279  26.674  -28.760  27.765 0.0000000000
138798  25.902  -31.424  27.488 0.0000000000
50155  26.342  -31.343  26.716 0.0000000000
149722  27.105  -32.586  26.371 0.0000000000
48139  26.719  -33.186  26.567 0.0000000000
42316  24.285  -36.689  29.336 0.0000000000
62572  31.837  -20.413  22.844 0.0000000000
61533  31.213  -21.427  23.315 0.0000000000
55300  37.981  -26.488  23.485 0.0000000000
56306  37.434  -25.968  23.054 0.0000000000
56274  39.193  -25.266  25.334 0.0000000000
144813  38.218  -24.920  24.520 0.0000000000
57284  38.529  -24.709  25.135 0.0000000000
28789  5.454  -49.486  42.405 0.0000000000
67689  38.555  -16.223  20.804 0.0000000000
65766  37.379  -17.704  19.741 0.0000000000
63671  36.285  -18.814  20.080 0.0000000000
64694  36.742  -19.099  19.460 0.0000000000
152897  36.693  -19.780  19.169 0.0000000000
42256  22.470  -37.334  31.778 0.0000000000
42277  20.174  -36.949  31.057 0.0000000000
42278  19.528  -36.927  31.298 0.0000000000
45674  19.183  -34.759  31.700 0.0000000000
45686  19.511  -35.121  31.085 0.0000000000
44438  18.675  -35.865  32.014 0.0000000000
43339  18.646  -36.724  32.026 0.0000000000
42260  19.106  -37.398  31.702 0.0000000000
42261  18.488  -37.519  32.210 0.0000000000
42246  17.998  -36.969  32.837 0.0000000000
43322  17.272  -36.180  34.236 0.0000000000
156731  16.640  -38.024  34.231 0.0000000000
137366  26.099  -32.133  30.026 0.0000000000
143975  25.922  -32.435  30.015 0.0000000000
46884  24.739  -33.374  28.939 0.0000000000
46903  24.245  -34.024  28.270 0.0000000000
45701  22.669  -34.775  28.902 0.0000000000
45716  23.375  -34.795  28.517 0.0000000000
43360  21.968  -36.370  30.315 0.0000000000
43359  22.826  -36.395  29.861 0.0000000000
42274  22.956  -37.165  31.106 0.0000000000
57277  32.675  -25.189  25.963 0.0000000000
57278  32.025  -24.771  25.654 0.0000000000
56275  32.092  -25.541  25.361 0.0000000000
55290  33.786  -26.780  23.629 0.0000000000
55291  32.984  -26.224  23.614 0.0000000000
55302  33.583  -26.310  22.884 0.0000000000
153096  34.126  -26.555  22.462 0.0000000000
54357  34.283  -27.967  22.930 0.0000000000
52276  34.432  -29.063  22.248 0.0000000000
53367  35.330  -28.654  21.981 0.0000000000
53366  35.893  -28.124  21.857 0.0000000000
54367  35.558  -27.462  21.763 0.0000000000
53365  36.523  -27.897  22.072 0.0000000000
54365  36.875  -27.384  22.188 0.0000000000
53351  37.074  -28.073  22.595 0.0000000000
52242  38.467  -28.773  25.072 0.0000000000
53330  38.317  -28.434  24.418 0.0000000000
78587  46.679  -5.576  19.627 0.0000000000
155049  49.907  -3.648  17.740 0.0000000000
80571  49.423  -4.026  17.443 0.0000000000
79593  48.373  -5.428  16.189 0.0000000000
79592  49.058  -5.257  15.668 0.0000000000
152107  47.300  -7.081  15.953 0.0000000000
77686  47.559  -6.435  16.021 0.0000000000
75722  48.584  -8.176  15.838 0.0000000000
157583  48.412  -7.135  15.493 0.0000000000
144859  48.949  -7.480  15.494 0.0000000000
77683  49.626  -6.908  15.215 0.0000000000
153946  42.856  -9.709  17.796 0.0000000000
132980  43.252  -10.293  17.774 0.0000000000
73816  42.733  -10.226  17.992 0.0000000000
72805  42.478  -11.212  18.497 0.0000000000
158013  43.306  -12.423  18.977 0.0000000000
71817  40.587  -11.801  19.203 0.0000000000
69692  42.153  -13.927  18.379 0.0000000000
148800  41.988  -13.213  18.697 0.0000000000
69691  42.936  -13.681  18.517 0.0000000000
142689  43.366  -14.312  18.209 0.0000000000
138734  44.147  -15.189  18.000 0.0000000000
68706  43.403  -15.063  17.884 0.0000000000
65776  43.758  -17.164  17.967 0.0000000000
66785  44.202  -16.538  18.079 0.0000000000
69670  38.625  -13.777  21.060 0.0000000000
145958  38.442  -14.619  20.033 0.0000000000
67715  39.041  -15.733  18.191 0.0000000000
68702  38.851  -15.074  18.558 0.0000000000
67714  39.593  -14.957  18.187 0.0000000000
151027  39.818  -15.606  17.869 0.0000000000
64726  39.149  -18.275  17.481 0.0000000000
151549  39.011  -17.532  17.602 0.0000000000
64725  39.884  -18.481  17.259 0.0000000000
64723  41.354  -18.161  17.249 0.0000000000
147080  40.493  -17.968  17.168 0.0000000000
65788  41.032  -17.415  17.206 0.0000000000
66795  40.665  -16.774  17.318 0.0000000000
65787  41.799  -17.406  17.250 0.0000000000
64722  42.108  -17.943  17.362 0.0000000000
49187  31.552  -31.699  26.096 0.0000000000
48119  32.567  -32.383  27.870 0.0000000000
77631  43.843  -7.058  20.188 0.0000000000
75688  42.129  -8.914  18.684 0.0000000000
75687  42.736  -8.660  18.333 0.0000000000
143622  22.558  -37.909  33.031 0.0000000000
41217  21.875  -38.056  32.960 0.0000000000
39224  19.048  -39.770  32.875 0.0000000000
36013  17.891  -42.514  36.668 0.0000000000
42227  15.800  -37.288  35.838 0.0000000000
40193  14.476  -38.349  36.606 0.0000000000
146177  14.913  -37.826  36.890 0.0000000000
40227  15.175  -39.284  35.197 0.0000000000
38083  13.382  -40.573  35.813 0.0000000000
38098  13.922  -41.080  35.456 0.0000000000
37050  13.836  -41.679  35.601 0.0000000000
38071  12.467  -40.724  36.821 0.0000000000
34924  12.491  -42.868  36.504 0.0000000000
36018  13.593  -42.671  36.069 0.0000000000
34905  13.293  -43.744  36.787 0.0000000000
33862  13.023  -44.785  37.695 0.0000000000
33875  13.539  -44.284  37.342 0.0000000000
32925  13.402  -45.106  38.457 0.0000000000
149888  11.153  -45.607  37.973 0.0000000000
31957  11.533  -46.099  38.439 0.0000000000
31944  11.541  -46.623  39.060 0.0000000000
31950  11.020  -46.543  38.633 0.0000000000
34872  9.653  -43.757  38.369 0.0000000000
154436  9.390  -44.607  38.318 0.0000000000
32921  8.702  -45.797  38.683 0.0000000000
31960  9.403  -45.706  38.284 0.0000000000
159029  9.836  -46.923  38.692 0.0000000000
30887  9.396  -47.175  38.910 0.0000000000
29813  9.729  -47.799  39.298 0.0000000000
30888  8.652  -47.195  39.139 0.0000000000
132641  7.471  -46.876  39.969 0.0000000000
30889  8.017  -47.120  39.497 0.0000000000
29806  7.742  -48.382  40.065 0.0000000000
30874  7.012  -47.263  40.532 0.0000000000
33829  7.293  -44.809  42.079 0.0000000000
32896  6.834  -45.467  42.524 0.0000000000
31920  6.389  -46.391  42.529 0.0000000000
30867  6.166  -47.278  42.196 0.0000000000
30875  6.542  -47.688  41.228 0.0000000000
30868  5.626  -47.706  42.799 0.0000000000
137324  32.331  -29.357  24.627 0.0000000000
53323  30.252  -28.608  25.555 0.0000000000
52229  30.761  -29.191  25.035 0.0000000000
51197  30.402  -29.544  25.025 0.0000000000
51178  30.724  -30.206  25.013 0.0000000000
158647  30.280  -29.972  25.238 0.0000000000
50151  29.745  -30.565  26.474 0.0000000000
50137  29.597  -31.115  27.147 0.0000000000
49150  30.106  -31.453  27.583 0.0000000000
51165  27.241  -30.122  26.558 0.0000000000
50153  27.861  -30.477  26.475 0.0000000000
133884  27.990  -31.444  26.501 0.0000000000
49151  28.818  -31.889  27.038 0.0000000000
142545  29.895  -33.252  28.161 0.0000000000
46898  30.330  -33.803  28.470 0.0000000000
46899  29.622  -33.920  27.968 0.0000000000
48108  25.578  -32.979  28.673 0.0000000000
48107  25.814  -32.645  28.103 0.0000000000
44503  25.782  -35.144  27.109 0.0000000000
45751  26.193  -34.423  26.971 0.0000000000
44518  26.459  -34.964  26.739 0.0000000000
45750  26.849  -34.472  26.553 0.0000000000
135622  25.757  -36.820  29.121 0.0000000000
42313  27.774  -37.237  29.341 0.0000000000
42323  26.823  -36.763  28.575 0.0000000000
42322  27.511  -36.908  28.700 0.0000000000
142294  27.925  -36.731  28.183 0.0000000000
72815  44.317  -10.919  18.104 0.0000000000
64666  35.524  -18.106  21.119 0.0000000000
64667  34.837  -18.467  21.166 0.0000000000
62595  35.278  -20.213  20.049 0.0000000000
61577  36.163  -21.090  19.609 0.0000000000
57300  31.003  -24.389  24.071 0.0000000000
58285  30.928  -23.653  24.196 0.0000000000
58317  30.995  -24.029  23.481 0.0000000000
58333  32.758  -23.846  22.059 0.0000000000
59453  31.514  -23.103  22.282 0.0000000000
136494  32.245  -23.199  21.922 0.0000000000
59477  31.869  -22.522  21.857 0.0000000000
59476  33.093  -23.148  21.771 0.0000000000
57312  36.133  -24.576  22.891 0.0000000000
137929  35.623  -24.511  22.649 0.0000000000
135067  35.795  -23.831  22.995 0.0000000000
59473  35.380  -23.151  22.334 0.0000000000
151839  34.899  -22.914  21.769 0.0000000000
59499  34.239  -22.750  21.472 0.0000000000
60514  34.842  -22.435  21.057 0.0000000000
59496  37.248  -23.014  21.121 0.0000000000
59511  37.003  -22.663  20.365 0.0000000000
139798  36.956  -22.242  19.835 0.0000000000
150515  38.176  -22.864  20.117 0.0000000000
59495  38.148  -23.168  20.721 0.0000000000
59469  39.563  -23.489  21.701 0.0000000000
49186  32.893  -31.864  25.655 0.0000000000
49197  33.057  -31.600  24.954 0.0000000000
49146  35.128  -32.029  27.031 0.0000000000
49184  34.556  -31.818  25.823 0.0000000000
49164  35.179  -31.805  26.301 0.0000000000
49163  35.806  -31.477  26.050 0.0000000000
50149  36.458  -31.303  26.521 0.0000000000
50134  37.779  -30.878  27.529 0.0000000000
51150  38.249  -30.211  27.139 0.0000000000
84658  53.838  -1.005  13.286 0.0000000000
84657  54.418  -0.667  12.953 0.0000000000
83684  54.224  -1.386  12.697 0.0000000000
81639  50.962  -3.581  15.048 0.0000000000
81638  51.484  -3.190  14.643 0.0000000000
82686  51.660  -2.521  14.878 0.0000000000
79605  53.198  -4.552  14.462 0.0000000000
79606  52.620  -4.365  14.348 0.0000000000
80607  52.462  -3.720  13.972 0.0000000000
81651  53.098  -3.377  13.595 0.0000000000
81665  52.940  -2.744  13.328 0.0000000000
73829  45.757  -9.907  16.795 0.0000000000
73812  46.264  -10.431  17.567 0.0000000000
73813  45.386  -10.405  17.426 0.0000000000
73798  45.702  -11.223  18.778 0.0000000000
52246  32.589  -29.598  24.168 0.0000000000
52263  33.035  -29.780  23.705 0.0000000000
51214  32.889  -30.322  23.691 0.0000000000
50202  33.006  -30.834  23.858 0.0000000000
50181  33.317  -31.285  24.280 0.0000000000
76700  44.274  -7.632  17.844 0.0000000000
76723  44.879  -7.979  16.881 0.0000000000
74767  45.363  -9.149  16.513 0.0000000000
145140  8.884  -49.240  40.518 0.0000000000
72790  39.261  -11.600  20.709 0.0000000000
72770  39.251  -11.641  21.543 0.0000000000
61592  38.889  -20.809  18.229 0.0000000000
61572  40.093  -21.651  18.820 0.0000000000
155210  39.503  -22.020  19.057 0.0000000000
40246  17.373  -39.248  33.499 0.0000000000
39216  17.192  -39.981  33.943 0.0000000000
38106  16.774  -40.614  34.342 0.0000000000
152144  15.308  -40.521  34.826 0.0000000000
37004  10.264  -41.587  40.291 0.0000000000
52163  26.466  -28.805  29.271 0.0000000000
52183  26.248  -29.209  27.862 0.0000000000
51139  25.944  -29.832  28.036 0.0000000000
49152  26.018  -32.107  27.334 0.0000000000
148263  24.457  -37.322  30.434 0.0000000000
151642  24.638  -37.607  31.014 0.0000000000
60471  31.055  -22.191  24.419 0.0000000000
55277  39.221  -26.646  24.725 0.0000000000
55269  39.760  -26.564  25.419 0.0000000000
65748  36.756  -17.646  20.845 0.0000000000
152798  36.360  -18.167  20.527 0.0000000000
43348  21.302  -36.626  30.764 0.0000000000
43349  20.520  -36.352  30.637 0.0000000000
44429  18.751  -35.138  32.149 0.0000000000
45659  18.461  -34.868  32.932 0.0000000000
46867  24.513  -32.915  29.791 0.0000000000
48062  21.973  -32.970  29.737 0.0000000000
46868  21.881  -33.662  29.479 0.0000000000
45702  21.998  -34.808  29.295 0.0000000000
44465  21.807  -35.349  29.556 0.0000000000
44454  21.653  -35.807  29.948 0.0000000000
51228  35.203  -30.257  22.619 0.0000000000
52289  34.849  -29.165  22.066 0.0000000000
52275  35.512  -29.760  22.348 0.0000000000
52274  36.111  -29.310  22.445 0.0000000000
52273  36.864  -28.898  22.850 0.0000000000
53338  37.444  -28.473  23.357 0.0000000000
52260  37.208  -29.168  23.666 0.0000000000
52243  38.028  -28.926  24.632 0.0000000000
52209  38.460  -29.280  25.864 0.0000000000
78600  46.179  -6.052  18.385 0.0000000000
79555  47.238  -5.330  19.103 0.0000000000
80572  48.851  -4.464  17.528 0.0000000000
79581  48.425  -4.898  17.034 0.0000000000
78628  48.091  -6.007  15.876 0.0000000000
75724  47.158  -8.201  16.029 0.0000000000
75723  47.859  -8.238  15.923 0.0000000000
74741  41.953  -9.525  18.535 0.0000000000
74756  42.319  -9.893  18.120 0.0000000000
73799  41.849  -10.177  18.515 0.0000000000
72806  41.819  -10.896  18.610 0.0000000000
71824  41.931  -11.669  18.875 0.0000000000
142341  40.532  -13.489  18.769 0.0000000000
70753  41.303  -12.948  18.883 0.0000000000
68707  42.620  -15.245  17.707 0.0000000000
65785  43.210  -17.064  17.639 0.0000000000
68682  38.437  -15.399  20.306 0.0000000000
67705  38.494  -15.627  18.836 0.0000000000
66787  38.919  -16.438  17.957 0.0000000000
63722  39.998  -19.266  17.404 0.0000000000
63721  40.702  -19.320  17.458 0.0000000000
63720  41.290  -18.997  17.465 0.0000000000
63705  42.722  -18.963  18.056 0.0000000000
62624  42.434  -19.798  18.394 0.0000000000
49149  30.626  -31.430  27.279 0.0000000000
140209  31.388  -31.829  26.964 0.0000000000
48103  32.067  -32.451  28.519 0.0000000000
75646  42.063  -8.411  22.198 0.0000000000
75656  41.686  -8.485  21.151 0.0000000000
75655  42.284  -7.970  20.603 0.0000000000
75662  42.324  -8.106  19.751 0.0000000000
75673  41.901  -8.673  19.360 0.0000000000
40262  21.197  -38.371  32.764 0.0000000000
36014  17.290  -42.736  36.343 0.0000000000
35997  16.910  -43.076  36.709 0.0000000000
144962  16.805  -43.231  37.223 0.0000000000
34901  16.401  -43.469  37.608 0.0000000000
34887  15.260  -43.972  37.852 0.0000000000
148975  14.011  -38.598  37.221 0.0000000000
40194  14.034  -39.020  36.357 0.0000000000
40209  14.169  -39.506  35.685 0.0000000000
39169  13.589  -39.734  36.040 0.0000000000
38084  12.859  -40.975  36.210 0.0000000000
37033  11.504  -42.046  37.091 0.0000000000
37040  11.965  -41.913  36.674 0.0000000000
142066  11.737  -42.434  36.785 0.0000000000
35998  11.940  -43.029  36.795 0.0000000000
34906  12.559  -43.463  36.707 0.0000000000
33863  12.146  -44.874  37.516 0.0000000000
32928  10.509  -45.375  37.908 0.0000000000
34858  8.970  -43.630  39.734 0.0000000000
33843  8.616  -44.365  39.483 0.0000000000
32922  8.395  -45.091  39.256 0.0000000000
31953  8.298  -46.522  39.142 0.0000000000
32915  7.933  -45.700  39.668 0.0000000000
150980  7.526  -46.241  40.070 0.0000000000
154941  29.936  -28.299  26.102 0.0000000000
53324  29.603  -28.518  25.859 0.0000000000
51179  29.812  -29.769  25.581 0.0000000000
133503  29.412  -29.291  25.801 0.0000000000
49170  27.641  -32.417  26.397 0.0000000000
159546  28.214  -32.293  26.653 0.0000000000
45712  29.476  -34.753  27.853 0.0000000000
45713  25.348  -34.161  27.806 0.0000000000
46915  25.831  -33.981  27.594 0.0000000000
43415  25.849  -35.675  27.406 0.0000000000
42270  26.643  -37.630  30.524 0.0000000000
42293  27.197  -37.440  29.927 0.0000000000
72803  44.404  -11.915  18.918 0.0000000000
70743  44.684  -12.286  18.945 0.0000000000
70749  45.868  -13.022  18.433 0.0000000000
158840  33.527  -19.171  21.650 0.0000000000
63664  34.090  -18.959  21.254 0.0000000000
63663  34.632  -19.195  20.713 0.0000000000
62585  34.126  -19.656  20.762 0.0000000000
147671  34.662  -20.964  20.280 0.0000000000
56310  32.672  -25.382  22.802 0.0000000000
57315  31.752  -24.573  22.825 0.0000000000
57314  32.451  -24.660  22.431 0.0000000000
57332  33.260  -24.425  22.173 0.0000000000
58313  36.039  -23.320  23.314 0.0000000000
59452  35.921  -23.101  22.866 0.0000000000
59472  35.997  -22.881  22.074 0.0000000000
141252  36.576  -22.924  21.814 0.0000000000
59470  37.976  -23.257  21.642 0.0000000000
48135  33.903  -32.148  26.734 0.0000000000
48117  34.444  -32.221  27.244 0.0000000000
48115  35.753  -32.070  27.645 0.0000000000
83685  53.622  -1.720  12.996 0.0000000000
80587  49.935  -4.308  15.736 0.0000000000
80599  50.326  -4.556  15.216 0.0000000000
80598  50.899  -4.360  14.954 0.0000000000
140009  53.706  -3.806  13.891 0.0000000000
80596  53.838  -4.341  14.420 0.0000000000
46870  20.497  -34.297  30.228 0.0000000000
45685  19.986  -34.742  30.660 0.0000000000
46852  20.130  -33.962  30.820 0.0000000000
48039  22.222  -32.268  30.451 0.0000000000
48063  21.390  -32.704  30.205 0.0000000000
46851  20.750  -33.446  30.318 0.0000000000
73810  47.591  -10.267  17.846 0.0000000000
73795  47.492  -10.585  18.850 0.0000000000
160412  47.085  -10.771  19.069 0.0000000000
53331  34.472  -28.124  24.572 0.0000000000
53339  33.994  -28.332  23.563 0.0000000000
52277  33.943  -29.707  22.576 0.0000000000
51213  33.415  -30.074  23.211 0.0000000000
51229  34.424  -30.248  22.551 0.0000000000
50216  34.801  -30.725  23.056 0.0000000000
50198  35.767  -30.739  23.973 0.0000000000
50179  35.984  -30.934  24.779 0.0000000000
150506  45.362  -6.366  19.252 0.0000000000
78589  45.588  -6.386  18.620 0.0000000000
77655  44.821  -7.146  18.026 0.0000000000
78610  46.364  -6.179  17.673 0.0000000000
78618  46.572  -6.350  16.979 0.0000000000
78617  47.147  -6.066  16.693 0.0000000000
76732  46.781  -7.460  16.133 0.0000000000
75725  46.539  -8.128  16.211 0.0000000000
29793  10.696  -48.008  40.282 0.0000000000
73782  40.474  -10.066  19.869 0.0000000000
73790  40.665  -10.367  19.426 0.0000000000
71818  39.984  -12.316  19.319 0.0000000000
72801  39.452  -11.713  20.024 0.0000000000
68701  40.467  -14.843  18.033 0.0000000000
65778  38.130  -17.561  18.481 0.0000000000
158883  38.642  -18.468  17.828 0.0000000000
63708  38.646  -19.544  17.844 0.0000000000
63723  39.278  -19.468  17.572 0.0000000000
62645  40.437  -19.851  17.680 0.0000000000
62626  40.914  -20.369  18.048 0.0000000000
60527  41.901  -22.394  19.818 0.0000000000
59491  41.812  -23.115  20.865 0.0000000000
48056  31.532  -33.110  29.204 0.0000000000
46881  31.366  -33.638  29.367 0.0000000000
157359  40.804  -9.345  20.673 0.0000000000
40280  18.878  -38.689  32.183 0.0000000000
40264  19.283  -39.246  32.506 0.0000000000
39213  19.131  -40.262  33.393 0.0000000000
38103  18.956  -40.862  34.134 0.0000000000
37047  17.517  -42.043  35.246 0.0000000000
37048  16.779  -41.990  35.079 0.0000000000
150332  15.441  -42.563  35.648 0.0000000000
38058  11.825  -40.905  38.028 0.0000000000
37025  11.365  -41.626  37.706 0.0000000000
154864  11.083  -42.263  37.506 0.0000000000
35983  10.681  -42.846  37.688 0.0000000000
141083  10.348  -43.755  37.740 0.0000000000
152250  9.347  -43.456  39.146 0.0000000000
35949  9.731  -42.085  40.510 0.0000000000
35950  9.414  -42.877  39.923 0.0000000000
140622  8.931  -43.194  40.423 0.0000000000
54305  28.386  -27.418  27.766 0.0000000000
53313  27.899  -28.449  26.869 0.0000000000
132789  27.827  -29.111  26.606 0.0000000000
52215  27.264  -29.065  26.845 0.0000000000
51151  26.226  -29.734  27.229 0.0000000000
51166  26.564  -30.380  26.721 0.0000000000
48138  27.486  -33.152  26.328 0.0000000000
45749  27.557  -34.453  26.434 0.0000000000
43402  24.223  -35.875  28.367 0.0000000000
43401  24.889  -35.984  28.094 0.0000000000
43379  24.576  -36.352  28.683 0.0000000000
42315  25.004  -36.754  29.207 0.0000000000
42295  25.453  -37.130  29.799 0.0000000000
42272  25.090  -37.361  30.437 0.0000000000
42271  25.839  -37.480  30.449 0.0000000000
68696  44.816  -14.763  18.122 0.0000000000
68695  45.631  -14.627  18.183 0.0000000000
62580  32.012  -20.631  22.021 0.0000000000
56322  36.253  -25.942  22.051 0.0000000000
57330  35.220  -24.942  22.222 0.0000000000
56307  36.885  -25.974  22.434 0.0000000000
154076  37.008  -25.444  22.901 0.0000000000
57311  36.707  -24.738  23.213 0.0000000000
56283  38.047  -25.573  23.883 0.0000000000
57297  36.985  -24.098  23.898 0.0000000000
58298  37.254  -23.422  24.196 0.0000000000
83678  52.501  -1.457  14.888 0.0000000000
77692  50.651  -6.235  14.878 0.0000000000
27764  6.676  -49.420  41.113 0.0000000000
68671  38.972  -14.590  21.349 0.0000000000
149766  37.809  -17.419  19.144 0.0000000000
64692  37.668  -18.034  18.814 0.0000000000
156034  23.517  -37.753  32.275 0.0000000000
147966  21.325  -37.059  31.231 0.0000000000
41238  20.124  -38.067  31.820 0.0000000000
41239  19.383  -38.079  31.817 0.0000000000
44446  19.498  -35.783  31.078 0.0000000000
43338  19.183  -36.300  31.444 0.0000000000
41219  18.406  -38.206  32.385 0.0000000000
41220  17.867  -38.302  32.820 0.0000000000
42239  17.534  -37.647  33.174 0.0000000000
41201  17.338  -38.396  33.338 0.0000000000
139901  16.399  -38.392  34.492 0.0000000000
48083  25.755  -32.369  29.171 0.0000000000
46883  25.305  -33.197  28.913 0.0000000000
48087  22.466  -33.454  29.267 0.0000000000
46904  23.630  -34.238  28.454 0.0000000000
44482  23.843  -35.351  28.347 0.0000000000
152598  23.678  -35.778  28.670 0.0000000000
43358  23.590  -36.533  29.535 0.0000000000
42297  23.339  -36.752  30.098 0.0000000000
155638  23.405  -37.026  30.534 0.0000000000
58272  31.879  -23.567  25.678 0.0000000000
153316  32.110  -24.092  25.784 0.0000000000
57287  31.438  -25.033  25.150 0.0000000000
56297  31.781  -25.450  23.891 0.0000000000
139595  32.383  -25.993  24.841 0.0000000000
56284  32.328  -25.998  24.184 0.0000000000
56296  32.404  -25.746  23.473 0.0000000000
56309  33.293  -25.628  22.528 0.0000000000
55316  33.955  -25.936  22.279 0.0000000000
135859  35.192  -26.271  21.919 0.0000000000
154291  34.495  -27.626  22.501 0.0000000000
53368  34.880  -28.523  22.081 0.0000000000
54368  34.933  -27.704  22.106 0.0000000000
54356  34.544  -27.037  22.317 0.0000000000
135388  35.137  -26.901  21.893 0.0000000000
55314  35.828  -26.614  21.683 0.0000000000
55313  36.654  -26.671  22.055 0.0000000000
55301  37.487  -26.731  22.906 0.0000000000
54345  38.359  -27.102  23.815 0.0000000000
53337  38.016  -28.148  23.804 0.0000000000
54334  38.532  -27.734  24.212 0.0000000000
54344  38.797  -27.092  24.293 0.0000000000
80570  50.002  -3.614  17.035 0.0000000000
80581  49.036  -4.455  16.788 0.0000000000
77685  48.232  -6.561  15.577 0.0000000000
77694  49.445  -6.255  15.043 0.0000000000
77693  49.994  -6.376  14.945 0.0000000000
74754  43.566  -9.628  17.403 0.0000000000
72816  43.599  -10.894  18.086 0.0000000000
72804  43.221  -11.411  18.517 0.0000000000
152275  43.960  -12.374  18.979 0.0000000000
72807  41.239  -11.300  19.012 0.0000000000
70752  41.998  -12.468  18.976 0.0000000000
70751  42.691  -12.874  18.874 0.0000000000
69690  43.843  -13.730  18.464 0.0000000000
145866  44.516  -14.090  18.230 0.0000000000
66784  44.934  -16.575  18.394 0.0000000000
67713  43.843  -15.825  17.884 0.0000000000
69677  38.587  -13.354  20.255 0.0000000000
147293  38.717  -13.482  19.602 0.0000000000
69683  38.610  -14.139  19.442 0.0000000000
158064  39.005  -13.715  19.110 0.0000000000
158481  40.105  -15.200  17.953 0.0000000000
66788  38.562  -17.026  18.036 0.0000000000
66797  39.204  -16.919  17.585 0.0000000000
66796  39.917  -16.824  17.399 0.0000000000
67723  40.231  -16.163  17.574 0.0000000000
67722  40.975  -16.120  17.451 0.0000000000
66793  42.162  -16.714  17.287 0.0000000000
65786  42.605  -17.368  17.427 0.0000000000
65777  43.264  -17.655  17.806 0.0000000000
64710  43.355  -18.351  18.097 0.0000000000
155584  31.304  -30.680  24.875 0.0000000000
50167  31.710  -31.368  25.322 0.0000000000
134339  32.230  -31.831  25.840 0.0000000000
49166  32.778  -32.075  26.393 0.0000000000
49147  32.664  -32.235  27.172 0.0000000000
48136  33.301  -32.213  26.929 0.0000000000
77644  43.823  -7.448  19.027 0.0000000000
76688  42.959  -7.894  19.371 0.0000000000
141808  43.313  -8.349  17.960 0.0000000000
41200  21.678  -38.396  33.382 0.0000000000
42226  16.275  -36.945  35.355 0.0000000000
41179  15.978  -37.708  35.118 0.0000000000
41188  15.873  -38.504  35.008 0.0000000000
40226  15.665  -39.253  34.890 0.0000000000
39203  15.377  -39.840  34.896 0.0000000000
38097  14.623  -40.821  35.159 0.0000000000
36034  14.800  -42.401  35.624 0.0000000000
36017  14.346  -42.860  35.997 0.0000000000
39155  12.805  -39.983  37.466 0.0000000000
153090  12.397  -41.958  36.355 0.0000000000
37039  12.837  -41.684  36.112 0.0000000000
153873  13.390  -42.011  35.860 0.0000000000
34921  14.665  -43.328  36.473 0.0000000000
153530  14.376  -43.587  36.753 0.0000000000
33874  14.421  -44.211  37.735 0.0000000000
141820  14.419  -44.544  38.395 0.0000000000
32920  12.294  -45.825  38.600 0.0000000000
143247  11.514  -47.001  39.589 0.0000000000
32930  9.222  -45.247  38.364 0.0000000000
31959  9.981  -45.903  38.143 0.0000000000
31951  10.306  -46.643  38.557 0.0000000000
29804  10.441  -47.702  39.525 0.0000000000
28810  9.226  -48.232  39.662 0.0000000000
29805  8.387  -47.866  39.588 0.0000000000
28802  7.177  -48.866  40.577 0.0000000000
156411  7.663  -44.387  41.674 0.0000000000
32902  7.140  -45.328  41.651 0.0000000000
29797  6.469  -48.580  41.281 0.0000000000
56267  33.504  -25.507  26.251 0.0000000000
52228  31.701  -29.123  25.032 0.0000000000
157266  31.145  -30.159  24.714 0.0000000000
50150  30.393  -31.037  26.443 0.0000000000
150726  30.576  -31.676  27.832 0.0000000000
51164  28.042  -29.631  26.459 0.0000000000
132768  28.617  -30.064  26.460 0.0000000000
49169  28.977  -31.218  26.962 0.0000000000
139308  29.557  -31.732  27.566 0.0000000000
151776  30.484  -32.433  28.291 0.0000000000
48105  30.465  -32.942  28.453 0.0000000000
49138  25.823  -31.938  28.258 0.0000000000
48122  26.161  -32.894  27.235 0.0000000000
46914  26.240  -33.639  27.109 0.0000000000
43400  25.579  -36.084  27.879 0.0000000000
150592  26.255  -36.136  27.632 0.0000000000
153470  26.396  -36.879  29.031 0.0000000000
43399  26.679  -36.492  27.983 0.0000000000
43414  26.999  -36.185  27.472 0.0000000000
44501  27.441  -35.668  26.991 0.0000000000
44500  28.329  -35.652  27.163 0.0000000000
44480  28.688  -36.111  27.640 0.0000000000
139181  45.666  -11.587  19.063 0.0000000000
72798  45.230  -11.855  18.999 0.0000000000
71816  46.041  -11.738  19.136 0.0000000000
68694  46.351  -14.694  18.462 0.0000000000
64676  35.856  -18.464  20.579 0.0000000000
63672  35.665  -19.312  20.138 0.0000000000
63673  35.058  -19.471  20.364 0.0000000000
62608  36.361  -20.360  19.379 0.0000000000
61576  36.945  -21.123  19.121 0.0000000000
59400  31.259  -23.484  25.077 0.0000000000
59420  31.029  -22.954  24.569 0.0000000000
59435  30.936  -22.862  23.852 0.0000000000
58316  31.170  -23.602  22.866 0.0000000000
59454  31.059  -22.799  22.942 0.0000000000
60491  31.217  -21.954  22.711 0.0000000000
60501  31.607  -21.875  22.030 0.0000000000
60500  32.158  -21.898  21.518 0.0000000000
155357  32.760  -21.965  21.236 0.0000000000
58331  34.513  -23.844  22.230 0.0000000000
58315  35.119  -23.459  22.436 0.0000000000
59475  33.829  -23.081  21.743 0.0000000000
59500  33.375  -22.497  21.319 0.0000000000
60516  33.296  -21.684  20.973 0.0000000000
60534  34.504  -21.748  20.589 0.0000000000
60513  35.602  -22.458  20.852 0.0000000000
61563  35.931  -21.601  19.951 0.0000000000
60544  37.298  -21.872  19.327 0.0000000000
60531  38.469  -22.523  19.620 0.0000000000
59493  39.910  -23.264  20.764 0.0000000000
59494  38.881  -23.355  21.159 0.0000000000
59468  40.397  -23.431  21.514 0.0000000000
49196  33.722  -31.593  24.895 0.0000000000
133820  33.977  -31.982  26.039 0.0000000000
152071  34.041  -31.797  25.455 0.0000000000
49195  34.520  -31.543  25.013 0.0000000000
49194  35.282  -31.288  24.896 0.0000000000
49134  36.562  -31.876  28.017 0.0000000000
49145  36.486  -31.617  27.268 0.0000000000
142447  37.113  -31.121  27.005 0.0000000000
50148  37.065  -30.790  26.308 0.0000000000
51177  37.144  -30.368  25.663 0.0000000000
51176  37.751  -29.841  25.731 0.0000000000
51161  38.055  -29.961  26.412 0.0000000000
81629  50.697  -3.342  15.768 0.0000000000
82679  51.514  -2.315  15.746 0.0000000000
82685  52.162  -2.117  14.452 0.0000000000
134638  51.545  -5.207  14.749 0.0000000000
150231  51.502  -4.541  14.663 0.0000000000
80608  51.890  -3.439  14.164 0.0000000000
82693  52.494  -2.430  13.782 0.0000000000
82703  53.544  -2.430  13.020 0.0000000000
81650  53.938  -3.363  13.484 0.0000000000
81663  54.114  -2.865  12.990 0.0000000000
50166  35.752  -31.282  25.402 0.0000000000
51126  26.010  -30.039  28.949 0.0000000000
51162  37.520  -30.293  26.187 0.0000000000
51227  35.889  -30.015  22.851 0.0000000000
51240  34.932  -29.762  22.164 0.0000000000
52164  26.142  -29.317  28.684 0.0000000000
52198  26.671  -29.131  27.232 0.0000000000
53240  27.773  -27.508  30.161 0.0000000000
53257  26.925  -28.147  28.871 0.0000000000
53297  28.896  -27.867  26.684 0.0000000000
54293  28.483  -27.179  28.583 0.0000000000
54303  29.900  -27.578  28.390 0.0000000000
54304  29.141  -27.376  28.078 0.0000000000
54314  28.399  -27.793  27.057 0.0000000000
54354  37.835  -27.190  23.297 0.0000000000
54355  37.349  -27.357  22.750 0.0000000000
55312  37.121  -26.924  22.428 0.0000000000
56308  36.522  -25.340  22.552 0.0000000000
56311  32.007  -25.165  23.100 0.0000000000
57279  31.547  -24.251  25.377 0.0000000000
57299  31.248  -25.003  24.382 0.0000000000
57331  34.479  -24.605  22.208 0.0000000000
59467  41.057  -23.409  21.562 0.0000000000
59505  42.231  -22.801  20.367 0.0000000000
60480  31.024  -22.133  23.525 0.0000000000
61544  31.905  -21.309  21.797 0.0000000000
62609  35.815  -20.566  19.742 0.0000000000
62628  39.055  -20.081  17.863 0.0000000000
66786  43.503  -16.518  17.739 0.0000000000
74722  40.428  -9.803  20.501 0.0000000000
74769  44.081  -9.269  17.093 0.0000000000
135939  43.423  -7.733  19.029 0.0000000000
142705  31.518  -20.835  23.263 0.0000000000
144293  40.863  -21.505  18.875 0.0000000000
145358  38.108  -27.610  23.650 0.0000000000
151813  35.828  -28.787  22.055 0.0000000000
152115  31.311  -24.215  22.953 0.0000000000
154799  36.309  -30.456  24.303 0.0000000000
155071  39.470  -12.677  19.344 0.0000000000
157955  40.890  -15.158  17.846 0.0000000000
