#!ascii label  , from subject sub-v2s13x29133_ses-1 vox2ras=TkReg
1671
135184  15.179  -59.118  -42.575 0.6999999881
15594  13.950  -59.607  -43.268 0.8000000119
16668  13.203  -59.136  -42.652 0.8000000119
16679  12.217  -59.935  -42.981 0.6999999881
14534  17.008  -60.833  -42.538 0.6000000238
15593  15.029  -59.843  -43.049 0.6000000238
16678  12.925  -59.652  -43.231 0.6000000238
14533  17.561  -61.281  -42.373 0.6000000238
17817  13.379  -58.492  -42.064 0.8000000119
16657  12.464  -59.412  -42.053 0.6999999881
15585  13.253  -60.513  -41.383 0.6999999881
14525  13.468  -61.375  -41.734 0.6999999881
15592  16.146  -60.184  -42.618 0.6000000238
139233  14.095  -58.986  -42.666 0.6999999881
14526  12.471  -60.591  -41.984 0.6999999881
13493  18.456  -62.310  -42.297 0.6000000238
12552  19.530  -63.118  -41.746 0.6000000238
12569  18.307  -62.777  -43.069 0.6000000238
11698  19.853  -64.767  -43.065 0.6000000238
11699  19.206  -64.182  -43.465 0.6000000238
16640  13.373  -58.826  -41.105 0.8000000119
159780  14.761  -59.839  -40.212 0.8000000119
15574  14.767  -60.544  -40.373 0.6999999881
14511  15.488  -61.270  -40.220 0.6999999881
142108  15.633  -62.010  -40.643 0.6999999881
17782  13.160  -58.419  -41.582 0.8000000119
145385  14.030  -59.690  -40.648 0.6999999881
14512  14.871  -61.336  -40.703 0.6999999881
17816  14.123  -58.208  -42.260 0.6999999881
16656  12.825  -59.087  -41.656 0.8000000119
15575  14.055  -60.512  -40.868 0.6999999881
16655  15.197  -58.443  -42.427 0.6999999881
137126  17.522  -60.660  -42.012 0.6999999881
13480  19.920  -62.521  -41.347 0.6000000238
147626  18.732  -61.680  -41.626 0.6000000238
11686  20.134  -64.445  -42.210 0.6000000238
154946  19.259  -63.563  -42.273 0.6000000238
10755  21.102  -65.090  -42.536 0.6000000238
10789  21.954  -65.596  -44.216 0.6999999881
10790  21.243  -65.463  -44.726 0.6000000238
10788  22.909  -65.558  -45.151 0.5000000000
145749  22.077  -65.559  -45.033 0.6000000238
10829  22.664  -65.503  -46.680 0.5000000000
16627  15.342  -59.515  -39.946 0.8999999762
15566  15.445  -60.472  -39.976 0.8000000119
14501  16.160  -61.181  -39.787 0.6999999881
17781  13.699  -57.932  -41.073 0.6999999881
16628  14.368  -58.037  -40.375 0.8999999762
14510  16.194  -61.934  -40.176 0.6999999881
146709  14.282  -57.411  -41.846 0.8000000119
17799  16.324  -58.877  -42.345 0.8000000119
15582  18.589  -60.298  -41.470 0.6999999881
16667  16.236  -59.440  -42.270 0.6999999881
14522  19.088  -60.989  -41.232 0.8000000119
144889  19.889  -61.103  -41.105 0.8000000119
12538  20.637  -62.651  -41.333 0.6999999881
12551  20.257  -63.256  -41.487 0.6999999881
10738  20.875  -64.607  -41.972 0.6000000238
10770  21.931  -65.484  -43.429 0.6999999881
140180  23.310  -65.379  -44.331 0.6999999881
17771  14.853  -57.480  -40.179 0.8999999762
15565  16.200  -60.345  -39.629 0.8000000119
14500  16.865  -61.928  -39.700 0.6999999881
18937  14.316  -56.648  -41.215 0.8000000119
17780  14.164  -57.227  -40.839 0.8000000119
147632  15.469  -57.857  -42.439 0.6999999881
16652  18.932  -59.647  -41.618 0.6999999881
17798  17.353  -58.923  -42.241 0.6000000238
16653  18.038  -59.670  -41.784 0.8000000119
15581  19.443  -60.336  -41.247 0.8000000119
154347  20.296  -61.886  -41.248 0.8000000119
13491  21.187  -62.818  -41.507 0.6999999881
12548  22.597  -63.674  -41.871 0.8000000119
11670  21.307  -64.052  -41.632 0.6999999881
12566  23.520  -63.498  -42.215 0.8000000119
10768  23.846  -65.025  -43.612 0.6999999881
10752  23.383  -64.980  -42.874 0.6999999881
11668  22.463  -64.451  -41.946 0.6999999881
153790  23.171  -65.264  -43.447 0.6999999881
146914  10.907  -60.968  -37.753 0.6000000238
15536  10.766  -60.224  -38.226 0.6000000238
14480  9.736  -61.428  -37.609 0.6000000238
14481  8.386  -61.114  -37.261 0.6999999881
158139  16.187  -58.794  -39.619 0.8999999762
15554  16.928  -60.234  -39.278 0.6999999881
18944  17.128  -57.923  -42.652 0.6000000238
17796  19.232  -58.960  -42.086 0.6000000238
17797  17.916  -58.422  -42.564 0.6000000238
16651  19.868  -59.588  -41.693 0.6999999881
14532  21.657  -60.711  -42.558 0.6999999881
15579  20.967  -60.626  -41.794 0.6999999881
16578  17.806  -59.056  -36.597 0.6999999881
15508  17.769  -60.371  -36.471 0.6999999881
142265  21.324  -61.368  -41.811 0.8000000119
14521  20.632  -61.255  -41.305 0.8000000119
18890  17.766  -58.213  -36.787 0.6000000238
16565  17.308  -59.649  -36.412 0.6000000238
15509  16.990  -60.528  -36.383 0.6999999881
14519  21.634  -61.963  -41.808 0.6999999881
17711  16.324  -59.256  -36.527 0.5000000000
15510  15.961  -60.708  -36.698 0.6999999881
159914  23.996  -62.997  -42.556 0.8000000119
13489  22.284  -62.914  -41.921 0.8000000119
17730  16.190  -58.475  -36.638 0.5000000000
17731  15.367  -58.923  -36.755 0.5000000000
11683  24.740  -64.090  -42.953 0.6999999881
18892  15.461  -58.079  -36.834 0.5000000000
145429  14.993  -56.460  -37.294 0.6000000238
145438  14.841  -58.310  -36.932 0.5000000000
140438  14.487  -58.891  -37.076 0.6000000238
15520  13.548  -60.156  -37.611 0.6999999881
14476  13.033  -60.800  -37.640 0.6999999881
17732  13.710  -58.768  -37.293 0.5000000000
141332  13.284  -59.414  -37.571 0.6000000238
16582  12.874  -60.011  -37.870 0.6000000238
15522  11.608  -60.721  -37.849 0.6000000238
20112  13.750  -57.262  -37.247 0.6000000238
17734  12.572  -59.302  -37.897 0.6000000238
16583  12.289  -59.824  -38.092 0.6000000238
18895  13.330  -57.939  -37.291 0.5000000000
17733  12.912  -58.597  -37.512 0.5000000000
16601  11.106  -59.559  -38.427 0.6000000238
15537  9.509  -59.952  -38.360 0.6000000238
135780  8.238  -60.423  -37.589 0.6999999881
15511  7.670  -60.500  -36.473 0.6000000238
14461  7.926  -61.262  -35.895 0.6999999881
18896  12.083  -58.477  -37.873 0.6000000238
18907  11.322  -58.465  -38.240 0.6000000238
155957  9.428  -59.140  -38.688 0.6000000238
16603  8.719  -59.254  -38.491 0.6999999881
15526  7.530  -59.762  -36.947 0.5000000000
16619  16.342  -59.460  -39.512 0.8999999762
153733  15.789  -56.623  -42.126 0.6000000238
20163  15.100  -56.122  -41.508 0.6999999881
16618  17.370  -59.681  -39.075 0.8000000119
14491  17.625  -62.016  -39.113 0.6999999881
158285  18.177  -60.410  -38.401 0.6999999881
17761  17.939  -59.091  -38.817 0.8000000119
16666  20.456  -59.277  -42.260 0.6999999881
17729  18.242  -58.963  -37.125 0.8000000119
15507  18.140  -60.294  -36.712 0.6000000238
140032  18.065  -57.463  -37.254 0.6999999881
153593  17.886  -57.040  -37.191 0.6000000238
13520  23.897  -62.360  -43.056 0.8000000119
138843  23.431  -61.803  -43.558 0.8000000119
13519  24.699  -62.370  -43.345 0.8000000119
144159  17.386  -57.328  -36.971 0.5000000000
13506  24.676  -62.901  -42.784 0.8000000119
154032  16.102  -57.852  -36.806 0.5000000000
22366  16.303  -54.827  -37.507 0.5000000000
157086  15.387  -55.453  -37.442 0.6000000238
145430  15.919  -56.529  -37.195 0.6000000238
145428  14.078  -56.447  -37.378 0.6000000238
15502  7.566  -60.096  -35.283 0.5000000000
137069  12.409  -57.564  -37.544 0.5000000000
141612  7.305  -59.805  -36.474 0.5000000000
15504  7.637  -60.521  -35.781 0.6000000238
18897  11.366  -57.575  -38.051 0.6000000238
17750  9.851  -58.556  -38.738 0.6999999881
17751  9.093  -58.711  -38.763 0.6999999881
16585  7.900  -59.774  -37.502 0.6999999881
158445  11.716  -56.703  -37.753 0.6000000238
17753  7.808  -58.704  -37.828 0.6000000238
20114  11.022  -56.769  -37.927 0.6999999881
18910  9.229  -58.106  -38.655 0.6000000238
18911  8.105  -58.383  -38.293 0.5000000000
18928  14.681  -56.629  -40.639 0.6999999881
18927  15.717  -56.940  -39.961 0.6999999881
18919  16.688  -57.894  -39.508 0.6999999881
17762  16.888  -58.794  -39.338 0.8000000119
146533  17.575  -58.223  -39.099 0.6999999881
149114  18.431  -57.312  -37.805 0.6999999881
17760  18.220  -58.453  -38.443 0.6999999881
16551  8.827  -59.574  -34.196 0.5000000000
23400  15.500  -53.249  -37.722 0.5000000000
22367  14.633  -54.534  -37.612 0.6000000238
16552  8.087  -59.849  -34.570 0.5000000000
23401  14.515  -53.417  -37.556 0.5000000000
24462  15.128  -52.025  -36.792 0.5000000000
21283  14.259  -55.357  -37.545 0.6000000238
146201  13.022  -57.128  -37.385 0.6000000238
17735  7.332  -58.748  -37.223 0.5000000000
24476  14.283  -52.744  -37.146 0.5000000000
138987  13.892  -54.114  -37.468 0.6000000238
160065  12.654  -55.895  -37.574 0.6000000238
22369  12.764  -54.523  -37.240 0.6000000238
20145  15.238  -55.990  -40.571 0.6999999881
20144  16.246  -55.869  -40.015 0.6999999881
18926  17.107  -57.197  -39.451 0.6999999881
21287  10.484  -56.376  -37.752 0.5000000000
24451  14.865  -52.454  -36.151 0.5000000000
20116  9.221  -57.128  -38.014 0.5000000000
23385  13.429  -53.409  -36.676 0.5000000000
22370  12.246  -54.859  -37.219 0.5000000000
142326  11.252  -56.114  -37.610 0.5000000000
20115  9.859  -56.865  -38.079 0.5000000000
157427  10.282  -55.951  -37.199 0.5000000000
21269  9.233  -56.381  -36.829 0.5000000000
22341  12.567  -54.463  -35.825 0.5000000000
145068  10.699  -55.468  -36.204 0.5000000000
21288  9.707  -56.429  -37.496 0.5000000000
23376  13.728  -53.326  -36.046 0.5000000000
22354  11.898  -54.734  -36.649 0.5000000000
21286  10.854  -55.689  -37.210 0.5000000000
24452  14.309  -52.754  -36.298 0.5000000000
23386  12.955  -53.866  -36.694 0.5000000000
22342  11.941  -54.741  -36.031 0.5000000000
15485  10.648  -60.649  -33.680 0.6000000238
14441  9.982  -61.383  -33.611 0.6000000238
16548  10.315  -59.945  -33.743 0.5000000000
14439  11.845  -61.539  -33.329 0.6999999881
14440  10.988  -61.464  -33.511 0.6000000238
145860  10.351  -62.189  -33.424 0.6000000238
12489  11.239  -63.898  -33.214 0.6999999881
13416  12.265  -62.195  -33.107 0.6000000238
13417  11.442  -62.384  -33.263 0.6999999881
13418  10.761  -63.037  -33.305 0.6999999881
11561  11.974  -64.331  -32.536 0.8000000119
15469  12.745  -60.907  -33.066 0.5000000000
15483  12.166  -61.012  -33.297 0.5000000000
145440  11.564  -63.289  -33.124 0.8000000119
13412  12.299  -63.111  -32.892 0.6000000238
11542  11.920  -64.494  -31.315 0.6999999881
15468  13.448  -60.862  -32.762 0.5000000000
16546  12.016  -60.410  -33.213 0.5000000000
11552  12.158  -64.363  -32.036 0.6999999881
10607  11.767  -64.747  -32.409 0.6999999881
12481  12.407  -63.901  -32.489 0.6999999881
146056  13.028  -62.462  -32.746 0.6999999881
147262  11.087  -64.352  -30.919 0.6999999881
12462  12.320  -63.848  -30.956 0.6999999881
14430  13.269  -61.546  -32.835 0.6000000238
12480  12.920  -63.383  -32.378 0.8000000119
17574  9.824  -58.880  -26.680 0.6999999881
17590  9.645  -59.072  -27.360 0.8000000119
16514  14.968  -59.915  -30.861 0.4000000060
12452  10.797  -63.414  -30.476 0.6999999881
15461  14.305  -60.585  -32.124 0.5000000000
12463  11.616  -63.954  -30.749 0.6999999881
14423  14.350  -61.234  -32.178 0.6000000238
13410  14.133  -61.812  -32.125 0.6000000238
12472  13.050  -63.500  -31.797 0.6999999881
12471  13.467  -62.920  -32.113 0.8000000119
12460  13.533  -63.117  -31.479 0.8000000119
27512  7.323  -50.499  -25.352 0.5000000000
26487  7.741  -51.412  -25.694 0.5000000000
26509  7.302  -51.875  -25.925 0.5000000000
21068  9.429  -56.416  -23.585 0.5000000000
18704  9.670  -57.540  -23.673 0.6000000238
19879  9.946  -57.034  -23.472 0.6000000238
21093  8.808  -56.031  -23.838 0.6000000238
23248  7.458  -54.452  -24.883 0.6000000238
18721  9.371  -57.923  -24.298 0.6999999881
19880  9.235  -56.982  -23.637 0.6999999881
145509  9.632  -58.580  -25.941 0.6999999881
152452  9.093  -58.167  -25.181 0.6999999881
14390  10.821  -61.225  -29.635 0.6999999881
15422  10.700  -60.280  -28.560 0.8000000119
15448  14.915  -60.649  -31.098 0.5000000000
13382  11.052  -62.512  -30.194 0.6999999881
148300  14.439  -61.743  -31.596 0.6000000238
12451  11.730  -63.271  -30.438 0.8000000119
13392  13.769  -62.710  -31.068 0.6999999881
13380  12.811  -62.585  -30.223 0.8000000119
12450  12.579  -63.223  -30.550 0.8000000119
27496  7.912  -50.075  -24.599 0.5000000000
27511  8.454  -50.994  -24.991 0.6000000238
26508  8.109  -52.337  -25.906 0.6000000238
159198  7.597  -52.572  -25.934 0.6000000238
140102  8.228  -53.155  -25.977 0.6000000238
24307  7.629  -53.138  -25.841 0.5000000000
146220  10.178  -55.299  -24.810 0.5000000000
21092  9.510  -55.695  -24.250 0.5000000000
19878  10.757  -57.087  -23.524 0.6000000238
135833  8.773  -55.255  -24.683 0.6000000238
153180  8.228  -55.704  -23.977 0.6999999881
23266  7.979  -53.973  -25.641 0.6000000238
18703  10.417  -57.636  -23.611 0.6000000238
17544  9.853  -58.360  -24.938 0.6999999881
18705  8.982  -57.409  -23.873 0.6999999881
138414  8.831  -56.544  -23.599 0.6999999881
21069  8.130  -56.312  -23.732 0.8000000119
22205  7.920  -55.122  -24.412 0.6999999881
136447  10.621  -58.569  -24.621 0.6999999881
17559  10.389  -58.747  -25.562 0.6999999881
152427  10.785  -59.000  -26.091 0.6999999881
17573  10.279  -58.912  -26.329 0.8000000119
16470  11.029  -59.888  -27.807 0.8000000119
16471  10.324  -59.474  -27.578 0.8000000119
14409  14.741  -61.473  -30.800 0.5000000000
14378  13.681  -61.287  -28.683 0.6000000238
14389  11.606  -61.353  -29.466 0.8000000119
15432  11.147  -60.793  -29.057 0.8000000119
14410  14.189  -62.224  -30.928 0.6000000238
14397  14.100  -61.965  -30.024 0.6999999881
14399  12.153  -61.943  -29.838 0.8000000119
13379  13.617  -62.519  -30.438 0.6999999881
14398  13.081  -62.052  -29.838 0.6999999881
13393  13.284  -63.013  -30.817 0.8000000119
28548  8.419  -49.806  -23.752 0.4000000060
27495  9.100  -50.610  -24.200 0.5000000000
27510  9.604  -51.381  -24.632 0.4000000060
26486  9.029  -51.940  -25.311 0.5000000000
21067  10.285  -56.198  -23.832 0.5000000000
22219  9.769  -54.733  -25.444 0.6000000238
22220  9.105  -54.644  -25.452 0.6000000238
136431  8.289  -53.700  -25.872 0.6000000238
18702  11.208  -57.723  -23.653 0.6000000238
23247  8.339  -54.590  -25.332 0.6999999881
17522  10.872  -58.225  -23.905 0.6000000238
16453  10.889  -59.408  -27.098 0.8000000119
14379  12.762  -61.138  -28.782 0.6999999881
14388  12.447  -61.495  -29.361 0.6999999881
15431  11.931  -60.946  -28.908 0.8000000119
15421  11.473  -60.460  -28.383 0.8000000119
14387  13.380  -61.634  -29.312 0.6999999881
28547  9.349  -50.038  -23.690 0.4000000060
136439  8.784  -49.495  -23.085 0.4000000060
27494  9.864  -50.774  -24.130 0.4000000060
28529  8.449  -49.253  -22.407 0.5000000000
25399  9.158  -52.881  -25.910 0.5000000000
25414  9.678  -53.422  -26.280 0.5000000000
24306  8.970  -53.739  -26.051 0.5000000000
25413  10.380  -53.133  -26.587 0.5000000000
137480  8.769  -54.198  -25.786 0.6999999881
17558  11.201  -58.955  -25.396 0.6000000238
136304  11.575  -59.719  -27.129 0.8000000119
15419  13.079  -60.870  -28.122 0.6000000238
15407  12.566  -60.458  -27.618 0.6000000238
16451  12.142  -59.635  -26.501 0.6999999881
15420  12.252  -60.672  -28.256 0.6999999881
29531  7.801  -48.385  -21.268 0.3000000119
28558  10.347  -50.429  -24.427 0.4000000060
28546  10.074  -50.010  -23.766 0.3000000119
28536  9.647  -49.454  -23.191 0.4000000060
29567  9.214  -48.924  -22.415 0.4000000060
29557  8.393  -48.779  -21.753 0.5000000000
27509  10.005  -51.344  -24.721 0.4000000060
30580  8.521  -47.997  -21.498 0.3000000119
26485  9.762  -52.062  -25.346 0.4000000060
24323  9.613  -53.906  -26.212 0.5000000000
23273  9.983  -54.159  -26.092 0.6000000238
24322  10.204  -53.686  -26.372 0.4000000060
25398  9.834  -52.771  -26.211 0.5000000000
16452  11.317  -59.262  -26.423 0.6999999881
15408  11.839  -60.213  -27.714 0.6999999881
29558  7.581  -49.084  -21.520 0.4000000060
29556  9.050  -48.300  -21.875 0.4000000060
31627  8.937  -47.006  -22.201 0.3000000119
26507  10.015  -52.300  -26.078 0.4000000060
25397  10.449  -52.532  -26.749 0.4000000060
152967  10.261  -49.376  -23.425 0.3000000119
29566  10.070  -48.813  -22.874 0.3000000119
30588  9.738  -48.109  -22.264 0.3000000119
30579  9.189  -47.585  -21.840 0.3000000119
28545  10.843  -49.680  -24.334 0.3000000119
27525  10.225  -51.241  -25.049 0.3000000119
27533  10.353  -51.898  -26.750 0.3000000119
154828  10.058  -51.825  -25.494 0.3000000119
30587  10.494  -47.956  -22.937 0.3000000119
154701  9.790  -47.178  -22.479 0.3000000119
29565  10.953  -48.226  -23.754 0.3000000119
31636  10.400  -47.188  -23.083 0.3000000119
140104  10.233  -51.392  -26.084 0.3000000119
29572  10.968  -49.064  -24.108 0.3000000119
30596  11.022  -48.436  -24.554 0.3000000119
28583  10.178  -50.617  -26.837 0.3000000119
16579  15.612  -59.829  -36.750 0.6000000238
16580  14.776  -59.668  -37.064 0.6999999881
14475  14.374  -61.118  -37.210 0.6999999881
146870  13.745  -60.787  -37.458 0.6999999881
24305  9.348  -54.128  -25.983 0.6000000238
143642  14.762  -60.346  -43.699 0.6999999881
142677  14.451  -62.078  -41.644 0.6999999881
15583  17.768  -60.226  -41.775 0.8000000119
10771  21.250  -65.397  -43.260 0.6000000238
10754  21.814  -65.245  -42.651 0.6999999881
151694  16.483  -58.241  -42.543 0.6000000238
139712  17.826  -61.268  -38.853 0.6999999881
13508  22.709  -62.459  -42.406 0.8000000119
11684  23.526  -64.574  -42.510 0.6999999881
12564  25.277  -63.474  -42.996 0.8000000119
15525  7.880  -60.460  -37.067 0.6999999881
15521  12.336  -60.433  -37.960 0.6000000238
14456  8.008  -61.389  -35.136 0.6000000238
18908  10.576  -58.074  -38.450 0.6999999881
141269  18.379  -60.296  -37.844 0.8000000119
21281  17.120  -55.816  -37.263 0.5000000000
144453  16.799  -56.595  -37.122 0.6000000238
152702  13.537  -55.647  -37.534 0.6000000238
14400  11.306  -61.848  -29.919 0.8000000119
7447  27.588  -68.563  -46.809 0.4000000060
7439  27.962  -68.994  -45.678 0.4000000060
8230  25.470  -68.008  -46.386 0.3000000119
7457  27.274  -68.522  -47.531 0.4000000060
7466  27.348  -68.757  -48.316 0.4000000060
6706  27.903  -69.440  -47.290 0.4000000060
10764  29.030  -65.203  -43.865 0.4000000060
10750  28.559  -65.523  -43.219 0.5000000000
9830  28.253  -66.093  -42.853 0.5000000000
9846  27.061  -65.992  -43.967 0.3000000119
9847  26.646  -66.489  -43.974 0.4000000060
8201  27.343  -67.717  -44.063 0.4000000060
9008  25.918  -67.098  -44.765 0.3000000119
8229  26.582  -68.163  -46.139 0.3000000119
8219  24.604  -67.603  -46.213 0.3000000119
10766  27.444  -65.431  -44.378 0.4000000060
10781  28.660  -64.944  -45.017 0.4000000060
10763  29.692  -65.059  -44.428 0.5000000000
10782  27.615  -65.139  -45.316 0.3000000119
9861  25.973  -66.491  -44.749 0.3000000119
9030  24.074  -66.947  -46.271 0.4000000060
148290  24.813  -66.217  -45.822 0.3000000119
9872  23.999  -65.654  -45.842 0.4000000060
9883  23.744  -66.094  -46.273 0.4000000060
9891  22.940  -65.522  -47.500 0.4000000060
10803  28.795  -64.921  -46.206 0.4000000060
10804  27.896  -64.958  -46.261 0.4000000060
10827  28.332  -64.801  -46.932 0.4000000060
10842  29.378  -64.840  -48.117 0.5000000000
10784  26.379  -65.288  -45.812 0.4000000060
11717  26.723  -64.919  -46.006 0.4000000060
9871  24.254  -66.174  -46.023 0.4000000060
11709  25.935  -64.698  -45.691 0.4000000060
135870  23.729  -65.443  -45.295 0.4000000060
10812  20.792  -65.001  -45.537 0.6000000238
10810  22.414  -65.534  -45.876 0.4000000060
11737  29.045  -64.331  -48.804 0.6000000238
11738  28.601  -63.991  -48.218 0.6000000238
12608  27.937  -64.322  -46.734 0.6000000238
12600  27.669  -63.691  -46.085 0.6000000238
11696  26.193  -63.890  -44.329 0.6000000238
12591  27.331  -62.986  -45.139 0.6999999881
10786  24.953  -64.970  -45.229 0.5000000000
10767  24.752  -64.613  -43.838 0.6000000238
12579  26.295  -63.171  -43.916 0.6999999881
13573  27.805  -62.731  -49.609 0.6999999881
145911  27.319  -62.235  -47.273 0.6999999881
13564  28.155  -63.144  -48.390 0.6000000238
13536  27.700  -62.531  -46.327 0.6999999881
154478  25.820  -61.693  -45.130 0.6999999881
14540  24.038  -61.773  -43.882 0.6999999881
14530  22.505  -61.769  -42.788 0.6999999881
13529  26.752  -62.793  -44.396 0.6999999881
14552  26.387  -62.187  -44.588 0.6999999881
13518  26.152  -62.610  -43.907 0.6999999881
14590  26.520  -61.734  -48.542 0.5000000000
14584  25.401  -61.207  -47.146 0.6000000238
14569  26.570  -61.866  -45.481 0.6999999881
134442  24.852  -61.296  -45.491 0.6000000238
139063  24.470  -61.490  -44.592 0.6999999881
14571  24.018  -60.899  -45.292 0.6999999881
13528  26.973  -62.435  -44.879 0.6999999881
14541  22.882  -61.331  -43.586 0.6999999881
14542  22.271  -61.051  -43.117 0.6000000238
14585  24.847  -60.888  -46.642 0.6000000238
15619  24.198  -60.605  -46.177 0.6000000238
14555  23.102  -60.722  -44.399 0.6000000238
15620  23.627  -60.272  -45.678 0.6000000238
133915  19.452  -58.338  -42.664 0.5000000000
13496  13.840  -62.203  -42.150 0.6000000238
14535  12.671  -61.470  -42.319 0.6000000238
159399  22.061  -60.437  -43.341 0.6000000238
15590  21.645  -59.873  -43.150 0.6000000238
17813  20.653  -58.765  -42.943 0.5000000000
17814  19.982  -58.851  -42.377 0.5000000000
12553  15.531  -63.600  -42.015 0.6000000238
155966  14.991  -62.509  -41.597 0.6000000238
13495  14.850  -62.854  -42.006 0.6000000238
15610  23.146  -60.095  -45.066 0.6000000238
16676  21.856  -59.407  -43.753 0.5000000000
16665  21.010  -59.478  -42.665 0.5000000000
10724  16.531  -64.699  -40.303 0.6000000238
12532  17.199  -63.425  -39.995 0.6000000238
11655  16.389  -64.213  -40.940 0.6000000238
11673  15.815  -64.343  -41.720 0.6000000238
149493  15.891  -62.774  -41.046 0.6000000238
13474  17.384  -62.705  -39.634 0.6000000238
13475  16.804  -62.657  -40.181 0.6000000238
21315  15.248  -55.719  -41.066 0.6000000238
15601  22.170  -59.947  -43.847 0.6000000238
11643  17.358  -64.026  -39.587 0.6000000238
12521  17.441  -63.186  -37.399 0.6000000238
12531  17.596  -63.376  -39.323 0.6000000238
13457  18.101  -62.064  -37.234 0.6000000238
12527  18.015  -62.895  -38.080 0.6000000238
14472  17.953  -61.669  -36.758 0.5000000000
14490  18.145  -61.808  -38.411 0.6000000238
15535  18.387  -60.990  -37.552 0.5000000000
10710  16.012  -65.043  -40.063 0.6999999881
10698  16.439  -64.906  -39.543 0.6000000238
11617  17.327  -64.004  -38.182 0.6000000238
13458  17.720  -62.388  -37.061 0.6000000238
14465  16.727  -61.334  -36.520 0.6000000238
10678  13.565  -65.058  -36.782 0.6000000238
11631  16.158  -64.842  -38.731 0.6000000238
12522  16.948  -63.859  -37.522 0.6000000238
14473  16.534  -62.133  -36.707 0.5000000000
11608  16.266  -64.210  -37.488 0.6000000238
143396  15.458  -63.169  -36.645 0.6000000238
11595  14.450  -64.370  -36.536 0.6000000238
11596  13.826  -64.528  -36.228 0.6000000238
11619  15.833  -64.609  -37.916 0.6000000238
14466  15.969  -61.539  -36.735 0.6000000238
12523  16.179  -63.727  -37.002 0.6000000238
14474  15.629  -62.214  -36.762 0.5000000000
13461  14.584  -62.224  -36.771 0.6000000238
13450  14.020  -63.111  -36.308 0.5000000000
12512  13.555  -63.755  -35.940 0.5000000000
15518  15.009  -60.500  -37.071 0.6000000238
13462  13.661  -62.362  -36.656 0.6000000238
13451  13.189  -62.936  -36.230 0.6000000238
13452  12.225  -62.712  -36.386 0.6999999881
12514  11.744  -63.606  -36.118 0.6999999881
13453  11.308  -62.825  -36.527 0.6999999881
12515  10.896  -63.525  -36.484 0.6999999881
148056  13.585  -61.536  -37.191 0.6000000238
156142  12.801  -61.484  -37.274 0.6999999881
14478  11.454  -61.515  -37.319 0.6999999881
13464  11.622  -62.214  -36.813 0.6999999881
13454  10.492  -62.818  -36.813 0.6000000238
14477  12.260  -61.141  -37.558 0.6000000238
18956  18.998  -57.674  -42.778 0.5000000000
18957  17.986  -57.591  -42.706 0.5000000000
148963  18.959  -56.302  -42.441 0.5000000000
138008  18.547  -56.967  -42.616 0.5000000000
21358  18.049  -56.296  -42.273 0.6000000238
22416  20.321  -55.169  -42.391 0.6000000238
21342  19.288  -55.498  -42.142 0.6000000238
159039  18.438  -55.730  -42.019 0.6000000238
21344  16.435  -55.296  -41.456 0.6000000238
21328  16.235  -55.033  -40.934 0.6000000238
22407  19.730  -54.610  -41.869 0.5000000000
22408  18.352  -54.771  -41.570 0.6000000238
21313  16.383  -54.952  -40.429 0.6000000238
23443  18.650  -53.608  -41.030 0.6000000238
22393  17.631  -53.933  -40.426 0.5000000000
22399  16.968  -54.599  -40.712 0.6000000238
21301  17.178  -55.551  -39.796 0.6000000238
23431  18.342  -53.388  -40.582 0.5000000000
21312  17.387  -54.721  -39.990 0.6000000238
20109  18.140  -56.724  -37.484 0.5000000000
143786  18.300  -55.335  -38.271 0.5000000000
20134  18.304  -56.923  -38.567 0.6000000238
21300  18.019  -55.898  -39.153 0.6000000238
10787  24.206  -65.116  -44.681 0.6000000238
11697  25.492  -64.007  -43.539 0.6999999881
18958  16.845  -56.932  -42.437 0.5000000000
146043  15.228  -61.380  -36.990 0.6000000238
148522  12.210  -61.856  -37.007 0.6999999881
20162  16.010  -55.985  -41.771 0.6000000238
20135  17.680  -56.525  -39.269 0.6000000238
21295  18.315  -56.100  -38.468 0.6000000238
7448  26.463  -68.280  -46.935 0.3000000119
8207  25.877  -67.496  -44.901 0.3000000119
8206  26.926  -67.786  -44.578 0.4000000060
9020  24.691  -67.001  -45.848 0.3000000119
9870  25.998  -65.682  -45.709 0.4000000060
10807  25.121  -65.483  -45.862 0.4000000060
10826  29.056  -64.910  -47.164 0.4000000060
10805  27.078  -64.911  -46.098 0.3000000119
10828  27.823  -64.741  -46.606 0.5000000000
11726  28.381  -64.494  -47.215 0.6000000238
10806  25.885  -65.304  -45.821 0.5000000000
11708  26.509  -64.400  -45.606 0.5000000000
10808  24.476  -65.388  -45.620 0.5000000000
12599  28.119  -63.036  -46.527 0.6000000238
14583  26.140  -61.628  -46.657 0.6999999881
146469  16.819  -63.302  -37.093 0.6000000238
12516  10.045  -63.370  -36.872 0.6000000238
23441  20.287  -53.528  -41.035 0.5000000000
21343  17.522  -55.491  -41.755 0.6000000238
22409  17.031  -54.755  -41.126 0.6000000238
23456  19.131  -54.029  -41.424 0.5000000000
22398  17.769  -54.075  -40.900 0.6000000238
24536  19.762  -52.927  -40.669 0.5000000000
22386  18.112  -54.310  -39.419 0.5000000000
156037  18.293  -54.759  -38.751 0.5000000000
658  18.938  -80.034  -38.853 0.4000000060
995  20.251  -79.652  -38.906 0.4000000060
1003  19.609  -79.372  -39.963 0.5000000000
1372  18.881  -77.357  -35.931 0.5000000000
1795  19.075  -76.718  -35.414 0.5000000000
2788  19.457  -74.700  -34.632 0.5000000000
1815  19.500  -76.978  -36.964 0.5000000000
981  18.739  -78.380  -37.469 0.5000000000
139139  20.967  -79.197  -38.076 0.4000000060
1391  22.094  -77.975  -37.698 0.4000000060
1402  22.094  -77.998  -38.622 0.5000000000
5921  26.130  -71.029  -45.803 0.3000000119
5911  25.482  -70.711  -45.217 0.3000000119
5234  26.708  -71.003  -46.951 0.3000000119
5947  27.285  -70.449  -47.106 0.3000000119
1383  18.487  -78.141  -36.621 0.4000000060
1373  18.306  -77.873  -35.733 0.5000000000
1786  18.402  -76.905  -34.540 0.5000000000
982  18.081  -79.253  -37.502 0.4000000060
156165  18.423  -80.069  -38.262 0.4000000060
652  20.294  -79.748  -37.816 0.3000000119
154817  20.012  -80.003  -37.172 0.3000000119
2282  23.524  -76.461  -38.469 0.4000000060
1380  22.686  -77.527  -36.945 0.3000000119
1813  23.333  -76.984  -37.341 0.4000000060
136776  22.748  -77.442  -37.926 0.5000000000
1803  23.292  -76.973  -36.485 0.3000000119
6669  25.915  -69.804  -44.242 0.3000000119
5213  25.518  -71.599  -45.571 0.3000000119
5920  26.895  -70.575  -45.932 0.3000000119
5919  27.604  -70.017  -45.966 0.3000000119
5946  27.654  -70.035  -47.008 0.3000000119
983  17.519  -79.727  -37.206 0.3000000119
973  17.831  -78.747  -36.495 0.4000000060
398  18.673  -80.718  -37.207 0.3000000119
1804  22.597  -77.328  -36.119 0.3000000119
2823  24.832  -75.608  -37.378 0.4000000060
146716  24.140  -76.015  -37.871 0.4000000060
2270  24.945  -75.860  -36.684 0.4000000060
2246  24.390  -76.038  -35.718 0.3000000119
7411  26.268  -69.367  -42.259 0.4000000060
6658  25.708  -69.545  -43.429 0.4000000060
6659  24.796  -69.314  -43.059 0.4000000060
6671  24.196  -69.695  -43.370 0.4000000060
5893  23.720  -69.952  -42.702 0.4000000060
5187  23.848  -71.185  -42.825 0.5000000000
6668  26.949  -69.706  -43.720 0.3000000119
6682  26.090  -70.156  -44.959 0.3000000119
6681  27.046  -69.851  -44.558 0.3000000119
6688  27.806  -69.529  -45.474 0.3000000119
8216  27.683  -68.455  -45.202 0.3000000119
649  17.335  -80.534  -37.148 0.3000000119
3378  26.064  -74.277  -37.161 0.3000000119
3379  25.335  -74.845  -37.215 0.3000000119
3930  24.381  -73.352  -37.618 0.4000000060
3388  23.915  -74.293  -38.161 0.4000000060
2799  23.914  -75.654  -35.234 0.3000000119
3367  26.304  -74.476  -36.617 0.3000000119
2798  24.791  -75.536  -35.473 0.3000000119
2256  25.023  -75.795  -36.064 0.3000000119
5175  23.389  -71.402  -39.957 0.5000000000
152291  23.456  -71.912  -39.806 0.5000000000
6602  29.221  -69.750  -39.698 0.3000000119
7367  28.300  -69.614  -39.896 0.3000000119
6617  28.885  -69.858  -40.394 0.3000000119
159343  26.285  -69.199  -41.620 0.3000000119
7423  25.477  -69.201  -42.682 0.4000000060
7392  24.158  -68.215  -40.880 0.5000000000
5879  23.264  -69.825  -40.670 0.5000000000
6646  27.015  -69.591  -41.778 0.3000000119
7424  24.630  -68.919  -42.382 0.4000000060
7425  24.146  -68.862  -42.131 0.4000000060
6647  23.790  -69.207  -42.133 0.5000000000
6634  23.513  -69.333  -41.434 0.5000000000
6667  27.729  -69.426  -43.507 0.3000000119
149617  27.668  -69.603  -44.904 0.3000000119
7429  27.918  -68.881  -43.970 0.3000000119
8200  28.094  -68.451  -43.079 0.3000000119
148592  27.869  -68.050  -43.741 0.4000000060
3928  26.361  -73.712  -37.692 0.3000000119
4526  24.774  -72.837  -37.420 0.4000000060
3338  24.428  -74.170  -34.884 0.3000000119
3353  25.743  -74.822  -35.849 0.3000000119
3921  27.545  -73.421  -37.103 0.3000000119
4527  23.853  -72.700  -37.637 0.4000000060
3337  25.269  -74.308  -35.230 0.3000000119
153997  23.139  -71.962  -38.442 0.4000000060
4540  23.258  -72.403  -39.128 0.5000000000
6583  23.316  -69.858  -37.615 0.4000000060
5839  23.201  -70.621  -37.862 0.5000000000
7339  30.371  -68.688  -38.183 0.3000000119
6603  23.039  -69.959  -39.109 0.5000000000
6593  23.080  -69.940  -38.319 0.5000000000
7355  28.639  -69.376  -39.118 0.3000000119
155425  23.826  -67.842  -39.305 0.4000000060
7343  23.242  -68.521  -38.427 0.5000000000
6601  30.161  -69.829  -39.510 0.3000000119
7368  27.385  -69.289  -40.045 0.4000000060
7369  26.553  -68.752  -40.172 0.4000000060
8167  24.066  -67.887  -39.971 0.5000000000
7372  23.154  -69.055  -39.557 0.5000000000
6633  27.726  -69.750  -41.332 0.3000000119
7390  25.884  -68.762  -41.124 0.4000000060
7391  24.956  -68.328  -41.090 0.5000000000
6644  28.080  -69.406  -42.181 0.3000000119
7421  28.307  -68.852  -42.301 0.4000000060
8182  28.954  -68.373  -41.882 0.3000000119
154193  28.398  -68.122  -42.446 0.4000000060
13554  17.952  -62.173  -46.103 0.5000000000
8988  28.082  -66.663  -42.763 0.3000000119
4498  25.065  -72.539  -34.315 0.3000000119
3890  26.647  -73.642  -35.586 0.3000000119
154894  25.246  -72.061  -37.198 0.3000000119
3891  24.898  -73.438  -34.726 0.3000000119
5153  24.955  -70.929  -36.781 0.3000000119
5838  23.683  -70.494  -37.283 0.5000000000
8112  23.880  -68.068  -37.009 0.4000000060
7322  24.224  -68.593  -36.435 0.3000000119
8963  30.715  -67.867  -38.535 0.3000000119
8143  23.792  -67.777  -37.790 0.5000000000
7354  29.570  -69.503  -38.944 0.3000000119
8965  24.401  -67.294  -38.611 0.4000000060
8960  24.131  -67.379  -38.032 0.4000000060
7357  26.915  -68.636  -39.388 0.4000000060
8164  26.121  -68.107  -39.598 0.4000000060
8155  25.696  -67.586  -39.052 0.4000000060
8156  24.879  -67.457  -39.165 0.4000000060
6631  29.406  -69.726  -40.599 0.3000000119
6630  30.239  -69.847  -40.454 0.3000000119
7370  25.682  -68.237  -40.417 0.4000000060
8166  24.549  -67.672  -39.723 0.5000000000
7408  30.209  -69.174  -41.251 0.3000000119
8180  30.548  -68.598  -41.718 0.4000000060
8979  29.942  -67.671  -41.952 0.4000000060
134986  17.646  -62.126  -45.310 0.5000000000
8191  28.565  -67.383  -42.281 0.4000000060
8985  30.362  -67.177  -42.416 0.5000000000
13538  18.556  -62.388  -46.358 0.5000000000
157739  26.566  -73.161  -34.889 0.3000000119
11674  15.289  -64.153  -42.414 0.5000000000
8942  24.971  -67.119  -36.395 0.3000000119
8100  24.978  -67.749  -35.785 0.3000000119
12554  15.016  -63.536  -42.413 0.5000000000
10739  15.422  -64.735  -42.241 0.6000000238
9806  30.204  -66.084  -39.466 0.3000000119
147199  30.596  -68.191  -38.124 0.3000000119
8971  30.784  -67.239  -39.248 0.3000000119
8138  29.825  -68.513  -37.805 0.3000000119
8139  28.959  -68.494  -37.945 0.3000000119
8959  24.715  -67.121  -37.907 0.4000000060
8953  24.316  -67.340  -37.200 0.4000000060
14536  11.974  -60.762  -42.683 0.5000000000
10742  12.683  -65.445  -41.183 0.5000000000
153486  27.310  -68.390  -38.658 0.3000000119
8154  26.493  -67.942  -38.847 0.3000000119
8142  26.002  -67.347  -38.376 0.3000000119
142930  26.749  -66.987  -37.408 0.3000000119
15603  12.563  -60.218  -43.768 0.5000000000
7386  31.535  -69.521  -40.779 0.3000000119
7387  30.715  -69.652  -40.814 0.3000000119
15612  14.456  -60.798  -44.249 0.5000000000
7407  31.173  -69.293  -41.382 0.3000000119
14573  16.528  -61.682  -45.040 0.5000000000
7420  31.616  -68.801  -42.051 0.4000000060
14572  17.085  -61.757  -44.871 0.6000000238
8199  31.933  -68.236  -42.753 0.4000000060
8984  31.242  -67.668  -42.842 0.5000000000
13531  18.001  -62.514  -44.653 0.5000000000
148553  31.896  -67.605  -43.495 0.4000000060
9827  30.838  -66.855  -43.048 0.3000000119
8987  28.700  -66.708  -42.354 0.4000000060
158959  19.051  -63.325  -45.280 0.6000000238
10799  33.016  -65.527  -45.922 0.3000000119
146759  32.037  -65.810  -45.830 0.4000000060
9859  30.621  -65.622  -44.206 0.4000000060
9844  29.422  -65.634  -43.140 0.3000000119
11720  19.559  -63.874  -45.301 0.6000000238
154825  19.343  -63.105  -45.998 0.5000000000
10823  33.289  -64.968  -46.430 0.3000000119
10800  32.459  -65.678  -46.118 0.5000000000
10801  31.389  -65.505  -45.810 0.4000000060
10802  30.511  -65.079  -45.601 0.4000000060
11729  19.953  -63.636  -46.094 0.6000000238
11724  33.460  -64.228  -47.221 0.3000000119
10838  32.661  -65.046  -47.018 0.5000000000
10824  31.684  -65.337  -46.556 0.4000000060
10825  30.731  -65.119  -46.510 0.4000000060
11734  32.831  -64.370  -47.903 0.4000000060
10840  30.939  -65.126  -47.487 0.5000000000
136024  29.985  -65.022  -47.329 0.4000000060
10841  30.204  -64.982  -48.311 0.5000000000
152015  15.577  -65.025  -41.589 0.6000000238
10726  14.894  -65.454  -41.865 0.6000000238
10697  29.483  -64.311  -39.764 0.3000000119
9796  30.115  -65.928  -38.799 0.3000000119
8956  30.398  -67.457  -37.829 0.3000000119
8125  30.244  -68.084  -37.688 0.3000000119
143603  15.118  -65.328  -40.888 0.6000000238
142458  14.134  -65.414  -40.836 0.6000000238
10708  29.910  -65.080  -39.979 0.3000000119
8947  30.051  -67.510  -37.253 0.3000000119
8948  29.341  -67.446  -36.954 0.3000000119
10728  13.218  -64.940  -40.560 0.6000000238
11653  30.543  -64.393  -41.096 0.3000000119
8140  27.883  -68.074  -38.005 0.3000000119
8128  27.587  -67.404  -37.463 0.3000000119
10714  12.871  -63.987  -39.857 0.6000000238
7385  32.233  -69.061  -40.778 0.3000000119
11635  12.566  -63.730  -39.164 0.6000000238
11646  12.133  -63.494  -39.737 0.6000000238
11636  11.825  -63.666  -39.169 0.6000000238
11637  11.058  -63.858  -39.213 0.5000000000
9005  33.053  -67.059  -44.196 0.4000000060
9858  31.623  -66.405  -44.634 0.4000000060
11743  32.576  -64.034  -48.697 0.4000000060
10847  31.156  -64.931  -48.532 0.5000000000
12530  29.403  -63.068  -39.651 0.3000000119
11616  29.320  -63.335  -38.935 0.3000000119
10696  29.730  -65.052  -39.187 0.3000000119
10687  30.024  -65.386  -38.547 0.3000000119
9787  30.351  -66.393  -38.000 0.3000000119
145449  30.219  -66.829  -37.254 0.3000000119
9778  29.891  -66.921  -36.791 0.3000000119
10725  15.961  -64.941  -40.887 0.5000000000
138146  29.561  -63.617  -40.158 0.3000000119
9813  30.268  -64.966  -40.601 0.3000000119
10700  14.763  -64.933  -39.397 0.5000000000
10712  14.466  -65.080  -40.076 0.6000000238
12537  30.200  -63.581  -40.885 0.3000000119
8949  28.283  -67.142  -36.943 0.3000000119
11644  13.899  -64.565  -39.445 0.6000000238
13478  30.596  -62.875  -40.961 0.3000000119
11645  13.131  -63.965  -39.421 0.6000000238
148157  33.504  -67.078  -43.511 0.3000000119
8983  33.467  -67.332  -42.851 0.3000000119
10701  12.276  -64.295  -38.583 0.6000000238
10703  10.588  -65.373  -38.928 0.6000000238
11633  14.212  -64.711  -38.810 0.6000000238
11632  15.177  -64.814  -38.536 0.5000000000
11621  14.454  -64.823  -37.795 0.6000000238
11623  12.863  -64.399  -38.463 0.6000000238
10702  11.478  -64.878  -38.654 0.6000000238
9788  11.133  -65.965  -37.875 0.6000000238
10691  11.855  -65.364  -38.048 0.6000000238
9790  9.702  -66.231  -38.277 0.5000000000
11620  15.195  -64.696  -37.657 0.5000000000
10689  13.144  -65.111  -37.511 0.5000000000
10680  12.139  -65.615  -36.858 0.6000000238
148569  8.785  -64.977  -37.513 0.5000000000
159982  9.566  -63.675  -36.924 0.6000000238
11600  9.505  -64.209  -37.010 0.6000000238
11612  8.564  -64.050  -36.998 0.6000000238
137670  7.632  -63.915  -36.886 0.6000000238
11611  14.219  -64.845  -36.888 0.5000000000
10672  12.139  -65.299  -36.402 0.5000000000
150483  11.608  -65.186  -36.292 0.5000000000
9781  10.795  -66.028  -37.325 0.6000000238
11598  11.283  -64.406  -36.268 0.6000000238
10673  10.919  -65.226  -36.567 0.5000000000
10683  9.733  -65.616  -37.316 0.5000000000
11599  10.385  -64.241  -36.675 0.6000000238
13465  10.921  -62.183  -36.998 0.6000000238
11601  7.720  -63.452  -36.157 0.5000000000
12466  8.550  -63.378  -30.831 0.5000000000
12524  15.028  -63.951  -36.585 0.5000000000
10671  12.715  -64.978  -36.164 0.5000000000
150262  12.187  -64.590  -35.966 0.6000000238
14411  8.181  -61.741  -30.731 0.5000000000
151649  7.664  -60.817  -30.812 0.6000000238
13395  8.490  -62.475  -30.688 0.6000000238
13394  9.073  -63.055  -30.555 0.6000000238
155714  7.856  -62.990  -31.008 0.5000000000
12465  9.302  -63.754  -30.723 0.5000000000
10600  9.039  -64.976  -31.420 0.5000000000
12507  7.530  -63.495  -35.331 0.5000000000
16482  10.342  -59.829  -28.159 0.6000000238
16472  9.684  -59.539  -28.131 0.6999999881
15423  9.918  -60.038  -28.758 0.6000000238
16483  8.996  -59.456  -28.554 0.6999999881
16484  8.289  -59.168  -28.794 0.6000000238
16493  7.929  -59.461  -29.419 0.6000000238
16491  9.251  -59.934  -29.043 0.6000000238
15434  8.911  -60.300  -29.593 0.6000000238
15433  10.375  -60.644  -29.236 0.6000000238
149803  9.618  -60.475  -29.415 0.6000000238
15435  8.262  -60.040  -29.832 0.5000000000
16502  7.579  -59.774  -30.079 0.6000000238
14391  10.047  -61.099  -29.799 0.6000000238
15442  9.263  -60.939  -29.958 0.6000000238
15443  8.557  -60.709  -30.154 0.5000000000
15444  7.913  -60.434  -30.385 0.6000000238
14402  9.677  -61.686  -30.144 0.6000000238
14403  8.803  -61.562  -30.409 0.6000000238
13383  10.182  -62.468  -30.257 0.6000000238
13384  9.323  -62.396  -30.392 0.6000000238
12453  9.793  -63.200  -30.466 0.6000000238
11544  9.613  -64.550  -31.042 0.5000000000
10610  9.420  -65.674  -31.935 0.5000000000
143752  10.212  -65.787  -32.177 0.5000000000
9723  9.793  -66.189  -33.130 0.5000000000
9737  9.793  -65.979  -33.643 0.5000000000
17602  8.565  -58.970  -28.116 0.6000000238
14401  10.504  -61.770  -30.025 0.5000000000
12464  10.175  -64.051  -30.734 0.6000000238
11543  10.539  -64.841  -31.187 0.6000000238
10599  9.974  -65.260  -31.561 0.5000000000
149454  10.876  -65.343  -31.870 0.6000000238
10609  10.704  -65.672  -32.588 0.5000000000
10621  10.815  -65.209  -33.144 0.6000000238
10635  10.166  -65.464  -33.627 0.6000000238
17541  12.054  -59.054  -24.979 0.4000000060
17560  8.833  -58.266  -26.094 0.6999999881
18737  7.592  -57.656  -25.595 0.5000000000
18752  7.561  -57.874  -26.443 0.5000000000
16435  12.532  -59.435  -25.724 0.6000000238
16436  11.852  -59.234  -25.856 0.5000000000
18751  8.114  -58.051  -26.250 0.6000000238
17576  7.846  -58.154  -27.033 0.5000000000
138264  12.935  -59.855  -26.277 0.5000000000
145643  9.239  -58.652  -26.753 0.6000000238
17575  8.526  -58.383  -26.889 0.8000000119
17591  8.877  -58.806  -27.446 0.8000000119
17603  7.912  -58.722  -28.318 0.6999999881
157377  11.286  -64.914  -31.396 0.6000000238
10620  11.281  -65.168  -32.490 0.6000000238
19917  6.999  -57.337  -25.541 0.5000000000
17542  11.450  -58.704  -24.318 0.5000000000
18722  8.668  -57.742  -24.532 0.6999999881
18738  7.071  -57.548  -26.250 0.5000000000
16434  13.352  -59.683  -25.549 0.4000000060
16420  12.885  -59.253  -24.922 0.4000000060
16449  13.858  -60.148  -26.228 0.4000000060
156424  13.856  -60.502  -26.883 0.5000000000
15418  14.004  -61.000  -28.016 0.4000000060
19902  7.143  -57.127  -24.735 0.5000000000
19903  6.429  -56.696  -24.663 0.5000000000
17521  12.031  -58.539  -23.976 0.3000000119
148941  11.517  -58.266  -23.826 0.3000000119
18723  7.967  -57.460  -24.686 0.6000000238
15390  14.584  -60.521  -26.746 0.4000000060
15405  14.319  -60.776  -27.358 0.4000000060
14386  14.276  -61.539  -29.284 0.4000000060
19882  7.731  -56.845  -24.000 0.6000000238
18706  8.389  -57.270  -24.132 0.6000000238
14377  14.582  -61.213  -28.676 0.4000000060
21070  7.238  -56.147  -23.899 0.5000000000
19883  6.836  -56.509  -24.115 0.5000000000
19875  13.392  -57.365  -24.037 0.3000000119
18701  12.087  -57.927  -23.776 0.3000000119
19877  11.650  -57.134  -23.746 0.3000000119
21090  11.142  -56.396  -23.989 0.4000000060
15429  15.547  -60.457  -29.176 0.3000000119
14396  14.808  -61.380  -29.875 0.4000000060
15441  15.147  -60.696  -30.323 0.4000000060
143931  11.760  -56.301  -24.301 0.4000000060
21071  6.590  -55.949  -23.982 0.4000000060
154665  11.335  -55.793  -24.375 0.4000000060
19899  13.794  -56.773  -24.424 0.3000000119
154698  13.459  -56.215  -24.713 0.3000000119
22187  7.540  -55.691  -23.850 0.5000000000
21091  10.836  -55.704  -24.353 0.4000000060
23265  9.498  -54.382  -25.780 0.5000000000
22218  10.340  -54.821  -25.289 0.4000000060
23264  10.134  -54.490  -25.704 0.4000000060
25411  11.924  -52.406  -26.949 0.3000000119
24321  11.660  -53.136  -26.655 0.3000000119
25412  11.080  -52.804  -26.900 0.3000000119
26523  11.066  -52.147  -27.187 0.3000000119
8950  27.373  -66.817  -36.961 0.3000000119
8996  32.662  -67.574  -43.751 0.4000000060
23263  10.670  -54.272  -25.933 0.3000000119
11562  11.452  -64.594  -32.844 0.6000000238
133514  7.375  -49.475  -21.974 0.4000000060
15391  13.210  -60.259  -26.770 0.5000000000
154514  10.611  -53.897  -26.300 0.3000000119
154385  29.818  -65.394  -43.736 0.3000000119
10779  31.105  -65.637  -45.062 0.4000000060
155140  12.642  -65.376  -37.176 0.5000000000
404  19.527  -80.268  -37.870 0.4000000060
139882  18.985  -78.645  -38.312 0.5000000000
2239  19.279  -75.398  -34.611 0.5000000000
1401  22.662  -77.370  -38.860 0.5000000000
6683  25.140  -70.165  -44.581 0.4000000060
405  18.887  -80.504  -37.860 0.4000000060
1812  23.830  -76.503  -37.732 0.4000000060
2281  23.637  -76.026  -38.573 0.4000000060
7422  26.452  -69.553  -42.974 0.4000000060
5901  24.332  -70.365  -44.100 0.4000000060
5207  24.448  -71.223  -44.397 0.4000000060
965  16.994  -78.775  -35.322 0.3000000119
2247  23.500  -76.301  -35.534 0.3000000119
2811  25.378  -75.507  -36.607 0.3000000119
2834  24.493  -74.955  -37.882 0.4000000060
6657  27.085  -69.643  -42.484 0.3000000119
6645  27.654  -69.678  -42.003 0.4000000060
3929  25.376  -73.580  -37.590 0.4000000060
4534  23.346  -72.606  -38.191 0.4000000060
156800  23.445  -68.606  -40.148 0.5000000000
13541  16.354  -61.869  -45.692 0.5000000000
6655  27.965  -69.125  -42.996 0.4000000060
145143  27.344  -73.598  -36.200 0.3000000119
138606  24.064  -72.012  -37.323 0.4000000060
5157  23.388  -71.996  -37.746 0.4000000060
141631  23.528  -71.280  -37.501 0.5000000000
7330  23.184  -69.168  -38.001 0.5000000000
8153  28.207  -68.775  -38.551 0.3000000119
152040  30.493  -69.888  -40.013 0.3000000119
154660  29.141  -69.538  -41.005 0.3000000119
7388  29.843  -69.550  -40.832 0.3000000119
13539  18.251  -62.421  -45.562 0.6000000238
6561  24.744  -69.182  -36.154 0.3000000119
5831  24.229  -70.294  -36.810 0.4000000060
8957  26.196  -67.077  -37.795 0.3000000119
14558  15.873  -61.332  -44.458 0.5000000000
8190  30.952  -68.084  -42.279 0.4000000060
8928  25.389  -67.185  -35.665 0.3000000119
8951  25.927  -66.763  -37.162 0.3000000119
9867  32.886  -66.105  -45.319 0.4000000060
9006  32.201  -67.176  -44.254 0.4000000060
9843  30.305  -65.986  -43.378 0.4000000060
10822  33.792  -64.465  -46.241 0.3000000119
153052  30.044  -64.844  -38.354 0.3000000119
11634  13.540  -64.333  -39.052 0.6000000238
148864  32.795  -66.584  -44.857 0.3000000119
141290  30.408  -65.588  -37.965 0.3000000119
151671  30.470  -66.198  -37.379 0.3000000119
12547  30.849  -63.462  -41.370 0.3000000119
10682  10.545  -65.793  -37.050 0.5000000000
10674  10.110  -65.087  -36.942 0.6000000238
17601  9.148  -59.163  -27.925 0.6999999881
17592  8.197  -58.539  -27.618 0.6999999881
18736  8.352  -57.937  -25.371 0.6000000238
18700  12.998  -57.977  -23.835 0.3000000119
19876  12.548  -57.319  -23.894 0.3000000119
13523  17.483  -61.997  -43.567 0.5000000000
14544  16.594  -61.137  -43.334 0.5000000000
13578  27.740  -62.344  -50.158 0.6000000238
11597  13.078  -64.452  -35.917 0.4000000060
12513  12.690  -63.693  -35.933 0.5000000000
134404  8.628  -63.478  -36.712 0.5000000000
13466  9.962  -62.172  -37.231 0.5000000000
155775  9.549  -62.806  -36.964 0.5000000000
12517  7.942  -63.092  -35.745 0.5000000000
133170  8.804  -63.086  -36.684 0.5000000000
15523  10.071  -60.829  -37.915 0.5000000000
13467  9.099  -61.656  -37.362 0.5000000000
159910  9.138  -62.341  -37.049 0.5000000000
139094  8.066  -62.844  -35.566 0.5000000000
12506  7.853  -63.178  -34.928 0.5000000000
14467  8.499  -61.874  -36.837 0.6000000238
13455  8.538  -62.599  -36.419 0.5000000000
153541  9.689  -64.981  -33.890 0.5000000000
149518  8.133  -61.947  -36.073 0.6000000238
11573  8.454  -64.041  -34.228 0.5000000000
10637  9.027  -64.870  -34.153 0.5000000000
151314  8.104  -62.454  -35.574 0.6000000238
12498  8.182  -63.304  -34.454 0.6000000238
11582  7.801  -63.840  -34.755 0.5000000000
14468  8.022  -61.202  -36.596 0.6000000238
148209  8.086  -61.987  -35.310 0.6000000238
13444  8.070  -62.676  -34.850 0.6000000238
12492  8.688  -63.443  -33.946 0.6000000238
144084  8.234  -62.105  -34.602 0.6000000238
11572  9.211  -64.226  -33.885 0.5000000000
11571  10.163  -64.553  -33.658 0.5000000000
13432  8.385  -62.751  -34.190 0.6000000238
16485  7.624  -58.913  -28.983 0.5000000000
11570  10.909  -64.466  -33.353 0.6000000238
13420  8.683  -62.161  -33.890 0.6000000238
12490  10.378  -63.717  -33.460 0.6000000238
12491  9.467  -63.577  -33.650 0.6000000238
157757  9.150  -62.470  -33.646 0.6000000238
138174  10.962  -55.227  -24.869 0.3000000119
10848  30.311  -64.718  -49.093 0.4000000060
11747  29.246  -64.018  -49.821 0.5000000000
10791  20.444  -65.082  -44.685 0.5000000000
12624  28.855  -63.305  -50.240 0.4000000060
138408  20.130  -65.022  -43.881 0.4000000060
13579  27.311  -61.778  -49.938 0.4000000060
14556  17.028  -61.708  -43.965 0.4000000060
12581  18.318  -63.018  -43.875 0.4000000060
13522  17.860  -62.478  -43.775 0.4000000060
12580  18.739  -63.606  -43.919 0.4000000060
135280  19.573  -64.592  -43.868 0.4000000060
16699  28.443  -59.841  -48.577 0.4000000060
15630  26.023  -60.762  -48.696 0.4000000060
14592  25.506  -60.987  -47.870 0.4000000060
14545  15.762  -60.791  -43.610 0.4000000060
15628  27.569  -60.507  -49.247 0.4000000060
14595  25.878  -61.145  -48.505 0.4000000060
15623  24.499  -60.309  -46.950 0.4000000060
15624  23.981  -59.876  -46.357 0.5000000000
14443  8.343  -61.472  -34.324 0.5000000000
15501  8.024  -60.690  -34.737 0.5000000000
15487  8.699  -60.870  -34.117 0.5000000000
15500  8.823  -60.184  -34.262 0.5000000000
148999  9.423  -62.072  -33.564 0.5000000000
15486  9.598  -60.550  -33.903 0.5000000000
18768  7.476  -58.204  -27.854 0.4000000060
132922  7.199  -57.835  -27.051 0.4000000060
14442  9.034  -61.421  -33.792 0.5000000000
13419  9.726  -62.828  -33.468 0.5000000000
136731  26.562  -61.819  -47.296 0.5000000000
15632  27.674  -61.272  -49.993 0.4000000060
154405  25.502  -60.573  -48.079 0.4000000060
2249  19.645  -75.127  -35.292 0.4000000060
2800  19.867  -74.386  -35.556 0.4000000060
5171  18.747  -70.870  -39.173 0.4000000060
1806  19.372  -76.665  -36.158 0.4000000060
2248  19.886  -75.038  -35.975 0.4000000060
5848  19.691  -70.667  -38.660 0.4000000060
2812  20.115  -74.415  -36.352 0.4000000060
4546  21.063  -71.990  -39.889 0.4000000060
5162  20.670  -71.392  -38.652 0.4000000060
5163  20.136  -71.084  -38.256 0.4000000060
1814  19.814  -76.866  -37.690 0.5000000000
1805  19.789  -76.249  -36.788 0.5000000000
2259  20.005  -75.381  -36.613 0.4000000060
149337  20.465  -71.714  -37.792 0.4000000060
1404  19.111  -78.886  -38.989 0.5000000000
1403  19.519  -78.347  -39.535 0.5000000000
1821  19.879  -77.229  -38.754 0.5000000000
135088  20.382  -75.365  -37.922 0.4000000060
3382  20.386  -73.970  -37.038 0.4000000060
143636  19.888  -77.601  -39.873 0.4000000060
2283  20.175  -76.260  -38.190 0.4000000060
136094  20.630  -76.261  -40.975 0.4000000060
3397  20.872  -74.552  -39.588 0.4000000060
144519  20.935  -73.912  -38.986 0.4000000060
3936  20.873  -73.310  -38.353 0.4000000060
4535  20.661  -72.663  -37.704 0.4000000060
135027  21.007  -73.643  -39.744 0.4000000060
136116  20.898  -72.360  -38.541 0.4000000060
140468  20.106  -77.255  -40.437 0.5000000000
2297  20.309  -76.492  -39.596 0.4000000060
2836  20.655  -74.972  -38.481 0.4000000060
3390  20.543  -74.490  -37.753 0.4000000060
2307  20.207  -77.511  -41.237 0.5000000000
2306  20.466  -76.382  -40.305 0.4000000060
2844  20.659  -75.442  -39.390 0.4000000060
3389  20.791  -74.148  -38.343 0.4000000060
1850  21.243  -77.552  -42.721 0.3000000119
1855  21.534  -77.390  -43.116 0.3000000119
137665  22.762  -76.832  -41.952 0.4000000060
1435  20.895  -77.760  -42.192 0.3000000119
2312  23.205  -75.777  -40.775 0.4000000060
1842  22.335  -77.300  -41.350 0.4000000060
2323  23.468  -75.722  -43.261 0.3000000119
157055  23.246  -76.084  -42.870 0.4000000060
160122  22.817  -76.756  -42.475 0.4000000060
2319  23.278  -75.871  -41.589 0.4000000060
2857  23.776  -75.052  -42.085 0.4000000060
2853  23.598  -75.127  -41.380 0.4000000060
154224  23.522  -74.596  -40.621 0.4000000060
141939  23.411  -74.151  -39.947 0.3000000119
2314  20.556  -77.027  -41.801 0.3000000119
2304  23.217  -75.665  -39.980 0.3000000119
1833  22.582  -77.022  -40.579 0.4000000060
3417  24.082  -74.569  -42.628 0.4000000060
2849  23.401  -75.149  -40.714 0.3000000119
3946  23.855  -73.949  -40.956 0.4000000060
4545  23.637  -72.560  -40.167 0.4000000060
150063  23.640  -73.386  -40.329 0.4000000060
1430  20.479  -78.224  -41.497 0.4000000060
1429  21.420  -77.935  -41.611 0.4000000060
2867  23.697  -75.219  -43.735 0.4000000060
138653  23.404  -74.008  -38.818 0.3000000119
4557  24.483  -73.023  -41.964 0.4000000060
3412  24.435  -73.983  -42.728 0.4000000060
134169  24.228  -72.371  -41.635 0.4000000060
5179  23.946  -71.805  -41.023 0.4000000060
3951  24.359  -73.655  -41.627 0.4000000060
1431  20.169  -78.197  -41.377 0.4000000060
149388  21.167  -78.248  -41.113 0.4000000060
2295  23.258  -76.002  -39.299 0.3000000119
1408  22.455  -77.315  -39.873 0.4000000060
2843  23.463  -75.490  -39.132 0.3000000119
4563  24.302  -72.329  -42.313 0.4000000060
5195  24.407  -72.269  -43.255 0.4000000060
5183  23.936  -71.582  -41.856 0.4000000060
5869  23.295  -70.754  -40.197 0.4000000060
150285  23.967  -72.381  -40.793 0.4000000060
1008  19.838  -79.094  -40.395 0.4000000060
1825  23.056  -76.756  -39.045 0.3000000119
153545  20.756  -79.255  -39.299 0.4000000060
1410  19.699  -78.849  -40.440 0.4000000060
1001  21.364  -78.636  -39.373 0.4000000060
1419  20.543  -78.691  -40.812 0.4000000060
1418  21.608  -78.153  -40.414 0.4000000060
16682  22.777  -59.459  -44.962 0.4000000060
4551  24.268  -72.735  -41.321 0.4000000060
399  17.850  -80.834  -37.185 0.3000000119
406  18.354  -80.393  -37.769 0.4000000060
410  18.990  -80.296  -38.401 0.4000000060
646  20.558  -79.434  -36.723 0.3000000119
648  17.860  -80.306  -37.642 0.3000000119
653  18.668  -80.277  -38.300 0.4000000060
657  19.486  -80.123  -38.676 0.4000000060
663  19.480  -79.693  -39.368 0.5000000000
988  21.058  -79.005  -37.137 0.3000000119
989  18.523  -79.295  -38.157 0.4000000060
994  21.426  -78.694  -38.451 0.4000000060
996  18.836  -79.702  -38.855 0.4000000060
1002  20.159  -79.528  -39.949 0.4000000060
1004  19.387  -79.596  -39.413 0.5000000000
1006  21.224  -78.576  -40.098 0.4000000060
1007  20.549  -79.100  -40.108 0.4000000060
1374  17.665  -78.360  -35.541 0.4000000060
1382  19.085  -77.524  -36.747 0.5000000000
1392  19.447  -77.927  -38.501 0.5000000000
1393  19.288  -77.683  -37.577 0.5000000000
1409  21.941  -77.981  -39.533 0.4000000060
1411  19.521  -79.237  -39.982 0.5000000000
1417  21.979  -77.693  -40.833 0.4000000060
1420  20.063  -78.488  -40.909 0.4000000060
1785  18.906  -76.308  -34.644 0.5000000000
1793  23.057  -76.840  -35.826 0.3000000119
1796  18.665  -77.145  -35.152 0.5000000000
1802  23.930  -76.577  -36.813 0.4000000060
1820  23.245  -76.892  -38.227 0.4000000060
1834  19.891  -78.190  -40.927 0.4000000060
1843  21.822  -77.614  -42.174 0.4000000060
1844  20.541  -77.885  -41.939 0.3000000119
1849  22.180  -77.256  -42.730 0.3000000119
1851  20.930  -77.615  -42.450 0.3000000119
1856  21.191  -77.473  -42.814 0.3000000119
1861  21.402  -77.286  -43.185 0.3000000119
2257  24.508  -76.162  -36.348 0.3000000119
2258  23.889  -76.514  -36.049 0.3000000119
2260  19.696  -75.760  -36.031 0.4000000060
2271  24.409  -76.128  -37.147 0.4000000060
2272  20.106  -75.834  -37.375 0.4000000060
2296  23.286  -76.326  -39.032 0.4000000060
2305  23.025  -76.420  -39.934 0.3000000119
2313  22.929  -76.531  -41.009 0.4000000060
2320  23.249  -76.096  -42.353 0.4000000060
2324  22.812  -76.686  -42.839 0.4000000060
2330  22.847  -76.468  -43.315 0.4000000060
2797  25.447  -75.390  -35.924 0.3000000119
2801  19.644  -74.359  -34.968 0.5000000000
2824  20.265  -74.909  -37.170 0.4000000060
2835  24.102  -75.583  -38.197 0.4000000060
2850  20.751  -75.369  -40.229 0.4000000060
2862  23.951  -74.903  -43.115 0.4000000060
3341  19.305  -73.917  -34.429 0.5000000000
3352  26.017  -74.108  -35.626 0.3000000119
3354  25.047  -74.921  -35.333 0.3000000119
3355  24.187  -74.931  -35.017 0.3000000119
3368  25.770  -74.939  -36.525 0.3000000119
3380  24.649  -74.110  -37.712 0.4000000060
3381  20.662  -73.592  -37.667 0.4000000060
3396  23.319  -75.007  -39.986 0.3000000119
3401  23.791  -74.589  -41.203 0.4000000060
3407  24.013  -74.437  -41.708 0.4000000060
3413  24.274  -74.174  -42.195 0.4000000060
3909  26.910  -74.010  -36.573 0.3000000119
3922  26.818  -73.898  -37.360 0.3000000119
3935  23.752  -73.444  -38.057 0.4000000060
3941  23.272  -73.147  -38.679 0.3000000119
3942  20.986  -73.191  -39.014 0.4000000060
3955  24.565  -73.605  -42.350 0.4000000060
4525  26.121  -73.089  -37.702 0.4000000060
4541  21.022  -72.680  -39.455 0.4000000060
4562  24.595  -73.070  -42.678 0.4000000060
5161  23.140  -71.343  -38.174 0.5000000000
5164  19.539  -71.053  -37.934 0.4000000060
5168  23.165  -71.488  -39.135 0.5000000000
5170  20.295  -70.737  -39.120 0.4000000060
5174  23.753  -71.887  -40.382 0.4000000060
5212  25.849  -71.625  -46.086 0.3000000119
5837  24.214  -71.190  -37.061 0.4000000060
5857  23.042  -70.703  -38.679 0.5000000000
5859  19.831  -70.394  -39.307 0.4000000060
5860  19.294  -70.577  -39.193 0.4000000060
5878  23.515  -70.849  -40.794 0.4000000060
5886  23.648  -70.873  -41.446 0.4000000060
5912  24.799  -70.706  -44.678 0.4000000060
5932  27.298  -70.469  -46.552 0.3000000119
5933  26.518  -71.073  -46.360 0.3000000119
5958  27.586  -69.989  -47.544 0.3000000119
6572  24.807  -69.998  -36.426 0.3000000119
6573  24.212  -69.418  -36.585 0.3000000119
6582  23.754  -69.683  -37.082 0.5000000000
6614  31.015  -69.811  -40.233 0.3000000119
6616  29.766  -69.855  -40.167 0.3000000119
6618  27.980  -69.717  -40.639 0.3000000119
6619  23.121  -69.942  -39.866 0.4000000060
6632  28.551  -69.699  -40.995 0.3000000119
6635  23.604  -68.736  -40.808 0.5000000000
6656  27.695  -69.541  -42.726 0.4000000060
6660  24.129  -69.183  -42.681 0.4000000060
6670  24.954  -69.703  -43.847 0.4000000060
6680  27.738  -69.461  -44.280 0.3000000119
6689  27.183  -70.111  -45.322 0.3000000119
6690  26.318  -70.522  -45.460 0.3000000119
6697  27.892  -69.646  -46.588 0.3000000119
7323  23.753  -68.856  -36.978 0.4000000060
7329  23.416  -68.454  -37.656 0.5000000000
7340  29.745  -69.016  -38.292 0.3000000119
7341  29.006  -69.085  -38.529 0.3000000119
7342  23.502  -68.047  -38.278 0.5000000000
7356  27.752  -69.083  -39.254 0.4000000060
7358  23.078  -69.184  -38.739 0.5000000000
7371  23.523  -68.182  -39.664 0.4000000060
7389  26.897  -69.337  -40.929 0.3000000119
7393  23.801  -68.214  -40.338 0.5000000000
7406  31.924  -69.013  -41.522 0.3000000119
7409  29.402  -69.120  -41.342 0.3000000119
7410  28.675  -69.347  -41.600 0.3000000119
7412  25.356  -68.832  -41.880 0.4000000060
7413  24.442  -68.603  -41.681 0.4000000060
7414  23.977  -68.745  -41.558 0.5000000000
7432  27.939  -69.058  -44.899 0.3000000119
7440  27.582  -68.487  -45.940 0.3000000119
7446  27.998  -68.981  -46.349 0.4000000060
7456  27.799  -68.904  -47.512 0.4000000060
7458  26.283  -68.369  -47.832 0.3000000119
8111  24.431  -67.820  -36.393 0.3000000119
8126  29.568  -68.042  -37.402 0.3000000119
8127  28.594  -67.802  -37.389 0.3000000119
8141  26.872  -67.605  -38.079 0.3000000119
8144  23.485  -68.061  -38.907 0.4000000060
8157  24.187  -67.577  -39.260 0.5000000000
8165  25.282  -67.746  -39.740 0.5000000000
8170  24.704  -67.914  -40.345 0.5000000000
8181  29.672  -68.345  -41.626 0.3000000119
8192  28.003  -67.429  -42.960 0.4000000060
8198  32.585  -68.001  -43.147 0.4000000060
8205  27.836  -68.373  -44.489 0.3000000119
8217  26.712  -67.982  -45.311 0.3000000119
8218  25.472  -67.658  -45.573 0.3000000119
8238  25.515  -68.186  -47.063 0.3000000119
8927  25.921  -66.812  -35.465 0.3000000119
8938  27.967  -66.546  -36.547 0.3000000119
8952  25.105  -66.947  -37.188 0.4000000060
8958  25.497  -67.011  -37.834 0.3000000119
8964  25.196  -67.209  -38.520 0.3000000119
8980  29.190  -67.476  -41.997 0.4000000060
8986  29.446  -66.847  -42.232 0.5000000000
8995  33.137  -67.591  -43.405 0.3000000119
8997  27.298  -67.117  -43.601 0.4000000060
9007  26.585  -66.997  -44.161 0.4000000060
9019  25.298  -67.078  -45.372 0.3000000119
9704  10.187  -65.935  -32.729 0.5000000000
9722  10.306  -65.808  -33.152 0.5000000000
9780  11.574  -65.803  -37.287 0.6000000238
9782  10.102  -66.118  -37.586 0.5000000000
9789  10.379  -66.186  -37.968 0.6000000238
9797  10.695  -65.889  -38.397 0.6000000238
9828  29.887  -66.334  -42.686 0.3000000119
9829  28.990  -66.115  -42.628 0.3000000119
9842  31.256  -66.630  -43.847 0.4000000060
9845  27.801  -65.647  -43.491 0.5000000000
9848  21.412  -65.549  -43.907 0.6999999881
9857  32.397  -66.776  -44.871 0.4000000060
9860  26.343  -65.919  -45.049 0.3000000119
9862  25.414  -66.071  -45.572 0.4000000060
9868  32.444  -66.255  -45.377 0.4000000060
9869  31.901  -66.132  -45.285 0.4000000060
9884  23.216  -65.928  -46.667 0.4000000060
10608  11.605  -64.918  -31.912 0.6999999881
10670  13.232  -64.918  -36.293 0.5000000000
10679  12.816  -65.278  -36.693 0.5000000000
10681  11.392  -65.699  -36.745 0.6000000238
10688  13.815  -64.972  -37.443 0.5000000000
10690  12.420  -65.287  -37.711 0.5000000000
10699  15.650  -65.021  -39.397 0.6000000238
10709  16.931  -64.511  -39.771 0.6000000238
10711  15.344  -65.168  -40.118 0.6999999881
10713  13.578  -64.645  -39.937 0.6000000238
10723  30.925  -65.340  -40.987 0.3000000119
10736  22.309  -64.980  -42.260 0.6999999881
10737  21.695  -64.746  -41.945 0.6000000238
10751  24.063  -64.591  -42.951 0.6999999881
10753  22.610  -65.271  -42.900 0.6999999881
10756  20.473  -64.894  -42.562 0.6000000238
10765  28.154  -65.228  -44.108 0.4000000060
10769  22.592  -65.481  -43.772 0.6999999881
10772  20.567  -65.177  -43.192 0.6000000238
10780  30.321  -65.146  -44.869 0.4000000060
10783  26.832  -65.453  -45.336 0.3000000119
10785  25.514  -65.026  -45.650 0.4000000060
10809  23.249  -65.713  -45.878 0.4000000060
10811  21.525  -65.350  -45.739 0.6000000238
10830  21.910  -65.047  -46.733 0.4000000060
10832  20.532  -64.251  -46.226 0.5000000000
10839  31.822  -65.137  -47.462 0.5000000000
11541  12.601  -64.037  -31.553 0.6999999881
11609  15.576  -64.245  -37.165 0.6000000238
11610  14.855  -64.567  -37.035 0.5000000000
11618  16.644  -64.408  -38.101 0.6000000238
11622  13.579  -64.693  -38.324 0.6000000238
11627  29.656  -64.535  -38.662 0.3000000119
11628  29.403  -64.123  -39.120 0.3000000119
11629  17.614  -63.827  -38.820 0.6000000238
11630  17.055  -64.492  -38.978 0.6000000238
11642  29.873  -64.320  -40.467 0.3000000119
11654  16.899  -64.077  -40.257 0.6000000238
11667  23.186  -64.211  -42.150 0.8000000119
11669  21.967  -64.073  -41.736 0.8000000119
11671  20.558  -63.973  -41.641 0.6000000238
11672  19.829  -63.814  -41.892 0.6000000238
11685  22.940  -64.813  -42.337 0.6999999881
11687  19.468  -64.127  -42.611 0.6000000238
11688  14.576  -63.823  -42.791 0.5000000000
11710  25.527  -64.483  -44.742 0.5000000000
11711  19.788  -64.574  -44.602 0.6000000238
11716  27.302  -64.661  -46.365 0.6000000238
11718  26.255  -65.014  -45.868 0.4000000060
11719  20.153  -64.464  -45.404 0.5000000000
11725  28.795  -64.594  -47.734 0.5000000000
11733  33.221  -63.603  -48.185 0.4000000060
11735  32.192  -64.774  -48.210 0.4000000060
11736  29.635  -64.641  -49.065 0.4000000060
11748  28.520  -63.545  -49.522 0.6000000238
12461  12.980  -63.542  -31.192 0.8000000119
12473  12.660  -63.876  -32.046 0.6999999881
12482  11.891  -63.912  -32.844 0.8000000119
12511  14.302  -63.859  -36.202 0.6000000238
12528  17.714  -63.398  -38.050 0.6000000238
12529  17.883  -63.196  -38.648 0.6000000238
12539  16.028  -63.589  -41.391 0.6000000238
12549  21.716  -63.366  -41.636 0.6999999881
12550  20.968  -63.352  -41.484 0.6999999881
12565  24.412  -63.530  -42.561 0.8000000119
12567  22.903  -63.074  -42.121 0.8000000119
12568  18.799  -63.518  -43.061 0.4000000060
12592  26.802  -63.388  -44.708 0.6999999881
12593  19.165  -63.933  -44.455 0.4000000060
12594  18.569  -63.076  -44.800 0.4000000060
12601  27.125  -64.043  -45.726 0.6000000238
12602  18.791  -62.715  -45.819 0.5000000000
12607  28.353  -63.598  -47.390 0.6000000238
13381  11.924  -62.541  -30.152 0.8000000119
13404  13.967  -62.437  -31.703 0.6000000238
13411  13.726  -62.143  -32.443 0.6000000238
13449  17.367  -61.931  -36.669 0.6000000238
13459  17.091  -62.687  -36.879 0.6000000238
13460  16.299  -62.913  -36.780 0.5000000000
13463  12.930  -62.117  -36.775 0.6999999881
13469  17.952  -62.756  -37.557 0.6000000238
13471  18.041  -62.538  -38.546 0.6000000238
13472  17.756  -62.777  -39.087 0.6999999881
13479  29.915  -62.889  -40.369 0.3000000119
13481  19.545  -61.752  -41.232 0.6000000238
13482  16.260  -62.544  -40.589 0.6999999881
13483  15.082  -62.154  -41.179 0.6000000238
13490  21.648  -62.583  -41.698 0.6999999881
13492  19.173  -62.399  -41.674 0.6000000238
13494  15.466  -62.926  -41.578 0.6000000238
13505  25.777  -63.017  -43.392 0.6999999881
13507  23.354  -62.729  -42.519 0.8000000119
13509  22.131  -62.207  -42.135 0.8000000119
13510  18.854  -62.972  -42.322 0.6000000238
13511  17.930  -62.197  -42.995 0.5000000000
13521  23.114  -62.078  -43.003 0.8000000119
13530  25.413  -62.428  -43.596 0.6999999881
13532  17.475  -62.120  -44.408 0.4000000060
13537  27.317  -62.401  -45.530 0.6999999881
13540  17.188  -61.930  -45.749 0.5000000000
13551  28.029  -62.740  -47.242 0.6999999881
13552  19.107  -62.519  -46.582 0.5000000000
13565  27.493  -62.461  -48.504 0.6999999881
13574  27.132  -62.068  -49.574 0.4000000060
14385  14.890  -61.197  -29.266 0.4000000060
14404  8.155  -61.094  -30.607 0.5000000000
14412  7.711  -61.428  -30.964 0.6000000238
14422  14.689  -60.981  -31.655 0.5000000000
14429  13.876  -61.404  -32.533 0.6000000238
14431  12.581  -61.585  -33.128 0.5000000000
14463  18.077  -60.934  -36.668 0.5000000000
14464  17.575  -61.158  -36.481 0.6000000238
14471  18.215  -61.354  -37.056 0.5000000000
14479  10.545  -61.525  -37.441 0.5000000000
14485  18.317  -61.626  -37.671 0.6000000238
14520  21.041  -62.087  -41.463 0.8000000119
14523  18.182  -60.953  -41.705 0.6999999881
14524  14.210  -61.346  -41.209 0.6999999881
14531  21.929  -61.519  -42.367 0.8000000119
14539  24.830  -61.965  -43.927 0.8000000119
14543  17.187  -61.507  -43.130 0.6000000238
14553  25.486  -61.909  -44.375 0.6999999881
14554  23.720  -61.141  -44.572 0.6999999881
14557  16.491  -61.456  -44.228 0.4000000060
14570  25.538  -61.440  -46.108 0.6000000238
14582  27.058  -61.990  -46.302 0.6999999881
14591  25.866  -61.419  -47.776 0.6000000238
14594  26.587  -61.396  -49.271 0.4000000060
14596  27.947  -61.948  -50.395 0.4000000060
15406  13.376  -60.628  -27.394 0.5000000000
15417  15.280  -60.864  -28.886 0.3000000119
15430  15.246  -60.844  -29.562 0.4000000060
15440  15.437  -60.408  -29.743 0.4000000060
15460  14.645  -60.225  -31.601 0.5000000000
15467  13.990  -60.872  -32.475 0.6000000238
15484  11.504  -60.829  -33.471 0.5000000000
15517  18.314  -60.625  -37.092 0.5000000000
15519  14.237  -60.307  -37.352 0.6999999881
15524  9.021  -60.808  -37.851 0.6000000238
15538  8.493  -59.900  -38.038 0.6999999881
15552  18.236  -60.988  -38.254 0.6999999881
15553  17.742  -60.505  -38.861 0.8000000119
15576  13.222  -59.654  -41.174 0.6999999881
15580  20.231  -60.453  -41.365 0.8000000119
15584  17.018  -60.147  -42.096 0.6000000238
15586  12.581  -59.779  -41.757 0.6999999881
15587  12.135  -59.972  -42.398 0.6999999881
15591  21.205  -60.098  -42.414 0.6000000238
15595  11.905  -60.438  -42.989 0.5000000000
15600  22.518  -60.590  -43.837 0.6000000238
15604  11.976  -60.743  -43.662 0.5000000000
15611  22.649  -60.031  -44.452 0.6000000238
15622  25.095  -60.648  -47.413 0.4000000060
15629  26.675  -60.730  -49.151 0.4000000060
15633  27.052  -61.193  -49.727 0.4000000060
16450  12.634  -60.014  -26.769 0.6999999881
16468  12.773  -60.294  -27.128 0.5000000000
16469  12.234  -60.053  -27.144 0.6999999881
16492  8.607  -59.715  -29.215 0.6000000238
16564  18.036  -59.704  -36.650 0.6999999881
16566  16.423  -59.977  -36.503 0.5000000000
16577  18.316  -59.859  -37.136 0.6000000238
16581  14.013  -59.540  -37.334 0.6000000238
16584  11.701  -60.020  -38.241 0.6000000238
16586  7.606  -59.142  -37.368 0.5000000000
16599  18.350  -59.308  -37.941 0.8000000119
16600  11.763  -59.252  -38.274 0.6000000238
16602  10.261  -59.391  -38.621 0.6000000238
16604  8.054  -59.184  -37.981 0.6999999881
16617  18.118  -59.886  -38.527 0.8000000119
16639  14.248  -58.892  -40.438 0.8999999762
16650  20.650  -59.870  -41.919 0.5000000000
16654  17.166  -59.622  -42.036 0.8000000119
16669  12.644  -59.427  -42.624 0.8000000119
16670  12.429  -59.548  -42.358 0.6999999881
16677  21.352  -59.115  -43.377 0.5000000000
16686  23.339  -59.484  -45.619 0.4000000060
16696  24.909  -60.211  -47.440 0.4000000060
16702  25.748  -60.254  -48.375 0.4000000060
17543  10.115  -58.084  -24.088 0.6999999881
17589  10.304  -59.111  -26.965 0.8000000119
17604  7.389  -58.482  -28.569 0.5000000000
17748  18.423  -58.539  -37.847 0.6999999881
17749  10.813  -58.881  -38.495 0.6000000238
17752  8.351  -58.676  -38.343 0.6000000238
17770  15.973  -58.115  -39.750 0.6999999881
17800  13.624  -57.847  -41.584 0.8000000119
17815  18.670  -58.376  -42.559 0.5000000000
17818  12.796  -59.019  -42.091 0.8000000119
18873  17.082  -58.758  -36.485 0.5000000000
18889  18.350  -58.066  -37.443 0.6999999881
18891  16.837  -57.990  -36.687 0.5000000000
18893  14.703  -57.464  -37.101 0.6000000238
18894  14.152  -58.127  -37.129 0.5000000000
18898  8.706  -57.887  -38.414 0.5000000000
18906  18.362  -57.853  -38.219 0.6999999881
18909  9.870  -57.862  -38.587 0.6000000238
18918  18.088  -57.591  -38.892 0.6999999881
18938  13.862  -57.281  -41.240 0.6999999881
18945  16.123  -57.380  -42.522 0.6000000238
18946  15.068  -56.903  -41.979 0.6000000238
19881  8.582  -56.860  -23.781 0.6000000238
19900  12.913  -56.650  -24.458 0.3000000119
20110  16.442  -57.296  -36.948 0.5000000000
20111  15.599  -57.318  -37.028 0.6000000238
20113  12.416  -56.442  -37.556 0.6000000238
20125  18.377  -56.659  -38.006 0.6000000238
20126  10.347  -57.237  -38.261 0.5000000000
20127  9.546  -57.483  -38.417 0.6000000238
20153  14.808  -56.161  -40.972 0.6999999881
20161  17.095  -56.155  -42.090 0.6000000238
21267  11.135  -55.232  -36.702 0.5000000000
21268  10.472  -55.609  -36.718 0.5000000000
21279  18.266  -55.980  -37.765 0.5000000000
21282  16.315  -55.879  -37.276 0.5000000000
21284  12.826  -55.324  -37.503 0.6000000238
21285  12.231  -55.590  -37.530 0.6000000238
21314  15.707  -55.388  -40.765 0.6000000238
21329  15.700  -55.382  -41.210 0.6000000238
21345  15.419  -55.690  -41.362 0.6000000238
22188  6.695  -55.532  -23.926 0.4000000060
22204  9.479  -55.065  -25.071 0.6000000238
22217  10.805  -54.688  -25.438 0.4000000060
22343  11.312  -55.103  -36.191 0.5000000000
22368  13.359  -54.758  -37.475 0.6000000238
22406  20.700  -54.493  -42.006 0.5000000000
22415  21.130  -55.075  -42.406 0.6000000238
23375  14.599  -53.268  -35.606 0.5000000000
23377  13.064  -53.833  -36.245 0.5000000000
23378  12.513  -54.242  -36.419 0.5000000000
23387  12.538  -54.229  -36.893 0.5000000000
23402  13.173  -53.896  -37.121 0.6000000238
23442  19.567  -53.394  -41.124 0.6000000238
23455  20.165  -53.942  -41.528 0.5000000000
24450  15.559  -52.148  -35.928 0.5000000000
24463  14.524  -52.410  -36.778 0.5000000000
24464  14.008  -52.876  -36.705 0.5000000000
24475  14.809  -52.476  -37.328 0.5000000000
24535  20.140  -53.083  -40.582 0.5000000000
24537  19.091  -52.985  -40.679 0.5000000000
25400  7.161  -52.306  -25.925 0.5000000000
28530  7.948  -49.272  -22.039 0.5000000000
29573  10.661  -48.888  -23.448 0.3000000119
30586  10.823  -47.507  -23.484 0.3000000119
132545  23.405  -61.345  -44.036 0.6999999881
132942  25.604  -74.062  -37.431 0.3000000119
133037  23.633  -70.689  -42.165 0.5000000000
133048  23.342  -73.273  -39.501 0.4000000060
134114  23.723  -74.894  -38.540 0.3000000119
134657  24.027  -73.083  -40.911 0.4000000060
134710  23.142  -70.737  -39.499 0.5000000000
135593  25.814  -73.277  -34.886 0.3000000119
136742  20.808  -65.376  -43.937 0.6000000238
136941  18.359  -54.051  -41.253 0.6000000238
137301  23.949  -64.132  -42.506 0.6999999881
138061  23.668  -75.377  -42.698 0.3000000119
138175  23.852  -67.652  -38.617 0.4000000060
138354  17.007  -61.087  -39.288 0.6999999881
139253  10.899  -53.418  -26.581 0.3000000119
139940  23.914  -70.432  -43.395 0.4000000060
139991  20.444  -75.833  -38.713 0.4000000060
140118  8.610  -58.333  -38.569 0.5000000000
141129  19.366  -76.021  -35.337 0.4000000060
141205  29.631  -64.891  -45.332 0.4000000060
141254  18.174  -55.265  -38.936 0.5000000000
142051  27.949  -69.428  -46.010 0.3000000119
142886  17.638  -62.191  -46.457 0.5000000000
143766  23.390  -70.139  -41.255 0.5000000000
144019  13.190  -56.321  -37.473 0.6000000238
144320  6.613  -57.056  -25.221 0.5000000000
144360  15.435  -58.623  -39.924 0.8999999762
144547  29.779  -64.939  -46.301 0.4000000060
145173  18.365  -59.028  -42.052 0.6000000238
145527  34.294  -63.980  -45.972 0.3000000119
146070  31.116  -62.466  -40.911 0.3000000119
146364  17.589  -56.584  -37.196 0.6000000238
146544  20.089  -58.319  -42.900 0.5000000000
146976  8.943  -62.856  -33.732 0.6000000238
147102  13.828  -53.286  -37.158 0.5000000000
147925  30.406  -66.847  -38.608 0.3000000119
148136  11.582  -55.335  -37.271 0.5000000000
148407  29.315  -63.673  -39.542 0.3000000119
148685  23.420  -69.181  -37.431 0.4000000060
148970  23.511  -69.952  -41.897 0.5000000000
149009  27.249  -69.601  -43.106 0.3000000119
149183  9.833  -56.008  -36.761 0.5000000000
149425  14.707  -63.283  -36.437 0.6000000238
149589  27.396  -66.548  -43.315 0.5000000000
150131  13.082  -64.106  -38.938 0.6000000238
150446  24.557  -65.675  -45.887 0.5000000000
150782  27.670  -66.167  -43.194 0.5000000000
150894  23.208  -69.185  -40.236 0.5000000000
150935  16.580  -63.374  -40.685 0.6000000238
151069  10.725  -59.122  -26.611 0.8000000119
151507  25.824  -63.520  -43.539 0.6999999881
151585  23.610  -71.413  -40.452 0.4000000060
151706  20.969  -71.891  -39.156 0.4000000060
152100  30.516  -65.736  -40.312 0.3000000119
152441  20.166  -76.631  -38.973 0.4000000060
152742  24.273  -74.305  -43.025 0.4000000060
154025  28.150  -69.648  -41.601 0.4000000060
154130  23.238  -68.543  -39.068 0.5000000000
154561  10.620  -49.606  -23.923 0.3000000119
154729  15.274  -60.909  -44.148 0.5000000000
154815  18.178  -62.342  -37.845 0.6000000238
155081  18.048  -61.723  -42.277 0.6000000238
155468  7.201  -55.133  -24.130 0.5000000000
155551  27.797  -62.848  -45.782 0.6000000238
155790  32.431  -68.537  -42.360 0.4000000060
156416  7.882  -58.075  -38.027 0.5000000000
156544  24.068  -74.157  -41.445 0.4000000060
156574  32.161  -65.313  -46.775 0.5000000000
156716  15.242  -54.307  -37.655 0.6000000238
156818  20.892  -79.258  -38.698 0.4000000060
156845  15.588  -63.826  -36.789 0.5000000000
157022  17.411  -63.663  -37.766 0.6000000238
157407  17.627  -61.768  -42.882 0.6000000238
157516  23.384  -74.746  -39.274 0.3000000119
157638  14.844  -58.777  -40.134 0.8999999762
158063  9.456  -59.736  -28.625 0.6999999881
158223  23.808  -76.261  -38.163 0.4000000060
158539  9.363  -64.830  -37.207 0.6000000238
158616  26.262  -68.769  -40.671 0.4000000060
158711  12.684  -63.613  -39.531 0.6000000238
158801  17.717  -56.826  -42.473 0.5000000000
158947  23.507  -60.602  -45.024 0.6000000238
159018  20.823  -74.596  -38.938 0.4000000060
159116  19.627  -79.189  -40.238 0.4000000060
159955  12.005  -58.813  -24.348 0.4000000060
159990  28.039  -69.037  -46.946 0.4000000060
160133  25.258  -62.820  -43.076 0.8000000119
160180  22.566  -65.555  -44.487 0.6999999881
160242  11.818  -55.986  -37.603 0.5000000000
