#!ascii label  , from subject sub-v2s13x29129_ses-1 vox2ras=TkReg
1600
75930  -40.513  -24.940  22.461 0.0000000000
80511  -58.600  -21.007  17.584 0.0000000000
81707  -47.560  -19.913  19.587 0.0000000000
54988  -11.031  -40.636  38.160 0.0000000000
69090  -41.572  -29.507  27.324 0.0000000000
59672  -28.618  -36.519  38.346 0.0000000000
56147  -39.783  -39.786  37.995 0.0000000000
184986  -47.109  -35.567  34.053 0.0000000000
156491  -46.691  -31.143  33.437 0.0000000000
59798  -20.063  -36.645  32.967 0.0000000000
57276  -23.893  -39.384  38.737 0.0000000000
60955  -26.061  -36.247  32.903 0.0000000000
59782  -36.115  -37.206  33.502 0.0000000000
177281  -41.778  -38.123  34.079 0.0000000000
73707  -44.210  -26.755  27.309 0.0000000000
75913  -45.304  -24.449  24.666 0.0000000000
80495  -53.299  -21.269  18.406 0.0000000000
159081  -42.931  -21.916  21.185 0.0000000000
165378  -57.844  -17.690  16.485 0.0000000000
52873  -8.917  -43.058  40.742 0.0000000000
72565  -43.432  -27.443  30.956 0.0000000000
72634  -39.387  -26.899  25.407 0.0000000000
60956  -30.540  -36.092  32.808 0.0000000000
57325  -33.196  -38.824  37.529 0.0000000000
165557  -47.915  -20.787  23.384 0.0000000000
91571  -62.318  -12.756  12.201 0.0000000000
182187  -45.643  -36.245  31.822 0.0000000000
64464  -46.699  -33.822  30.516 0.0000000000
59771  -23.276  -37.700  33.555 0.0000000000
59814  -40.079  -37.375  32.524 0.0000000000
59816  -42.803  -37.581  32.349 0.0000000000
59787  -44.990  -37.314  33.814 0.0000000000
74835  -42.672  -26.128  24.602 0.0000000000
163513  -45.441  -25.907  26.278 0.0000000000
75919  -43.029  -24.835  23.661 0.0000000000
80498  -55.892  -21.487  18.176 0.0000000000
78111  -56.190  -22.882  20.581 0.0000000000
81767  -60.816  -19.826  16.247 0.0000000000
55026  -9.170  -40.843  36.454 0.0000000000
53848  -9.670  -42.008  39.338 0.0000000000
69058  -43.977  -30.023  28.807 0.0000000000
160314  -44.983  -29.172  32.698 0.0000000000
70205  -42.479  -28.029  30.178 0.0000000000
72596  -41.432  -27.037  28.539 0.0000000000
71510  -39.634  -27.890  26.735 0.0000000000
57301  -26.311  -38.913  38.296 0.0000000000
159880  -25.552  -39.433  41.257 0.0000000000
58417  -27.604  -37.933  41.710 0.0000000000
60864  -30.545  -36.294  40.412 0.0000000000
162441  -29.281  -34.419  30.863 0.0000000000
61010  -31.844  -35.928  31.434 0.0000000000
57380  -37.693  -38.782  35.687 0.0000000000
58542  -34.707  -38.059  35.435 0.0000000000
57329  -36.314  -39.209  37.307 0.0000000000
57283  -35.432  -39.173  39.709 0.0000000000
58558  -14.870  -38.658  34.919 0.0000000000
175098  -16.305  -37.433  36.986 0.0000000000
58474  -15.445  -37.502  38.580 0.0000000000
80465  -45.044  -20.662  20.751 0.0000000000
80431  -45.487  -21.122  21.987 0.0000000000
80450  -46.747  -20.333  21.514 0.0000000000
94881  -63.340  -9.262  10.325 0.0000000000
54939  -11.220  -40.236  41.331 0.0000000000
64377  -48.249  -33.085  36.758 0.0000000000
66694  -48.794  -31.101  36.433 0.0000000000
65546  -48.054  -33.055  33.583 0.0000000000
67986  -46.070  -31.419  29.323 0.0000000000
155936  -19.693  -36.667  34.934 0.0000000000
175384  -21.369  -37.967  37.908 0.0000000000
58509  -22.329  -37.930  36.146 0.0000000000
58536  -24.986  -38.674  35.797 0.0000000000
59726  -27.641  -36.893  35.834 0.0000000000
60981  -34.718  -36.352  31.781 0.0000000000
59838  -37.579  -36.713  32.151 0.0000000000
158961  -38.509  -37.766  34.172 0.0000000000
57358  -40.774  -39.192  36.106 0.0000000000
58523  -43.583  -37.522  35.810 0.0000000000
62035  -45.437  -35.569  36.503 0.0000000000
59827  -17.533  -37.046  31.910 0.0000000000
73672  -46.838  -25.890  30.803 0.0000000000
73646  -51.668  -26.210  32.355 0.0000000000
154639  -47.515  -25.907  29.199 0.0000000000
75886  -47.383  -25.113  27.117 0.0000000000
81710  -50.325  -20.066  19.246 0.0000000000
81695  -50.380  -19.558  20.894 0.0000000000
80451  -53.153  -20.512  20.759 0.0000000000
49738  -3.331  -45.650  46.694 0.0000000000
77024  -41.764  -23.389  21.809 0.0000000000
81701  -42.696  -20.431  19.213 0.0000000000
82851  -47.831  -19.606  18.131 0.0000000000
82869  -50.689  -19.484  17.206 0.0000000000
81752  -53.570  -19.828  16.805 0.0000000000
81755  -56.165  -20.097  16.826 0.0000000000
82889  -58.187  -19.391  16.259 0.0000000000
85110  -56.055  -17.721  16.069 0.0000000000
52865  -10.212  -42.397  43.043 0.0000000000
51932  -8.837  -43.808  45.189 0.0000000000
51923  -5.885  -44.027  46.293 0.0000000000
69017  -49.456  -30.272  31.612 0.0000000000
70129  -48.018  -28.662  36.030 0.0000000000
71372  -47.069  -27.940  34.535 0.0000000000
72554  -46.363  -27.137  32.491 0.0000000000
73681  -44.241  -26.761  29.468 0.0000000000
73721  -41.598  -26.714  26.629 0.0000000000
73772  -39.621  -26.024  23.515 0.0000000000
57223  -22.294  -39.353  41.409 0.0000000000
63257  -28.401  -35.117  33.630 0.0000000000
60926  -29.395  -36.236  35.296 0.0000000000
59806  -33.292  -36.820  33.196 0.0000000000
58566  -32.036  -37.874  35.200 0.0000000000
59691  -31.065  -37.237  37.726 0.0000000000
58462  -32.978  -38.005  39.736 0.0000000000
56178  -10.958  -39.908  36.288 0.0000000000
57371  -12.771  -39.255  35.445 0.0000000000
56134  -12.606  -39.364  37.916 0.0000000000
78057  -43.730  -22.955  22.706 0.0000000000
78039  -46.297  -22.397  23.851 0.0000000000
79143  -48.861  -21.534  25.230 0.0000000000
81665  -50.153  -19.673  22.629 0.0000000000
83985  -61.085  -18.303  16.932 0.0000000000
85106  -63.269  -16.947  17.100 0.0000000000
86191  -61.403  -17.027  13.513 0.0000000000
87318  -59.820  -15.571  13.244 0.0000000000
89349  -64.270  -13.726  12.668 0.0000000000
157900  -44.685  -35.927  30.854 0.0000000000
62156  -45.245  -35.410  30.633 0.0000000000
63336  -44.512  -34.681  30.019 0.0000000000
59843  -41.797  -37.254  31.602 0.0000000000
59872  -43.803  -36.895  31.434 0.0000000000
175096  -44.511  -36.772  31.657 0.0000000000
74859  -41.652  -25.497  23.507 0.0000000000
74846  -42.848  -25.550  24.075 0.0000000000
174242  -41.776  -24.944  23.088 0.0000000000
80500  -57.423  -21.427  18.137 0.0000000000
79250  -57.509  -22.308  19.209 0.0000000000
79270  -58.726  -21.918  18.641 0.0000000000
80513  -60.554  -21.238  17.612 0.0000000000
81759  -59.571  -20.390  16.865 0.0000000000
55007  -10.487  -40.560  37.147 0.0000000000
53889  -9.725  -41.389  37.983 0.0000000000
54987  -10.555  -41.103  38.454 0.0000000000
69072  -42.750  -29.427  28.457 0.0000000000
160512  -43.012  -28.874  29.955 0.0000000000
70258  -41.383  -28.664  28.203 0.0000000000
71498  -40.998  -27.873  28.254 0.0000000000
70266  -40.182  -28.554  27.022 0.0000000000
59667  -18.078  -37.186  38.405 0.0000000000
58460  -27.452  -37.819  38.759 0.0000000000
175579  -27.006  -38.301  39.419 0.0000000000
59632  -28.217  -37.222  39.704 0.0000000000
59634  -29.267  -36.652  40.531 0.0000000000
60887  -29.264  -36.288  38.975 0.0000000000
57331  -38.857  -39.411  36.445 0.0000000000
57355  -37.203  -39.003  36.294 0.0000000000
160003  -37.703  -39.540  37.771 0.0000000000
176718  -37.244  -39.376  39.127 0.0000000000
59719  -17.902  -36.766  35.646 0.0000000000
59682  -17.707  -36.840  36.886 0.0000000000
162003  -17.265  -37.060  37.718 0.0000000000
69044  -51.332  -30.398  30.176 0.0000000000
81690  -46.263  -20.169  20.114 0.0000000000
81677  -46.553  -20.234  20.832 0.0000000000
81692  -47.821  -19.950  20.375 0.0000000000
63231  -47.762  -34.623  34.898 0.0000000000
64409  -48.420  -33.399  34.830 0.0000000000
180555  -47.984  -34.234  33.545 0.0000000000
65610  -46.515  -32.723  29.636 0.0000000000
66828  -45.292  -32.169  28.348 0.0000000000
68000  -44.575  -31.234  28.150 0.0000000000
59743  -20.160  -36.772  34.411 0.0000000000
59723  -20.761  -37.201  35.627 0.0000000000
59770  -21.709  -37.266  33.950 0.0000000000
59773  -24.723  -37.610  33.351 0.0000000000
58563  -24.458  -38.197  34.546 0.0000000000
58565  -25.916  -38.002  34.826 0.0000000000
58514  -26.415  -38.339  36.218 0.0000000000
176858  -27.155  -36.618  34.495 0.0000000000
159441  -36.850  -35.941  31.317 0.0000000000
160694  -41.295  -37.761  33.184 0.0000000000
58612  -39.769  -37.508  33.323 0.0000000000
58598  -40.191  -37.772  33.956 0.0000000000
57400  -39.564  -38.520  35.029 0.0000000000
58576  -41.316  -38.297  34.701 0.0000000000
167440  -42.386  -38.374  35.985 0.0000000000
58547  -42.603  -38.181  35.170 0.0000000000
60938  -45.936  -36.649  34.289 0.0000000000
60928  -45.490  -36.695  35.138 0.0000000000
62053  -46.553  -35.628  35.399 0.0000000000
63215  -46.492  -34.570  36.760 0.0000000000
158276  -18.882  -36.705  32.243 0.0000000000
178460  -45.585  -26.753  28.804 0.0000000000
74785  -47.546  -25.795  30.275 0.0000000000
73695  -46.111  -26.587  28.283 0.0000000000
75904  -45.561  -24.868  25.272 0.0000000000
74819  -46.788  -25.331  26.794 0.0000000000
75905  -46.263  -24.607  25.553 0.0000000000
176579  -47.558  -23.904  26.120 0.0000000000
160888  -46.615  -23.919  25.311 0.0000000000
80493  -51.712  -20.739  18.785 0.0000000000
80481  -51.570  -20.389  19.683 0.0000000000
171294  -53.336  -21.525  19.700 0.0000000000
77055  -57.633  -23.613  21.468 0.0000000000
82853  -49.347  -19.746  17.854 0.0000000000
82880  -50.156  -18.978  16.900 0.0000000000
82883  -52.324  -18.780  16.457 0.0000000000
82884  -53.759  -19.233  16.444 0.0000000000
183635  -54.793  -20.096  16.901 0.0000000000
82885  -54.529  -19.185  16.330 0.0000000000
82892  -56.090  -19.031  16.125 0.0000000000
52917  -8.156  -42.369  38.437 0.0000000000
51955  -7.710  -43.521  41.182 0.0000000000
56026  -11.171  -39.953  43.756 0.0000000000
161622  -10.537  -41.494  42.656 0.0000000000
54891  -10.777  -40.571  44.809 0.0000000000
52850  -9.756  -42.356  47.134 0.0000000000
51920  -8.540  -43.398  47.624 0.0000000000
159541  -7.522  -43.995  45.917 0.0000000000
51914  -7.618  -43.524  48.404 0.0000000000
51912  -5.657  -43.986  48.348 0.0000000000
67909  -47.671  -31.021  34.962 0.0000000000
68967  -48.376  -29.585  36.316 0.0000000000
68996  -46.575  -30.033  34.806 0.0000000000
71412  -44.330  -28.020  32.317 0.0000000000
71370  -45.729  -28.027  34.105 0.0000000000
72543  -45.510  -27.485  33.026 0.0000000000
72545  -46.367  -27.593  33.316 0.0000000000
72552  -45.103  -27.199  32.414 0.0000000000
73656  -45.248  -26.503  31.314 0.0000000000
72581  -43.626  -27.027  30.843 0.0000000000
72617  -40.402  -27.036  26.926 0.0000000000
73704  -41.642  -26.755  27.456 0.0000000000
73720  -40.873  -26.799  26.482 0.0000000000
73747  -40.923  -26.592  25.034 0.0000000000
73746  -39.962  -26.575  24.783 0.0000000000
179307  -22.912  -38.760  38.250 0.0000000000
169194  -21.690  -38.427  39.283 0.0000000000
57252  -23.699  -39.447  39.894 0.0000000000
61008  -30.280  -35.356  31.576 0.0000000000
63290  -28.465  -34.327  31.925 0.0000000000
62088  -29.414  -35.000  32.792 0.0000000000
62063  -29.076  -36.033  34.518 0.0000000000
60936  -29.887  -36.303  34.322 0.0000000000
59809  -35.655  -36.951  32.958 0.0000000000
60961  -34.409  -36.641  32.443 0.0000000000
59780  -34.617  -37.158  33.667 0.0000000000
58518  -33.991  -38.495  36.224 0.0000000000
58541  -33.549  -38.191  35.671 0.0000000000
171152  -32.474  -38.431  36.486 0.0000000000
58516  -31.189  -37.750  36.473 0.0000000000
154675  -32.420  -38.490  37.217 0.0000000000
58480  -32.133  -37.852  38.518 0.0000000000
183441  -33.169  -38.673  38.275 0.0000000000
59675  -43.093  -36.633  38.171 0.0000000000
57395  -13.740  -38.939  34.650 0.0000000000
57341  -13.822  -38.969  36.188 0.0000000000
162257  -13.054  -39.288  36.195 0.0000000000
58454  -15.508  -37.673  39.514 0.0000000000
78094  -42.575  -22.435  21.464 0.0000000000
78056  -43.063  -23.108  22.400 0.0000000000
78075  -43.473  -22.527  22.153 0.0000000000
80414  -46.178  -21.144  22.580 0.0000000000
79173  -45.953  -21.887  23.213 0.0000000000
183467  -46.613  -21.823  23.585 0.0000000000
79155  -47.084  -22.071  24.101 0.0000000000
176945  -48.301  -21.043  24.070 0.0000000000
155711  -52.183  -19.535  21.779 0.0000000000
186196  -50.425  -19.530  21.878 0.0000000000
81666  -51.010  -19.571  22.944 0.0000000000
83995  -58.202  -18.295  16.077 0.0000000000
83996  -59.026  -18.469  16.136 0.0000000000
83984  -59.820  -18.169  16.678 0.0000000000
85084  -61.983  -16.838  18.106 0.0000000000
162113  -61.901  -16.124  17.308 0.0000000000
85117  -62.500  -17.066  15.318 0.0000000000
177858  -61.197  -16.271  15.704 0.0000000000
90397  -60.149  -13.073  13.064 0.0000000000
88313  -58.797  -14.765  13.461 0.0000000000
89335  -61.087  -13.887  12.753 0.0000000000
88330  -61.768  -14.606  12.512 0.0000000000
90408  -63.489  -13.106  12.430 0.0000000000
92679  -64.646  -10.837  12.230 0.0000000000
97798  -64.751  -6.224  11.015 0.0000000000
62090  -46.520  -36.091  32.901 0.0000000000
63281  -47.297  -34.715  32.450 0.0000000000
62126  -45.930  -35.351  31.010 0.0000000000
63358  -45.607  -34.334  29.771 0.0000000000
161509  -21.594  -37.043  33.123 0.0000000000
59842  -41.052  -37.237  31.660 0.0000000000
58624  -41.432  -37.493  32.217 0.0000000000
185619  -42.532  -37.926  33.354 0.0000000000
161112  -43.768  -37.772  34.043 0.0000000000
59818  -44.289  -37.401  32.829 0.0000000000
60963  -45.425  -36.909  32.851 0.0000000000
73723  -43.397  -26.636  26.194 0.0000000000
73725  -44.924  -26.514  26.733 0.0000000000
74825  -43.797  -26.072  25.244 0.0000000000
75912  -44.050  -25.099  24.465 0.0000000000
75920  -44.599  -24.481  24.320 0.0000000000
79265  -54.508  -21.759  18.641 0.0000000000
79247  -54.489  -22.007  19.343 0.0000000000
163440  -55.841  -22.277  19.236 0.0000000000
78137  -57.135  -22.757  19.828 0.0000000000
82897  -62.493  -19.300  16.430 0.0000000000
53888  -9.114  -41.798  38.150 0.0000000000
52886  -9.177  -42.442  39.650 0.0000000000
67953  -45.468  -30.519  30.561 0.0000000000
69015  -45.495  -30.107  32.456 0.0000000000
156326  -44.196  -29.347  30.645 0.0000000000
70186  -43.666  -28.533  31.182 0.0000000000
71452  -42.935  -27.609  30.559 0.0000000000
72589  -42.055  -27.060  29.618 0.0000000000
71472  -41.709  -27.270  29.069 0.0000000000
71485  -41.056  -27.264  28.046 0.0000000000
72616  -40.018  -27.237  26.696 0.0000000000
57277  -25.098  -39.541  38.645 0.0000000000
57253  -24.619  -39.621  40.073 0.0000000000
57255  -25.933  -39.227  40.171 0.0000000000
57226  -26.331  -38.901  41.527 0.0000000000
59623  -30.091  -36.840  41.893 0.0000000000
62140  -30.401  -35.139  30.280 0.0000000000
60977  -31.534  -36.149  32.045 0.0000000000
58571  -36.933  -37.878  34.472 0.0000000000
172395  -35.614  -37.600  34.538 0.0000000000
57378  -36.130  -38.364  35.600 0.0000000000
58520  -35.674  -38.613  36.165 0.0000000000
57327  -34.902  -39.071  37.443 0.0000000000
57282  -34.279  -39.055  38.861 0.0000000000
156752  -35.794  -39.278  38.829 0.0000000000
58590  -16.225  -37.958  33.795 0.0000000000
58560  -16.245  -37.876  34.670 0.0000000000
58507  -15.688  -37.862  36.641 0.0000000000
58489  -15.132  -37.865  37.549 0.0000000000
58490  -15.878  -37.491  37.644 0.0000000000
80447  -43.900  -21.232  20.955 0.0000000000
79211  -44.253  -21.406  21.464 0.0000000000
80448  -44.930  -21.059  21.460 0.0000000000
155662  -46.166  -20.705  21.824 0.0000000000
80432  -46.846  -20.579  22.232 0.0000000000
85080  -58.352  -17.078  18.177 0.0000000000
85102  -59.513  -17.651  17.500 0.0000000000
85069  -59.363  -16.897  18.691 0.0000000000
92668  -61.151  -11.549  12.048 0.0000000000
92693  -63.168  -10.535  10.721 0.0000000000
93813  -62.183  -10.322  10.332 0.0000000000
95905  -62.508  -8.379  9.339 0.0000000000
179505  -11.961  -39.709  39.437 0.0000000000
183373  -11.271  -40.579  39.972 0.0000000000
66669  -49.346  -31.312  37.541 0.0000000000
64378  -48.645  -32.548  36.586 0.0000000000
65536  -48.483  -32.639  34.960 0.0000000000
66740  -47.424  -32.177  33.167 0.0000000000
64451  -47.284  -33.343  31.700 0.0000000000
177149  -46.867  -32.024  31.021 0.0000000000
66771  -46.574  -31.490  31.440 0.0000000000
69060  -45.165  -30.699  29.214 0.0000000000
69073  -43.582  -30.178  28.192 0.0000000000
59702  -19.397  -36.725  36.131 0.0000000000
59684  -20.309  -37.362  37.245 0.0000000000
59703  -20.146  -37.066  36.326 0.0000000000
59686  -21.738  -37.827  36.740 0.0000000000
58493  -23.117  -38.672  37.604 0.0000000000
58591  -23.263  -37.931  34.393 0.0000000000
58511  -23.728  -38.607  36.292 0.0000000000
157822  -24.384  -39.227  37.467 0.0000000000
57323  -25.696  -39.062  37.097 0.0000000000
58495  -27.105  -38.009  37.266 0.0000000000
60900  -28.247  -36.520  36.878 0.0000000000
59836  -35.967  -36.601  32.379 0.0000000000
59810  -36.421  -36.938  32.926 0.0000000000
182497  -39.036  -37.130  32.127 0.0000000000
165860  -38.252  -37.365  33.434 0.0000000000
58596  -37.240  -37.556  33.950 0.0000000000
58545  -38.268  -38.424  35.021 0.0000000000
155641  -39.409  -39.250  35.968 0.0000000000
56167  -40.660  -39.663  37.226 0.0000000000
178244  -41.155  -39.290  38.185 0.0000000000
57333  -41.604  -39.019  37.027 0.0000000000
59709  -42.942  -37.543  37.118 0.0000000000
59694  -43.562  -36.664  37.097 0.0000000000
59730  -44.295  -37.358  35.267 0.0000000000
60915  -44.418  -36.504  36.317 0.0000000000
62020  -44.998  -35.042  37.316 0.0000000000
63202  -46.035  -33.938  37.676 0.0000000000
177974  -17.551  -37.251  33.647 0.0000000000
172613  -48.474  -26.588  31.656 0.0000000000
73660  -49.088  -26.097  31.815 0.0000000000
74777  -49.261  -25.350  30.946 0.0000000000
75859  -49.718  -24.817  29.956 0.0000000000
155860  -46.393  -25.890  27.046 0.0000000000
74809  -47.754  -25.296  27.728 0.0000000000
81708  -48.846  -19.924  19.257 0.0000000000
81693  -48.679  -19.820  20.426 0.0000000000
81694  -49.985  -19.840  20.014 0.0000000000
81697  -52.069  -19.710  20.970 0.0000000000
81684  -53.324  -19.886  21.620 0.0000000000
79214  -54.846  -21.860  21.052 0.0000000000
80452  -55.107  -21.062  21.852 0.0000000000
75971  -39.757  -24.286  21.421 0.0000000000
75949  -40.797  -24.359  22.044 0.0000000000
77045  -40.623  -23.459  21.108 0.0000000000
78092  -41.132  -22.844  20.890 0.0000000000
170895  -42.034  -21.869  20.539 0.0000000000
156860  -42.704  -20.997  19.943 0.0000000000
80480  -43.928  -20.557  19.884 0.0000000000
81704  -45.092  -20.125  19.340 0.0000000000
81706  -46.766  -19.956  19.422 0.0000000000
81725  -48.081  -19.846  18.956 0.0000000000
81726  -49.268  -19.928  18.615 0.0000000000
81728  -50.607  -20.151  18.515 0.0000000000
81730  -52.046  -20.672  17.961 0.0000000000
82881  -50.883  -18.913  16.767 0.0000000000
81741  -52.512  -20.251  17.315 0.0000000000
80505  -53.706  -20.959  17.738 0.0000000000
80506  -54.583  -21.108  17.776 0.0000000000
81745  -55.813  -20.554  17.290 0.0000000000
81747  -57.372  -20.518  17.199 0.0000000000
81758  -58.768  -19.999  16.597 0.0000000000
82888  -57.331  -19.480  16.369 0.0000000000
83994  -57.350  -18.224  15.991 0.0000000000
85111  -56.871  -17.678  16.235 0.0000000000
85078  -56.787  -16.986  17.513 0.0000000000
54956  -10.790  -41.239  40.096 0.0000000000
53832  -10.243  -42.149  40.863 0.0000000000
184611  -9.780  -42.967  42.083 0.0000000000
52856  -10.297  -41.906  45.206 0.0000000000
52858  -9.960  -42.981  44.207 0.0000000000
51946  -8.831  -43.690  42.750 0.0000000000
51942  -7.553  -43.950  43.688 0.0000000000
50871  -6.107  -44.171  43.907 0.0000000000
50869  -4.842  -44.611  44.718 0.0000000000
50860  -4.353  -44.564  46.541 0.0000000000
69042  -49.910  -29.779  30.406 0.0000000000
70141  -50.417  -28.871  35.301 0.0000000000
68995  -46.093  -29.261  34.713 0.0000000000
71351  -47.806  -27.944  35.152 0.0000000000
70164  -48.586  -29.240  32.624 0.0000000000
70177  -48.415  -29.260  31.520 0.0000000000
71431  -48.098  -28.257  31.045 0.0000000000
73642  -46.775  -26.507  31.976 0.0000000000
73682  -45.205  -26.681  29.656 0.0000000000
73693  -44.231  -26.775  28.392 0.0000000000
73679  -42.440  -26.808  29.314 0.0000000000
73705  -42.464  -26.684  27.658 0.0000000000
73706  -43.369  -26.734  27.007 0.0000000000
73736  -42.715  -26.605  25.775 0.0000000000
73760  -41.346  -26.294  24.367 0.0000000000
74857  -40.122  -25.504  22.900 0.0000000000
69101  -40.200  -29.739  26.319 0.0000000000
71524  -39.078  -28.242  26.252 0.0000000000
71523  -38.751  -27.732  25.917 0.0000000000
179790  -38.450  -27.183  24.937 0.0000000000
73756  -38.202  -26.689  23.817 0.0000000000
73771  -38.769  -26.167  23.311 0.0000000000
74877  -38.996  -25.375  22.234 0.0000000000
75947  -39.398  -24.807  21.800 0.0000000000
56101  -23.980  -39.702  41.202 0.0000000000
63287  -26.101  -34.641  31.606 0.0000000000
159206  -27.059  -34.613  32.240 0.0000000000
62073  -26.980  -35.880  33.289 0.0000000000
62061  -27.920  -35.857  34.315 0.0000000000
62029  -28.840  -36.205  35.629 0.0000000000
182022  -28.869  -36.208  36.761 0.0000000000
61012  -33.469  -36.079  31.241 0.0000000000
60978  -32.309  -36.260  32.006 0.0000000000
59804  -31.637  -36.813  33.229 0.0000000000
59754  -34.361  -37.401  34.348 0.0000000000
59752  -32.548  -37.515  34.452 0.0000000000
59776  -31.321  -37.085  33.860 0.0000000000
59728  -30.698  -37.215  35.344 0.0000000000
59707  -30.060  -36.732  36.430 0.0000000000
60889  -29.857  -36.193  37.910 0.0000000000
60877  -30.875  -36.379  39.221 0.0000000000
59655  -31.430  -36.579  39.711 0.0000000000
56177  -10.217  -39.968  36.102 0.0000000000
56154  -11.127  -40.209  37.064 0.0000000000
57407  -12.943  -38.780  34.292 0.0000000000
57394  -11.757  -38.873  34.814 0.0000000000
57370  -12.047  -39.288  35.433 0.0000000000
162865  -11.709  -39.806  36.595 0.0000000000
56133  -12.024  -39.850  37.957 0.0000000000
56113  -12.358  -39.346  38.810 0.0000000000
58453  -14.795  -37.660  39.252 0.0000000000
182139  -42.032  -23.740  22.308 0.0000000000
77002  -43.660  -23.517  23.059 0.0000000000
172238  -44.522  -23.777  23.762 0.0000000000
185165  -44.768  -22.046  22.592 0.0000000000
78037  -44.830  -22.989  23.435 0.0000000000
78026  -45.958  -23.122  24.178 0.0000000000
78027  -46.718  -22.802  24.448 0.0000000000
81680  -48.935  -19.787  21.305 0.0000000000
81663  -48.441  -19.988  21.938 0.0000000000
81643  -48.931  -20.100  22.786 0.0000000000
81766  -59.806  -19.847  16.375 0.0000000000
82896  -61.255  -19.399  16.203 0.0000000000
83998  -61.834  -18.794  16.653 0.0000000000
85103  -60.605  -17.703  17.729 0.0000000000
83986  -62.467  -17.974  17.540 0.0000000000
174235  -63.662  -17.554  16.830 0.0000000000
85118  -63.029  -17.672  14.987 0.0000000000
85141  -62.983  -17.597  12.780 0.0000000000
175038  -59.617  -16.042  14.628 0.0000000000
86205  -60.203  -16.138  13.496 0.0000000000
87333  -63.059  -15.645  12.186 0.0000000000
94875  -64.609  -8.670  11.734 0.0000000000
61050  -43.898  -35.841  30.630 0.0000000000
62155  -44.543  -35.312  30.402 0.0000000000
59871  -43.062  -36.915  31.239 0.0000000000
61021  -43.518  -36.454  30.978 0.0000000000
61022  -44.217  -36.430  31.096 0.0000000000
74858  -40.994  -25.348  23.084 0.0000000000
75931  -41.251  -24.669  22.573 0.0000000000
80510  -57.786  -21.017  17.602 0.0000000000
80501  -58.239  -21.413  18.135 0.0000000000
80502  -59.103  -21.439  18.126 0.0000000000
80512  -59.527  -20.992  17.489 0.0000000000
80516  -60.191  -20.737  17.117 0.0000000000
81749  -58.900  -20.567  17.153 0.0000000000
183641  -10.913  -40.527  37.597 0.0000000000
172570  -10.439  -40.881  37.755 0.0000000000
70259  -42.179  -29.425  27.890 0.0000000000
70257  -40.848  -28.627  27.591 0.0000000000
156785  -18.774  -37.100  38.024 0.0000000000
59671  -27.883  -37.205  38.173 0.0000000000
59652  -28.070  -37.202  38.975 0.0000000000
59653  -28.642  -36.712  39.311 0.0000000000
56165  -39.200  -39.761  37.371 0.0000000000
56145  -38.294  -39.536  37.152 0.0000000000
56146  -39.156  -39.734  38.148 0.0000000000
56125  -39.509  -39.579  38.736 0.0000000000
59683  -18.106  -36.918  37.580 0.0000000000
81691  -47.035  -20.048  20.241 0.0000000000
62066  -47.347  -35.232  34.363 0.0000000000
63248  -47.743  -34.758  33.985 0.0000000000
65660  -45.337  -32.717  28.498 0.0000000000
65661  -45.813  -32.435  28.670 0.0000000000
59744  -21.008  -37.126  34.676 0.0000000000
159357  -20.739  -36.846  33.680 0.0000000000
59803  -25.291  -37.175  33.080 0.0000000000
58594  -25.290  -37.617  33.677 0.0000000000
59747  -25.983  -37.506  34.114 0.0000000000
59748  -26.669  -37.274  34.567 0.0000000000
59775  -26.609  -36.771  34.064 0.0000000000
58599  -41.079  -37.954  33.863 0.0000000000
58575  -40.519  -38.130  34.545 0.0000000000
58546  -41.860  -38.441  35.343 0.0000000000
58577  -42.174  -38.232  34.571 0.0000000000
62078  -46.851  -35.881  33.676 0.0000000000
60929  -46.232  -36.208  34.876 0.0000000000
62065  -46.842  -35.738  34.515 0.0000000000
166759  -47.167  -35.206  35.118 0.0000000000
59769  -19.746  -36.639  33.747 0.0000000000
73694  -45.317  -26.762  28.214 0.0000000000
73708  -45.058  -26.718  27.525 0.0000000000
75906  -46.907  -24.259  25.892 0.0000000000
76974  -45.948  -24.202  25.002 0.0000000000
80494  -52.496  -21.042  18.580 0.0000000000
80482  -52.245  -20.911  19.430 0.0000000000
80483  -52.966  -21.314  19.190 0.0000000000
172383  -57.193  -23.308  22.006 0.0000000000
83968  -48.749  -18.740  16.945 0.0000000000
175084  -54.050  -18.641  16.195 0.0000000000
83991  -54.803  -18.498  16.074 0.0000000000
52885  -8.494  -42.880  39.983 0.0000000000
52884  -7.769  -42.919  39.439 0.0000000000
178445  -7.719  -43.159  40.028 0.0000000000
51964  -8.109  -43.280  40.607 0.0000000000
166566  -10.818  -40.407  44.185 0.0000000000
56019  -11.225  -40.062  44.633 0.0000000000
157992  -7.078  -43.562  49.402 0.0000000000
67920  -47.024  -30.887  34.327 0.0000000000
67919  -46.315  -30.326  34.069 0.0000000000
71430  -43.803  -27.808  31.608 0.0000000000
72542  -44.868  -27.720  32.717 0.0000000000
72551  -44.356  -27.461  32.108 0.0000000000
72566  -43.974  -27.249  31.450 0.0000000000
73639  -44.681  -26.930  31.842 0.0000000000
73719  -40.186  -26.939  26.354 0.0000000000
73733  -40.049  -26.806  25.643 0.0000000000
73745  -39.179  -26.726  24.730 0.0000000000
57297  -23.491  -39.071  38.166 0.0000000000
57275  -23.085  -39.064  39.010 0.0000000000
62101  -30.123  -35.519  32.355 0.0000000000
62089  -29.855  -35.647  33.159 0.0000000000
62077  -29.535  -35.796  33.949 0.0000000000
60947  -30.241  -36.245  33.556 0.0000000000
59808  -34.890  -36.946  33.014 0.0000000000
59781  -35.378  -37.183  33.568 0.0000000000
57351  -33.627  -38.792  36.850 0.0000000000
155746  -33.220  -38.486  36.298 0.0000000000
57350  -32.963  -38.672  36.869 0.0000000000
58498  -32.549  -38.420  37.979 0.0000000000
60892  -43.307  -35.952  38.622 0.0000000000
58472  -14.403  -38.082  37.761 0.0000000000
79209  -42.275  -22.133  20.984 0.0000000000
78095  -43.209  -22.201  21.665 0.0000000000
80415  -47.033  -20.943  22.925 0.0000000000
79174  -46.576  -21.405  23.193 0.0000000000
80394  -47.305  -21.359  23.648 0.0000000000
81668  -52.796  -19.545  22.269 0.0000000000
81667  -51.620  -19.481  22.316 0.0000000000
83983  -58.824  -17.932  16.531 0.0000000000
167934  -61.968  -16.215  16.499 0.0000000000
86182  -61.043  -15.943  16.489 0.0000000000
181489  -61.732  -12.891  12.498 0.0000000000
176087  -60.385  -13.603  12.904 0.0000000000
90399  -61.560  -13.255  12.745 0.0000000000
89347  -62.124  -13.795  12.710 0.0000000000
90407  -62.387  -13.281  12.562 0.0000000000
91583  -64.245  -12.408  12.311 0.0000000000
160219  -63.617  -11.926  11.850 0.0000000000
60988  -46.057  -36.182  32.285 0.0000000000
62103  -46.536  -35.672  32.220 0.0000000000
62102  -46.025  -35.807  31.660 0.0000000000
63337  -45.128  -34.841  30.100 0.0000000000
63338  -45.788  -34.848  30.333 0.0000000000
63357  -44.994  -34.272  29.613 0.0000000000
59869  -41.376  -36.936  31.135 0.0000000000
59844  -42.572  -37.269  31.658 0.0000000000
58625  -42.105  -37.574  32.207 0.0000000000
58615  -41.704  -37.702  32.766 0.0000000000
58617  -42.988  -37.761  33.005 0.0000000000
59817  -43.547  -37.511  32.558 0.0000000000
60986  -45.147  -36.527  31.756 0.0000000000
59847  -44.892  -37.010  32.358 0.0000000000
60987  -45.548  -36.607  32.307 0.0000000000
60964  -45.950  -36.572  32.901 0.0000000000
73737  -43.140  -26.327  25.132 0.0000000000
182348  -43.445  -26.449  25.611 0.0000000000
74847  -43.453  -25.150  24.125 0.0000000000
178466  -43.830  -24.458  23.845 0.0000000000
80497  -55.112  -21.557  18.280 0.0000000000
79266  -55.124  -22.006  18.917 0.0000000000
79267  -56.289  -21.916  18.636 0.0000000000
78138  -58.009  -22.803  19.824 0.0000000000
78113  -58.649  -23.332  20.522 0.0000000000
78139  -58.950  -22.875  19.826 0.0000000000
81761  -61.485  -20.317  16.493 0.0000000000
81769  -63.171  -19.790  16.269 0.0000000000
81768  -61.883  -19.851  16.187 0.0000000000
53868  -9.447  -41.859  38.671 0.0000000000
52901  -9.138  -42.187  39.088 0.0000000000
69041  -45.038  -30.328  29.818 0.0000000000
167229  -44.763  -29.885  30.577 0.0000000000
182439  -44.389  -29.781  29.972 0.0000000000
157687  -42.362  -28.723  29.514 0.0000000000
70206  -43.099  -28.273  30.610 0.0000000000
159065  -41.902  -27.737  29.607 0.0000000000
71497  -40.538  -27.670  27.678 0.0000000000
71496  -40.164  -27.594  27.143 0.0000000000
72624  -39.370  -27.476  26.227 0.0000000000
57300  -25.743  -39.293  38.398 0.0000000000
57278  -25.589  -39.427  39.256 0.0000000000
57279  -26.296  -38.988  39.146 0.0000000000
154878  -27.279  -38.054  40.436 0.0000000000
175960  -26.609  -38.681  40.256 0.0000000000
58416  -26.956  -38.398  41.217 0.0000000000
59622  -29.379  -36.879  41.555 0.0000000000
60863  -29.981  -36.550  40.920 0.0000000000
62114  -31.294  -35.610  30.861 0.0000000000
180129  -30.738  -35.544  31.248 0.0000000000
61009  -31.216  -35.824  31.526 0.0000000000
58544  -37.343  -38.297  35.036 0.0000000000
168063  -36.560  -38.135  35.034 0.0000000000
57379  -36.899  -38.562  35.653 0.0000000000
171511  -36.727  -39.143  36.846 0.0000000000
167332  -36.013  -39.004  36.774 0.0000000000
57353  -35.255  -38.899  36.762 0.0000000000
57328  -35.675  -39.155  37.405 0.0000000000
57305  -35.365  -39.208  38.101 0.0000000000
57306  -36.239  -39.308  38.052 0.0000000000
157627  -16.989  -37.471  34.261 0.0000000000
58508  -16.386  -37.519  36.202 0.0000000000
59666  -17.324  -37.273  38.678 0.0000000000
59665  -16.621  -37.293  38.440 0.0000000000
80464  -44.261  -20.817  20.506 0.0000000000
155513  -44.492  -21.026  21.035 0.0000000000
180639  -46.183  -20.466  21.261 0.0000000000
81662  -47.558  -20.185  21.850 0.0000000000
85081  -59.113  -17.227  18.268 0.0000000000
91569  -60.813  -11.882  12.748 0.0000000000
92676  -61.673  -11.344  11.346 0.0000000000
93802  -61.409  -10.560  10.968 0.0000000000
56112  -11.688  -39.952  39.958 0.0000000000
57176  -11.934  -39.417  43.000 0.0000000000
64360  -47.937  -32.633  37.954 0.0000000000
65507  -48.538  -32.264  37.646 0.0000000000
64423  -48.199  -33.596  33.930 0.0000000000
156611  -48.265  -32.848  34.252 0.0000000000
178570  -47.859  -32.297  33.746 0.0000000000
65561  -47.685  -32.850  32.979 0.0000000000
63297  -46.972  -34.636  31.703 0.0000000000
161253  -47.355  -34.056  32.059 0.0000000000
64465  -47.020  -33.977  31.266 0.0000000000
66786  -46.491  -31.855  29.814 0.0000000000
66787  -46.815  -32.333  30.387 0.0000000000
172142  -46.588  -31.600  30.598 0.0000000000
67966  -46.136  -31.159  30.118 0.0000000000
67965  -45.622  -30.853  29.624 0.0000000000
69074  -44.314  -30.586  28.431 0.0000000000
59722  -19.921  -36.808  35.582 0.0000000000
59724  -21.483  -37.404  35.288 0.0000000000
59705  -21.565  -37.571  35.962 0.0000000000
154366  -22.572  -38.265  36.993 0.0000000000
58510  -23.084  -38.336  36.220 0.0000000000
59746  -22.547  -37.665  34.125 0.0000000000
166135  -24.356  -38.456  35.268 0.0000000000
58512  -24.272  -38.682  36.024 0.0000000000
57321  -24.189  -38.978  36.802 0.0000000000
57322  -24.950  -39.212  37.124 0.0000000000
179310  -25.447  -39.312  37.726 0.0000000000
57348  -25.336  -38.958  36.494 0.0000000000
59725  -27.086  -37.708  35.719 0.0000000000
58515  -27.115  -37.887  36.534 0.0000000000
185783  -27.426  -37.637  36.923 0.0000000000
59687  -27.706  -37.290  37.347 0.0000000000
59706  -27.699  -37.109  36.539 0.0000000000
60984  -37.169  -36.310  31.634 0.0000000000
60983  -36.334  -36.173  31.764 0.0000000000
59837  -36.778  -36.590  32.323 0.0000000000
59811  -37.186  -36.970  32.860 0.0000000000
59840  -39.625  -37.185  31.929 0.0000000000
58611  -38.988  -37.439  33.440 0.0000000000
59784  -37.555  -37.285  33.414 0.0000000000
58572  -37.693  -37.915  34.422 0.0000000000
57383  -40.438  -38.892  35.506 0.0000000000
57382  -39.782  -38.915  35.477 0.0000000000
57357  -40.100  -39.315  36.037 0.0000000000
56186  -39.711  -39.631  36.622 0.0000000000
56187  -40.435  -39.643  36.656 0.0000000000
57332  -41.026  -39.398  36.770 0.0000000000
58522  -42.985  -37.827  36.339 0.0000000000
171946  -42.523  -38.147  36.816 0.0000000000
59710  -43.361  -37.215  36.715 0.0000000000
59693  -43.217  -36.913  37.436 0.0000000000
59711  -43.836  -36.849  36.499 0.0000000000
59757  -43.761  -37.754  34.870 0.0000000000
167428  -44.511  -37.484  34.423 0.0000000000
62052  -45.859  -35.993  35.699 0.0000000000
60916  -45.121  -36.276  36.017 0.0000000000
60904  -44.701  -35.804  36.795 0.0000000000
63201  -45.324  -34.284  37.982 0.0000000000
62021  -45.726  -34.792  37.037 0.0000000000
63216  -47.240  -34.333  36.440 0.0000000000
63203  -46.855  -33.768  37.387 0.0000000000
64376  -47.643  -33.523  37.079 0.0000000000
59795  -17.377  -37.312  32.801 0.0000000000
59742  -19.061  -36.587  34.748 0.0000000000
74754  -47.218  -26.107  31.732 0.0000000000
73659  -48.204  -26.211  31.719 0.0000000000
74762  -47.884  -25.938  31.610 0.0000000000
74776  -48.322  -25.610  30.907 0.0000000000
74786  -48.274  -25.565  29.724 0.0000000000
177778  -48.924  -25.296  30.213 0.0000000000
74817  -44.718  -26.151  26.032 0.0000000000
74806  -45.731  -26.261  27.020 0.0000000000
74797  -48.836  -24.820  28.570 0.0000000000
75879  -48.498  -24.761  27.952 0.0000000000
75887  -48.151  -24.454  27.195 0.0000000000
76967  -48.253  -23.719  26.575 0.0000000000
81709  -49.607  -19.968  19.275 0.0000000000
183085  -52.714  -20.414  20.541 0.0000000000
80467  -52.218  -20.286  20.325 0.0000000000
81683  -52.649  -19.867  21.144 0.0000000000
78135  -55.685  -22.616  20.054 0.0000000000
79232  -54.540  -22.100  20.202 0.0000000000
79233  -55.135  -22.443  20.503 0.0000000000
176419  -55.488  -21.728  21.737 0.0000000000
166366  -3.483  -45.427  44.988 0.0000000000
178392  -3.494  -45.890  43.697 0.0000000000
49741  -2.830  -46.206  45.198 0.0000000000
79228  -40.992  -22.336  20.343 0.0000000000
78109  -41.626  -22.307  20.714 0.0000000000
79229  -41.519  -21.841  20.215 0.0000000000
80462  -42.072  -21.425  20.128 0.0000000000
80479  -43.274  -20.652  19.752 0.0000000000
81703  -44.317  -20.215  19.315 0.0000000000
81705  -45.915  -20.021  19.353 0.0000000000
81722  -45.484  -19.802  18.622 0.0000000000
81724  -47.305  -19.761  18.761 0.0000000000
82852  -48.630  -19.757  18.241 0.0000000000
82868  -50.013  -19.616  17.508 0.0000000000
81739  -50.584  -19.964  17.830 0.0000000000
81729  -51.233  -20.326  18.121 0.0000000000
169387  -51.120  -19.889  17.474 0.0000000000
81751  -52.912  -19.865  16.915 0.0000000000
82871  -52.198  -19.534  16.821 0.0000000000
81742  -53.296  -20.371  17.265 0.0000000000
81743  -54.186  -20.388  17.189 0.0000000000
81754  -55.425  -20.112  16.867 0.0000000000
81746  -56.584  -20.535  17.253 0.0000000000
81756  -56.946  -20.064  16.770 0.0000000000
82887  -56.521  -19.559  16.440 0.0000000000
83992  -55.661  -18.429  15.971 0.0000000000
82893  -56.913  -18.919  16.041 0.0000000000
83993  -56.492  -18.297  15.965 0.0000000000
166054  -6.522  -43.778  40.621 0.0000000000
182127  -11.134  -40.650  40.596 0.0000000000
53817  -10.466  -41.835  41.678 0.0000000000
165943  -10.207  -42.455  42.270 0.0000000000
52868  -9.999  -42.604  41.534 0.0000000000
52864  -9.860  -43.007  42.713 0.0000000000
53804  -10.692  -40.856  45.613 0.0000000000
51927  -9.524  -43.169  46.240 0.0000000000
52855  -9.766  -43.026  45.539 0.0000000000
51939  -9.547  -43.424  44.801 0.0000000000
51944  -9.501  -43.463  43.903 0.0000000000
51938  -8.981  -43.770  44.339 0.0000000000
158240  -8.188  -43.880  43.194 0.0000000000
177483  -8.406  -43.923  44.625 0.0000000000
51924  -6.729  -43.971  46.583 0.0000000000
51930  -7.030  -43.996  45.063 0.0000000000
51929  -6.001  -44.101  45.362 0.0000000000
50870  -5.666  -44.267  44.639 0.0000000000
50866  -5.247  -44.329  45.243 0.0000000000
50865  -4.516  -44.566  45.634 0.0000000000
50861  -5.166  -44.260  45.975 0.0000000000
50847  -6.044  -44.324  49.683 0.0000000000
67967  -50.175  -31.019  30.493 0.0000000000
69043  -50.510  -30.309  30.288 0.0000000000
69030  -49.617  -30.054  30.880 0.0000000000
66682  -49.192  -31.159  37.290 0.0000000000
66670  -49.792  -31.137  37.319 0.0000000000
67862  -49.419  -30.699  37.030 0.0000000000
68968  -49.262  -29.575  36.512 0.0000000000
70115  -49.555  -29.054  36.212 0.0000000000
70117  -50.442  -29.159  35.694 0.0000000000
70130  -48.999  -28.462  35.980 0.0000000000
157913  -45.127  -29.823  31.967 0.0000000000
165585  -45.780  -29.731  33.944 0.0000000000
70151  -45.528  -28.841  34.192 0.0000000000
72529  -46.568  -27.815  34.353 0.0000000000
71350  -46.999  -27.956  34.875 0.0000000000
71373  -48.139  -27.974  34.773 0.0000000000
71353  -49.264  -28.147  34.879 0.0000000000
70165  -49.472  -29.027  33.420 0.0000000000
170315  -47.475  -28.220  33.781 0.0000000000
71413  -46.808  -27.534  32.682 0.0000000000
71394  -47.303  -28.239  32.789 0.0000000000
71414  -47.473  -28.100  31.844 0.0000000000
70188  -47.964  -28.761  31.302 0.0000000000
72555  -47.063  -27.177  32.091 0.0000000000
72567  -47.774  -27.183  31.639 0.0000000000
73669  -44.279  -26.759  30.360 0.0000000000
73670  -45.022  -26.592  30.590 0.0000000000
72590  -42.625  -26.960  29.953 0.0000000000
72597  -41.866  -26.950  28.997 0.0000000000
73692  -43.327  -26.715  27.918 0.0000000000
73722  -42.484  -26.684  26.677 0.0000000000
166548  -42.138  -26.666  26.171 0.0000000000
73759  -40.721  -26.351  24.363 0.0000000000
73758  -40.228  -26.189  23.994 0.0000000000
179521  -40.426  -25.803  23.428 0.0000000000
70265  -39.557  -28.934  26.412 0.0000000000
70281  -38.985  -29.182  25.928 0.0000000000
71533  -38.021  -27.628  25.006 0.0000000000
71534  -38.547  -27.412  25.408 0.0000000000
71543  -37.651  -27.578  24.469 0.0000000000
73755  -37.592  -26.724  23.379 0.0000000000
73757  -38.955  -26.508  24.041 0.0000000000
73770  -37.956  -26.259  23.030 0.0000000000
59670  -20.773  -37.717  37.962 0.0000000000
59669  -20.063  -37.524  38.115 0.0000000000
58476  -21.162  -38.087  38.554 0.0000000000
57250  -21.901  -38.860  40.491 0.0000000000
56102  -24.853  -39.656  41.164 0.0000000000
162656  -28.375  -34.555  32.544 0.0000000000
63289  -27.769  -34.500  32.227 0.0000000000
63275  -27.426  -34.876  32.858 0.0000000000
175324  -27.843  -35.116  33.574 0.0000000000
62074  -27.604  -35.634  33.717 0.0000000000
156144  -28.172  -35.626  33.996 0.0000000000
62048  -29.144  -36.119  34.832 0.0000000000
62047  -28.836  -36.107  35.075 0.0000000000
62030  -29.034  -36.216  35.550 0.0000000000
60913  -29.101  -36.261  36.252 0.0000000000
60914  -29.397  -36.311  36.029 0.0000000000
61013  -34.252  -36.081  31.169 0.0000000000
60960  -33.615  -36.601  32.529 0.0000000000
60959  -32.792  -36.562  32.594 0.0000000000
60958  -31.971  -36.504  32.628 0.0000000000
59805  -32.445  -36.840  33.212 0.0000000000
58569  -35.019  -37.700  34.891 0.0000000000
58568  -34.068  -37.783  35.085 0.0000000000
58567  -33.063  -37.855  35.087 0.0000000000
59777  -32.079  -37.173  33.820 0.0000000000
59751  -31.707  -37.457  34.460 0.0000000000
59750  -30.967  -37.197  34.583 0.0000000000
59729  -31.316  -37.588  35.031 0.0000000000
58496  -31.269  -37.706  37.124 0.0000000000
59690  -30.613  -37.069  36.979 0.0000000000
59689  -29.909  -36.369  37.142 0.0000000000
60890  -30.401  -36.503  37.826 0.0000000000
173807  -30.363  -36.235  38.594 0.0000000000
59673  -30.918  -36.691  38.438 0.0000000000
58461  -32.380  -37.650  39.404 0.0000000000
59656  -31.811  -37.224  39.125 0.0000000000
163174  -32.006  -36.988  40.058 0.0000000000
176957  -34.716  -39.080  39.416 0.0000000000
57258  -34.150  -38.795  39.687 0.0000000000
57259  -34.769  -38.842  40.234 0.0000000000
58481  -42.083  -38.331  38.157 0.0000000000
55028  -10.565  -40.257  36.628 0.0000000000
166593  -14.994  -38.585  34.161 0.0000000000
58588  -14.656  -38.457  33.414 0.0000000000
57409  -14.249  -38.724  34.022 0.0000000000
168197  -13.082  -39.083  34.934 0.0000000000
58557  -12.144  -38.547  34.234 0.0000000000
159347  -12.455  -39.020  34.834 0.0000000000
56156  -12.837  -39.349  37.080 0.0000000000
56179  -12.385  -39.529  36.484 0.0000000000
56155  -12.218  -39.679  37.230 0.0000000000
183920  -11.713  -39.983  37.338 0.0000000000
58473  -14.763  -37.749  38.416 0.0000000000
72556  -52.201  -26.902  32.140 0.0000000000
77023  -41.045  -23.766  21.669 0.0000000000
75950  -41.464  -24.043  22.173 0.0000000000
166410  -43.272  -23.483  22.798 0.0000000000
186177  -43.875  -23.803  23.429 0.0000000000
77003  -44.165  -23.273  23.215 0.0000000000
79190  -44.684  -21.593  22.068 0.0000000000
79172  -45.165  -22.287  23.047 0.0000000000
78038  -45.578  -22.673  23.609 0.0000000000
76990  -45.264  -23.403  23.945 0.0000000000
76981  -46.343  -23.568  24.700 0.0000000000
79156  -48.039  -21.535  24.466 0.0000000000
182911  -47.719  -22.324  24.876 0.0000000000
157669  -49.500  -19.665  20.667 0.0000000000
81664  -49.295  -19.830  22.217 0.0000000000
182117  -48.145  -20.199  22.450 0.0000000000
81765  -59.174  -19.227  16.127 0.0000000000
83997  -60.000  -18.684  16.243 0.0000000000
82895  -60.257  -19.315  16.164 0.0000000000
180057  -60.831  -18.904  16.268 0.0000000000
85083  -61.051  -17.185  18.236 0.0000000000
86179  -62.515  -16.524  17.368 0.0000000000
85104  -61.729  -17.535  17.848 0.0000000000
85105  -62.675  -17.257  17.804 0.0000000000
83987  -63.192  -17.582  17.443 0.0000000000
85113  -63.453  -17.232  16.196 0.0000000000
86187  -61.464  -16.995  14.468 0.0000000000
85124  -62.108  -17.448  14.136 0.0000000000
85140  -62.161  -17.325  13.133 0.0000000000
86208  -62.540  -17.002  12.444 0.0000000000
87317  -59.222  -15.314  13.503 0.0000000000
169551  -58.975  -15.752  14.511 0.0000000000
87302  -59.503  -15.898  15.387 0.0000000000
86189  -60.098  -16.322  14.248 0.0000000000
154526  -62.751  -14.209  12.620 0.0000000000
87332  -61.936  -15.564  12.274 0.0000000000
88331  -62.882  -14.812  12.424 0.0000000000
88332  -63.884  -14.826  12.403 0.0000000000
179357  -64.339  -14.302  12.555 0.0000000000
93815  -63.674  -9.824  10.983 0.0000000000
94874  -64.049  -9.133  11.167 0.0000000000
183311  -44.808  -36.369  31.295 0.0000000000
62125  -45.375  -35.994  31.247 0.0000000000
59870  -42.236  -36.877  31.095 0.0000000000
59845  -43.331  -37.263  31.851 0.0000000000
59846  -44.089  -37.201  32.081 0.0000000000
171589  -42.004  -25.920  24.054 0.0000000000
75918  -42.314  -25.244  23.567 0.0000000000
75932  -42.489  -24.531  23.139 0.0000000000
80499  -56.643  -21.445  18.158 0.0000000000
79269  -57.872  -21.901  18.626 0.0000000000
80503  -60.026  -21.535  18.169 0.0000000000
79288  -61.778  -21.616  17.744 0.0000000000
81760  -60.450  -20.302  16.625 0.0000000000
55027  -9.961  -40.464  36.583 0.0000000000
55006  -9.850  -40.907  37.196 0.0000000000
53869  -10.096  -41.578  38.875 0.0000000000
70226  -43.294  -29.487  29.021 0.0000000000
70227  -43.851  -29.622  29.506 0.0000000000
158551  -41.871  -28.640  28.859 0.0000000000
70240  -41.399  -27.894  28.885 0.0000000000
58459  -26.816  -38.426  38.541 0.0000000000
58440  -27.670  -37.698  39.613 0.0000000000
59620  -28.030  -37.463  40.601 0.0000000000
172893  -28.694  -37.053  41.126 0.0000000000
59633  -28.617  -36.861  40.169 0.0000000000
59654  -29.134  -36.529  39.726 0.0000000000
60875  -29.871  -36.265  39.771 0.0000000000
57356  -37.994  -39.217  36.384 0.0000000000
57330  -37.475  -39.324  36.994 0.0000000000
175555  -36.920  -39.343  37.549 0.0000000000
57307  -37.089  -39.420  38.340 0.0000000000
156836  -37.914  -39.509  38.723 0.0000000000
59700  -17.546  -36.887  36.268 0.0000000000
58491  -16.968  -37.089  36.778 0.0000000000
59681  -16.518  -37.227  37.656 0.0000000000
184368  -17.687  -37.087  38.079 0.0000000000
81689  -45.473  -20.306  20.056 0.0000000000
80466  -45.851  -20.418  20.740 0.0000000000
81678  -47.286  -20.097  21.008 0.0000000000
63217  -47.925  -34.006  35.912 0.0000000000
64392  -48.421  -33.355  35.747 0.0000000000
63232  -48.194  -33.956  35.105 0.0000000000
63249  -48.135  -34.149  34.352 0.0000000000
64439  -47.947  -33.617  33.192 0.0000000000
64488  -46.447  -33.552  29.835 0.0000000000
65611  -46.821  -33.101  30.366 0.0000000000
65635  -46.129  -32.735  29.043 0.0000000000
66807  -46.212  -32.126  29.140 0.0000000000
66806  -45.739  -31.771  28.759 0.0000000000
67985  -45.506  -31.165  28.954 0.0000000000
68001  -45.188  -31.495  28.417 0.0000000000
158799  -20.303  -36.910  35.041 0.0000000000
59745  -21.929  -37.503  34.723 0.0000000000
59772  -24.092  -37.739  33.402 0.0000000000
58592  -23.907  -37.961  34.092 0.0000000000
58593  -24.575  -37.902  33.891 0.0000000000
157750  -25.052  -38.379  34.997 0.0000000000
58537  -25.558  -38.428  35.412 0.0000000000
58513  -25.724  -38.624  35.986 0.0000000000
58538  -26.239  -38.186  35.526 0.0000000000
163364  -26.731  -37.698  35.088 0.0000000000
60923  -27.339  -36.951  35.100 0.0000000000
58613  -40.622  -37.628  33.133 0.0000000000
58597  -39.391  -37.727  34.075 0.0000000000
58573  -39.096  -38.233  34.706 0.0000000000
58574  -39.802  -38.118  34.564 0.0000000000
57402  -40.688  -38.445  35.057 0.0000000000
57384  -41.102  -38.677  35.487 0.0000000000
57359  -41.543  -38.850  36.183 0.0000000000
169670  -42.970  -37.995  35.676 0.0000000000
59758  -45.282  -37.104  34.374 0.0000000000
62036  -46.184  -35.322  36.228 0.0000000000
62037  -46.879  -35.029  35.941 0.0000000000
180538  -47.416  -34.688  35.640 0.0000000000
59797  -18.559  -36.830  33.352 0.0000000000
176327  -19.154  -36.675  33.040 0.0000000000
155348  -19.513  -36.632  34.367 0.0000000000
74775  -47.434  -25.807  31.283 0.0000000000
73684  -46.809  -26.128  29.754 0.0000000000
73696  -46.806  -26.322  28.757 0.0000000000
74795  -46.711  -26.222  28.028 0.0000000000
74827  -45.167  -25.566  25.599 0.0000000000
74818  -46.149  -25.630  26.503 0.0000000000
74828  -45.847  -25.229  25.907 0.0000000000
75895  -46.541  -24.937  26.189 0.0000000000
75896  -47.372  -24.578  26.516 0.0000000000
76975  -47.362  -23.635  25.598 0.0000000000
81711  -51.016  -20.317  19.058 0.0000000000
80468  -52.835  -20.973  20.042 0.0000000000
79212  -53.493  -21.255  20.362 0.0000000000
169861  -56.743  -23.133  21.141 0.0000000000
78100  -56.217  -22.806  21.445 0.0000000000
84002  -63.506  -18.239  14.541 0.0000000000
81702  -43.561  -20.290  19.268 0.0000000000
82866  -48.247  -19.257  17.473 0.0000000000
82867  -48.873  -19.384  17.488 0.0000000000
82879  -49.442  -19.151  17.164 0.0000000000
167303  -52.979  -19.310  16.577 0.0000000000
81753  -54.306  -19.741  16.680 0.0000000000
162695  -55.011  -19.656  16.572 0.0000000000
82886  -55.744  -19.622  16.489 0.0000000000
82891  -55.295  -19.115  16.217 0.0000000000
51963  -7.203  -43.446  40.496 0.0000000000
51954  -6.872  -43.762  41.313 0.0000000000
54915  -11.289  -39.858  42.164 0.0000000000
54900  -10.928  -40.332  42.828 0.0000000000
54895  -10.683  -40.781  43.504 0.0000000000
160671  -10.546  -41.097  44.120 0.0000000000
53801  -10.382  -41.540  46.858 0.0000000000
51921  -9.146  -43.310  46.955 0.0000000000
158650  -8.567  -43.662  46.826 0.0000000000
159542  -8.320  -43.925  45.742 0.0000000000
51919  -7.909  -43.759  47.217 0.0000000000
185831  -7.478  -43.921  46.714 0.0000000000
51918  -6.828  -43.855  47.600 0.0000000000
51917  -5.799  -43.991  47.266 0.0000000000
51913  -6.485  -43.794  48.823 0.0000000000
51906  -6.508  -43.941  49.634 0.0000000000
154883  -48.281  -31.120  35.631 0.0000000000
67894  -48.446  -30.407  36.250 0.0000000000
162210  -47.805  -30.276  35.793 0.0000000000
67908  -47.114  -30.183  35.260 0.0000000000
68978  -47.388  -29.389  35.929 0.0000000000
70174  -44.493  -28.558  32.428 0.0000000000
70163  -45.194  -28.546  33.539 0.0000000000
71391  -44.836  -28.277  32.882 0.0000000000
71392  -45.331  -27.888  33.371 0.0000000000
72535  -46.238  -27.688  33.887 0.0000000000
71393  -46.768  -27.748  33.651 0.0000000000
72544  -46.005  -27.450  33.175 0.0000000000
72553  -45.818  -27.021  32.567 0.0000000000
73641  -46.236  -26.541  32.067 0.0000000000
73640  -45.527  -26.657  32.021 0.0000000000
73655  -44.400  -26.838  31.155 0.0000000000
73668  -43.414  -26.881  30.166 0.0000000000
72605  -41.127  -26.999  27.929 0.0000000000
73690  -41.703  -26.843  28.283 0.0000000000
73703  -40.930  -26.901  27.230 0.0000000000
73735  -41.684  -26.651  25.706 0.0000000000
73734  -40.725  -26.734  25.851 0.0000000000
168472  -39.549  -26.396  24.236 0.0000000000
58477  -21.826  -38.279  38.272 0.0000000000
58458  -22.418  -38.578  38.677 0.0000000000
57274  -22.425  -38.708  39.506 0.0000000000
57251  -22.752  -39.182  40.200 0.0000000000
57225  -25.857  -39.417  42.534 0.0000000000
56081  -25.061  -39.692  42.396 0.0000000000
62113  -29.831  -34.872  31.210 0.0000000000
175859  -28.561  -34.059  31.243 0.0000000000
63308  -29.183  -34.496  31.604 0.0000000000
63291  -28.993  -34.579  32.351 0.0000000000
63277  -28.712  -34.749  33.080 0.0000000000
62075  -28.605  -35.581  34.176 0.0000000000
62076  -29.064  -35.269  33.632 0.0000000000
62064  -29.264  -35.956  34.662 0.0000000000
185754  -29.631  -36.252  34.824 0.0000000000
60962  -35.183  -36.655  32.388 0.0000000000
59807  -34.108  -36.902  33.103 0.0000000000
58519  -34.818  -38.457  36.083 0.0000000000
173385  -34.234  -38.197  35.684 0.0000000000
58540  -32.696  -38.222  35.773 0.0000000000
167001  -31.857  -38.137  36.064 0.0000000000
58517  -31.774  -38.182  36.837 0.0000000000
58497  -31.772  -37.978  37.666 0.0000000000
59674  -31.506  -37.316  38.374 0.0000000000
57303  -32.780  -38.258  38.793 0.0000000000
57396  -14.441  -38.802  34.587 0.0000000000
57373  -14.301  -38.875  35.396 0.0000000000
57372  -13.479  -39.123  35.455 0.0000000000
57317  -13.474  -38.983  36.978 0.0000000000
57295  -13.192  -38.925  37.801 0.0000000000
59646  -16.051  -37.485  38.992 0.0000000000
78093  -41.846  -22.754  21.278 0.0000000000
77025  -42.434  -23.261  22.149 0.0000000000
78073  -42.290  -22.896  21.738 0.0000000000
78074  -42.849  -22.731  21.925 0.0000000000
79191  -45.360  -21.627  22.601 0.0000000000
81682  -51.621  -19.559  21.264 0.0000000000
81681  -49.746  -19.609  21.562 0.0000000000
155961  -51.032  -19.478  21.603 0.0000000000
166368  -58.449  -18.809  15.997 0.0000000000
183990  -62.082  -16.429  17.721 0.0000000000
85112  -62.739  -16.634  16.406 0.0000000000
156805  -61.784  -16.615  15.512 0.0000000000
89334  -59.034  -13.643  13.195 0.0000000000
156461  -59.242  -14.279  13.028 0.0000000000
88329  -60.088  -14.353  12.783 0.0000000000
88320  -60.243  -15.185  12.778 0.0000000000
89346  -60.788  -14.715  12.601 0.0000000000
89348  -63.156  -13.729  12.664 0.0000000000
90409  -64.550  -12.980  12.566 0.0000000000
158723  -63.470  -7.824  9.985 0.0000000000
96807  -64.359  -7.367  11.034 0.0000000000
97797  -64.333  -6.706  11.120 0.0000000000
62091  -47.056  -35.418  32.875 0.0000000000
62104  -46.920  -35.165  32.139 0.0000000000
63296  -46.511  -35.232  31.569 0.0000000000
63314  -46.499  -34.614  30.858 0.0000000000
162811  -46.203  -34.237  30.060 0.0000000000
64506  -45.993  -33.911  29.540 0.0000000000
59799  -20.880  -36.775  32.756 0.0000000000
175506  -23.430  -37.401  32.441 0.0000000000
59835  -25.110  -36.779  32.473 0.0000000000
60975  -25.549  -36.037  32.157 0.0000000000
59867  -39.849  -36.971  31.220 0.0000000000
59841  -40.323  -37.220  31.769 0.0000000000
59815  -40.779  -37.438  32.331 0.0000000000
58614  -41.170  -37.604  32.729 0.0000000000
58600  -41.874  -37.932  33.416 0.0000000000
58601  -42.413  -38.069  33.904 0.0000000000
58602  -43.087  -37.890  33.672 0.0000000000
59785  -43.700  -37.689  33.276 0.0000000000
59786  -44.391  -37.519  33.586 0.0000000000
59819  -44.976  -37.252  33.157 0.0000000000
60949  -45.594  -36.940  33.563 0.0000000000
60950  -46.267  -36.438  33.579 0.0000000000
73724  -44.136  -26.603  26.485 0.0000000000
73738  -44.025  -26.367  25.798 0.0000000000
74826  -44.462  -25.849  25.399 0.0000000000
74836  -43.475  -25.753  24.620 0.0000000000
74837  -44.137  -25.624  24.911 0.0000000000
75903  -44.771  -25.142  24.941 0.0000000000
80496  -54.063  -21.422  18.275 0.0000000000
79246  -53.748  -21.702  19.042 0.0000000000
79248  -55.121  -22.320  19.651 0.0000000000
79249  -56.684  -22.311  19.208 0.0000000000
78136  -56.361  -22.695  19.861 0.0000000000
78112  -56.877  -23.053  20.528 0.0000000000
77086  -57.669  -23.237  20.544 0.0000000000
77087  -58.402  -23.726  21.244 0.0000000000
80518  -62.366  -21.110  17.137 0.0000000000
82898  -63.644  -18.939  16.609 0.0000000000
183426  -9.274  -41.233  37.202 0.0000000000
53887  -8.533  -41.983  37.948 0.0000000000
53867  -8.830  -42.118  38.582 0.0000000000
52900  -8.491  -42.528  39.156 0.0000000000
67942  -46.069  -30.858  31.982 0.0000000000
67930  -46.041  -30.498  33.096 0.0000000000
69028  -45.540  -30.405  31.536 0.0000000000
70175  -44.655  -29.240  31.944 0.0000000000
70207  -43.696  -29.122  30.321 0.0000000000
157895  -44.080  -28.506  31.915 0.0000000000
71429  -43.288  -27.858  31.057 0.0000000000
72580  -43.019  -27.181  30.437 0.0000000000
71451  -42.467  -27.332  30.070 0.0000000000
71486  -41.326  -27.382  28.596 0.0000000000
72604  -40.585  -27.152  27.422 0.0000000000
72625  -39.590  -27.029  26.101 0.0000000000
159512  -24.494  -39.481  38.468 0.0000000000
164619  -24.492  -39.541  39.144 0.0000000000
179622  -25.063  -39.594  39.382 0.0000000000
57254  -25.311  -39.547  40.117 0.0000000000
62139  -29.888  -34.838  30.505 0.0000000000
177402  -30.327  -35.208  30.894 0.0000000000
60976  -30.798  -35.863  32.014 0.0000000000
60957  -31.230  -36.355  32.666 0.0000000000
58595  -36.537  -37.498  33.995 0.0000000000
59756  -35.840  -37.408  34.063 0.0000000000
58570  -36.222  -37.726  34.516 0.0000000000
171555  -35.823  -37.919  35.018 0.0000000000
58543  -35.365  -38.180  35.521 0.0000000000
57354  -36.442  -38.801  36.221 0.0000000000
57352  -34.448  -38.825  36.788 0.0000000000
57326  -34.082  -39.001  37.465 0.0000000000
57304  -33.791  -38.961  38.198 0.0000000000
164927  -34.567  -39.126  38.136 0.0000000000
156753  -35.018  -39.204  38.813 0.0000000000
156751  -36.572  -39.341  38.954 0.0000000000
57284  -36.178  -39.271  39.555 0.0000000000
57261  -36.223  -39.049  40.435 0.0000000000
58589  -15.467  -38.296  33.395 0.0000000000
168066  -15.700  -38.257  34.168 0.0000000000
58559  -15.534  -38.312  34.919 0.0000000000
184935  -15.992  -37.968  35.170 0.0000000000
58506  -15.026  -38.222  36.659 0.0000000000
176897  -14.645  -38.288  37.049 0.0000000000
59664  -16.096  -37.368  38.294 0.0000000000
167635  -43.292  -21.480  20.930 0.0000000000
79210  -43.568  -21.696  21.360 0.0000000000
80449  -45.614  -20.734  21.344 0.0000000000
80433  -47.614  -20.485  22.644 0.0000000000
181244  -57.908  -17.277  17.400 0.0000000000
85101  -58.601  -17.463  17.387 0.0000000000
85082  -60.033  -17.220  18.339 0.0000000000
91563  -60.576  -12.512  13.053 0.0000000000
91564  -61.141  -12.653  12.727 0.0000000000
91581  -61.979  -12.100  11.757 0.0000000000
92677  -62.746  -11.800  11.272 0.0000000000
92692  -62.491  -11.094  10.795 0.0000000000
93814  -62.879  -9.898  10.102 0.0000000000
94863  -61.267  -9.698  10.562 0.0000000000
94880  -62.634  -9.166  9.715 0.0000000000
95906  -63.168  -8.709  9.838 0.0000000000
56132  -11.659  -40.186  38.598 0.0000000000
170086  -11.103  -40.722  38.749 0.0000000000
54972  -11.445  -40.435  39.310 0.0000000000
56033  -11.454  -39.664  42.957 0.0000000000
65508  -48.867  -31.830  37.365 0.0000000000
65523  -48.788  -31.895  36.531 0.0000000000
64393  -48.598  -32.717  35.651 0.0000000000
65522  -48.594  -31.980  35.607 0.0000000000
66709  -48.173  -31.949  34.714 0.0000000000
66726  -47.273  -31.652  33.637 0.0000000000
176066  -47.044  -31.759  33.036 0.0000000000
63267  -47.588  -34.796  33.197 0.0000000000
173503  -47.717  -34.186  32.798 0.0000000000
64438  -47.567  -33.521  32.508 0.0000000000
177479  -47.030  -33.396  30.964 0.0000000000
65588  -47.066  -32.724  31.115 0.0000000000
65560  -47.397  -32.943  32.308 0.0000000000
161920  -47.224  -32.278  32.490 0.0000000000
67931  -46.676  -31.454  32.443 0.0000000000
67954  -46.101  -30.994  31.019 0.0000000000
69059  -44.573  -30.263  29.158 0.0000000000
67984  -44.944  -30.886  28.664 0.0000000000
69091  -42.881  -30.120  27.700 0.0000000000
173877  -19.496  -37.172  37.653 0.0000000000
59685  -21.176  -37.708  37.315 0.0000000000
59704  -20.949  -37.449  36.534 0.0000000000
58492  -21.856  -38.086  37.505 0.0000000000
155440  -22.458  -38.426  37.873 0.0000000000
58561  -22.677  -37.850  34.853 0.0000000000
58562  -23.814  -38.206  34.793 0.0000000000
180910  -23.260  -38.123  35.002 0.0000000000
58494  -23.420  -38.646  36.894 0.0000000000
57320  -23.797  -39.029  37.480 0.0000000000
57298  -24.142  -39.320  38.023 0.0000000000
57299  -24.834  -39.403  37.934 0.0000000000
184988  -25.292  -39.433  38.164 0.0000000000
57349  -25.916  -38.796  36.552 0.0000000000
57324  -26.435  -38.584  37.019 0.0000000000
58478  -26.655  -38.504  37.792 0.0000000000
58479  -27.287  -37.918  37.966 0.0000000000
59688  -28.279  -36.654  37.611 0.0000000000
61015  -36.318  -35.779  31.179 0.0000000000
175031  -35.774  -35.920  31.402 0.0000000000
60982  -35.487  -36.278  31.821 0.0000000000
59839  -38.414  -36.916  31.912 0.0000000000
59813  -39.358  -37.293  32.689 0.0000000000
179593  -38.661  -37.194  32.747 0.0000000000
59812  -37.941  -37.072  32.768 0.0000000000
59783  -36.846  -37.234  33.458 0.0000000000
57381  -39.070  -38.829  35.393 0.0000000000
157324  -38.466  -39.019  35.784 0.0000000000
56166  -40.073  -39.794  37.293 0.0000000000
56148  -40.579  -39.688  37.950 0.0000000000
57309  -41.125  -39.410  37.498 0.0000000000
57310  -41.630  -38.955  37.835 0.0000000000
58499  -42.090  -38.525  37.334 0.0000000000
58521  -42.042  -38.615  36.643 0.0000000000
58500  -42.536  -37.923  37.602 0.0000000000
59692  -42.851  -37.251  37.860 0.0000000000
60902  -43.457  -36.283  37.726 0.0000000000
60893  -43.805  -35.639  38.117 0.0000000000
58578  -43.014  -37.994  34.472 0.0000000000
58548  -43.208  -37.926  35.189 0.0000000000
59731  -44.917  -37.195  34.979 0.0000000000
181867  -44.175  -37.049  35.906 0.0000000000
60903  -43.989  -36.129  37.140 0.0000000000
62007  -44.713  -34.680  38.289 0.0000000000
64358  -46.491  -33.223  38.391 0.0000000000
181660  -16.602  -37.675  32.690 0.0000000000
59767  -16.812  -37.635  33.357 0.0000000000
59768  -18.235  -36.901  33.852 0.0000000000
59740  -17.798  -37.029  34.376 0.0000000000
59701  -18.630  -36.586  36.012 0.0000000000
72569  -49.251  -26.747  31.521 0.0000000000
74763  -48.903  -25.757  31.507 0.0000000000
74764  -49.779  -25.773  31.698 0.0000000000
73644  -50.569  -25.724  31.997 0.0000000000
173521  -50.382  -25.426  31.586 0.0000000000
177283  -45.735  -26.604  27.681 0.0000000000
74807  -46.295  -26.292  27.552 0.0000000000
74808  -46.966  -25.781  27.464 0.0000000000
164172  -47.337  -25.883  28.261 0.0000000000
74796  -48.192  -25.423  28.625 0.0000000000
167853  -48.305  -19.889  19.755 0.0000000000
164161  -49.241  -19.855  19.933 0.0000000000
175025  -51.109  -19.592  20.817 0.0000000000
168532  -50.849  -19.934  20.012 0.0000000000
81696  -51.586  -19.823  20.500 0.0000000000
79231  -53.880  -21.819  19.910 0.0000000000
79213  -54.087  -21.625  20.689 0.0000000000
78099  -55.494  -22.370  21.244 0.0000000000
159479  -54.479  -21.170  21.244 0.0000000000
157995  -53.885  -20.635  21.135 0.0000000000
174081  -54.523  -20.396  21.910 0.0000000000
173663  -4.246  -45.343  43.562 0.0000000000
75948  -40.108  -24.603  21.921 0.0000000000
77022  -40.397  -24.062  21.542 0.0000000000
78108  -40.483  -22.912  20.522 0.0000000000
80461  -41.528  -21.362  19.777 0.0000000000
79230  -42.677  -21.552  20.608 0.0000000000
80463  -43.444  -21.030  20.381 0.0000000000
81688  -44.685  -20.435  19.989 0.0000000000
81723  -46.425  -19.699  18.520 0.0000000000
81727  -49.950  -19.986  18.395 0.0000000000
82870  -51.377  -19.458  17.008 0.0000000000
81740  -51.736  -20.061  17.392 0.0000000000
80504  -52.878  -20.834  17.823 0.0000000000
80507  -55.440  -21.083  17.719 0.0000000000
81744  -55.040  -20.547  17.296 0.0000000000
80508  -56.223  -21.051  17.674 0.0000000000
80509  -56.998  -21.032  17.633 0.0000000000
81748  -58.185  -20.508  17.155 0.0000000000
81757  -57.776  -20.019  16.687 0.0000000000
82894  -57.738  -18.836  15.995 0.0000000000
85100  -57.198  -17.283  16.961 0.0000000000
85079  -57.530  -16.955  18.063 0.0000000000
169866  -10.814  -41.122  39.269 0.0000000000
53849  -10.272  -41.709  39.634 0.0000000000
54938  -10.717  -41.243  40.951 0.0000000000
161488  -10.398  -41.776  40.291 0.0000000000
52887  -9.856  -42.268  40.099 0.0000000000
52874  -9.641  -42.696  40.829 0.0000000000
51957  -9.329  -43.165  41.540 0.0000000000
56014  -11.230  -40.326  45.395 0.0000000000
53806  -10.442  -41.414  44.706 0.0000000000
52859  -10.235  -42.266  44.464 0.0000000000
52852  -9.993  -42.386  46.231 0.0000000000
181143  -10.010  -42.743  44.944 0.0000000000
52862  -10.208  -42.408  43.772 0.0000000000
52861  -9.915  -43.034  43.447 0.0000000000
51952  -9.372  -43.367  42.364 0.0000000000
51951  -8.740  -43.550  41.988 0.0000000000
158891  -8.103  -43.592  41.696 0.0000000000
158239  -7.975  -43.747  42.345 0.0000000000
51937  -7.725  -43.982  44.450 0.0000000000
51936  -6.924  -44.013  44.185 0.0000000000
49748  -4.167  -45.097  44.437 0.0000000000
49743  -3.937  -44.959  45.274 0.0000000000
50864  -3.723  -44.965  46.194 0.0000000000
51911  -4.927  -44.318  47.928 0.0000000000
50855  -4.321  -44.671  47.455 0.0000000000
181925  -50.969  -29.911  30.110 0.0000000000
66671  -50.506  -31.232  36.909 0.0000000000
68955  -49.586  -30.146  36.716 0.0000000000
70128  -47.143  -28.686  35.724 0.0000000000
70139  -45.974  -28.380  34.641 0.0000000000
70140  -46.576  -28.359  35.206 0.0000000000
71331  -48.368  -28.033  35.641 0.0000000000
71332  -49.217  -28.082  35.543 0.0000000000
68987  -50.157  -28.654  34.689 0.0000000000
69006  -49.581  -29.647  32.857 0.0000000000
69016  -49.066  -29.719  31.973 0.0000000000
176213  -47.877  -28.674  32.946 0.0000000000
69029  -49.060  -29.512  31.134 0.0000000000
70190  -49.298  -29.314  30.571 0.0000000000
70208  -49.095  -28.827  30.374 0.0000000000
72568  -48.513  -27.528  31.006 0.0000000000
73643  -47.373  -26.479  31.811 0.0000000000
73658  -46.730  -25.973  31.624 0.0000000000
73657  -46.050  -26.157  31.554 0.0000000000
73671  -45.977  -26.308  30.462 0.0000000000
164071  -44.959  -26.794  28.862 0.0000000000
73680  -43.307  -26.758  29.378 0.0000000000
73691  -42.432  -26.718  28.531 0.0000000000
183145  -43.127  -26.683  28.730 0.0000000000
73749  -42.461  -26.504  25.162 0.0000000000
73748  -41.880  -26.416  24.779 0.0000000000
74845  -41.074  -25.925  23.805 0.0000000000
69102  -40.902  -29.611  26.777 0.0000000000
160164  -39.067  -27.226  25.721 0.0000000000
72633  -38.842  -27.018  25.173 0.0000000000
72642  -38.100  -27.176  24.443 0.0000000000
72643  -38.618  -26.902  24.539 0.0000000000
74876  -38.144  -25.682  22.214 0.0000000000
74855  -38.625  -25.837  22.716 0.0000000000
74856  -39.320  -25.678  22.810 0.0000000000
74878  -39.749  -25.140  22.339 0.0000000000
59651  -19.872  -37.660  38.789 0.0000000000
62098  -25.812  -35.297  31.887 0.0000000000
155997  -26.122  -35.535  32.381 0.0000000000
60946  -26.618  -36.365  33.566 0.0000000000
62060  -27.271  -36.166  34.012 0.0000000000
60935  -27.666  -36.242  34.715 0.0000000000
60924  -27.839  -36.486  35.397 0.0000000000
62062  -28.405  -35.911  34.479 0.0000000000
62046  -28.558  -36.121  35.083 0.0000000000
60911  -28.169  -36.431  36.119 0.0000000000
60912  -28.698  -36.168  36.356 0.0000000000
178933  -28.804  -36.177  37.275 0.0000000000
61011  -32.649  -36.018  31.342 0.0000000000
60980  -33.937  -36.364  31.837 0.0000000000
60979  -33.130  -36.324  31.932 0.0000000000
59755  -35.142  -37.393  34.183 0.0000000000
59779  -33.806  -37.134  33.766 0.0000000000
59753  -33.473  -37.449  34.430 0.0000000000
59778  -32.944  -37.153  33.809 0.0000000000
60948  -30.949  -36.608  33.322 0.0000000000
60937  -30.601  -36.748  34.055 0.0000000000
59749  -30.136  -36.699  34.877 0.0000000000
59727  -29.972  -36.680  35.722 0.0000000000
58539  -31.232  -37.727  35.700 0.0000000000
59708  -30.584  -37.224  36.120 0.0000000000
161317  -29.469  -36.311  36.600 0.0000000000
60901  -29.348  -36.223  37.083 0.0000000000
60888  -29.349  -36.143  38.036 0.0000000000
162733  -29.916  -36.152  38.734 0.0000000000
60876  -30.442  -36.202  39.444 0.0000000000
181382  -31.323  -36.807  38.942 0.0000000000
60865  -30.951  -36.337  40.111 0.0000000000
57281  -33.525  -38.638  39.059 0.0000000000
58463  -33.567  -38.266  40.134 0.0000000000
167200  -11.435  -40.266  37.797 0.0000000000
57369  -11.316  -39.170  35.265 0.0000000000
56195  -11.458  -39.563  35.846 0.0000000000
57340  -12.465  -39.434  35.887 0.0000000000
56196  -12.014  -39.542  36.020 0.0000000000
154684  -41.928  -24.277  22.672 0.0000000000
77001  -42.626  -23.764  22.682 0.0000000000
75933  -43.255  -24.058  23.220 0.0000000000
174972  -45.066  -23.979  24.243 0.0000000000
79189  -43.876  -21.943  21.855 0.0000000000
78076  -44.145  -22.271  22.378 0.0000000000
78058  -44.454  -22.637  22.887 0.0000000000
76980  -45.653  -23.809  24.453 0.0000000000
78028  -47.088  -23.222  25.042 0.0000000000
81679  -48.098  -19.945  21.150 0.0000000000
80416  -48.505  -20.405  23.169 0.0000000000
179700  -63.285  -18.315  17.085 0.0000000000
154868  -63.904  -18.346  16.435 0.0000000000
178252  -63.834  -17.763  16.199 0.0000000000
85114  -63.705  -17.819  15.657 0.0000000000
85125  -62.787  -17.842  13.744 0.0000000000
85154  -63.454  -17.251  12.209 0.0000000000
183049  -60.234  -15.902  15.894 0.0000000000
86185  -60.311  -16.176  15.267 0.0000000000
86190  -60.751  -16.622  13.883 0.0000000000
86206  -60.919  -16.442  13.112 0.0000000000
87319  -60.544  -15.827  12.907 0.0000000000
86222  -61.295  -16.098  12.517 0.0000000000
86207  -61.701  -16.708  12.782 0.0000000000
92678  -63.634  -11.232  11.518 0.0000000000
94864  -64.512  -9.457  11.803 0.0000000000
95891  -64.751  -7.841  11.577 0.0000000000
49742  -3.253  -45.537  45.771 0.0000000000
49747  -3.490  -45.660  44.337 0.0000000000
50856  -5.027  -44.235  46.905 0.0000000000
51905  -5.695  -44.150  49.213 0.0000000000
51925  -8.150  -43.874  46.394 0.0000000000
51926  -8.899  -43.688  46.116 0.0000000000
51931  -8.013  -43.997  45.165 0.0000000000
51933  -9.357  -43.490  45.563 0.0000000000
51935  -6.343  -44.077  44.619 0.0000000000
51941  -6.785  -44.005  43.422 0.0000000000
51943  -8.933  -43.758  43.542 0.0000000000
51947  -9.444  -43.452  43.115 0.0000000000
51956  -8.519  -43.406  41.282 0.0000000000
52853  -10.375  -41.601  46.027 0.0000000000
53809  -10.363  -41.802  44.089 0.0000000000
53911  -8.222  -41.795  37.226 0.0000000000
57308  -38.510  -39.692  37.978 0.0000000000
57347  -24.749  -38.940  36.451 0.0000000000
57401  -40.124  -38.465  35.035 0.0000000000
58533  -22.143  -37.702  35.421 0.0000000000
58534  -22.855  -38.070  35.521 0.0000000000
58535  -23.623  -38.387  35.566 0.0000000000
58564  -25.190  -38.018  34.313 0.0000000000
58616  -42.327  -37.790  32.838 0.0000000000
59774  -26.002  -36.954  33.556 0.0000000000
59794  -16.095  -37.963  32.999 0.0000000000
59802  -24.467  -37.374  32.760 0.0000000000
59834  -23.837  -37.243  32.211 0.0000000000
60925  -28.401  -36.353  35.863 0.0000000000
60927  -44.737  -36.870  35.597 0.0000000000
60939  -46.468  -36.226  34.185 0.0000000000
62045  -27.962  -36.216  34.801 0.0000000000
62087  -27.243  -35.338  33.135 0.0000000000
62100  -29.704  -34.918  31.983 0.0000000000
63276  -28.066  -34.768  33.030 0.0000000000
64446  -27.313  -34.167  31.581 0.0000000000
65492  -48.978  -31.870  37.882 0.0000000000
65574  -47.231  -32.680  31.855 0.0000000000
66755  -46.996  -32.079  31.699 0.0000000000
67877  -49.138  -30.305  36.664 0.0000000000
67921  -47.623  -31.572  34.232 0.0000000000
68969  -49.875  -29.634  36.394 0.0000000000
68979  -50.643  -29.566  35.779 0.0000000000
68986  -46.708  -29.279  35.406 0.0000000000
69005  -45.423  -29.514  33.369 0.0000000000
69027  -44.992  -29.901  31.298 0.0000000000
70114  -48.858  -29.033  36.270 0.0000000000
70116  -50.196  -29.279  36.010 0.0000000000
70131  -49.886  -28.673  35.756 0.0000000000
70152  -48.603  -28.561  33.791 0.0000000000
70176  -47.811  -28.823  32.053 0.0000000000
70187  -44.371  -29.263  31.280 0.0000000000
70189  -48.588  -28.910  30.802 0.0000000000
71330  -47.472  -28.150  35.471 0.0000000000
71333  -49.848  -28.401  35.315 0.0000000000
71349  -46.360  -27.959  34.560 0.0000000000
71352  -48.601  -27.898  35.298 0.0000000000
71371  -46.189  -27.757  34.142 0.0000000000
72534  -45.860  -27.615  33.726 0.0000000000
72536  -46.527  -27.713  34.053 0.0000000000
72570  -50.008  -27.600  30.733 0.0000000000
73683  -46.121  -26.546  29.240 0.0000000000
74787  -48.933  -25.093  29.300 0.0000000000
78110  -55.656  -22.709  20.761 0.0000000000
81669  -53.423  -19.583  22.804 0.0000000000
81685  -53.904  -19.926  22.056 0.0000000000
86186  -60.859  -16.564  14.794 0.0000000000
86223  -62.191  -16.350  12.289 0.0000000000
87306  -59.483  -15.769  13.898 0.0000000000
87331  -60.998  -15.412  12.454 0.0000000000
88319  -59.528  -14.949  13.089 0.0000000000
90398  -60.836  -13.129  12.900 0.0000000000
91570  -61.447  -12.327  12.312 0.0000000000
91582  -63.061  -12.420  11.867 0.0000000000
92675  -60.917  -10.729  11.710 0.0000000000
93803  -64.244  -10.304  11.722 0.0000000000
94873  -62.049  -9.556  9.948 0.0000000000
95890  -63.979  -8.402  10.881 0.0000000000
154400  -49.666  -25.500  31.403 0.0000000000
155780  -59.700  -13.675  12.993 0.0000000000
156415  -63.721  -14.257  12.713 0.0000000000
157040  -18.021  -37.054  33.256 0.0000000000
157820  -46.118  -33.344  29.232 0.0000000000
158142  -22.401  -37.452  33.334 0.0000000000
158241  -8.322  -43.905  43.973 0.0000000000
158286  -49.983  -30.448  30.613 0.0000000000
163048  -47.307  -35.301  33.682 0.0000000000
163677  -5.412  -44.429  44.088 0.0000000000
163807  -23.688  -37.525  32.843 0.0000000000
164066  -6.650  -44.008  45.828 0.0000000000
164080  -10.416  -41.685  43.508 0.0000000000
164752  -28.693  -35.944  34.674 0.0000000000
174180  -26.066  -39.031  37.709 0.0000000000
175988  -50.765  -29.237  34.649 0.0000000000
176503  -37.854  -37.563  33.893 0.0000000000
177672  -41.277  -23.254  21.344 0.0000000000
178793  -29.116  -35.720  34.075 0.0000000000
179394  -7.516  -43.674  41.739 0.0000000000
180013  -55.647  -21.894  18.612 0.0000000000
180866  -46.426  -25.951  31.192 0.0000000000
181560  -9.250  -42.688  40.256 0.0000000000
181654  -38.945  -39.153  35.893 0.0000000000
181809  -30.706  -35.385  30.694 0.0000000000
181863  -48.778  -19.870  19.857 0.0000000000
183512  -28.274  -35.446  33.857 0.0000000000
184195  -49.403  -30.032  32.208 0.0000000000
184520  -27.417  -37.398  36.145 0.0000000000
184956  -54.570  -21.471  18.232 0.0000000000
185090  -64.022  -7.103  10.529 0.0000000000
185523  -10.097  -42.393  45.571 0.0000000000
