#!ascii label  , from subject sub-v2s13x29129_ses-1 vox2ras=TkReg
1242
61050  -43.898  -35.841  30.630 0.0000000000
63382  -22.419  -34.512  27.486 0.0000000000
62170  -33.883  -35.134  29.406 0.0000000000
87246  -50.017  -14.836  19.426 0.0000000000
86117  -59.041  -16.214  19.642 0.0000000000
64411  -12.716  -33.479  34.195 0.0000000000
86129  -44.565  -16.562  19.419 0.0000000000
65659  -44.689  -32.615  28.246 0.0000000000
61043  -38.862  -36.030  30.218 0.0000000000
64475  -16.791  -34.127  30.059 0.0000000000
58622  -15.279  -37.907  32.176 0.0000000000
176911  -42.187  -34.466  32.174 0.0000000000
66805  -40.855  -32.087  29.538 0.0000000000
66839  -27.099  -31.893  28.154 0.0000000000
65606  -36.492  -32.868  30.084 0.0000000000
79263  -38.224  -21.617  18.492 0.0000000000
82860  -42.533  -18.712  17.438 0.0000000000
83976  -48.519  -17.959  16.467 0.0000000000
57365  -7.484  -39.195  35.260 0.0000000000
54985  -4.467  -41.235  37.952 0.0000000000
158019  -37.846  -31.148  26.621 0.0000000000
70309  -34.068  -28.943  23.413 0.0000000000
75986  -35.064  -24.473  20.114 0.0000000000
58584  -10.844  -37.783  34.053 0.0000000000
61037  -21.488  -36.393  30.002 0.0000000000
62138  -24.303  -35.442  30.239 0.0000000000
183586  -41.649  -36.556  30.936 0.0000000000
66798  -20.986  -31.765  29.085 0.0000000000
63362  -19.537  -34.652  28.220 0.0000000000
61034  -18.090  -36.133  30.186 0.0000000000
63279  -41.054  -34.366  32.966 0.0000000000
64462  -39.023  -34.145  30.944 0.0000000000
82841  -37.799  -18.995  19.138 0.0000000000
179433  -40.420  -20.064  18.091 0.0000000000
85065  -39.979  -17.652  18.400 0.0000000000
86158  -46.091  -16.662  16.820 0.0000000000
87284  -48.932  -15.982  16.558 0.0000000000
83979  -51.061  -18.360  16.498 0.0000000000
87287  -51.564  -16.061  16.713 0.0000000000
86174  -53.722  -16.413  16.875 0.0000000000
69038  -37.164  -29.602  30.153 0.0000000000
67998  -38.776  -31.538  28.509 0.0000000000
69069  -35.487  -29.669  27.991 0.0000000000
73744  -31.719  -26.687  24.800 0.0000000000
165613  -31.631  -25.361  22.537 0.0000000000
73784  -34.513  -26.344  21.829 0.0000000000
78071  -32.773  -23.274  21.467 0.0000000000
79225  -34.413  -22.102  19.996 0.0000000000
63367  -30.112  -34.229  28.237 0.0000000000
60933  -9.269  -36.312  34.407 0.0000000000
62071  -11.038  -35.480  33.391 0.0000000000
50905  -4.722  -43.967  38.423 0.0000000000
49779  -3.724  -45.218  39.264 0.0000000000
85051  -42.174  -17.193  20.697 0.0000000000
178142  -42.755  -30.812  27.259 0.0000000000
62120  -36.393  -35.472  30.604 0.0000000000
64442  -14.811  -33.812  32.241 0.0000000000
62094  -13.421  -36.134  31.980 0.0000000000
62110  -15.598  -35.779  30.590 0.0000000000
176910  -58.555  -15.074  18.533 0.0000000000
62124  -42.953  -35.165  30.787 0.0000000000
64486  -43.150  -33.412  30.364 0.0000000000
65586  -42.296  -32.665  31.078 0.0000000000
157581  -23.281  -30.600  27.250 0.0000000000
163126  -24.497  -32.785  27.962 0.0000000000
165574  -26.071  -30.014  27.361 0.0000000000
68012  -29.274  -30.782  26.990 0.0000000000
65650  -32.271  -32.686  28.007 0.0000000000
185395  -33.707  -32.451  30.015 0.0000000000
64523  -35.122  -33.469  28.601 0.0000000000
63355  -37.905  -34.637  29.431 0.0000000000
62151  -40.091  -35.665  30.323 0.0000000000
77071  -39.303  -23.458  20.326 0.0000000000
86154  -42.857  -17.053  17.634 0.0000000000
82876  -45.469  -18.526  16.792 0.0000000000
86161  -56.139  -16.846  17.545 0.0000000000
56172  -5.858  -40.525  36.430 0.0000000000
52915  -6.303  -42.839  37.775 0.0000000000
65631  -42.319  -32.616  28.816 0.0000000000
66860  -40.730  -31.665  26.747 0.0000000000
68032  -40.066  -30.522  25.917 0.0000000000
71509  -33.396  -28.232  26.795 0.0000000000
68040  -35.559  -30.344  25.307 0.0000000000
70280  -38.348  -29.161  25.561 0.0000000000
71543  -37.651  -27.578  24.469 0.0000000000
73787  -36.873  -26.178  22.441 0.0000000000
75969  -37.648  -24.868  20.888 0.0000000000
174089  -36.464  -23.111  19.076 0.0000000000
81686  -36.190  -20.363  19.892 0.0000000000
64458  -26.327  -33.714  30.716 0.0000000000
60909  -7.815  -36.641  36.337 0.0000000000
57391  -9.064  -38.381  34.829 0.0000000000
59766  -12.711  -37.761  33.150 0.0000000000
49770  -1.679  -45.556  40.206 0.0000000000
61067  -21.582  -35.725  28.743 0.0000000000
61039  -22.882  -36.178  29.856 0.0000000000
62182  -23.174  -34.923  28.288 0.0000000000
61020  -42.846  -36.419  30.901 0.0000000000
66832  -21.452  -32.578  27.358 0.0000000000
65645  -19.930  -33.283  28.137 0.0000000000
63363  -20.593  -34.302  27.668 0.0000000000
62162  -20.101  -35.667  28.997 0.0000000000
83941  -38.321  -18.281  20.518 0.0000000000
171633  -38.878  -18.369  18.458 0.0000000000
85047  -39.450  -17.532  19.785 0.0000000000
87245  -48.744  -14.854  18.863 0.0000000000
87257  -47.882  -15.268  17.843 0.0000000000
88283  -49.691  -14.930  17.825 0.0000000000
170743  -50.345  -15.828  16.695 0.0000000000
88289  -50.510  -14.950  17.836 0.0000000000
87275  -51.909  -15.462  17.349 0.0000000000
69055  -36.487  -29.668  29.049 0.0000000000
76989  -30.921  -23.892  24.048 0.0000000000
77020  -31.870  -24.178  22.130 0.0000000000
78055  -32.327  -22.479  22.539 0.0000000000
79187  -33.548  -21.997  22.117 0.0000000000
63369  -32.037  -34.435  28.150 0.0000000000
62167  -31.297  -35.179  29.580 0.0000000000
62142  -32.527  -35.426  29.950 0.0000000000
63252  -10.604  -34.242  34.033 0.0000000000
63254  -12.109  -33.931  33.545 0.0000000000
86148  -58.208  -16.719  19.267 0.0000000000
50898  -4.290  -44.590  38.893 0.0000000000
65634  -45.704  -33.067  28.801 0.0000000000
66851  -44.103  -31.620  27.740 0.0000000000
62121  -37.474  -36.029  30.832 0.0000000000
60985  -37.917  -36.497  31.327 0.0000000000
65596  -17.656  -32.917  30.132 0.0000000000
65565  -16.303  -32.591  31.901 0.0000000000
65551  -15.357  -32.700  32.988 0.0000000000
64455  -15.765  -34.005  31.132 0.0000000000
63301  -14.971  -34.893  31.312 0.0000000000
63324  -16.122  -35.318  30.269 0.0000000000
60970  -19.055  -36.491  31.426 0.0000000000
61001  -18.198  -36.491  30.939 0.0000000000
63312  -41.998  -34.929  31.585 0.0000000000
64463  -43.101  -33.536  31.165 0.0000000000
64450  -42.857  -33.421  31.888 0.0000000000
70234  -23.965  -29.129  28.343 0.0000000000
69081  -24.414  -30.005  27.452 0.0000000000
70236  -25.374  -28.680  27.630 0.0000000000
70238  -28.926  -29.237  28.057 0.0000000000
69067  -29.963  -30.122  28.158 0.0000000000
68013  -30.309  -31.564  27.592 0.0000000000
67994  -31.291  -31.717  28.621 0.0000000000
65583  -35.221  -32.730  31.196 0.0000000000
65604  -34.969  -32.658  29.711 0.0000000000
65626  -34.788  -32.850  29.048 0.0000000000
65628  -36.175  -33.066  29.230 0.0000000000
63353  -36.525  -34.057  29.088 0.0000000000
64483  -37.479  -33.629  29.428 0.0000000000
63293  -40.496  -34.802  31.716 0.0000000000
63309  -39.399  -34.648  30.441 0.0000000000
63311  -41.008  -35.091  31.321 0.0000000000
62152  -41.351  -35.751  30.845 0.0000000000
165861  -38.467  -22.859  19.340 0.0000000000
78107  -39.815  -22.923  20.149 0.0000000000
79264  -39.139  -21.723  18.818 0.0000000000
81737  -41.360  -19.381  17.913 0.0000000000
80492  -41.699  -20.389  18.809 0.0000000000
86106  -43.229  -16.908  20.169 0.0000000000
86126  -41.998  -16.908  19.180 0.0000000000
86128  -43.464  -16.663  18.705 0.0000000000
172037  -47.525  -17.189  16.328 0.0000000000
170350  -45.767  -17.430  16.469 0.0000000000
82878  -46.976  -18.120  16.622 0.0000000000
82865  -46.902  -18.880  17.160 0.0000000000
86160  -55.405  -16.666  17.561 0.0000000000
154748  -55.192  -16.361  18.363 0.0000000000
86146  -56.682  -16.627  19.080 0.0000000000
58504  -6.523  -38.594  36.185 0.0000000000
57338  -6.042  -39.150  36.568 0.0000000000
56174  -6.651  -40.008  35.806 0.0000000000
155096  -6.991  -42.429  37.564 0.0000000000
51962  -6.520  -43.618  39.971 0.0000000000
174146  -42.040  -32.516  29.551 0.0000000000
65632  -42.988  -32.919  29.073 0.0000000000
65630  -41.470  -32.298  28.936 0.0000000000
66823  -38.645  -31.622  27.576 0.0000000000
66846  -40.000  -31.862  27.205 0.0000000000
66845  -39.248  -31.751  26.946 0.0000000000
169847  -40.414  -31.095  26.175 0.0000000000
68030  -38.559  -31.070  25.962 0.0000000000
73717  -32.276  -26.300  26.549 0.0000000000
72639  -32.195  -27.971  23.706 0.0000000000
70279  -33.521  -29.358  24.938 0.0000000000
69139  -35.695  -29.751  24.313 0.0000000000
69134  -37.328  -29.577  24.924 0.0000000000
70303  -35.884  -29.186  23.972 0.0000000000
183930  -37.822  -28.197  25.152 0.0000000000
165299  -35.817  -28.472  23.545 0.0000000000
74892  -34.327  -25.352  20.985 0.0000000000
180801  -35.563  -26.366  22.117 0.0000000000
74895  -36.223  -25.485  21.204 0.0000000000
74875  -37.327  -25.745  21.931 0.0000000000
74917  -36.181  -24.991  20.562 0.0000000000
77069  -37.221  -24.123  19.896 0.0000000000
77067  -35.530  -24.084  19.718 0.0000000000
80445  -35.125  -20.770  21.121 0.0000000000
80459  -35.279  -21.047  20.100 0.0000000000
81675  -36.218  -20.022  20.793 0.0000000000
66818  -26.336  -31.879  28.450 0.0000000000
64478  -25.318  -33.386  29.346 0.0000000000
65623  -26.968  -32.582  29.474 0.0000000000
58583  -10.115  -37.383  34.143 0.0000000000
59737  -8.947  -37.136  34.567 0.0000000000
57392  -9.944  -38.476  34.784 0.0000000000
59823  -14.256  -37.178  31.855 0.0000000000
59792  -13.117  -37.349  32.567 0.0000000000
58608  -14.243  -38.127  32.835 0.0000000000
60972  -20.729  -36.588  31.481 0.0000000000
59862  -22.095  -36.807  31.079 0.0000000000
59864  -23.516  -36.995  31.573 0.0000000000
62097  -25.145  -35.817  31.563 0.0000000000
61018  -40.115  -36.517  30.715 0.0000000000
59866  -39.150  -36.962  31.428 0.0000000000
162399  -19.704  -32.047  29.970 0.0000000000
65617  -18.652  -33.096  29.188 0.0000000000
64493  -17.845  -34.199  29.205 0.0000000000
62160  -17.438  -35.371  29.540 0.0000000000
180255  -18.417  -35.385  29.224 0.0000000000
61036  -20.020  -36.154  30.135 0.0000000000
63294  -41.375  -34.763  32.203 0.0000000000
64437  -42.443  -33.311  32.360 0.0000000000
65572  -36.958  -32.928  31.631 0.0000000000
161712  -38.220  -33.643  30.784 0.0000000000
158477  -39.946  -34.591  32.312 0.0000000000
81714  -37.470  -20.434  18.441 0.0000000000
177806  -39.246  -20.948  18.407 0.0000000000
81733  -38.563  -19.753  17.935 0.0000000000
82857  -40.132  -19.023  17.670 0.0000000000
83963  -41.297  -18.243  17.575 0.0000000000
174899  -45.201  -16.380  18.519 0.0000000000
87255  -46.617  -15.922  17.952 0.0000000000
87282  -47.355  -16.288  16.688 0.0000000000
86169  -48.599  -16.792  16.336 0.0000000000
177155  -49.959  -17.870  16.398 0.0000000000
171667  -50.093  -17.238  16.330 0.0000000000
86172  -51.274  -16.844  16.435 0.0000000000
85096  -52.539  -17.345  16.356 0.0000000000
87289  -53.105  -15.971  17.121 0.0000000000
184652  -53.247  -15.687  17.787 0.0000000000
179196  -8.163  -40.038  35.271 0.0000000000
55024  -7.452  -41.051  35.922 0.0000000000
55004  -8.631  -41.352  36.810 0.0000000000
67983  -39.503  -31.689  29.771 0.0000000000
66804  -40.166  -31.948  29.183 0.0000000000
67981  -38.248  -31.038  29.161 0.0000000000
69071  -36.901  -30.504  28.559 0.0000000000
67995  -36.701  -30.814  27.772 0.0000000000
164258  -31.765  -25.880  25.818 0.0000000000
75911  -31.017  -24.597  24.511 0.0000000000
74844  -31.377  -26.003  23.682 0.0000000000
72662  -32.188  -27.225  22.698 0.0000000000
72651  -34.186  -27.636  22.598 0.0000000000
171293  -32.794  -26.149  21.863 0.0000000000
185071  -33.464  -24.960  21.022 0.0000000000
179055  -33.905  -24.262  20.283 0.0000000000
77095  -34.486  -23.218  19.472 0.0000000000
79224  -33.843  -22.516  20.305 0.0000000000
65674  -28.742  -32.895  27.384 0.0000000000
64496  -28.314  -33.379  29.167 0.0000000000
172812  -29.489  -34.362  29.354 0.0000000000
60934  -9.899  -35.710  34.052 0.0000000000
59763  -10.604  -36.991  33.740 0.0000000000
51979  -4.641  -42.929  37.809 0.0000000000
53885  -4.111  -42.093  38.379 0.0000000000
51974  -4.064  -43.372  38.295 0.0000000000
50903  -3.522  -44.117  38.823 0.0000000000
51969  -2.975  -44.202  39.672 0.0000000000
160566  -42.241  -30.192  27.263 0.0000000000
177476  -35.207  -35.152  29.863 0.0000000000
62117  -33.807  -35.781  30.592 0.0000000000
65540  -14.636  -32.815  33.989 0.0000000000
64427  -14.095  -33.696  33.135 0.0000000000
63272  -13.008  -34.664  32.719 0.0000000000
63284  -14.143  -34.856  32.083 0.0000000000
60996  -14.544  -36.039  31.287 0.0000000000
59856  -15.349  -36.994  31.201 0.0000000000
61033  -16.662  -36.229  30.364 0.0000000000
59858  -16.753  -37.182  31.463 0.0000000000
59826  -16.750  -37.466  32.122 0.0000000000
87251  -59.076  -15.918  19.580 0.0000000000
61048  -42.792  -35.858  30.707 0.0000000000
62154  -43.602  -34.693  30.387 0.0000000000
176980  -43.328  -34.132  30.678 0.0000000000
65609  -42.710  -32.943  30.695 0.0000000000
66785  -41.646  -32.345  30.722 0.0000000000
66770  -41.759  -32.530  31.426 0.0000000000
66769  -41.077  -32.234  31.097 0.0000000000
67964  -39.524  -31.658  30.538 0.0000000000
69040  -38.195  -30.651  30.690 0.0000000000
65685  -22.504  -32.521  26.775 0.0000000000
64516  -23.750  -33.850  27.892 0.0000000000
66835  -23.652  -31.794  27.140 0.0000000000
66837  -25.243  -31.275  27.819 0.0000000000
68010  -26.460  -30.648  27.509 0.0000000000
71492  -26.939  -28.576  27.613 0.0000000000
158271  -27.651  -29.404  27.211 0.0000000000
175580  -28.179  -31.783  26.979 0.0000000000
65688  -29.427  -32.389  26.970 0.0000000000
65676  -31.160  -33.048  27.396 0.0000000000
64520  -33.076  -33.796  27.919 0.0000000000
66780  -31.980  -32.038  29.740 0.0000000000
66822  -33.282  -32.626  28.658 0.0000000000
65652  -33.735  -33.055  28.349 0.0000000000
63351  -34.380  -34.640  28.961 0.0000000000
180467  -35.994  -34.359  29.138 0.0000000000
62173  -37.239  -34.857  29.648 0.0000000000
62149  -38.508  -35.213  29.732 0.0000000000
64485  -38.761  -34.229  30.062 0.0000000000
63333  -39.057  -34.836  29.892 0.0000000000
61044  -39.702  -36.068  30.307 0.0000000000
167205  -40.779  -35.916  30.532 0.0000000000
62153  -42.128  -35.799  30.834 0.0000000000
67990  -22.147  -31.187  27.842 0.0000000000
169507  -40.572  -21.244  19.133 0.0000000000
160652  -41.184  -17.131  19.588 0.0000000000
85066  -41.428  -17.344  17.916 0.0000000000
83965  -42.626  -17.935  17.242 0.0000000000
86156  -44.431  -16.786  17.303 0.0000000000
85087  -44.333  -17.510  16.709 0.0000000000
82874  -43.901  -18.711  16.964 0.0000000000
82863  -45.234  -19.079  17.256 0.0000000000
86162  -56.774  -16.785  18.326 0.0000000000
86147  -57.463  -16.771  18.907 0.0000000000
158525  -57.891  -16.563  19.941 0.0000000000
56131  -5.262  -39.843  37.409 0.0000000000
56152  -5.274  -40.535  36.879 0.0000000000
55023  -6.781  -41.042  36.089 0.0000000000
52947  -6.167  -41.927  36.797 0.0000000000
158335  -5.224  -42.353  37.195 0.0000000000
51976  -5.724  -43.226  38.008 0.0000000000
64487  -43.704  -33.907  29.969 0.0000000000
65633  -43.584  -33.066  28.833 0.0000000000
65657  -43.019  -32.637  28.317 0.0000000000
66826  -41.030  -32.103  28.110 0.0000000000
66847  -41.312  -31.942  27.428 0.0000000000
66849  -42.825  -31.783  27.358 0.0000000000
68034  -41.880  -31.250  26.806 0.0000000000
69103  -41.594  -30.476  26.706 0.0000000000
156947  -40.781  -30.515  26.243 0.0000000000
71495  -34.398  -28.436  27.741 0.0000000000
68014  -35.896  -30.716  26.644 0.0000000000
72623  -32.409  -27.484  25.909 0.0000000000
69098  -33.743  -29.547  25.732 0.0000000000
68028  -36.607  -30.837  26.105 0.0000000000
68042  -38.352  -30.415  25.554 0.0000000000
69117  -38.855  -30.028  25.614 0.0000000000
72653  -36.352  -27.197  23.057 0.0000000000
72654  -37.041  -26.924  23.265 0.0000000000
75990  -38.690  -24.045  20.527 0.0000000000
77099  -37.916  -23.303  19.450 0.0000000000
78122  -36.969  -22.527  18.837 0.0000000000
78120  -35.137  -22.911  19.232 0.0000000000
166225  -36.194  -21.730  18.812 0.0000000000
179731  -37.192  -21.015  18.481 0.0000000000
172113  -37.051  -20.059  19.084 0.0000000000
82838  -37.683  -18.791  20.022 0.0000000000
63366  -24.163  -34.113  28.606 0.0000000000
63304  -25.105  -34.832  30.512 0.0000000000
64481  -27.463  -33.338  30.513 0.0000000000
155058  -7.424  -37.812  35.533 0.0000000000
60921  -8.196  -36.628  35.470 0.0000000000
58530  -7.956  -37.961  35.089 0.0000000000
57390  -7.976  -38.741  35.060 0.0000000000
56192  -8.848  -39.673  35.309 0.0000000000
60953  -12.220  -36.279  32.669 0.0000000000
59790  -11.705  -36.784  33.053 0.0000000000
58585  -11.655  -37.955  33.866 0.0000000000
48601  -3.617  -46.259  40.148 0.0000000000
175752  -2.346  -45.380  40.069 0.0000000000
51968  -1.973  -44.592  40.469 0.0000000000
163963  -43.973  -35.094  30.304 0.0000000000
62187  -22.056  -34.931  27.811 0.0000000000
62164  -22.669  -35.402  28.532 0.0000000000
62181  -22.592  -34.966  27.925 0.0000000000
184558  -43.262  -36.012  30.686 0.0000000000
64535  -21.696  -33.381  27.170 0.0000000000
64534  -21.234  -34.023  27.438 0.0000000000
63381  -21.725  -34.578  27.585 0.0000000000
62186  -21.484  -35.075  27.938 0.0000000000
83942  -39.093  -17.794  20.525 0.0000000000
83953  -38.728  -17.847  19.729 0.0000000000
88275  -49.406  -14.810  18.675 0.0000000000
87258  -48.792  -14.961  17.947 0.0000000000
88284  -50.080  -14.832  18.508 0.0000000000
88276  -50.792  -14.858  18.798 0.0000000000
78054  -31.751  -22.819  22.731 0.0000000000
63349  -32.705  -34.703  28.607 0.0000000000
170028  -32.410  -35.094  29.252 0.0000000000
62169  -33.099  -35.130  29.306 0.0000000000
64410  -11.925  -33.583  34.317 0.0000000000
86135  -58.645  -16.486  19.651 0.0000000000
86136  -59.278  -16.426  19.198 0.0000000000
66828  -45.292  -32.169  28.348 0.0000000000
66827  -44.664  -31.909  28.083 0.0000000000
65681  -44.046  -32.133  27.884 0.0000000000
61016  -38.201  -36.230  30.615 0.0000000000
59865  -38.651  -36.588  30.980 0.0000000000
64457  -16.997  -33.287  30.421 0.0000000000
65579  -17.320  -32.525  30.852 0.0000000000
64456  -16.391  -33.674  30.770 0.0000000000
64444  -15.990  -33.228  31.499 0.0000000000
63303  -16.192  -34.520  30.420 0.0000000000
63295  -42.869  -34.214  31.853 0.0000000000
70235  -24.641  -28.892  27.899 0.0000000000
69053  -30.409  -29.718  29.659 0.0000000000
164227  -30.223  -29.892  28.895 0.0000000000
69068  -30.509  -30.534  28.591 0.0000000000
67993  -30.712  -31.284  28.304 0.0000000000
67978  -30.945  -31.054  29.010 0.0000000000
171001  -35.806  -32.694  30.711 0.0000000000
165201  -35.128  -32.614  30.479 0.0000000000
65605  -35.702  -32.742  29.857 0.0000000000
65629  -36.879  -33.235  29.322 0.0000000000
176630  -37.165  -33.146  29.861 0.0000000000
62122  -41.389  -35.388  31.131 0.0000000000
79243  -38.343  -22.228  18.861 0.0000000000
178331  -38.950  -22.446  19.255 0.0000000000
81738  -42.113  -19.340  17.932 0.0000000000
158211  -41.748  -19.819  18.281 0.0000000000
173316  -43.720  -19.224  17.572 0.0000000000
155192  -43.810  -16.706  19.581 0.0000000000
184507  -44.109  -16.572  18.888 0.0000000000
83975  -47.655  -17.753  16.456 0.0000000000
85090  -46.977  -17.411  16.404 0.0000000000
83967  -47.820  -18.540  16.878 0.0000000000
86145  -55.854  -16.409  19.144 0.0000000000
58528  -6.933  -38.875  35.619 0.0000000000
57339  -6.503  -39.354  35.914 0.0000000000
56190  -7.006  -39.662  35.497 0.0000000000
65607  -41.527  -32.282  29.919 0.0000000000
68017  -37.961  -31.293  27.403 0.0000000000
66844  -38.553  -31.486  26.729 0.0000000000
66858  -39.167  -31.392  26.260 0.0000000000
71549  -33.552  -28.538  23.196 0.0000000000
70300  -33.327  -28.850  23.758 0.0000000000
70301  -34.696  -29.241  23.769 0.0000000000
70302  -35.299  -29.415  23.980 0.0000000000
71540  -35.326  -28.994  23.676 0.0000000000
70304  -36.461  -28.698  24.097 0.0000000000
71539  -34.881  -28.588  23.258 0.0000000000
74915  -34.660  -24.878  20.545 0.0000000000
74893  -34.975  -25.325  20.968 0.0000000000
74916  -35.368  -24.944  20.544 0.0000000000
75987  -35.701  -24.566  20.141 0.0000000000
77068  -36.340  -24.290  19.871 0.0000000000
181988  -26.624  -31.529  28.036 0.0000000000
65622  -26.409  -32.485  29.190 0.0000000000
66800  -26.782  -32.249  28.840 0.0000000000
58555  -10.221  -37.962  34.380 0.0000000000
165570  -10.699  -38.375  34.548 0.0000000000
58621  -14.598  -37.778  32.260 0.0000000000
59793  -13.863  -37.585  32.384 0.0000000000
154958  -4.809  -40.512  37.615 0.0000000000
64505  -45.466  -33.772  29.173 0.0000000000
59861  -21.270  -36.600  30.764 0.0000000000
59831  -21.490  -36.795  31.597 0.0000000000
61004  -21.948  -36.609  30.441 0.0000000000
61040  -23.618  -35.891  30.028 0.0000000000
182496  -23.256  -36.763  31.033 0.0000000000
61041  -24.039  -36.079  30.700 0.0000000000
61007  -24.447  -36.289  31.309 0.0000000000
61019  -40.892  -36.423  30.801 0.0000000000
59868  -40.601  -36.948  31.130 0.0000000000
66779  -21.422  -31.330  29.525 0.0000000000
66797  -20.335  -32.002  29.431 0.0000000000
64515  -19.359  -33.825  28.256 0.0000000000
65618  -19.341  -32.953  28.790 0.0000000000
64495  -18.889  -33.615  28.681 0.0000000000
64494  -18.389  -33.881  28.907 0.0000000000
64514  -18.890  -34.343  28.508 0.0000000000
63343  -18.374  -34.698  28.853 0.0000000000
62178  -19.040  -35.080  28.655 0.0000000000
61058  -20.927  -35.829  28.960 0.0000000000
162902  -20.767  -36.333  30.104 0.0000000000
61003  -20.377  -36.407  30.782 0.0000000000
63280  -41.873  -34.224  32.654 0.0000000000
64447  -37.663  -33.379  31.959 0.0000000000
63264  -40.112  -34.435  33.269 0.0000000000
172678  -40.655  -34.647  32.564 0.0000000000
82843  -37.551  -19.673  18.710 0.0000000000
171481  -37.950  -19.944  18.255 0.0000000000
82844  -38.114  -19.346  18.400 0.0000000000
83958  -39.444  -18.139  18.116 0.0000000000
184576  -39.188  -18.682  17.899 0.0000000000
83959  -39.987  -18.099  17.867 0.0000000000
83962  -40.485  -18.348  17.694 0.0000000000
85073  -40.418  -17.870  17.873 0.0000000000
159185  -46.403  -15.883  18.644 0.0000000000
183757  -46.758  -15.711  18.494 0.0000000000
87271  -48.464  -15.472  17.061 0.0000000000
185676  -47.826  -15.745  17.031 0.0000000000
87283  -48.166  -16.140  16.562 0.0000000000
86168  -47.800  -16.758  16.376 0.0000000000
86170  -49.445  -16.640  16.358 0.0000000000
87286  -50.818  -16.246  16.561 0.0000000000
86173  -52.036  -16.729  16.504 0.0000000000
156317  -52.852  -16.579  16.630 0.0000000000
87288  -52.360  -16.018  16.886 0.0000000000
87260  -52.301  -15.178  18.269 0.0000000000
87276  -52.674  -15.588  17.586 0.0000000000
67962  -38.300  -30.812  29.981 0.0000000000
67982  -38.860  -31.372  29.469 0.0000000000
69057  -37.736  -30.388  29.663 0.0000000000
70239  -35.905  -29.223  28.794 0.0000000000
69070  -36.230  -30.168  28.282 0.0000000000
67996  -37.407  -31.007  28.012 0.0000000000
75928  -31.143  -24.516  23.069 0.0000000000
75917  -31.026  -24.601  23.688 0.0000000000
74853  -31.258  -25.262  23.183 0.0000000000
73767  -31.905  -26.816  22.864 0.0000000000
74854  -31.647  -26.098  22.802 0.0000000000
73781  -32.270  -26.644  22.268 0.0000000000
74872  -32.174  -25.680  22.068 0.0000000000
77021  -32.547  -24.010  21.596 0.0000000000
75946  -32.405  -24.822  21.782 0.0000000000
75967  -32.983  -24.605  21.245 0.0000000000
75968  -33.514  -24.420  20.706 0.0000000000
77041  -33.106  -23.858  21.005 0.0000000000
77042  -33.624  -23.790  20.370 0.0000000000
78091  -33.370  -23.044  20.808 0.0000000000
79188  -34.140  -21.717  21.987 0.0000000000
64539  -29.356  -33.393  27.628 0.0000000000
64497  -29.026  -33.922  28.863 0.0000000000
184709  -29.623  -34.263  28.726 0.0000000000
62141  -31.675  -35.438  30.159 0.0000000000
173477  -30.968  -35.319  30.205 0.0000000000
62070  -10.532  -35.117  33.821 0.0000000000
60944  -10.491  -36.119  33.675 0.0000000000
60945  -11.090  -36.486  33.371 0.0000000000
51975  -4.537  -43.484  38.097 0.0000000000
52931  -4.340  -42.588  37.925 0.0000000000
50897  -3.561  -44.640  38.988 0.0000000000
50896  -2.845  -44.818  39.684 0.0000000000
67999  -43.983  -30.976  27.863 0.0000000000
69092  -43.372  -30.829  27.573 0.0000000000
69091  -42.881  -30.120  27.700 0.0000000000
62146  -35.781  -35.281  30.261 0.0000000000
158651  -35.148  -35.541  30.466 0.0000000000
62119  -35.725  -35.626  30.875 0.0000000000
64429  -15.036  -33.201  32.616 0.0000000000
65550  -14.806  -32.999  33.325 0.0000000000
64428  -14.544  -33.505  32.942 0.0000000000
64414  -14.360  -33.225  33.587 0.0000000000
63273  -13.808  -34.347  32.649 0.0000000000
63274  -14.309  -34.102  32.518 0.0000000000
62109  -15.031  -35.574  30.993 0.0000000000
62096  -14.553  -35.270  31.506 0.0000000000
60997  -15.155  -36.303  30.969 0.0000000000
60969  -14.687  -36.758  31.383 0.0000000000
61055  -18.029  -35.811  29.696 0.0000000000
62135  -16.702  -35.636  30.000 0.0000000000
62136  -17.397  -36.013  30.001 0.0000000000
59860  -17.836  -36.743  31.335 0.0000000000
59859  -17.311  -36.836  31.170 0.0000000000
59827  -17.533  -37.046  31.910 0.0000000000
162601  -16.221  -37.495  31.710 0.0000000000
65587  -42.782  -33.033  31.378 0.0000000000
65608  -42.173  -32.545  30.308 0.0000000000
160131  -42.058  -33.008  32.331 0.0000000000
65573  -42.392  -32.936  31.804 0.0000000000
66754  -41.709  -32.717  32.057 0.0000000000
67951  -39.591  -31.712  31.228 0.0000000000
66768  -40.312  -31.980  30.794 0.0000000000
66834  -22.850  -32.085  26.828 0.0000000000
65672  -23.501  -32.677  27.101 0.0000000000
164242  -25.257  -29.884  27.375 0.0000000000
68008  -24.765  -30.630  27.506 0.0000000000
68009  -25.634  -30.611  27.562 0.0000000000
181505  -26.735  -30.175  27.310 0.0000000000
69085  -28.989  -30.126  26.966 0.0000000000
70252  -28.153  -29.146  27.564 0.0000000000
69097  -28.574  -30.632  26.670 0.0000000000
68023  -27.896  -30.618  26.693 0.0000000000
68025  -28.977  -31.327  26.906 0.0000000000
66856  -28.769  -31.987  26.897 0.0000000000
66857  -29.323  -31.891  27.000 0.0000000000
66843  -31.545  -32.542  27.730 0.0000000000
66842  -30.733  -32.356  27.394 0.0000000000
65677  -32.023  -33.032  27.645 0.0000000000
63385  -32.133  -34.002  27.738 0.0000000000
64542  -32.521  -33.551  27.722 0.0000000000
66767  -33.484  -32.457  30.686 0.0000000000
66781  -32.864  -32.325  30.067 0.0000000000
159651  -31.967  -31.967  30.598 0.0000000000
66802  -32.698  -32.342  29.161 0.0000000000
65654  -35.186  -33.141  28.775 0.0000000000
65653  -34.588  -33.105  28.628 0.0000000000
64522  -34.358  -33.593  28.394 0.0000000000
63373  -34.855  -34.108  28.604 0.0000000000
158329  -35.247  -34.599  29.145 0.0000000000
63352  -35.727  -33.883  28.816 0.0000000000
63354  -37.294  -34.270  29.245 0.0000000000
62174  -37.838  -35.200  29.719 0.0000000000
64484  -38.113  -33.915  29.626 0.0000000000
63334  -39.775  -35.120  30.277 0.0000000000
62150  -39.345  -35.461  30.081 0.0000000000
61045  -40.307  -36.099  30.469 0.0000000000
62123  -42.122  -35.353  31.071 0.0000000000
69079  -23.108  -30.253  27.707 0.0000000000
67991  -22.540  -30.616  28.244 0.0000000000
68006  -22.788  -30.875  27.385 0.0000000000
66833  -22.160  -32.157  26.922 0.0000000000
77043  -39.484  -23.924  20.900 0.0000000000
79227  -40.317  -22.344  19.952 0.0000000000
78108  -40.483  -22.912  20.522 0.0000000000
81717  -39.757  -20.415  18.177 0.0000000000
80490  -39.933  -21.132  18.733 0.0000000000
80491  -40.687  -20.637  18.610 0.0000000000
85050  -41.392  -17.244  20.434 0.0000000000
85049  -40.697  -17.325  20.166 0.0000000000
86140  -42.612  -16.830  18.395 0.0000000000
86139  -41.847  -17.006  18.339 0.0000000000
86153  -42.133  -17.172  17.790 0.0000000000
85075  -41.830  -17.709  17.552 0.0000000000
85076  -43.113  -17.463  17.250 0.0000000000
86143  -45.529  -16.331  18.003 0.0000000000
168478  -44.843  -16.498  17.944 0.0000000000
86157  -45.299  -16.647  17.200 0.0000000000
83973  -45.641  -17.981  16.461 0.0000000000
85088  -45.083  -17.576  16.546 0.0000000000
180428  -45.072  -18.159  16.570 0.0000000000
183292  -44.233  -18.354  16.740 0.0000000000
82875  -44.678  -18.601  16.822 0.0000000000
82862  -44.446  -19.165  17.354 0.0000000000
180072  -46.472  -19.309  17.711 0.0000000000
83978  -50.605  -17.809  16.386 0.0000000000
85097  -54.308  -17.028  16.413 0.0000000000
155305  -57.363  -16.651  19.573 0.0000000000
56153  -5.655  -39.885  36.684 0.0000000000
57316  -5.624  -39.313  37.184 0.0000000000
55021  -5.510  -41.137  36.700 0.0000000000
53934  -7.859  -41.494  36.502 0.0000000000
53933  -7.119  -41.575  36.373 0.0000000000
160573  -6.857  -42.841  38.205 0.0000000000
53909  -6.743  -41.993  36.857 0.0000000000
52934  -6.235  -42.380  37.166 0.0000000000
52946  -5.661  -42.139  36.982 0.0000000000
52933  -5.589  -42.712  37.403 0.0000000000
51977  -6.370  -43.185  38.470 0.0000000000
66803  -39.468  -31.800  28.813 0.0000000000
164926  -40.737  -32.126  28.750 0.0000000000
66825  -40.195  -31.998  28.161 0.0000000000
168551  -40.642  -31.942  27.489 0.0000000000
66848  -42.116  -31.988  27.487 0.0000000000
66862  -42.171  -31.614  27.063 0.0000000000
66861  -41.564  -31.663  26.906 0.0000000000
68033  -41.178  -31.164  26.502 0.0000000000
169335  -33.484  -27.561  27.341 0.0000000000
71494  -33.866  -27.998  27.552 0.0000000000
70254  -33.947  -28.746  27.078 0.0000000000
70255  -34.482  -29.238  27.254 0.0000000000
70264  -34.078  -29.546  26.594 0.0000000000
155554  -31.609  -26.143  25.190 0.0000000000
73732  -32.001  -26.703  25.692 0.0000000000
72631  -32.019  -27.444  25.069 0.0000000000
69130  -34.049  -29.766  24.888 0.0000000000
69114  -34.677  -30.066  25.304 0.0000000000
68027  -35.773  -30.621  25.920 0.0000000000
69115  -36.317  -30.509  25.407 0.0000000000
68041  -37.593  -30.792  25.902 0.0000000000
175604  -36.995  -30.551  25.517 0.0000000000
160818  -38.052  -29.757  25.321 0.0000000000
69118  -39.547  -29.880  25.933 0.0000000000
70281  -38.985  -29.182  25.928 0.0000000000
71532  -37.532  -28.169  24.781 0.0000000000
72665  -34.360  -26.965  22.239 0.0000000000
72652  -34.934  -27.313  22.564 0.0000000000
72666  -35.041  -26.675  22.191 0.0000000000
73786  -36.176  -26.293  22.246 0.0000000000
73768  -36.602  -26.655  22.758 0.0000000000
73769  -37.241  -26.485  22.932 0.0000000000
74897  -37.882  -25.245  21.459 0.0000000000
74876  -38.144  -25.682  22.214 0.0000000000
74898  -38.665  -25.059  21.647 0.0000000000
75970  -39.075  -24.476  21.220 0.0000000000
160466  -38.333  -24.683  21.033 0.0000000000
174380  -36.750  -23.711  19.432 0.0000000000
184034  -37.400  -23.664  19.550 0.0000000000
77098  -37.187  -23.193  19.201 0.0000000000
78123  -37.736  -22.684  18.997 0.0000000000
182096  -34.182  -22.712  19.695 0.0000000000
79239  -34.748  -22.513  19.391 0.0000000000
80460  -35.787  -20.799  19.752 0.0000000000
80475  -35.664  -21.426  19.324 0.0000000000
80476  -36.272  -20.946  19.145 0.0000000000
79261  -36.728  -21.292  18.605 0.0000000000
80477  -36.845  -20.679  18.730 0.0000000000
81700  -36.596  -20.364  19.328 0.0000000000
82837  -37.208  -19.263  20.475 0.0000000000
64538  -23.944  -33.122  27.598 0.0000000000
64517  -24.334  -33.403  28.237 0.0000000000
64479  -25.840  -33.552  30.066 0.0000000000
63327  -25.050  -34.184  29.808 0.0000000000
63328  -25.638  -34.112  30.451 0.0000000000
62112  -25.447  -35.069  31.290 0.0000000000
63306  -26.398  -34.137  31.265 0.0000000000
63329  -28.787  -33.919  29.671 0.0000000000
64482  -27.990  -33.307  30.107 0.0000000000
63307  -28.653  -33.869  30.526 0.0000000000
59699  -7.274  -37.391  36.108 0.0000000000
62057  -8.877  -35.712  35.014 0.0000000000
176823  -8.520  -36.054  35.413 0.0000000000
60922  -8.637  -36.529  34.882 0.0000000000
58553  -8.672  -37.814  34.778 0.0000000000
181366  -8.432  -38.370  34.938 0.0000000000
173526  -8.616  -38.941  35.035 0.0000000000
57367  -9.381  -39.008  35.096 0.0000000000
62085  -13.502  -35.248  32.199 0.0000000000
62083  -12.217  -35.332  32.763 0.0000000000
62084  -12.811  -35.743  32.359 0.0000000000
59791  -12.391  -37.089  32.800 0.0000000000
59765  -11.994  -37.518  33.345 0.0000000000
164862  -12.336  -38.145  33.665 0.0000000000
178588  -59.125  -15.710  19.355 0.0000000000
49771  -2.397  -45.899  40.108 0.0000000000
50895  -1.873  -45.067  40.323 0.0000000000
61059  -21.677  -36.080  29.337 0.0000000000
61038  -22.174  -36.365  29.923 0.0000000000
166026  -22.332  -36.072  29.427 0.0000000000
61060  -22.766  -35.773  29.178 0.0000000000
62137  -23.865  -35.265  29.489 0.0000000000
66814  -21.104  -32.056  28.176 0.0000000000
177529  -20.571  -32.146  28.656 0.0000000000
65646  -20.624  -32.737  27.988 0.0000000000
65668  -20.530  -33.635  27.668 0.0000000000
156667  -19.958  -34.111  27.832 0.0000000000
62179  -19.796  -35.262  28.528 0.0000000000
155522  -20.312  -34.854  28.006 0.0000000000
63265  -40.594  -34.038  33.573 0.0000000000
83952  -38.184  -18.380  19.539 0.0000000000
83955  -38.325  -18.662  18.751 0.0000000000
83956  -38.619  -18.140  19.088 0.0000000000
85058  -39.202  -17.755  18.943 0.0000000000
85059  -39.835  -17.454  19.183 0.0000000000
164408  -47.599  -15.175  18.853 0.0000000000
164286  -48.235  -14.984  18.601 0.0000000000
87272  -49.281  -15.294  17.100 0.0000000000
87285  -49.714  -15.872  16.614 0.0000000000
87273  -50.088  -15.249  17.100 0.0000000000
87274  -50.967  -15.379  17.052 0.0000000000
87259  -51.412  -15.019  18.042 0.0000000000
69056  -37.106  -30.010  29.360 0.0000000000
70224  -36.154  -28.924  29.386 0.0000000000
71484  -35.739  -28.397  29.277 0.0000000000
71483  -35.389  -28.555  28.627 0.0000000000
77000  -31.301  -24.001  22.685 0.0000000000
75945  -31.890  -24.964  22.210 0.0000000000
159455  -31.624  -23.410  22.379 0.0000000000
78070  -32.183  -23.407  21.949 0.0000000000
177050  -32.563  -22.813  22.047 0.0000000000
78072  -33.137  -22.592  21.682 0.0000000000
79186  -32.950  -22.248  22.320 0.0000000000
63368  -31.301  -34.553  28.347 0.0000000000
178548  -30.638  -34.584  28.488 0.0000000000
63348  -31.800  -34.903  28.912 0.0000000000
62168  -31.932  -35.229  29.579 0.0000000000
62115  -32.157  -35.704  30.741 0.0000000000
63253  -11.192  -34.258  33.637 0.0000000000
62072  -11.685  -34.854  33.145 0.0000000000
85062  -58.949  -16.666  19.063 0.0000000000
50899  -5.178  -44.237  39.112 0.0000000000
50891  -4.831  -44.746  39.418 0.0000000000
49780  -4.332  -45.129  39.389 0.0000000000
49772  -4.014  -45.659  39.716 0.0000000000
68019  -43.659  -31.375  27.508 0.0000000000
62148  -37.204  -35.452  30.242 0.0000000000
176020  -36.853  -35.700  30.884 0.0000000000
60984  -37.169  -36.310  31.634 0.0000000000
59838  -37.579  -36.713  32.151 0.0000000000
65580  -18.094  -32.257  30.636 0.0000000000
65566  -16.976  -32.206  31.560 0.0000000000
66744  -16.710  -32.028  32.269 0.0000000000
65564  -15.638  -32.899  32.252 0.0000000000
64443  -15.373  -33.521  31.873 0.0000000000
63285  -14.653  -34.516  31.888 0.0000000000
63286  -15.166  -34.250  31.530 0.0000000000
63302  -15.505  -34.910  30.799 0.0000000000
155092  -18.843  -36.186  30.518 0.0000000000
59828  -18.311  -36.740  31.767 0.0000000000
63313  -42.844  -34.620  31.208 0.0000000000
69080  -23.699  -30.103  27.462 0.0000000000
68007  -23.840  -30.828  27.327 0.0000000000
70247  -24.167  -29.481  27.606 0.0000000000
70248  -24.936  -29.309  27.469 0.0000000000
70249  -25.813  -29.173  27.330 0.0000000000
70237  -28.372  -28.642  28.372 0.0000000000
70222  -29.183  -28.892  28.982 0.0000000000
69066  -29.360  -29.774  27.665 0.0000000000
69086  -29.650  -30.387  27.444 0.0000000000
181390  -29.826  -30.978  27.388 0.0000000000
67992  -30.191  -30.803  27.921 0.0000000000
66819  -31.079  -31.965  27.940 0.0000000000
66820  -31.786  -32.278  28.245 0.0000000000
65582  -34.661  -32.654  30.980 0.0000000000
65603  -34.326  -32.553  30.384 0.0000000000
165377  -34.250  -32.571  29.544 0.0000000000
65627  -35.469  -32.962  29.139 0.0000000000
64498  -35.724  -33.276  28.827 0.0000000000
64499  -36.388  -33.510  29.013 0.0000000000
64500  -37.082  -33.823  29.153 0.0000000000
64501  -37.788  -34.139  29.177 0.0000000000
63292  -39.719  -34.541  31.300 0.0000000000
63310  -40.145  -34.972  30.856 0.0000000000
63335  -40.577  -35.466  30.735 0.0000000000
78124  -39.141  -22.931  19.757 0.0000000000
78125  -39.597  -22.382  19.544 0.0000000000
79244  -40.094  -21.760  19.312 0.0000000000
81736  -40.629  -19.505  17.835 0.0000000000
81718  -41.105  -19.991  18.245 0.0000000000
86105  -42.493  -16.959  20.002 0.0000000000
86127  -42.921  -16.783  19.347 0.0000000000
179868  -43.302  -16.769  17.983 0.0000000000
87281  -46.716  -16.653  16.627 0.0000000000
86167  -45.543  -17.042  16.604 0.0000000000
85089  -46.330  -17.049  16.443 0.0000000000
83974  -46.304  -17.711  16.466 0.0000000000
82877  -46.210  -18.372  16.731 0.0000000000
82864  -46.016  -18.954  17.196 0.0000000000
171375  -47.600  -19.163  17.497 0.0000000000
181693  -54.109  -16.133  17.491 0.0000000000
86175  -54.584  -16.429  17.357 0.0000000000
157059  -56.006  -16.621  18.405 0.0000000000
165792  -6.274  -38.407  36.860 0.0000000000
56173  -6.182  -39.907  36.205 0.0000000000
164608  -42.682  -32.903  29.795 0.0000000000
66824  -39.368  -31.866  27.826 0.0000000000
66859  -39.884  -31.541  26.425 0.0000000000
68031  -39.636  -30.970  25.932 0.0000000000
72614  -32.965  -27.437  26.766 0.0000000000
72638  -31.838  -27.275  24.131 0.0000000000
71531  -32.648  -28.535  24.775 0.0000000000
70288  -33.125  -28.968  24.528 0.0000000000
70289  -33.911  -29.394  24.167 0.0000000000
69132  -35.369  -30.057  24.786 0.0000000000
173005  -36.855  -30.113  25.002 0.0000000000
70290  -36.516  -29.517  24.479 0.0000000000
70292  -37.721  -28.871  25.133 0.0000000000
70291  -37.077  -28.831  24.608 0.0000000000
177441  -36.471  -28.088  23.719 0.0000000000
73798  -34.085  -25.924  21.441 0.0000000000
73799  -34.693  -25.775  21.384 0.0000000000
73801  -35.783  -25.892  21.634 0.0000000000
74874  -36.560  -25.826  21.783 0.0000000000
73788  -37.487  -26.099  22.538 0.0000000000
74896  -36.977  -25.286  21.142 0.0000000000
75988  -37.035  -24.695  20.410 0.0000000000
75989  -37.849  -24.398  20.426 0.0000000000
77097  -36.004  -23.650  19.344 0.0000000000
80458  -34.722  -21.425  20.551 0.0000000000
79226  -35.028  -21.776  19.631 0.0000000000
81674  -35.672  -20.457  20.533 0.0000000000
81687  -36.709  -19.816  19.995 0.0000000000
65647  -25.706  -32.237  28.666 0.0000000000
65620  -25.052  -32.887  28.606 0.0000000000
65600  -26.137  -32.974  29.686 0.0000000000
65601  -26.748  -32.899  29.890 0.0000000000
59738  -9.535  -37.072  34.267 0.0000000000
58554  -9.487  -37.752  34.493 0.0000000000
59822  -13.548  -36.919  32.042 0.0000000000
60954  -12.883  -36.618  32.349 0.0000000000
58607  -13.475  -37.978  32.973 0.0000000000
64525  -45.077  -33.238  28.646 0.0000000000
59830  -20.350  -36.609  32.179 0.0000000000
157945  -21.580  -36.927  32.356 0.0000000000
59800  -22.252  -37.234  32.597 0.0000000000
182018  -22.664  -37.264  32.290 0.0000000000
61005  -22.668  -36.664  30.561 0.0000000000
59863  -22.859  -36.941  31.358 0.0000000000
61017  -39.380  -36.576  30.734 0.0000000000
65619  -20.030  -32.497  28.671 0.0000000000
65598  -19.087  -32.428  29.552 0.0000000000
65597  -18.375  -32.619  29.870 0.0000000000
64477  -17.993  -33.351  29.449 0.0000000000
64476  -17.384  -33.713  29.741 0.0000000000
63326  -17.284  -34.577  29.493 0.0000000000
63342  -17.829  -34.910  29.159 0.0000000000
161424  -18.795  -35.848  29.736 0.0000000000
62161  -19.310  -35.514  29.111 0.0000000000
61056  -19.661  -35.871  29.575 0.0000000000
61035  -19.364  -36.046  30.130 0.0000000000
61002  -19.587  -36.246  30.760 0.0000000000
60971  -19.937  -36.436  31.497 0.0000000000
64436  -42.053  -33.649  32.745 0.0000000000
65584  -36.395  -32.786  31.136 0.0000000000
65585  -37.051  -32.937  30.695 0.0000000000
64461  -37.642  -33.349  30.190 0.0000000000
162908  -37.508  -33.166  31.094 0.0000000000
64435  -39.208  -34.316  31.940 0.0000000000
80488  -37.716  -21.127  18.347 0.0000000000
80489  -38.519  -21.041  18.321 0.0000000000
81715  -38.130  -20.410  18.205 0.0000000000
81716  -38.857  -20.396  18.090 0.0000000000
81734  -39.195  -19.858  17.822 0.0000000000
82845  -38.701  -19.028  18.085 0.0000000000
82856  -39.309  -19.241  17.771 0.0000000000
81735  -39.866  -19.667  17.770 0.0000000000
82859  -41.680  -18.783  17.594 0.0000000000
86142  -44.656  -16.488  18.672 0.0000000000
87242  -45.795  -16.170  18.795 0.0000000000
175369  -46.082  -16.124  18.195 0.0000000000
87268  -46.043  -16.333  17.527 0.0000000000
87256  -47.162  -15.519  18.276 0.0000000000
87270  -47.249  -15.791  17.445 0.0000000000
87269  -46.668  -16.230  17.099 0.0000000000
86181  -47.111  -16.881  16.421 0.0000000000
85091  -48.109  -17.313  16.338 0.0000000000
85092  -48.606  -17.408  16.346 0.0000000000
83977  -49.499  -18.360  16.599 0.0000000000
85093  -49.229  -17.491  16.345 0.0000000000
173699  -50.174  -16.478  16.444 0.0000000000
86171  -50.650  -16.942  16.371 0.0000000000
85094  -50.993  -17.417  16.369 0.0000000000
87277  -53.717  -15.926  17.604 0.0000000000
87262  -53.669  -15.693  18.353 0.0000000000
56191  -7.600  -39.928  35.322 0.0000000000
55048  -7.821  -40.534  35.515 0.0000000000
55025  -8.247  -41.006  36.047 0.0000000000
67980  -37.584  -30.761  28.836 0.0000000000
67997  -38.098  -31.257  28.247 0.0000000000
68016  -37.278  -31.062  27.243 0.0000000000
74834  -31.298  -25.391  25.061 0.0000000000
163818  -31.432  -26.017  24.503 0.0000000000
74843  -31.182  -25.329  24.102 0.0000000000
172868  -31.584  -26.527  24.120 0.0000000000
73754  -31.660  -26.688  23.456 0.0000000000
72649  -32.430  -27.789  22.970 0.0000000000
72650  -33.351  -27.949  22.755 0.0000000000
71550  -34.125  -28.323  22.961 0.0000000000
72663  -32.786  -27.322  22.418 0.0000000000
73782  -33.121  -26.706  22.025 0.0000000000
73797  -33.440  -26.069  21.631 0.0000000000
74873  -32.985  -25.432  21.494 0.0000000000
74891  -33.727  -25.429  21.171 0.0000000000
74914  -33.976  -24.814  20.644 0.0000000000
75985  -34.363  -24.364  20.143 0.0000000000
77066  -34.788  -23.925  19.730 0.0000000000
77065  -34.098  -23.806  19.884 0.0000000000
78106  -33.858  -23.180  19.949 0.0000000000
79207  -33.666  -22.255  21.262 0.0000000000
79208  -34.219  -21.867  20.960 0.0000000000
80444  -34.648  -21.286  21.652 0.0000000000
80428  -35.246  -20.821  22.131 0.0000000000
65648  -27.910  -32.623  27.797 0.0000000000
65649  -27.891  -32.957  28.621 0.0000000000
185896  -28.647  -33.347  28.186 0.0000000000
63330  -29.365  -34.400  30.111 0.0000000000
63346  -30.180  -34.652  29.023 0.0000000000
63331  -29.990  -34.783  29.811 0.0000000000
62058  -9.463  -35.274  34.638 0.0000000000
62059  -10.059  -34.744  34.276 0.0000000000
176012  -9.951  -36.638  33.975 0.0000000000
58610  -15.536  -38.061  32.677 0.0000000000
53907  -4.584  -41.878  37.567 0.0000000000
175293  -3.915  -42.882  38.415 0.0000000000
50904  -4.013  -43.996  38.501 0.0000000000
52914  -3.548  -43.524  38.851 0.0000000000
52898  -3.170  -43.535  39.800 0.0000000000
85034  -41.589  -17.414  21.227 0.0000000000
86088  -43.395  -17.110  20.903 0.0000000000
154547  -43.944  -16.930  20.485 0.0000000000
86107  -44.426  -16.721  20.085 0.0000000000
69090  -41.572  -29.507  27.324 0.0000000000
62144  -34.154  -35.469  30.020 0.0000000000
175075  -34.711  -35.414  30.097 0.0000000000
62118  -34.514  -35.714  30.577 0.0000000000
64403  -14.194  -32.961  34.217 0.0000000000
64413  -13.925  -33.336  33.778 0.0000000000
64412  -13.396  -33.424  33.997 0.0000000000
63255  -12.888  -33.861  33.427 0.0000000000
63256  -13.583  -33.811  33.274 0.0000000000
62095  -13.997  -35.690  31.711 0.0000000000
60968  -14.055  -36.461  31.668 0.0000000000
59824  -14.957  -37.404  31.735 0.0000000000
63325  -16.692  -34.951  29.836 0.0000000000
61032  -16.154  -35.903  30.324 0.0000000000
61000  -17.422  -36.450  30.596 0.0000000000
60999  -16.657  -36.757  30.887 0.0000000000
60998  -15.905  -36.470  30.737 0.0000000000
59857  -16.047  -37.139  31.217 0.0000000000
59825  -15.628  -37.518  31.694 0.0000000000
58623  -15.993  -37.810  32.250 0.0000000000
61049  -43.408  -35.474  30.600 0.0000000000
66784  -40.959  -32.097  30.378 0.0000000000
66753  -41.132  -32.413  31.772 0.0000000000
66783  -40.225  -31.910  30.063 0.0000000000
67963  -38.857  -31.242  30.270 0.0000000000
69039  -37.706  -30.126  30.422 0.0000000000
69025  -37.595  -29.926  31.122 0.0000000000
177605  -22.325  -33.468  27.014 0.0000000000
63364  -23.099  -34.337  27.674 0.0000000000
64537  -23.349  -33.528  27.281 0.0000000000
65673  -24.186  -32.350  27.467 0.0000000000
66836  -24.429  -31.491  27.504 0.0000000000
66816  -24.992  -32.107  28.019 0.0000000000
66817  -25.684  -31.712  28.221 0.0000000000
66838  -26.118  -31.217  27.942 0.0000000000
158914  -27.037  -31.227  27.611 0.0000000000
71478  -25.878  -28.297  28.208 0.0000000000
71479  -26.540  -28.325  28.040 0.0000000000
70250  -26.506  -28.902  27.341 0.0000000000
71493  -27.502  -28.919  27.505 0.0000000000
70251  -27.091  -29.164  27.316 0.0000000000
162233  -27.215  -30.649  27.133 0.0000000000
68011  -27.742  -31.241  26.933 0.0000000000
66840  -27.733  -31.900  27.337 0.0000000000
65686  -28.345  -32.360  27.125 0.0000000000
65675  -29.476  -32.856  27.172 0.0000000000
169349  -30.026  -33.320  27.336 0.0000000000
66841  -29.929  -32.118  27.130 0.0000000000
179978  -30.620  -33.305  27.279 0.0000000000
64540  -31.089  -33.662  27.516 0.0000000000
63384  -31.557  -34.099  27.756 0.0000000000
63370  -32.658  -34.186  27.934 0.0000000000
63350  -33.582  -34.692  28.796 0.0000000000
67960  -31.066  -30.837  29.791 0.0000000000
67979  -31.388  -31.565  29.403 0.0000000000
66801  -31.930  -32.098  28.905 0.0000000000
66821  -32.519  -32.477  28.463 0.0000000000
65625  -34.062  -32.763  28.859 0.0000000000
65651  -32.936  -32.853  28.181 0.0000000000
64521  -33.635  -33.689  28.137 0.0000000000
63372  -34.028  -34.178  28.474 0.0000000000
62171  -35.870  -34.836  29.652 0.0000000000
62172  -36.581  -34.541  29.441 0.0000000000
62147  -36.504  -35.065  29.995 0.0000000000
61042  -38.057  -35.724  30.131 0.0000000000
63332  -38.349  -34.511  29.539 0.0000000000
61046  -41.480  -36.105  30.767 0.0000000000
61047  -42.190  -36.272  30.848 0.0000000000
67976  -21.958  -31.004  28.931 0.0000000000
66799  -21.535  -31.518  28.556 0.0000000000
66815  -21.776  -31.817  27.534 0.0000000000
65670  -22.148  -32.852  26.932 0.0000000000
85032  -39.988  -17.539  20.590 0.0000000000
85048  -40.172  -17.359  19.743 0.0000000000
85060  -40.527  -17.289  19.055 0.0000000000
85061  -41.255  -17.120  18.667 0.0000000000
170668  -40.741  -17.469  18.205 0.0000000000
85074  -41.010  -17.810  17.730 0.0000000000
83964  -41.980  -18.254  17.437 0.0000000000
86141  -44.049  -16.615  18.097 0.0000000000
86155  -43.627  -16.966  17.351 0.0000000000
86166  -44.777  -17.061  16.774 0.0000000000
86165  -44.148  -17.100  16.915 0.0000000000
85077  -43.723  -17.464  16.920 0.0000000000
83970  -43.319  -17.850  16.999 0.0000000000
83966  -43.250  -18.360  17.082 0.0000000000
82861  -43.267  -18.905  17.325 0.0000000000
82848  -44.983  -19.544  17.936 0.0000000000
85067  -58.088  -16.864  18.716 0.0000000000
55003  -4.911  -41.196  37.180 0.0000000000
55047  -7.068  -40.441  35.604 0.0000000000
166090  -6.469  -40.521  36.051 0.0000000000
55022  -6.137  -41.053  36.380 0.0000000000
53932  -6.448  -41.543  36.476 0.0000000000
53908  -5.202  -41.827  37.050 0.0000000000
172930  -5.056  -42.687  37.490 0.0000000000
51980  -5.082  -43.111  37.755 0.0000000000
179250  -5.155  -43.531  38.141 0.0000000000
51970  -6.456  -43.438  39.206 0.0000000000
50900  -5.884  -43.909  39.518 0.0000000000
64502  -43.361  -33.294  29.559 0.0000000000
64503  -44.017  -33.564  29.272 0.0000000000
65658  -43.852  -32.660  28.218 0.0000000000
65655  -41.777  -32.224  28.123 0.0000000000
65656  -42.392  -32.345  28.089 0.0000000000
65679  -42.753  -32.212  27.749 0.0000000000
65680  -43.368  -32.214  27.751 0.0000000000
66850  -43.532  -31.746  27.550 0.0000000000
68018  -43.150  -31.394  27.265 0.0000000000
68035  -42.517  -31.364  27.052 0.0000000000
184084  -42.207  -30.841  26.993 0.0000000000
164751  -34.843  -28.152  28.380 0.0000000000
72602  -33.822  -27.405  27.927 0.0000000000
70256  -34.966  -28.911  27.872 0.0000000000
179106  -34.976  -29.640  27.410 0.0000000000
69088  -35.350  -30.241  27.120 0.0000000000
68015  -36.588  -30.924  26.972 0.0000000000
168836  -32.507  -26.913  26.419 0.0000000000
71508  -32.826  -28.227  26.052 0.0000000000
70278  -32.990  -28.886  25.362 0.0000000000
71521  -33.220  -28.852  26.105 0.0000000000
178504  -33.619  -29.020  26.476 0.0000000000
69100  -35.233  -30.345  26.400 0.0000000000
68029  -37.188  -30.988  26.574 0.0000000000
179816  -39.051  -30.712  25.721 0.0000000000
69116  -37.573  -30.161  25.338 0.0000000000
68043  -39.486  -30.473  25.742 0.0000000000
69101  -40.200  -29.739  26.319 0.0000000000
69102  -40.902  -29.611  26.777 0.0000000000
180901  -38.579  -28.449  25.931 0.0000000000
169625  -34.735  -27.927  22.863 0.0000000000
71551  -35.524  -27.758  22.985 0.0000000000
72640  -36.783  -27.483  23.565 0.0000000000
72667  -35.739  -26.889  22.564 0.0000000000
77070  -37.973  -23.843  19.936 0.0000000000
77100  -38.611  -23.432  19.870 0.0000000000
79242  -37.533  -21.917  18.582 0.0000000000
77096  -35.264  -23.491  19.339 0.0000000000
78121  -35.753  -23.004  19.064 0.0000000000
79240  -35.520  -22.281  19.058 0.0000000000
166894  -36.249  -22.429  18.794 0.0000000000
79241  -36.790  -21.885  18.615 0.0000000000
79262  -37.176  -21.450  18.460 0.0000000000
82840  -37.288  -19.395  19.550 0.0000000000
63365  -23.593  -34.436  28.211 0.0000000000
63344  -23.741  -34.810  28.771 0.0000000000
63345  -24.318  -34.544  29.283 0.0000000000
159627  -24.687  -33.969  29.172 0.0000000000
155694  -24.507  -34.859  29.859 0.0000000000
62111  -24.753  -35.613  30.934 0.0000000000
65624  -27.559  -32.900  29.431 0.0000000000
65602  -27.225  -33.000  30.038 0.0000000000
64480  -26.951  -33.300  30.514 0.0000000000
64460  -27.889  -34.056  31.423 0.0000000000
64459  -27.409  -33.680  30.974 0.0000000000
64445  -26.883  -33.813  31.155 0.0000000000
63288  -26.700  -34.336  31.696 0.0000000000
62143  -33.418  -35.482  29.970 0.0000000000
62116  -33.006  -35.759  30.640 0.0000000000
59679  -6.719  -37.763  36.693 0.0000000000
58505  -6.977  -38.113  35.852 0.0000000000
58529  -7.418  -38.439  35.356 0.0000000000
59717  -8.331  -37.245  34.972 0.0000000000
59716  -7.776  -37.260  35.516 0.0000000000
57366  -8.094  -39.466  35.082 0.0000000000
56193  -9.761  -39.542  35.557 0.0000000000
63271  -12.336  -34.441  33.029 0.0000000000
62082  -11.572  -35.873  32.966 0.0000000000
59764  -11.289  -37.281  33.541 0.0000000000
58588  -14.656  -38.457  33.414 0.0000000000
58587  -13.895  -38.425  33.462 0.0000000000
184141  -12.603  -38.487  33.932 0.0000000000
58557  -12.144  -38.547  34.234 0.0000000000
58556  -11.373  -38.389  34.365 0.0000000000
87252  -59.569  -16.201  19.191 0.0000000000
48602  -4.248  -45.928  40.217 0.0000000000
48610  -3.301  -45.861  39.791 0.0000000000
48588  -3.100  -46.685  40.675 0.0000000000
49778  -3.127  -45.315  39.610 0.0000000000
49769  -1.313  -45.744  39.907 0.0000000000
51959  -0.892  -44.302  39.885 0.0000000000
50890  -1.461  -44.844  40.210 0.0000000000
51960  -1.346  -44.146  40.624 0.0000000000
49774  -5.375  -44.484  39.837 0.0000000000
50906  -5.681  -43.698  38.653 0.0000000000
52932  -4.844  -42.380  37.459 0.0000000000
53931  -5.821  -41.590  36.693 0.0000000000
59801  -22.993  -37.436  32.720 0.0000000000
59832  -22.294  -37.067  31.881 0.0000000000
59833  -23.113  -37.241  32.051 0.0000000000
60973  -24.147  -36.865  31.689 0.0000000000
60974  -24.803  -36.502  31.883 0.0000000000
61006  -23.788  -36.610  31.142 0.0000000000
61057  -20.413  -36.041  29.518 0.0000000000
61061  -23.281  -35.723  29.482 0.0000000000
62099  -26.444  -34.927  32.208 0.0000000000
62145  -34.594  -35.106  29.565 0.0000000000
62163  -21.969  -35.361  28.282 0.0000000000
62165  -23.266  -35.357  28.925 0.0000000000
62166  -30.602  -35.062  29.635 0.0000000000
62180  -21.220  -35.442  28.385 0.0000000000
63305  -25.850  -34.370  31.025 0.0000000000
63347  -30.938  -34.878  28.993 0.0000000000
63371  -33.305  -34.245  28.216 0.0000000000
63380  -21.042  -34.699  27.757 0.0000000000
63383  -30.849  -34.203  27.946 0.0000000000
64449  -42.529  -33.847  32.313 0.0000000000
64518  -29.417  -33.877  28.220 0.0000000000
64519  -29.847  -33.778  27.775 0.0000000000
64536  -22.715  -33.853  27.209 0.0000000000
64541  -31.773  -33.565  27.577 0.0000000000
64543  -33.135  -33.252  27.921 0.0000000000
65578  -16.647  -32.908  31.165 0.0000000000
65599  -19.682  -32.325  29.261 0.0000000000
65621  -25.765  -32.723  29.153 0.0000000000
65669  -21.061  -33.256  27.455 0.0000000000
65671  -22.809  -33.026  26.924 0.0000000000
65678  -32.615  -33.025  27.861 0.0000000000
65687  -28.945  -32.511  27.007 0.0000000000
66782  -33.516  -32.473  29.348 0.0000000000
68005  -22.385  -31.430  26.906 0.0000000000
68024  -28.331  -31.264  26.805 0.0000000000
68026  -29.611  -31.443  27.134 0.0000000000
69082  -26.591  -29.512  27.277 0.0000000000
69083  -27.343  -29.931  27.094 0.0000000000
69084  -28.187  -29.935  26.878 0.0000000000
69087  -34.742  -29.922  26.806 0.0000000000
69089  -35.996  -30.559  27.478 0.0000000000
69099  -34.550  -30.030  26.122 0.0000000000
69131  -34.787  -29.765  24.405 0.0000000000
69133  -36.089  -30.129  24.794 0.0000000000
70253  -28.751  -29.580  27.267 0.0000000000
70299  -32.671  -28.486  24.122 0.0000000000
71466  -26.574  -28.089  28.805 0.0000000000
71481  -27.653  -28.541  27.956 0.0000000000
71491  -26.157  -28.591  27.555 0.0000000000
71530  -32.196  -28.055  24.515 0.0000000000
71541  -36.200  -27.806  23.329 0.0000000000
71542  -37.043  -27.967  24.183 0.0000000000
71548  -32.848  -28.338  23.384 0.0000000000
72632  -32.435  -28.168  25.281 0.0000000000
72648  -31.947  -27.339  23.271 0.0000000000
72664  -33.608  -27.226  22.296 0.0000000000
73783  -33.868  -26.558  21.906 0.0000000000
73785  -35.123  -26.118  21.789 0.0000000000
73800  -35.234  -25.690  21.360 0.0000000000
74894  -35.626  -25.392  21.027 0.0000000000
75929  -31.453  -24.736  22.595 0.0000000000
82858  -40.913  -18.866  17.631 0.0000000000
83961  -39.736  -18.599  17.744 0.0000000000
83971  -43.871  -18.046  16.741 0.0000000000
83972  -44.517  -18.039  16.591 0.0000000000
86087  -42.824  -17.081  20.602 0.0000000000
158042  -20.527  -35.413  28.449 0.0000000000
162102  -46.907  -15.564  19.026 0.0000000000
162525  -22.051  -34.016  27.250 0.0000000000
163729  -23.095  -31.235  27.044 0.0000000000
165549  -42.509  -17.470  17.478 0.0000000000
167641  -23.366  -36.431  30.524 0.0000000000
168320  -27.972  -33.615  30.832 0.0000000000
171785  -27.272  -32.492  28.754 0.0000000000
172181  -51.200  -17.901  16.362 0.0000000000
172295  -22.165  -35.762  28.901 0.0000000000
172805  -20.996  -36.731  32.075 0.0000000000
173152  -30.431  -33.774  27.620 0.0000000000
175727  -24.694  -33.568  28.797 0.0000000000
176763  -41.844  -17.056  19.980 0.0000000000
176840  -30.212  -32.781  27.202 0.0000000000
177191  -29.646  -29.495  28.479 0.0000000000
179774  -26.476  -33.236  30.196 0.0000000000
180465  -35.152  -30.295  25.817 0.0000000000
182016  -20.905  -35.143  28.072 0.0000000000
182059  -21.053  -36.169  29.559 0.0000000000
182126  -39.118  -31.061  25.930 0.0000000000
183603  -32.070  -22.961  22.313 0.0000000000
184032  -17.707  -36.613  30.986 0.0000000000
184162  -40.645  -17.263  19.643 0.0000000000
186154  -50.583  -17.359  16.359 0.0000000000
