#!ascii label  , from subject sub-v2s13x29129_ses-1 vox2ras=TkReg
1150
45682  29.692  -37.289  43.295 0.0000000000
71115  46.527  -18.625  33.788 0.0000000000
78488  56.638  -12.665  28.881 0.0000000000
61135  40.798  -25.747  44.075 0.0000000000
38960  34.466  -42.533  37.164 0.0000000000
37884  32.164  -43.345  40.966 0.0000000000
75972  51.544  -14.787  32.862 0.0000000000
68469  50.427  -19.470  37.270 0.0000000000
51601  37.641  -33.376  43.393 0.0000000000
38970  39.644  -43.333  36.600 0.0000000000
95049  58.254  0.817  24.683 0.0000000000
85519  53.774  -7.381  30.485 0.0000000000
62413  38.261  -24.999  39.973 0.0000000000
68429  44.335  -19.627  40.423 0.0000000000
160607  32.455  -40.765  40.298 0.0000000000
41176  30.888  -40.739  42.491 0.0000000000
72344  48.647  -17.125  33.382 0.0000000000
73471  51.474  -16.227  35.545 0.0000000000
72295  48.731  -17.389  37.024 0.0000000000
48218  42.982  -35.398  38.880 0.0000000000
35741  36.142  -45.841  38.814 0.0000000000
37928  37.470  -43.853  36.954 0.0000000000
35780  38.534  -45.826  36.474 0.0000000000
95033  54.851  -0.279  26.374 0.0000000000
93866  57.002  -0.609  26.534 0.0000000000
92667  55.214  -2.032  29.048 0.0000000000
79625  53.714  -11.579  28.721 0.0000000000
83067  51.316  -9.217  28.226 0.0000000000
83064  56.190  -9.415  29.187 0.0000000000
85560  57.007  -7.652  27.981 0.0000000000
181724  55.524  -11.032  26.467 0.0000000000
55340  38.612  -29.295  45.069 0.0000000000
155554  37.833  -28.582  42.515 0.0000000000
62376  39.221  -24.740  43.485 0.0000000000
162629  41.084  -22.266  40.555 0.0000000000
65893  42.731  -21.994  42.681 0.0000000000
65926  46.611  -22.580  39.826 0.0000000000
62401  45.208  -25.524  41.383 0.0000000000
38935  34.381  -43.116  40.215 0.0000000000
178344  51.451  -13.580  29.526 0.0000000000
77252  54.615  -13.794  31.583 0.0000000000
73518  53.771  -16.604  33.273 0.0000000000
69838  52.281  -19.369  33.942 0.0000000000
43499  40.215  -38.623  39.985 0.0000000000
46957  40.932  -36.703  42.260 0.0000000000
51599  40.948  -32.658  42.677 0.0000000000
56578  40.171  -29.304  43.125 0.0000000000
183742  42.173  -25.722  41.198 0.0000000000
42397  39.730  -39.619  37.517 0.0000000000
40051  41.587  -41.627  36.821 0.0000000000
95097  57.235  -0.391  20.652 0.0000000000
90289  52.379  -4.451  28.981 0.0000000000
89136  56.110  -4.868  30.114 0.0000000000
88046  53.475  -6.173  27.080 0.0000000000
180261  45.746  -18.899  37.996 0.0000000000
68448  47.322  -19.342  39.682 0.0000000000
64754  48.943  -23.161  37.593 0.0000000000
43432  29.372  -39.201  43.354 0.0000000000
43430  30.534  -38.687  42.770 0.0000000000
161136  29.829  -40.422  42.882 0.0000000000
72337  47.600  -17.951  33.595 0.0000000000
72323  49.061  -17.144  34.943 0.0000000000
71097  47.325  -18.404  35.632 0.0000000000
35767  37.533  -45.898  37.338 0.0000000000
93858  53.823  -1.255  26.611 0.0000000000
93845  55.431  -1.031  28.074 0.0000000000
92678  53.723  -2.071  27.674 0.0000000000
79605  55.692  -12.013  30.006 0.0000000000
81901  55.188  -10.497  28.921 0.0000000000
80769  57.165  -10.916  29.053 0.0000000000
81910  57.244  -10.148  28.089 0.0000000000
58727  39.617  -27.115  44.467 0.0000000000
58728  38.576  -27.093  44.421 0.0000000000
62336  39.668  -25.042  44.488 0.0000000000
162548  40.530  -23.254  43.767 0.0000000000
62352  42.109  -24.248  43.272 0.0000000000
168011  43.729  -23.859  42.256 0.0000000000
61145  43.660  -25.234  42.461 0.0000000000
40021  33.259  -41.977  40.539 0.0000000000
37883  33.415  -43.804  40.900 0.0000000000
36847  33.891  -44.914  40.350 0.0000000000
75996  50.367  -14.774  31.699 0.0000000000
76031  49.367  -14.488  30.108 0.0000000000
155745  51.501  -13.924  31.036 0.0000000000
78429  52.806  -13.425  30.998 0.0000000000
77236  53.193  -13.850  32.142 0.0000000000
74704  54.404  -15.296  32.556 0.0000000000
74692  52.809  -15.126  33.807 0.0000000000
71081  51.402  -17.922  36.418 0.0000000000
71094  52.383  -17.868  35.241 0.0000000000
68479  51.655  -19.639  35.637 0.0000000000
159421  50.463  -20.363  34.462 0.0000000000
67231  50.144  -21.087  36.330 0.0000000000
43497  41.185  -38.822  39.401 0.0000000000
44565  40.619  -38.217  41.001 0.0000000000
45746  41.619  -37.661  39.958 0.0000000000
49342  42.334  -34.174  40.909 0.0000000000
54102  40.867  -30.913  42.427 0.0000000000
38971  38.715  -43.275  36.421 0.0000000000
40078  38.866  -42.225  36.135 0.0000000000
41234  39.659  -41.430  36.629 0.0000000000
41223  40.636  -41.159  37.623 0.0000000000
38968  41.222  -43.078  36.199 0.0000000000
96197  56.739  1.332  24.680 0.0000000000
95067  58.225  0.215  22.999 0.0000000000
92687  55.986  -2.062  26.960 0.0000000000
84217  52.305  -8.181  29.316 0.0000000000
171132  50.656  -7.884  28.598 0.0000000000
86816  51.605  -7.191  29.398 0.0000000000
88030  51.316  -5.682  28.891 0.0000000000
89128  53.186  -5.314  30.135 0.0000000000
180474  54.847  -4.153  30.768 0.0000000000
87997  55.444  -6.037  31.020 0.0000000000
84261  54.501  -8.477  25.978 0.0000000000
181998  55.288  -6.891  27.080 0.0000000000
49331  38.213  -34.892  42.408 0.0000000000
184848  38.260  -32.281  41.840 0.0000000000
59926  38.041  -26.533  41.576 0.0000000000
57684  38.008  -28.238  40.820 0.0000000000
187998  42.768  -20.822  41.086 0.0000000000
65940  41.730  -21.871  39.404 0.0000000000
67189  43.270  -20.464  39.435 0.0000000000
178074  43.936  -20.226  37.436 0.0000000000
181939  44.853  -19.127  39.235 0.0000000000
69783  46.250  -18.526  39.145 0.0000000000
68428  45.884  -19.672  40.459 0.0000000000
63550  47.197  -25.001  39.910 0.0000000000
64736  47.954  -22.979  38.934 0.0000000000
63578  48.959  -24.557  37.801 0.0000000000
62470  49.425  -24.790  36.292 0.0000000000
42351  31.740  -40.240  41.773 0.0000000000
40013  31.099  -41.947  42.102 0.0000000000
38930  30.901  -42.381  41.187 0.0000000000
40014  30.467  -41.771  42.072 0.0000000000
74707  50.107  -15.772  32.818 0.0000000000
74680  51.784  -15.616  34.616 0.0000000000
164786  50.331  -16.294  35.544 0.0000000000
73458  50.014  -16.872  36.838 0.0000000000
71067  50.047  -18.023  37.737 0.0000000000
37918  36.323  -43.903  37.954 0.0000000000
38958  36.488  -43.497  36.975 0.0000000000
37917  37.135  -44.436  37.716 0.0000000000
36882  38.604  -45.408  36.919 0.0000000000
188241  39.996  -44.990  36.118 0.0000000000
37937  40.860  -44.349  35.614 0.0000000000
178289  39.884  -44.860  35.159 0.0000000000
185811  57.409  0.923  26.324 0.0000000000
95051  57.363  -0.214  25.290 0.0000000000
95031  57.147  0.082  27.232 0.0000000000
93843  56.801  -0.887  28.095 0.0000000000
91482  56.387  -2.437  28.653 0.0000000000
79648  52.046  -11.580  27.808 0.0000000000
81913  53.114  -10.492  27.940 0.0000000000
83065  53.422  -9.270  28.262 0.0000000000
84215  55.075  -8.506  29.570 0.0000000000
86814  55.920  -7.362  30.451 0.0000000000
84246  57.184  -8.478  28.504 0.0000000000
83094  56.352  -9.425  26.913 0.0000000000
52802  38.106  -31.568  44.504 0.0000000000
54104  37.488  -31.128  43.437 0.0000000000
56571  37.697  -29.058  44.328 0.0000000000
59906  37.956  -26.811  43.360 0.0000000000
62391  38.661  -25.186  41.806 0.0000000000
178768  39.571  -23.747  40.663 0.0000000000
64695  40.042  -23.193  42.295 0.0000000000
65907  41.504  -21.708  42.108 0.0000000000
67146  43.706  -21.196  41.786 0.0000000000
175013  45.400  -21.419  40.587 0.0000000000
64706  44.547  -22.800  41.430 0.0000000000
63552  45.943  -24.296  40.807 0.0000000000
61184  46.944  -26.300  39.833 0.0000000000
41204  32.088  -40.596  38.977 0.0000000000
40037  33.628  -41.984  38.826 0.0000000000
38950  34.943  -42.958  38.675 0.0000000000
36845  35.441  -44.435  39.690 0.0000000000
35755  35.141  -45.980  38.679 0.0000000000
78490  52.441  -12.657  28.755 0.0000000000
78464  54.057  -12.609  29.986 0.0000000000
155665  56.086  -13.236  30.499 0.0000000000
76014  55.717  -14.606  31.170 0.0000000000
182897  54.635  -16.352  31.481 0.0000000000
72355  53.268  -17.918  32.000 0.0000000000
73485  53.011  -16.341  34.235 0.0000000000
181090  53.155  -17.759  33.727 0.0000000000
43500  39.646  -38.246  39.767 0.0000000000
44567  39.382  -38.013  40.997 0.0000000000
46944  39.183  -36.549  42.857 0.0000000000
48146  39.170  -35.349  43.575 0.0000000000
48190  41.860  -35.643  41.066 0.0000000000
49318  40.761  -34.997  42.885 0.0000000000
169045  39.753  -33.468  43.964 0.0000000000
52820  39.627  -31.661  44.033 0.0000000000
56570  39.868  -29.237  43.958 0.0000000000
58737  40.183  -26.872  43.748 0.0000000000
59924  41.513  -25.857  42.692 0.0000000000
59925  40.399  -26.835  42.174 0.0000000000
169879  40.122  -39.068  38.863 0.0000000000
42384  41.073  -40.000  38.409 0.0000000000
42395  41.753  -40.264  37.500 0.0000000000
40077  41.686  -42.765  35.649 0.0000000000
41255  41.954  -41.113  35.537 0.0000000000
95113  58.260  -0.029  19.903 0.0000000000
91485  52.467  -3.129  27.476 0.0000000000
91459  54.226  -3.225  29.537 0.0000000000
90275  55.831  -3.374  30.250 0.0000000000
184133  56.047  -3.906  28.992 0.0000000000
182440  56.593  -6.407  29.087 0.0000000000
89155  55.417  -5.139  28.227 0.0000000000
90312  54.109  -4.566  27.276 0.0000000000
55380  38.080  -29.762  41.390 0.0000000000
68482  44.560  -20.142  36.125 0.0000000000
69822  46.423  -19.051  35.582 0.0000000000
71070  47.121  -18.160  38.098 0.0000000000
69782  48.348  -18.078  38.688 0.0000000000
68460  49.272  -19.688  38.220 0.0000000000
65939  47.004  -21.571  39.552 0.0000000000
67204  48.790  -21.464  38.466 0.0000000000
65965  49.662  -21.610  37.491 0.0000000000
65982  49.185  -22.391  36.492 0.0000000000
61174  44.718  -25.631  41.347 0.0000000000
61203  45.937  -26.254  40.111 0.0000000000
172691  30.065  -37.896  43.146 0.0000000000
44532  29.428  -38.181  43.597 0.0000000000
45683  29.484  -37.297  43.611 0.0000000000
43431  30.060  -38.783  43.208 0.0000000000
71122  46.967  -18.204  33.480 0.0000000000
71113  47.936  -18.016  34.405 0.0000000000
71106  46.712  -18.824  34.445 0.0000000000
92689  53.338  -1.838  26.899 0.0000000000
92679  52.876  -2.484  27.149 0.0000000000
79604  56.537  -12.030  29.653 0.0000000000
80751  56.017  -11.446  29.653 0.0000000000
182584  56.985  -11.868  29.139 0.0000000000
79646  56.925  -11.792  28.128 0.0000000000
78510  56.517  -12.449  28.153 0.0000000000
177196  40.309  -26.086  44.404 0.0000000000
59894  39.305  -26.076  44.774 0.0000000000
61119  40.361  -25.609  44.478 0.0000000000
161789  40.715  -23.916  44.070 0.0000000000
62353  41.455  -24.624  43.725 0.0000000000
62374  43.103  -24.777  42.791 0.0000000000
61134  41.430  -25.375  43.553 0.0000000000
37877  32.368  -43.184  41.294 0.0000000000
38916  32.993  -42.466  41.202 0.0000000000
36840  32.775  -43.757  40.814 0.0000000000
37893  32.555  -43.803  40.616 0.0000000000
75973  50.657  -15.088  32.436 0.0000000000
76015  50.963  -14.308  31.402 0.0000000000
75994  51.896  -14.334  32.412 0.0000000000
77237  52.465  -14.050  32.330 0.0000000000
75971  52.301  -14.461  32.936 0.0000000000
77215  52.923  -14.264  32.826 0.0000000000
75970  52.613  -14.751  33.414 0.0000000000
69808  51.112  -18.735  36.681 0.0000000000
69807  51.816  -18.875  35.934 0.0000000000
171778  51.396  -19.474  36.204 0.0000000000
68480  51.134  -20.045  36.050 0.0000000000
67230  50.608  -20.486  36.518 0.0000000000
44621  41.767  -38.944  38.465 0.0000000000
170296  41.496  -38.287  39.507 0.0000000000
45758  41.929  -37.741  39.112 0.0000000000
38982  38.617  -42.525  36.121 0.0000000000
40066  39.506  -42.303  36.562 0.0000000000
40065  40.556  -42.446  37.004 0.0000000000
171635  40.441  -43.134  36.731 0.0000000000
168309  57.610  1.389  25.094 0.0000000000
97320  57.826  1.497  24.298 0.0000000000
96196  58.442  1.051  24.274 0.0000000000
96203  58.678  0.971  23.525 0.0000000000
95058  58.325  0.512  23.888 0.0000000000
85531  53.115  -7.820  29.906 0.0000000000
164686  52.263  -7.590  29.699 0.0000000000
174988  52.864  -7.320  30.075 0.0000000000
86815  52.235  -6.775  29.790 0.0000000000
86798  53.149  -6.715  30.344 0.0000000000
87999  53.609  -5.968  30.636 0.0000000000
86797  54.044  -6.700  30.870 0.0000000000
84262  53.367  -8.315  25.873 0.0000000000
85582  54.026  -7.785  26.225 0.0000000000
50450  37.955  -34.065  42.681 0.0000000000
51611  37.863  -33.022  42.431 0.0000000000
172750  37.544  -32.642  43.088 0.0000000000
61177  38.326  -25.540  41.013 0.0000000000
180479  37.811  -25.792  39.639 0.0000000000
68431  43.469  -20.226  40.582 0.0000000000
68450  43.246  -20.352  40.169 0.0000000000
68430  43.938  -19.899  40.418 0.0000000000
68461  44.252  -19.593  39.088 0.0000000000
69754  44.873  -19.209  39.981 0.0000000000
69753  45.468  -19.145  40.100 0.0000000000
176589  45.028  -19.455  40.527 0.0000000000
62424  48.029  -25.931  39.041 0.0000000000
62439  48.431  -24.794  38.594 0.0000000000
61211  48.862  -26.244  37.986 0.0000000000
181068  49.553  -25.643  36.824 0.0000000000
42342  31.351  -39.599  42.212 0.0000000000
43481  31.614  -39.580  41.639 0.0000000000
41175  31.436  -40.503  42.260 0.0000000000
41181  31.934  -41.093  41.933 0.0000000000
41182  31.322  -41.326  42.285 0.0000000000
40003  30.677  -41.420  42.405 0.0000000000
73521  48.353  -16.886  32.700 0.0000000000
73534  48.029  -16.548  32.065 0.0000000000
73520  49.038  -16.637  33.001 0.0000000000
73519  49.420  -16.240  32.716 0.0000000000
73504  49.747  -16.319  33.344 0.0000000000
163111  49.964  -16.354  34.082 0.0000000000
73489  49.690  -16.662  34.689 0.0000000000
72312  48.549  -17.535  36.076 0.0000000000
73459  49.707  -16.815  36.521 0.0000000000
72294  49.274  -17.017  36.936 0.0000000000
72280  49.573  -17.244  37.323 0.0000000000
72267  49.100  -17.542  37.793 0.0000000000
36856  36.296  -45.294  38.889 0.0000000000
37907  36.760  -44.939  38.500 0.0000000000
36870  36.773  -45.654  38.451 0.0000000000
35781  37.828  -45.999  36.936 0.0000000000
36883  37.806  -45.647  37.350 0.0000000000
36896  38.918  -45.473  36.367 0.0000000000
37926  39.363  -45.135  36.399 0.0000000000
36895  39.675  -45.238  36.054 0.0000000000
36908  39.914  -45.183  35.753 0.0000000000
95043  54.090  -0.644  25.641 0.0000000000
95042  54.783  -0.050  25.529 0.0000000000
96179  56.821  1.026  26.045 0.0000000000
95032  55.902  0.383  26.450 0.0000000000
96171  57.046  0.530  26.739 0.0000000000
171158  56.607  0.181  27.359 0.0000000000
93829  55.886  -1.490  28.798 0.0000000000
93844  56.565  -0.934  28.524 0.0000000000
93828  56.455  -1.575  28.886 0.0000000000
92675  56.668  -1.662  28.496 0.0000000000
93812  56.409  -1.867  28.981 0.0000000000
79626  52.634  -11.902  28.326 0.0000000000
80787  52.152  -10.939  27.681 0.0000000000
80773  52.898  -11.235  28.095 0.0000000000
81911  55.133  -9.881  28.755 0.0000000000
83081  53.855  -9.802  28.105 0.0000000000
172699  54.693  -9.351  28.701 0.0000000000
84233  54.204  -8.833  28.828 0.0000000000
84232  55.787  -8.939  29.359 0.0000000000
84214  56.663  -8.455  29.522 0.0000000000
167532  56.900  -9.025  29.134 0.0000000000
80785  56.566  -10.766  27.133 0.0000000000
81928  56.746  -9.987  27.270 0.0000000000
81929  55.569  -10.248  26.430 0.0000000000
179397  54.858  -9.384  25.978 0.0000000000
81930  54.330  -10.263  25.762 0.0000000000
54074  38.134  -30.871  44.804 0.0000000000
55361  37.607  -30.385  44.465 0.0000000000
56564  37.899  -29.102  44.800 0.0000000000
61121  39.002  -25.780  44.498 0.0000000000
59896  38.012  -27.048  43.852 0.0000000000
61136  38.585  -25.786  43.915 0.0000000000
164410  38.564  -25.405  42.447 0.0000000000
165653  38.816  -25.165  43.078 0.0000000000
63522  39.579  -23.930  42.023 0.0000000000
64674  39.993  -23.791  43.298 0.0000000000
64671  41.421  -22.438  43.307 0.0000000000
65882  40.941  -22.454  43.004 0.0000000000
65894  42.025  -21.808  42.806 0.0000000000
67148  42.587  -21.023  41.742 0.0000000000
65905  43.234  -21.476  42.289 0.0000000000
65916  44.319  -21.463  41.417 0.0000000000
65904  43.872  -22.070  41.868 0.0000000000
63521  44.440  -24.587  41.948 0.0000000000
63538  44.854  -24.167  41.568 0.0000000000
63537  45.516  -24.901  41.293 0.0000000000
62399  46.042  -25.510  40.959 0.0000000000
61171  46.056  -25.977  40.853 0.0000000000
41196  32.011  -40.381  39.734 0.0000000000
42375  31.573  -40.074  38.991 0.0000000000
168921  32.405  -40.837  39.595 0.0000000000
181245  33.839  -42.437  40.193 0.0000000000
40028  33.482  -41.924  39.668 0.0000000000
38943  34.134  -42.424  39.536 0.0000000000
38951  34.292  -42.478  38.580 0.0000000000
38942  34.760  -42.967  39.402 0.0000000000
38941  35.332  -43.575  39.206 0.0000000000
37899  35.009  -43.740  39.934 0.0000000000
77273  50.857  -13.848  29.759 0.0000000000
78492  51.366  -13.380  28.788 0.0000000000
77290  51.965  -13.204  29.174 0.0000000000
78428  53.671  -13.323  31.114 0.0000000000
78444  53.244  -13.037  30.286 0.0000000000
78443  54.373  -12.956  30.678 0.0000000000
78442  55.454  -13.029  30.779 0.0000000000
78426  55.475  -13.605  31.124 0.0000000000
77271  55.981  -14.035  30.706 0.0000000000
187831  55.206  -14.003  31.517 0.0000000000
74705  54.017  -15.831  33.056 0.0000000000
74724  54.841  -15.522  31.999 0.0000000000
73517  54.183  -16.607  32.568 0.0000000000
73532  54.170  -16.865  31.772 0.0000000000
72343  53.676  -17.250  32.953 0.0000000000
74669  51.335  -15.953  35.280 0.0000000000
74668  51.963  -15.913  34.934 0.0000000000
73470  52.020  -16.338  35.280 0.0000000000
69819  52.560  -18.565  34.760 0.0000000000
173783  52.904  -18.092  34.154 0.0000000000
69837  52.724  -18.827  34.137 0.0000000000
71121  53.017  -18.409  33.112 0.0000000000
69848  52.044  -19.363  33.175 0.0000000000
44584  39.328  -37.950  40.275 0.0000000000
44583  39.831  -38.298  40.533 0.0000000000
45715  40.670  -37.418  42.060 0.0000000000
45716  39.884  -37.542  42.295 0.0000000000
45697  40.262  -37.054  42.634 0.0000000000
48161  38.889  -35.779  43.195 0.0000000000
48159  40.333  -35.946  43.122 0.0000000000
46982  42.454  -36.058  39.452 0.0000000000
48203  42.726  -35.185  39.704 0.0000000000
165729  41.575  -33.094  41.925 0.0000000000
50455  41.395  -33.979  42.193 0.0000000000
50448  40.705  -34.056  43.036 0.0000000000
50449  40.005  -34.114  43.686 0.0000000000
180976  40.096  -32.942  43.651 0.0000000000
52821  39.615  -32.550  44.035 0.0000000000
52819  40.217  -31.688  43.429 0.0000000000
55368  40.600  -30.245  42.593 0.0000000000
54087  40.419  -30.466  43.107 0.0000000000
56569  39.972  -29.059  43.648 0.0000000000
57660  39.847  -28.435  43.950 0.0000000000
57659  39.950  -28.430  43.650 0.0000000000
58745  40.213  -27.277  42.994 0.0000000000
57668  40.106  -28.434  42.918 0.0000000000
38974  35.797  -42.852  36.261 0.0000000000
38973  36.682  -43.015  36.188 0.0000000000
42407  39.446  -40.241  36.680 0.0000000000
43552  39.076  -39.340  36.849 0.0000000000
42386  39.489  -38.834  38.215 0.0000000000
169539  39.473  -38.416  38.880 0.0000000000
180370  40.159  -39.511  38.315 0.0000000000
41222  41.143  -41.181  37.533 0.0000000000
41212  40.851  -40.486  38.008 0.0000000000
41211  41.360  -40.566  37.919 0.0000000000
42383  41.506  -40.013  38.179 0.0000000000
41221  41.676  -40.922  37.203 0.0000000000
37936  41.225  -43.872  35.277 0.0000000000
42415  41.995  -40.620  36.013 0.0000000000
95084  57.995  -0.052  21.286 0.0000000000
95096  58.007  -0.060  20.533 0.0000000000
95114  57.426  -0.380  19.853 0.0000000000
95040  57.354  -0.126  26.103 0.0000000000
83084  50.870  -9.782  27.780 0.0000000000
83085  50.074  -9.537  27.626 0.0000000000
83068  50.513  -9.074  28.085 0.0000000000
89139  51.951  -5.065  29.037 0.0000000000
89156  51.283  -4.988  28.400 0.0000000000
90300  51.842  -4.361  28.385 0.0000000000
90313  51.582  -4.042  27.745 0.0000000000
90299  52.575  -3.941  28.629 0.0000000000
91474  52.868  -3.339  28.263 0.0000000000
91460  53.339  -3.573  29.054 0.0000000000
186120  55.463  -4.424  30.862 0.0000000000
91431  55.462  -3.415  30.434 0.0000000000
89125  56.016  -3.891  30.214 0.0000000000
90297  56.194  -3.466  29.560 0.0000000000
166063  56.162  -4.294  29.570 0.0000000000
85547  57.192  -7.918  28.896 0.0000000000
86813  56.674  -6.960  29.818 0.0000000000
171338  57.039  -7.115  28.693 0.0000000000
86858  54.154  -6.650  27.011 0.0000000000
88044  55.260  -5.766  27.843 0.0000000000
88045  54.241  -5.997  27.365 0.0000000000
89171  54.340  -5.264  27.588 0.0000000000
89172  53.426  -5.466  27.070 0.0000000000
55369  37.568  -29.806  43.272 0.0000000000
54119  38.019  -30.337  41.907 0.0000000000
56587  37.875  -29.429  42.267 0.0000000000
64724  40.042  -23.232  40.616 0.0000000000
67206  42.367  -21.431  38.098 0.0000000000
68470  44.624  -19.893  37.133 0.0000000000
158624  43.961  -20.321  36.560 0.0000000000
68481  45.053  -19.843  36.471 0.0000000000
179450  45.141  -19.906  35.774 0.0000000000
69811  45.581  -19.511  36.348 0.0000000000
69809  46.657  -18.761  36.178 0.0000000000
69796  46.389  -18.520  37.980 0.0000000000
69767  47.161  -18.532  39.544 0.0000000000
71040  47.633  -18.175  38.956 0.0000000000
69766  47.979  -18.749  39.210 0.0000000000
69765  48.763  -18.733  38.661 0.0000000000
68446  48.552  -19.687  38.756 0.0000000000
65927  46.005  -22.112  40.175 0.0000000000
67172  45.896  -20.835  40.348 0.0000000000
173372  46.375  -21.527  39.943 0.0000000000
64755  48.542  -23.031  38.330 0.0000000000
65952  48.426  -22.209  38.632 0.0000000000
65951  49.022  -22.181  37.973 0.0000000000
65950  49.355  -21.360  38.031 0.0000000000
65981  49.730  -21.729  36.779 0.0000000000
64779  49.108  -23.162  36.842 0.0000000000
63621  49.037  -24.227  35.714 0.0000000000
59934  41.709  -25.881  41.815 0.0000000000
61160  42.594  -25.597  42.299 0.0000000000
61176  42.899  -25.666  41.667 0.0000000000
161491  30.864  -38.877  42.363 0.0000000000
43449  30.860  -39.394  42.562 0.0000000000
41177  30.290  -40.916  42.652 0.0000000000
43450  30.497  -39.292  42.935 0.0000000000
42334  29.946  -39.663  43.151 0.0000000000
72345  47.956  -17.440  33.118 0.0000000000
72336  48.266  -17.579  33.807 0.0000000000
72335  48.920  -17.190  34.117 0.0000000000
165707  48.526  -17.537  34.433 0.0000000000
71104  47.935  -18.037  35.390 0.0000000000
71096  47.920  -17.899  36.506 0.0000000000
34619  36.315  -46.220  37.908 0.0000000000
35753  37.187  -45.861  37.856 0.0000000000
34628  36.628  -46.224  37.273 0.0000000000
35782  37.107  -46.120  36.722 0.0000000000
95034  54.179  -0.803  26.304 0.0000000000
93857  54.843  -0.704  27.124 0.0000000000
93846  54.268  -1.408  27.439 0.0000000000
92677  54.751  -1.646  28.315 0.0000000000
79624  54.796  -11.679  29.439 0.0000000000
80772  53.976  -10.897  28.394 0.0000000000
80771  54.978  -11.108  29.098 0.0000000000
80770  56.406  -10.772  29.387 0.0000000000
81900  56.392  -10.047  29.226 0.0000000000
83063  57.104  -9.572  28.941 0.0000000000
81899  57.124  -10.233  28.952 0.0000000000
170035  56.643  -11.440  27.462 0.0000000000
57644  39.184  -27.967  44.874 0.0000000000
57645  38.556  -28.031  44.713 0.0000000000
58717  38.958  -27.123  44.990 0.0000000000
61104  39.023  -26.047  44.651 0.0000000000
62337  39.545  -24.969  44.334 0.0000000000
63491  39.984  -24.105  43.768 0.0000000000
63479  40.209  -23.911  43.999 0.0000000000
63490  41.048  -23.102  43.807 0.0000000000
64683  42.248  -22.530  43.151 0.0000000000
64682  43.007  -23.119  42.643 0.0000000000
63502  43.317  -24.172  42.599 0.0000000000
62373  43.988  -24.910  42.378 0.0000000000
61158  44.386  -25.272  41.991 0.0000000000
40010  32.852  -41.790  41.176 0.0000000000
38926  33.604  -42.953  40.781 0.0000000000
37882  33.988  -43.668  40.666 0.0000000000
37891  34.504  -44.201  40.460 0.0000000000
37892  33.813  -44.254  40.653 0.0000000000
75997  49.489  -15.018  31.274 0.0000000000
187516  49.597  -14.606  30.718 0.0000000000
185001  50.737  -14.195  30.856 0.0000000000
77272  51.510  -13.723  30.323 0.0000000000
78445  52.221  -13.363  30.153 0.0000000000
161351  52.115  -13.608  30.865 0.0000000000
77254  53.194  -13.579  31.565 0.0000000000
77235  53.926  -13.982  32.004 0.0000000000
77234  54.581  -14.262  31.929 0.0000000000
77214  53.530  -14.228  32.512 0.0000000000
164248  53.868  -15.142  32.996 0.0000000000
75950  53.448  -15.364  33.519 0.0000000000
72292  51.567  -17.162  36.137 0.0000000000
165052  52.063  -17.302  35.646 0.0000000000
71095  51.955  -17.975  35.796 0.0000000000
69820  52.149  -19.202  35.217 0.0000000000
68493  51.824  -19.757  35.025 0.0000000000
68506  51.227  -20.117  34.781 0.0000000000
68494  51.233  -20.109  35.437 0.0000000000
68495  50.616  -20.530  35.192 0.0000000000
67247  50.049  -21.044  35.622 0.0000000000
43498  40.653  -38.784  39.753 0.0000000000
44582  40.351  -38.477  40.488 0.0000000000
44581  40.978  -38.405  40.155 0.0000000000
44564  41.151  -37.949  40.715 0.0000000000
46970  41.253  -37.002  41.560 0.0000000000
49356  42.900  -34.215  39.999 0.0000000000
51598  41.348  -32.535  42.108 0.0000000000
182210  40.726  -31.687  42.815 0.0000000000
52857  41.465  -31.905  41.805 0.0000000000
175420  41.134  -30.908  41.892 0.0000000000
38972  37.733  -43.193  36.257 0.0000000000
38983  37.960  -42.478  35.780 0.0000000000
41245  38.190  -41.166  35.359 0.0000000000
41244  38.814  -41.423  35.889 0.0000000000
42406  40.148  -40.872  37.372 0.0000000000
40053  40.366  -41.687  37.248 0.0000000000
40052  40.932  -41.823  37.120 0.0000000000
40064  41.399  -42.329  36.413 0.0000000000
96210  58.734  1.248  22.915 0.0000000000
96211  58.665  0.622  22.653 0.0000000000
95077  58.084  0.005  22.112 0.0000000000
92697  56.428  -1.352  26.709 0.0000000000
84235  51.790  -8.697  28.687 0.0000000000
84236  50.955  -8.579  28.501 0.0000000000
85548  51.391  -8.171  28.984 0.0000000000
85533  51.123  -7.528  29.035 0.0000000000
86817  51.066  -6.884  29.023 0.0000000000
88014  51.469  -6.440  29.230 0.0000000000
88013  51.983  -5.885  29.426 0.0000000000
89138  52.741  -4.823  29.528 0.0000000000
89137  53.637  -4.561  30.174 0.0000000000
89127  54.183  -5.138  30.838 0.0000000000
87996  55.995  -5.634  30.545 0.0000000000
85581  55.260  -7.909  26.489 0.0000000000
86856  56.383  -6.909  27.622 0.0000000000
85562  54.703  -7.264  26.625 0.0000000000
86877  53.529  -7.189  26.597 0.0000000000
49330  38.550  -35.005  41.744 0.0000000000
58753  37.937  -27.199  41.886 0.0000000000
161160  37.951  -28.494  41.711 0.0000000000
166558  37.979  -27.008  41.016 0.0000000000
164794  37.931  -26.807  40.209 0.0000000000
67150  41.905  -21.354  41.477 0.0000000000
65928  41.694  -21.712  40.573 0.0000000000
67174  42.288  -21.253  40.094 0.0000000000
163685  42.807  -20.842  39.719 0.0000000000
67205  43.192  -20.696  38.386 0.0000000000
67218  43.424  -20.574  37.635 0.0000000000
68472  43.836  -20.127  38.328 0.0000000000
68471  44.424  -19.675  38.235 0.0000000000
69797  45.085  -19.264  38.128 0.0000000000
183121  46.153  -18.533  38.648 0.0000000000
69769  45.621  -18.881  39.537 0.0000000000
69752  46.119  -19.042  40.036 0.0000000000
68427  46.613  -19.572  40.052 0.0000000000
64720  46.916  -23.842  39.903 0.0000000000
64737  47.272  -22.835  39.423 0.0000000000
63565  47.539  -23.930  39.386 0.0000000000
63564  48.156  -23.913  38.775 0.0000000000
187616  48.924  -23.839  37.657 0.0000000000
163832  49.070  -23.877  37.225 0.0000000000
63591  49.292  -24.690  37.050 0.0000000000
42357  32.072  -40.193  40.576 0.0000000000
42358  31.999  -40.121  41.270 0.0000000000
41188  32.341  -40.670  40.962 0.0000000000
40011  32.457  -41.284  41.470 0.0000000000
40012  31.825  -41.927  41.953 0.0000000000
38928  31.932  -42.896  41.353 0.0000000000
157368  31.399  -42.820  40.896 0.0000000000
38919  31.042  -42.236  41.716 0.0000000000
38920  30.528  -42.010  41.614 0.0000000000
172347  29.731  -41.014  42.518 0.0000000000
74726  49.065  -15.682  31.746 0.0000000000
74725  49.826  -15.389  32.019 0.0000000000
74706  51.045  -15.317  33.235 0.0000000000
75952  51.582  -15.295  34.040 0.0000000000
74693  50.627  -15.809  33.917 0.0000000000
74681  51.213  -15.698  34.880 0.0000000000
167722  50.893  -16.349  35.851 0.0000000000
73473  49.759  -16.682  35.698 0.0000000000
73472  50.400  -16.474  36.207 0.0000000000
73457  50.517  -16.686  36.456 0.0000000000
72293  50.812  -17.079  36.697 0.0000000000
71066  50.494  -18.180  37.297 0.0000000000
69795  50.052  -18.611  37.641 0.0000000000
44600  42.107  -37.828  38.556 0.0000000000
172963  35.041  -42.856  37.352 0.0000000000
38959  35.683  -43.112  37.164 0.0000000000
36869  37.286  -45.371  37.918 0.0000000000
37916  37.978  -44.994  37.408 0.0000000000
37927  38.669  -44.329  36.862 0.0000000000
155626  39.661  -44.380  36.488 0.0000000000
37925  40.468  -44.567  36.112 0.0000000000
38969  40.951  -43.881  36.141 0.0000000000
37938  40.296  -44.933  35.867 0.0000000000
36921  40.447  -44.747  35.442 0.0000000000
170598  40.104  -44.260  34.633 0.0000000000
96187  56.907  1.220  25.423 0.0000000000
97303  57.760  1.162  25.424 0.0000000000
95050  57.888  0.409  25.065 0.0000000000
96177  57.591  0.986  25.974 0.0000000000
93865  57.375  0.106  26.726 0.0000000000
188164  57.206  -0.188  27.161 0.0000000000
95020  55.935  -0.471  27.740 0.0000000000
95019  56.865  -0.365  27.755 0.0000000000
93856  56.984  -0.701  27.278 0.0000000000
92686  56.687  -1.409  27.720 0.0000000000
92676  56.266  -2.207  27.872 0.0000000000
91483  55.759  -3.099  27.896 0.0000000000
80788  51.366  -11.385  27.428 0.0000000000
81914  52.215  -10.338  27.693 0.0000000000
83083  51.788  -9.822  27.846 0.0000000000
81912  54.192  -10.314  28.304 0.0000000000
83082  52.762  -9.795  27.888 0.0000000000
83066  52.303  -9.240  28.210 0.0000000000
84234  52.881  -8.727  28.705 0.0000000000
84216  53.578  -8.339  29.379 0.0000000000
85530  54.297  -7.991  30.128 0.0000000000
85518  54.853  -7.541  30.670 0.0000000000
85529  55.689  -8.021  30.140 0.0000000000
165931  57.268  -9.098  28.523 0.0000000000
84259  57.030  -8.871  27.666 0.0000000000
84247  56.545  -8.145  27.304 0.0000000000
84260  55.785  -8.679  26.633 0.0000000000
52822  38.028  -32.287  44.304 0.0000000000
52842  37.506  -31.926  43.249 0.0000000000
54089  37.551  -30.972  44.155 0.0000000000
174392  37.492  -30.426  43.733 0.0000000000
56579  37.645  -29.003  43.368 0.0000000000
57653  37.799  -28.618  44.409 0.0000000000
58738  37.870  -27.527  43.599 0.0000000000
58746  37.851  -27.363  42.769 0.0000000000
59915  37.969  -26.655  42.493 0.0000000000
61161  38.370  -25.610  41.749 0.0000000000
178534  38.600  -24.991  40.949 0.0000000000
63554  38.828  -24.547  40.504 0.0000000000
63540  39.108  -24.452  41.300 0.0000000000
162961  39.815  -23.508  41.424 0.0000000000
65918  40.769  -22.357  41.892 0.0000000000
158796  40.288  -23.148  42.948 0.0000000000
65896  40.916  -22.340  42.617 0.0000000000
65917  41.223  -21.940  41.508 0.0000000000
67149  42.190  -21.176  41.718 0.0000000000
68390  43.163  -20.641  41.306 0.0000000000
67161  44.096  -20.502  41.343 0.0000000000
177281  45.254  -20.181  40.737 0.0000000000
67160  44.762  -20.793  41.039 0.0000000000
65915  44.968  -22.125  40.938 0.0000000000
64722  45.646  -22.838  40.571 0.0000000000
64693  44.137  -23.377  41.867 0.0000000000
64705  45.277  -23.541  41.071 0.0000000000
64721  46.284  -23.483  40.270 0.0000000000
63551  46.542  -25.000  40.468 0.0000000000
62425  47.347  -25.937  39.702 0.0000000000
40055  33.817  -42.104  37.066 0.0000000000
40029  32.898  -41.309  39.867 0.0000000000
40044  33.678  -42.044  37.962 0.0000000000
38961  34.174  -42.373  37.731 0.0000000000
167585  34.707  -42.750  37.925 0.0000000000
38949  35.479  -43.300  38.208 0.0000000000
37908  36.035  -44.382  38.995 0.0000000000
36857  35.695  -45.337  39.436 0.0000000000
36846  34.661  -45.068  40.134 0.0000000000
36858  35.014  -45.555  39.711 0.0000000000
35754  35.923  -46.121  38.539 0.0000000000
79607  53.128  -12.185  28.912 0.0000000000
78465  52.600  -13.022  29.540 0.0000000000
162490  53.196  -12.649  29.458 0.0000000000
79606  53.894  -12.182  29.347 0.0000000000
162600  54.683  -12.159  29.865 0.0000000000
79593  56.009  -12.635  30.171 0.0000000000
78462  56.467  -12.779  29.692 0.0000000000
77310  56.217  -13.327  29.176 0.0000000000
77288  56.160  -13.589  29.970 0.0000000000
76046  55.909  -14.279  30.071 0.0000000000
74759  55.127  -15.601  30.717 0.0000000000
74723  55.306  -15.062  31.568 0.0000000000
74747  55.049  -15.756  31.404 0.0000000000
75951  52.221  -15.142  34.035 0.0000000000
74691  52.959  -15.647  34.051 0.0000000000
73503  53.393  -16.682  33.739 0.0000000000
71103  52.721  -17.630  34.648 0.0000000000
72321  53.090  -17.247  34.068 0.0000000000
72334  53.433  -17.238  33.501 0.0000000000
71132  53.372  -17.866  32.725 0.0000000000
45759  38.981  -37.448  39.828 0.0000000000
46971  38.675  -36.631  41.579 0.0000000000
44566  39.957  -38.232  41.141 0.0000000000
166867  38.966  -37.282  41.929 0.0000000000
46972  38.591  -36.173  42.047 0.0000000000
46945  38.617  -35.996  42.693 0.0000000000
173469  38.148  -34.850  43.038 0.0000000000
49308  38.390  -34.649  43.564 0.0000000000
46995  42.187  -36.935  39.296 0.0000000000
46983  41.933  -36.707  40.087 0.0000000000
46956  41.434  -36.205  41.684 0.0000000000
49343  41.926  -34.904  41.306 0.0000000000
48174  41.562  -35.507  41.704 0.0000000000
48175  41.055  -35.845  42.409 0.0000000000
172138  39.911  -35.333  43.441 0.0000000000
50440  39.236  -34.197  44.059 0.0000000000
51587  38.805  -33.461  44.251 0.0000000000
51581  38.602  -32.612  44.435 0.0000000000
166318  38.538  -31.460  44.753 0.0000000000
54073  38.759  -30.680  44.823 0.0000000000
54088  40.016  -30.906  43.738 0.0000000000
54072  39.522  -30.369  44.420 0.0000000000
55351  39.193  -29.033  44.752 0.0000000000
57652  39.555  -27.920  44.431 0.0000000000
164247  40.013  -27.654  43.865 0.0000000000
59904  40.599  -26.241  43.933 0.0000000000
59913  41.168  -25.775  43.430 0.0000000000
171652  40.709  -26.409  43.101 0.0000000000
181492  40.965  -26.320  42.236 0.0000000000
59935  40.745  -26.459  41.431 0.0000000000
57675  40.220  -28.795  42.033 0.0000000000
58760  40.230  -27.239  41.317 0.0000000000
38984  36.999  -42.426  35.476 0.0000000000
169606  40.136  -38.785  39.441 0.0000000000
42374  40.510  -39.230  39.092 0.0000000000
42396  40.475  -40.369  38.041 0.0000000000
42385  40.652  -39.739  38.572 0.0000000000
42373  40.822  -39.445  38.872 0.0000000000
42372  41.268  -39.661  38.712 0.0000000000
43529  41.657  -39.475  38.358 0.0000000000
43540  41.836  -39.605  37.734 0.0000000000
38981  41.340  -43.631  35.595 0.0000000000
40063  41.850  -41.900  36.054 0.0000000000
40076  41.907  -41.862  35.414 0.0000000000
41233  41.913  -41.174  36.442 0.0000000000
42405  41.953  -40.462  36.774 0.0000000000
46946  29.488  -36.963  43.452 0.0000000000
95112  58.663  -0.023  19.299 0.0000000000
91484  53.246  -2.717  27.933 0.0000000000
92668  54.174  -2.340  28.473 0.0000000000
91472  54.651  -2.592  29.299 0.0000000000
90287  53.938  -3.841  29.908 0.0000000000
91458  55.143  -2.943  29.959 0.0000000000
91457  55.884  -2.749  29.947 0.0000000000
91470  56.316  -2.694  29.269 0.0000000000
91471  56.154  -3.248  28.805 0.0000000000
90310  55.562  -3.888  28.253 0.0000000000
86796  55.053  -6.817  30.968 0.0000000000
86795  56.011  -6.581  30.587 0.0000000000
88028  56.295  -5.716  29.656 0.0000000000
86837  56.295  -6.380  28.175 0.0000000000
88029  56.126  -5.721  28.698 0.0000000000
89154  56.119  -5.055  29.228 0.0000000000
90298  55.760  -4.526  28.639 0.0000000000
90311  54.882  -4.574  27.907 0.0000000000
90322  54.010  -3.989  26.716 0.0000000000
69841  45.402  -19.318  33.965 0.0000000000
54103  37.773  -31.201  42.434 0.0000000000
52859  38.242  -31.591  41.753 0.0000000000
186319  43.369  -20.578  36.903 0.0000000000
68508  44.799  -19.878  34.591 0.0000000000
68507  45.524  -19.554  34.606 0.0000000000
69831  46.241  -19.211  34.878 0.0000000000
69821  46.861  -18.695  35.753 0.0000000000
71084  47.146  -18.380  36.389 0.0000000000
71083  48.277  -17.624  37.578 0.0000000000
71056  46.699  -18.276  38.726 0.0000000000
71069  47.890  -17.869  38.137 0.0000000000
71068  48.423  -17.672  38.024 0.0000000000
71053  48.733  -17.769  38.208 0.0000000000
69780  49.394  -18.718  38.132 0.0000000000
68459  49.903  -19.592  37.671 0.0000000000
67171  46.479  -20.560  40.032 0.0000000000
67187  47.103  -20.377  39.656 0.0000000000
65938  47.760  -22.037  39.089 0.0000000000
67186  47.637  -21.076  39.183 0.0000000000
67185  48.259  -20.638  38.857 0.0000000000
67203  49.055  -20.634  38.339 0.0000000000
67202  49.783  -20.666  37.736 0.0000000000
171513  50.369  -20.224  37.158 0.0000000000
67217  50.124  -21.017  37.010 0.0000000000
65995  49.593  -21.673  36.080 0.0000000000
65996  48.903  -22.285  35.782 0.0000000000
64791  48.866  -23.225  36.093 0.0000000000
61146  42.120  -25.451  42.893 0.0000000000
158778  44.135  -25.450  41.919 0.0000000000
61157  44.875  -25.467  41.534 0.0000000000
61188  43.998  -25.610  40.822 0.0000000000
61187  45.071  -25.836  40.839 0.0000000000
61172  45.829  -25.960  40.999 0.0000000000
182653  46.430  -26.207  40.251 0.0000000000
34609  36.635  -46.049  38.182 0.0000000000
34617  37.211  -46.093  37.361 0.0000000000
34618  36.834  -46.208  37.760 0.0000000000
35742  35.431  -45.850  39.126 0.0000000000
35766  38.237  -45.778  36.905 0.0000000000
35768  37.073  -46.062  37.717 0.0000000000
35779  39.242  -45.542  36.058 0.0000000000
36849  32.642  -44.010  40.333 0.0000000000
37885  31.839  -43.151  40.889 0.0000000000
37890  35.002  -44.550  40.125 0.0000000000
38918  32.102  -42.604  41.618 0.0000000000
38927  32.974  -43.224  41.188 0.0000000000
38929  31.569  -42.803  41.297 0.0000000000
38995  41.490  -43.355  35.251 0.0000000000
40004  30.164  -41.368  42.402 0.0000000000
40045  33.140  -41.597  38.216 0.0000000000
41189  32.112  -40.668  41.484 0.0000000000
41243  42.010  -41.378  35.894 0.0000000000
42343  31.049  -40.039  42.455 0.0000000000
42344  30.533  -40.088  42.819 0.0000000000
43501  31.708  -39.616  40.927 0.0000000000
43514  41.449  -39.220  38.865 0.0000000000
43515  40.952  -39.193  39.140 0.0000000000
43516  40.558  -39.026  39.420 0.0000000000
43517  39.242  -38.002  39.084 0.0000000000
43528  41.915  -38.937  37.944 0.0000000000
43541  38.851  -38.706  37.410 0.0000000000
44601  41.728  -38.502  38.885 0.0000000000
45698  39.609  -37.077  42.709 0.0000000000
45699  39.254  -37.243  42.375 0.0000000000
45730  41.464  -37.287  40.793 0.0000000000
45731  40.985  -37.740  41.390 0.0000000000
45732  40.283  -37.948  41.689 0.0000000000
45733  39.445  -37.849  41.772 0.0000000000
46942  40.543  -36.476  42.789 0.0000000000
46943  39.870  -36.597  43.019 0.0000000000
46958  38.811  -36.756  42.356 0.0000000000
46969  41.698  -36.447  40.906 0.0000000000
48147  38.589  -35.180  43.418 0.0000000000
48160  39.499  -36.010  43.325 0.0000000000
48162  38.482  -35.442  43.043 0.0000000000
48176  38.419  -35.522  42.159 0.0000000000
48177  38.353  -35.336  42.691 0.0000000000
48204  42.166  -35.832  40.269 0.0000000000
49306  39.560  -34.800  43.827 0.0000000000
49307  38.877  -34.768  43.815 0.0000000000
49319  40.205  -34.689  43.451 0.0000000000
49329  41.429  -34.914  42.002 0.0000000000
49357  42.349  -34.983  40.548 0.0000000000
50441  38.502  -34.214  43.974 0.0000000000
50442  38.004  -34.173  43.457 0.0000000000
50447  41.118  -33.241  42.520 0.0000000000
51586  40.479  -32.385  43.168 0.0000000000
51588  38.017  -33.049  44.109 0.0000000000
51589  37.617  -32.549  43.780 0.0000000000
51600  40.485  -33.267  43.267 0.0000000000
52800  39.242  -31.197  44.433 0.0000000000
52801  38.987  -31.955  44.460 0.0000000000
52803  37.629  -31.698  44.132 0.0000000000
52840  41.049  -32.051  42.450 0.0000000000
52841  37.792  -32.125  42.478 0.0000000000
52858  41.029  -31.455  42.338 0.0000000000
54075  37.825  -30.991  44.589 0.0000000000
54118  41.301  -31.344  41.851 0.0000000000
55341  38.058  -29.402  44.979 0.0000000000
55350  39.620  -29.514  44.428 0.0000000000
55352  38.288  -30.081  45.023 0.0000000000
55359  40.175  -29.740  43.363 0.0000000000
55360  39.983  -30.019  43.817 0.0000000000
55381  37.648  -30.391  42.823 0.0000000000
56550  39.092  -28.965  44.868 0.0000000000
56551  38.495  -28.703  44.920 0.0000000000
56552  38.198  -28.710  44.758 0.0000000000
56562  39.574  -28.703  44.403 0.0000000000
56563  39.241  -28.305  44.665 0.0000000000
57643  39.248  -27.566  44.625 0.0000000000
57661  37.779  -28.307  43.907 0.0000000000
57669  37.755  -28.106  43.073 0.0000000000
57676  40.135  -27.801  42.114 0.0000000000
58716  39.280  -26.795  44.635 0.0000000000
58718  38.748  -27.204  44.539 0.0000000000
58726  40.053  -26.653  44.241 0.0000000000
58729  37.920  -27.825  44.043 0.0000000000
58761  37.986  -27.453  40.488 0.0000000000
58771  37.834  -27.165  39.712 0.0000000000
59883  39.189  -26.473  44.755 0.0000000000
59884  38.877  -26.581  44.537 0.0000000000
59895  38.659  -26.345  44.421 0.0000000000
59905  38.271  -26.419  43.841 0.0000000000
59914  38.143  -26.181  43.180 0.0000000000
61120  39.478  -25.550  44.704 0.0000000000
61147  38.463  -25.600  43.079 0.0000000000
61159  43.200  -25.428  42.445 0.0000000000
61162  38.181  -25.956  42.247 0.0000000000
61173  45.427  -25.809  41.161 0.0000000000
61175  43.819  -25.599  41.496 0.0000000000
61178  38.170  -26.002  41.236 0.0000000000
61185  45.940  -26.106  40.649 0.0000000000
61186  45.622  -26.022  40.843 0.0000000000
61190  38.129  -25.479  40.165 0.0000000000
61191  38.010  -25.968  40.281 0.0000000000
61223  49.273  -26.136  37.411 0.0000000000
62335  40.124  -24.554  44.325 0.0000000000
62338  39.294  -25.516  44.553 0.0000000000
62354  40.704  -25.019  44.249 0.0000000000
62355  39.584  -24.589  43.957 0.0000000000
62356  38.920  -25.161  44.010 0.0000000000
62375  42.511  -25.169  43.022 0.0000000000
62389  45.118  -25.174  41.607 0.0000000000
62390  44.713  -25.259  41.813 0.0000000000
62400  45.645  -25.679  41.180 0.0000000000
62410  46.809  -25.917  40.230 0.0000000000
62411  46.333  -25.902  40.647 0.0000000000
62438  48.697  -25.576  38.310 0.0000000000
62454  49.163  -25.458  37.581 0.0000000000
63480  39.878  -24.537  44.157 0.0000000000
63489  41.759  -23.189  43.499 0.0000000000
63503  42.586  -23.677  42.963 0.0000000000
63504  39.536  -24.229  42.899 0.0000000000
63505  38.988  -24.868  42.654 0.0000000000
63523  39.098  -24.613  41.967 0.0000000000
63539  39.336  -24.067  41.027 0.0000000000
63579  48.682  -23.854  38.114 0.0000000000
63606  49.157  -23.982  36.540 0.0000000000
64672  40.833  -22.799  43.416 0.0000000000
64673  40.275  -23.491  43.532 0.0000000000
64684  39.928  -23.618  42.761 0.0000000000
64694  43.457  -22.598  42.283 0.0000000000
64707  40.681  -22.576  41.060 0.0000000000
64708  40.303  -22.871  41.691 0.0000000000
64792  48.587  -22.892  35.526 0.0000000000
65895  41.391  -21.964  42.666 0.0000000000
65897  40.576  -22.635  42.414 0.0000000000
65906  42.583  -21.310  42.343 0.0000000000
65966  49.282  -22.372  37.186 0.0000000000
67134  41.991  -21.389  42.248 0.0000000000
67147  43.099  -20.909  41.876 0.0000000000
67162  42.725  -20.864  41.326 0.0000000000
67173  42.900  -20.672  40.596 0.0000000000
67188  43.772  -20.020  39.251 0.0000000000
67190  42.304  -21.454  39.073 0.0000000000
67246  50.689  -20.569  35.871 0.0000000000
68403  44.491  -19.959  40.856 0.0000000000
68404  43.736  -20.205  40.856 0.0000000000
68405  43.113  -20.553  40.801 0.0000000000
68447  47.955  -19.699  39.213 0.0000000000
68449  43.699  -20.018  40.068 0.0000000000
68468  50.903  -19.708  36.730 0.0000000000
68483  43.388  -20.470  36.239 0.0000000000
68496  44.618  -20.106  35.325 0.0000000000
68505  51.787  -19.771  34.364 0.0000000000
69751  46.747  -18.888  39.955 0.0000000000
69768  46.432  -18.576  39.621 0.0000000000
69781  48.914  -18.102  38.391 0.0000000000
69784  45.635  -18.830  38.857 0.0000000000
69794  50.634  -18.971  37.139 0.0000000000
69810  46.190  -19.097  36.262 0.0000000000
69823  45.764  -19.508  35.479 0.0000000000
69829  52.296  -19.294  34.595 0.0000000000
69830  46.828  -18.829  35.142 0.0000000000
69840  46.059  -19.111  34.182 0.0000000000
69847  52.698  -18.932  33.517 0.0000000000
71041  46.899  -18.319  39.122 0.0000000000
71052  49.409  -17.854  38.038 0.0000000000
71054  48.153  -17.882  38.377 0.0000000000
71055  47.415  -18.072  38.650 0.0000000000
71082  50.821  -17.801  36.942 0.0000000000
71085  46.705  -18.542  37.044 0.0000000000
71105  47.328  -18.466  34.797 0.0000000000
71112  52.968  -18.311  33.671 0.0000000000
71114  47.201  -18.410  34.051 0.0000000000
71120  53.306  -17.818  33.302 0.0000000000
72268  48.656  -17.656  38.008 0.0000000000
72281  48.905  -17.440  37.636 0.0000000000
72309  52.386  -16.966  35.184 0.0000000000
72310  51.781  -16.680  35.698 0.0000000000
72311  49.105  -17.135  35.826 0.0000000000
72322  52.755  -16.891  34.580 0.0000000000
72324  48.506  -17.596  35.133 0.0000000000
72354  53.785  -17.353  32.317 0.0000000000
73445  50.176  -16.969  36.966 0.0000000000
73456  51.150  -16.584  36.126 0.0000000000
73486  52.470  -16.325  34.819 0.0000000000
73487  50.879  -16.124  35.578 0.0000000000
73488  50.511  -16.092  34.861 0.0000000000
73505  49.322  -16.756  33.734 0.0000000000
73531  54.620  -16.194  31.952 0.0000000000
73533  48.812  -16.308  32.278 0.0000000000
74679  52.353  -15.495  34.353 0.0000000000
74746  55.436  -15.162  31.081 0.0000000000
75968  54.055  -14.661  32.493 0.0000000000
75969  53.305  -14.720  33.139 0.0000000000
75992  55.343  -14.434  31.653 0.0000000000
75993  54.799  -14.852  32.044 0.0000000000
75995  51.215  -14.557  32.074 0.0000000000
76016  50.203  -14.504  31.060 0.0000000000
76029  55.670  -14.889  30.510 0.0000000000
76030  50.137  -14.277  30.497 0.0000000000
77213  53.994  -14.250  32.248 0.0000000000
77238  51.768  -14.085  31.815 0.0000000000
77251  55.683  -14.081  31.318 0.0000000000
77253  53.844  -13.668  31.612 0.0000000000
77255  52.454  -13.718  31.592 0.0000000000
77256  50.831  -13.997  30.396 0.0000000000
77274  50.144  -14.083  29.819 0.0000000000
78427  54.598  -13.384  31.211 0.0000000000
78461  56.782  -12.264  29.189 0.0000000000
78463  55.142  -12.521  30.361 0.0000000000
79623  56.985  -12.120  28.698 0.0000000000
79645  57.214  -11.524  28.790 0.0000000000
80750  56.811  -11.389  29.314 0.0000000000
80784  57.157  -10.959  28.255 0.0000000000
83062  57.352  -9.827  28.576 0.0000000000
83080  57.223  -9.528  28.071 0.0000000000
85528  56.783  -7.720  29.697 0.0000000000
85532  51.721  -7.767  29.312 0.0000000000
85561  55.957  -7.429  27.063 0.0000000000
86857  55.259  -6.380  27.450 0.0000000000
87998  54.583  -5.959  31.115 0.0000000000
88012  52.721  -6.011  29.991 0.0000000000
88031  50.812  -6.268  28.754 0.0000000000
89126  55.261  -5.108  31.037 0.0000000000
89157  50.755  -4.839  27.828 0.0000000000
90276  55.675  -3.931  30.662 0.0000000000
90286  54.756  -3.468  30.301 0.0000000000
90288  53.059  -4.194  29.350 0.0000000000
91456  56.118  -3.035  29.821 0.0000000000
91473  53.710  -2.976  28.721 0.0000000000
91475  52.154  -3.726  27.917 0.0000000000
92648  56.218  -2.394  29.317 0.0000000000
92649  56.073  -2.088  29.266 0.0000000000
92650  55.513  -2.403  29.666 0.0000000000
92666  56.483  -2.023  28.958 0.0000000000
93827  56.660  -1.454  28.752 0.0000000000
93855  57.037  -0.270  27.470 0.0000000000
95030  57.287  0.431  26.595 0.0000000000
95039  57.625  0.502  25.978 0.0000000000
96178  57.533  1.185  25.816 0.0000000000
96185  58.003  1.170  24.788 0.0000000000
96186  57.954  0.842  25.239 0.0000000000
97321  57.258  1.528  24.352 0.0000000000
155582  49.435  -15.921  32.285 0.0000000000
159434  47.647  -20.232  39.330 0.0000000000
159731  39.030  -29.843  44.870 0.0000000000
159788  37.971  -27.709  41.339 0.0000000000
159858  37.875  -27.909  42.199 0.0000000000
160389  49.118  -17.122  36.599 0.0000000000
161323  38.092  -33.699  43.924 0.0000000000
161394  49.586  -17.487  37.642 0.0000000000
161494  53.490  -16.040  33.680 0.0000000000
163180  55.822  -4.603  30.674 0.0000000000
163307  40.019  -27.682  43.584 0.0000000000
163464  40.593  -31.129  42.922 0.0000000000
163976  37.876  -30.260  44.887 0.0000000000
164189  52.039  -14.821  33.551 0.0000000000
164312  45.985  -19.019  37.112 0.0000000000
164557  42.273  -21.107  40.917 0.0000000000
164605  52.453  -5.401  29.633 0.0000000000
165152  37.538  -29.748  44.039 0.0000000000
165168  40.591  -22.886  43.142 0.0000000000
165591  50.167  -17.397  37.274 0.0000000000
165914  39.708  -24.276  43.538 0.0000000000
165997  38.230  -30.921  41.617 0.0000000000
166152  47.815  -24.951  39.300 0.0000000000
166276  55.663  -0.106  27.084 0.0000000000
166603  47.512  -18.024  37.333 0.0000000000
166796  54.466  -15.895  32.446 0.0000000000
167138  31.546  -42.473  41.706 0.0000000000
168728  40.970  -22.093  42.221 0.0000000000
171451  52.546  -15.873  34.499 0.0000000000
171880  56.343  -6.351  29.932 0.0000000000
172116  37.705  -29.679  44.751 0.0000000000
173216  40.186  -25.282  44.623 0.0000000000
173281  40.005  -25.971  44.728 0.0000000000
175126  41.384  -23.716  43.845 0.0000000000
178153  57.250  0.034  27.131 0.0000000000
178189  38.406  -27.816  44.458 0.0000000000
178656  42.393  -21.009  41.352 0.0000000000
179253  45.197  -19.877  35.120 0.0000000000
179383  45.337  -19.433  37.173 0.0000000000
179596  39.762  -26.391  44.602 0.0000000000
180190  58.580  0.241  20.482 0.0000000000
180741  32.577  -42.734  41.415 0.0000000000
181269  38.406  -32.016  44.544 0.0000000000
181401  38.836  -25.263  43.584 0.0000000000
181453  35.174  -45.065  39.894 0.0000000000
181932  42.795  -21.006  38.900 0.0000000000
182205  44.276  -19.540  39.928 0.0000000000
182447  43.447  -25.557  41.968 0.0000000000
182554  41.861  -34.263  41.564 0.0000000000
182727  48.211  -21.513  38.852 0.0000000000
183946  51.593  -15.022  33.443 0.0000000000
184264  38.007  -28.062  44.330 0.0000000000
184427  51.584  -11.831  27.586 0.0000000000
184689  39.227  -25.810  44.677 0.0000000000
184829  40.624  -22.758  42.797 0.0000000000
186394  52.240  -18.573  35.378 0.0000000000
186817  54.408  -7.156  30.833 0.0000000000
187363  43.516  -20.609  41.402 0.0000000000
187815  53.755  -4.996  27.166 0.0000000000
187825  32.201  -41.599  41.817 0.0000000000
