#!ascii label  , from subject sub-v2s13x29136_ses-1 vox2ras=TkReg
1197
64695  -38.564  -24.132  29.254 0.0000000000
61336  -20.927  -27.520  33.281 0.0000000000
60338  -28.684  -27.839  30.157 0.0000000000
87692  -40.980  -5.450  14.389 0.0000000000
159384  -47.474  -3.401  9.416 0.0000000000
151112  -14.400  -28.055  37.200 0.0000000000
82854  -38.924  -9.334  16.887 0.0000000000
70276  -39.418  -20.302  27.791 0.0000000000
62500  -33.826  -26.477  30.078 0.0000000000
60227  -17.524  -27.857  35.859 0.0000000000
55775  -17.566  -32.489  38.292 0.0000000000
170092  -33.933  -23.991  26.409 0.0000000000
69197  -35.554  -21.065  26.951 0.0000000000
63591  -24.552  -25.903  31.656 0.0000000000
65846  -30.201  -24.335  28.388 0.0000000000
72450  -38.147  -18.132  17.648 0.0000000000
149957  -42.477  -15.769  15.773 0.0000000000
80887  -43.917  -11.056  15.376 0.0000000000
53433  -9.930  -33.452  39.461 0.0000000000
154598  -7.693  -35.792  41.427 0.0000000000
71314  -31.797  -19.313  25.728 0.0000000000
74536  -30.933  -17.014  22.686 0.0000000000
74577  -34.228  -16.987  19.954 0.0000000000
55754  -13.659  -32.326  38.525 0.0000000000
59180  -21.245  -29.548  35.166 0.0000000000
60257  -22.867  -28.322  34.854 0.0000000000
63613  -36.393  -25.524  30.110 0.0000000000
64613  -19.586  -24.338  34.021 0.0000000000
158231  -19.554  -27.986  34.454 0.0000000000
58083  -19.202  -30.530  35.342 0.0000000000
67012  -33.743  -23.450  28.546 0.0000000000
65872  -32.147  -24.186  26.577 0.0000000000
162193  -37.450  -15.289  17.240 0.0000000000
167559  -40.614  -17.535  16.421 0.0000000000
76666  -39.358  -14.587  15.852 0.0000000000
81839  -41.258  -10.640  15.414 0.0000000000
83846  -42.389  -8.876  14.160 0.0000000000
82888  -44.410  -9.330  14.930 0.0000000000
84830  -42.777  -7.499  12.716 0.0000000000
85767  -44.437  -6.879  11.705 0.0000000000
71257  -32.477  -20.178  29.255 0.0000000000
70289  -33.585  -20.104  26.863 0.0000000000
72278  -30.050  -18.780  28.491 0.0000000000
76578  -29.148  -15.149  24.000 0.0000000000
77643  -30.485  -14.116  21.837 0.0000000000
74565  -32.103  -16.322  21.111 0.0000000000
77685  -32.686  -13.952  19.866 0.0000000000
76634  -34.578  -14.960  18.956 0.0000000000
62483  -26.142  -26.656  30.868 0.0000000000
162522  -11.669  -30.877  38.077 0.0000000000
175955  -13.260  -30.874  37.020 0.0000000000
47992  -8.175  -38.614  43.214 0.0000000000
166939  -6.110  -39.094  44.169 0.0000000000
79881  -38.636  -12.087  17.123 0.0000000000
72290  -37.368  -18.323  27.228 0.0000000000
61381  -31.533  -27.193  30.600 0.0000000000
60225  -15.756  -28.383  36.451 0.0000000000
56928  -15.341  -30.348  36.476 0.0000000000
155335  -17.503  -30.454  36.154 0.0000000000
90742  -48.617  -2.896  8.024 0.0000000000
64719  -36.503  -24.632  27.290 0.0000000000
67050  -37.197  -22.908  26.225 0.0000000000
67049  -35.832  -22.516  26.515 0.0000000000
164874  -21.080  -23.987  32.504 0.0000000000
62473  -22.704  -26.183  31.721 0.0000000000
65782  -22.964  -23.531  31.055 0.0000000000
65797  -24.815  -23.636  30.125 0.0000000000
64703  -26.827  -24.856  28.933 0.0000000000
67010  -28.401  -23.749  29.372 0.0000000000
62529  -29.283  -26.052  28.064 0.0000000000
167805  -31.206  -26.013  27.646 0.0000000000
63656  -33.789  -25.415  27.046 0.0000000000
152604  -38.566  -19.781  19.980 0.0000000000
79895  -40.711  -12.452  15.598 0.0000000000
160015  -43.381  -13.565  15.304 0.0000000000
86744  -46.219  -6.116  10.866 0.0000000000
177364  -8.946  -34.921  40.348 0.0000000000
49130  -9.752  -37.231  42.612 0.0000000000
69211  -37.184  -21.253  25.830 0.0000000000
71317  -36.135  -19.419  25.797 0.0000000000
72301  -34.094  -17.929  26.010 0.0000000000
74477  -28.925  -16.532  26.229 0.0000000000
173220  -31.053  -18.269  24.364 0.0000000000
175943  -33.619  -16.616  24.802 0.0000000000
74539  -34.246  -16.915  23.043 0.0000000000
73475  -35.025  -18.050  22.158 0.0000000000
71348  -36.807  -19.378  21.554 0.0000000000
73511  -35.918  -18.014  19.149 0.0000000000
76643  -36.448  -14.802  18.538 0.0000000000
62446  -25.050  -27.006  34.556 0.0000000000
56891  -10.120  -31.098  39.202 0.0000000000
167748  -11.958  -32.755  39.054 0.0000000000
55756  -15.421  -32.429  38.558 0.0000000000
46848  -4.634  -39.567  43.664 0.0000000000
60255  -21.354  -28.594  34.277 0.0000000000
59182  -22.327  -28.830  35.260 0.0000000000
60271  -21.851  -28.171  33.796 0.0000000000
63632  -37.407  -25.000  29.839 0.0000000000
62444  -20.008  -26.285  33.024 0.0000000000
62433  -19.125  -26.098  34.127 0.0000000000
61335  -20.242  -27.414  33.667 0.0000000000
59199  -20.306  -29.248  34.640 0.0000000000
76654  -37.592  -14.475  17.521 0.0000000000
174435  -38.726  -15.550  16.314 0.0000000000
173670  -38.186  -13.639  17.248 0.0000000000
86715  -40.529  -6.108  14.521 0.0000000000
162521  -40.602  -8.119  14.567 0.0000000000
84814  -41.277  -7.480  13.793 0.0000000000
84816  -42.399  -7.838  13.187 0.0000000000
85754  -41.899  -6.739  12.926 0.0000000000
85765  -42.847  -6.374  12.073 0.0000000000
71255  -31.137  -19.524  29.091 0.0000000000
78724  -30.330  -12.587  23.203 0.0000000000
77669  -31.654  -13.885  20.793 0.0000000000
79837  -32.318  -12.341  20.688 0.0000000000
78790  -33.361  -12.537  19.752 0.0000000000
61377  -27.393  -27.775  30.463 0.0000000000
60304  -27.430  -28.497  31.977 0.0000000000
60305  -28.210  -28.612  31.484 0.0000000000
59146  -12.426  -29.244  37.227 0.0000000000
58063  -13.307  -29.684  36.456 0.0000000000
87729  -47.655  -5.264  9.884 0.0000000000
47991  -7.354  -38.699  43.245 0.0000000000
69161  -40.559  -20.996  29.716 0.0000000000
71277  -38.741  -19.064  27.812 0.0000000000
61398  -32.356  -26.848  30.420 0.0000000000
61383  -33.594  -26.999  31.399 0.0000000000
61307  -18.016  -27.168  35.591 0.0000000000
62406  -17.023  -26.378  36.354 0.0000000000
61281  -16.273  -26.880  36.911 0.0000000000
60226  -16.884  -27.733  36.232 0.0000000000
59163  -16.744  -29.033  36.075 0.0000000000
59164  -17.307  -29.252  35.856 0.0000000000
56919  -20.683  -31.127  37.070 0.0000000000
56918  -19.996  -31.502  36.942 0.0000000000
64733  -35.005  -24.520  26.329 0.0000000000
65885  -36.112  -23.570  26.144 0.0000000000
67048  -35.029  -23.013  26.893 0.0000000000
65756  -21.469  -23.195  32.784 0.0000000000
65768  -21.580  -23.933  32.066 0.0000000000
66951  -22.412  -22.481  32.219 0.0000000000
149674  -24.250  -22.305  30.652 0.0000000000
68059  -25.550  -22.366  29.921 0.0000000000
64691  -25.711  -24.344  29.581 0.0000000000
67008  -26.527  -23.357  29.277 0.0000000000
65800  -30.108  -24.191  30.161 0.0000000000
65825  -28.958  -24.119  29.183 0.0000000000
64704  -28.212  -24.998  28.442 0.0000000000
64715  -29.688  -25.132  27.653 0.0000000000
62530  -29.931  -26.223  28.070 0.0000000000
63652  -30.313  -25.162  27.223 0.0000000000
65873  -33.100  -24.089  26.501 0.0000000000
63666  -32.727  -24.898  26.463 0.0000000000
63668  -34.387  -24.971  26.594 0.0000000000
64718  -35.156  -25.010  26.876 0.0000000000
71407  -38.305  -19.233  18.689 0.0000000000
71396  -40.154  -19.616  19.198 0.0000000000
72441  -39.425  -18.981  17.844 0.0000000000
74624  -41.576  -16.499  15.956 0.0000000000
151164  -42.072  -18.017  17.088 0.0000000000
164504  -38.726  -10.565  17.439 0.0000000000
79882  -39.183  -12.193  16.273 0.0000000000
80882  -39.942  -10.954  15.902 0.0000000000
80897  -42.657  -10.758  15.151 0.0000000000
79897  -42.273  -12.347  15.244 0.0000000000
78852  -43.678  -12.807  15.293 0.0000000000
77748  -44.612  -13.927  15.764 0.0000000000
85780  -45.701  -6.622  11.248 0.0000000000
162113  -45.168  -5.444  10.968 0.0000000000
86751  -46.357  -5.546  10.539 0.0000000000
55736  -8.973  -32.507  40.043 0.0000000000
54580  -8.582  -33.096  40.360 0.0000000000
52336  -9.614  -34.438  39.922 0.0000000000
156512  -10.323  -36.478  42.158 0.0000000000
163311  -9.915  -37.296  44.185 0.0000000000
68117  -36.544  -21.930  26.024 0.0000000000
68119  -37.339  -21.923  25.980 0.0000000000
69209  -36.340  -20.759  25.926 0.0000000000
70287  -32.258  -19.836  26.791 0.0000000000
70320  -34.429  -19.457  25.789 0.0000000000
70319  -33.795  -19.060  25.641 0.0000000000
72315  -34.607  -18.701  25.685 0.0000000000
168112  -32.645  -18.714  25.247 0.0000000000
76551  -29.150  -15.048  26.330 0.0000000000
75544  -29.833  -15.867  22.965 0.0000000000
74500  -29.551  -17.016  24.189 0.0000000000
74519  -30.423  -17.201  23.324 0.0000000000
73411  -31.735  -18.141  24.135 0.0000000000
73437  -32.448  -17.617  23.434 0.0000000000
74502  -34.077  -16.337  24.212 0.0000000000
73455  -32.408  -17.485  22.738 0.0000000000
74576  -33.520  -16.567  20.257 0.0000000000
73487  -33.750  -17.431  21.532 0.0000000000
73488  -34.328  -17.801  21.071 0.0000000000
72388  -35.534  -18.647  21.719 0.0000000000
72417  -35.369  -18.473  20.338 0.0000000000
71392  -36.748  -19.209  19.941 0.0000000000
73510  -35.350  -17.745  19.433 0.0000000000
78806  -35.784  -12.865  19.212 0.0000000000
76635  -35.551  -14.641  18.965 0.0000000000
76636  -36.388  -14.237  18.913 0.0000000000
63590  -23.986  -25.926  31.681 0.0000000000
62461  -23.931  -26.710  32.793 0.0000000000
62462  -24.946  -26.704  33.161 0.0000000000
55769  -12.304  -31.831  38.245 0.0000000000
55768  -11.610  -31.859  38.481 0.0000000000
54600  -12.582  -32.700  39.085 0.0000000000
56902  -16.753  -31.769  37.547 0.0000000000
55789  -15.297  -31.418  37.439 0.0000000000
176692  -16.793  -32.559  38.666 0.0000000000
58069  -21.552  -29.814  36.677 0.0000000000
159197  -22.420  -29.036  36.124 0.0000000000
60228  -23.074  -28.590  36.423 0.0000000000
167701  -24.159  -27.641  36.171 0.0000000000
62523  -35.042  -25.948  29.755 0.0000000000
62485  -34.767  -26.539  30.973 0.0000000000
64611  -18.748  -24.554  34.991 0.0000000000
62432  -18.656  -26.160  34.732 0.0000000000
61308  -18.503  -27.603  35.187 0.0000000000
59178  -18.496  -29.472  35.153 0.0000000000
166011  -19.353  -29.021  34.760 0.0000000000
58099  -20.136  -29.924  34.866 0.0000000000
67024  -33.716  -23.458  27.725 0.0000000000
67038  -34.795  -22.992  27.176 0.0000000000
65827  -30.891  -24.204  28.932 0.0000000000
173238  -30.886  -24.348  27.039 0.0000000000
65850  -33.090  -23.647  27.769 0.0000000000
74607  -37.622  -16.697  17.240 0.0000000000
73532  -39.509  -17.926  16.901 0.0000000000
74614  -38.889  -16.669  16.550 0.0000000000
75615  -40.000  -16.048  15.951 0.0000000000
171115  -40.625  -14.893  15.686 0.0000000000
81837  -39.754  -10.113  15.848 0.0000000000
82883  -40.026  -9.084  15.408 0.0000000000
82885  -41.430  -9.371  14.889 0.0000000000
81855  -42.886  -9.959  14.936 0.0000000000
81857  -44.163  -9.889  15.256 0.0000000000
83847  -43.126  -8.971  14.224 0.0000000000
163203  -44.112  -8.709  13.842 0.0000000000
84832  -44.397  -8.004  12.670 0.0000000000
84842  -43.945  -7.319  12.121 0.0000000000
86738  -43.337  -5.860  11.738 0.0000000000
174738  -11.487  -33.981  40.080 0.0000000000
52318  -10.605  -34.795  40.387 0.0000000000
52300  -11.570  -34.928  41.409 0.0000000000
70273  -33.816  -20.398  27.953 0.0000000000
70290  -34.518  -20.422  27.242 0.0000000000
71276  -32.375  -20.115  28.369 0.0000000000
70271  -32.257  -19.985  27.547 0.0000000000
177505  -30.444  -19.267  27.220 0.0000000000
77608  -29.220  -14.294  25.157 0.0000000000
78700  -29.912  -13.046  24.369 0.0000000000
77626  -29.539  -14.385  23.147 0.0000000000
75554  -30.234  -15.499  22.387 0.0000000000
74552  -31.882  -16.773  21.705 0.0000000000
75568  -31.206  -15.306  21.313 0.0000000000
75577  -32.207  -15.187  20.434 0.0000000000
75586  -33.312  -15.355  19.558 0.0000000000
75587  -33.955  -15.557  19.237 0.0000000000
174461  -33.666  -14.253  19.159 0.0000000000
62475  -25.554  -26.307  31.494 0.0000000000
62463  -25.309  -26.749  32.956 0.0000000000
171203  -26.176  -27.262  32.095 0.0000000000
56909  -12.195  -30.816  37.614 0.0000000000
55787  -13.591  -31.328  37.419 0.0000000000
49140  -7.857  -37.286  41.792 0.0000000000
50258  -7.236  -36.308  42.020 0.0000000000
48007  -7.404  -37.744  42.256 0.0000000000
49128  -6.741  -37.533  42.630 0.0000000000
49117  -5.032  -37.476  43.362 0.0000000000
73369  -36.076  -17.361  27.623 0.0000000000
61395  -30.010  -27.347  29.913 0.0000000000
60307  -30.066  -28.330  31.704 0.0000000000
61280  -15.693  -27.004  37.330 0.0000000000
60224  -14.972  -28.408  36.645 0.0000000000
59161  -14.590  -29.154  36.332 0.0000000000
58066  -15.780  -29.783  36.244 0.0000000000
56930  -16.966  -30.734  36.567 0.0000000000
55790  -17.968  -31.659  37.148 0.0000000000
56931  -18.430  -30.698  35.819 0.0000000000
56916  -18.504  -31.370  36.620 0.0000000000
157833  -18.713  -32.443  38.422 0.0000000000
89736  -48.194  -3.348  8.515 0.0000000000
64707  -37.646  -24.459  28.423 0.0000000000
65865  -37.964  -23.551  27.356 0.0000000000
65876  -36.953  -23.544  26.368 0.0000000000
67058  -36.197  -22.608  26.167 0.0000000000
68096  -35.805  -21.679  27.003 0.0000000000
157132  -35.348  -22.057  28.580 0.0000000000
69187  -35.385  -21.335  28.055 0.0000000000
70275  -34.886  -21.072  28.668 0.0000000000
71258  -33.194  -20.461  29.618 0.0000000000
62457  -20.640  -26.348  32.497 0.0000000000
161014  -21.258  -26.765  32.306 0.0000000000
63587  -21.444  -25.343  31.809 0.0000000000
64654  -22.355  -24.767  31.421 0.0000000000
64656  -23.903  -25.132  31.101 0.0000000000
66963  -23.242  -22.270  31.346 0.0000000000
65783  -23.682  -23.487  30.752 0.0000000000
64669  -24.465  -25.068  30.937 0.0000000000
165320  -25.594  -25.567  30.402 0.0000000000
149307  -26.536  -26.046  29.479 0.0000000000
170803  -27.697  -27.058  29.326 0.0000000000
173481  -26.945  -22.798  29.493 0.0000000000
65823  -27.119  -23.934  29.051 0.0000000000
62527  -27.522  -25.964  28.644 0.0000000000
61411  -28.936  -27.051  29.184 0.0000000000
62517  -30.166  -26.660  28.828 0.0000000000
62518  -31.393  -26.527  28.764 0.0000000000
62520  -32.834  -26.337  29.022 0.0000000000
63653  -31.535  -24.961  26.656 0.0000000000
62544  -32.469  -25.752  27.402 0.0000000000
62535  -34.157  -25.908  28.745 0.0000000000
63642  -35.376  -25.531  28.426 0.0000000000
171485  -36.331  -24.991  28.004 0.0000000000
64626  -19.861  -24.903  33.260 0.0000000000
72453  -40.717  -18.612  17.245 0.0000000000
164019  -38.882  -13.292  16.191 0.0000000000
77743  -40.521  -13.721  15.573 0.0000000000
77744  -41.265  -13.754  15.461 0.0000000000
80883  -40.780  -11.135  15.627 0.0000000000
79896  -41.526  -12.563  15.377 0.0000000000
77746  -42.370  -14.391  15.445 0.0000000000
76679  -44.403  -14.656  15.896 0.0000000000
85797  -47.891  -6.516  10.516 0.0000000000
87727  -46.891  -5.297  10.224 0.0000000000
88731  -46.917  -4.062  9.877 0.0000000000
53380  -7.695  -33.026  41.547 0.0000000000
51340  -8.332  -35.588  40.914 0.0000000000
51343  -10.083  -35.342  40.584 0.0000000000
50270  -9.345  -36.356  41.080 0.0000000000
50269  -8.719  -36.694  41.240 0.0000000000
48009  -8.791  -37.913  42.425 0.0000000000
67040  -38.208  -22.897  27.015 0.0000000000
68107  -38.339  -21.604  26.522 0.0000000000
70309  -38.121  -20.402  26.340 0.0000000000
70321  -35.383  -19.994  25.916 0.0000000000
71318  -36.804  -19.983  25.763 0.0000000000
71306  -37.327  -19.507  26.185 0.0000000000
72304  -37.043  -18.790  26.512 0.0000000000
155485  -35.456  -18.192  26.289 0.0000000000
73375  -34.484  -17.416  26.473 0.0000000000
72287  -29.383  -17.956  27.657 0.0000000000
72299  -29.802  -18.550  26.268 0.0000000000
75507  -28.924  -15.736  25.129 0.0000000000
73387  -29.480  -17.673  25.185 0.0000000000
72312  -31.263  -19.025  25.348 0.0000000000
72326  -32.355  -18.450  24.911 0.0000000000
162031  -33.415  -17.660  25.670 0.0000000000
74554  -33.324  -17.310  21.991 0.0000000000
149820  -34.554  -17.345  22.594 0.0000000000
71381  -37.978  -19.773  20.577 0.0000000000
72430  -36.978  -18.914  19.218 0.0000000000
72439  -37.340  -18.148  18.169 0.0000000000
75596  -35.313  -16.175  18.817 0.0000000000
74597  -35.789  -16.820  18.713 0.0000000000
74599  -36.951  -16.721  17.753 0.0000000000
75606  -37.166  -15.905  17.463 0.0000000000
76645  -37.459  -13.859  18.375 0.0000000000
61353  -23.105  -27.282  32.921 0.0000000000
61339  -23.951  -27.237  33.986 0.0000000000
62448  -25.681  -27.165  34.088 0.0000000000
54597  -9.963  -32.732  39.338 0.0000000000
56892  -10.701  -31.262  38.768 0.0000000000
55752  -10.917  -31.889  38.752 0.0000000000
53434  -10.889  -33.067  39.219 0.0000000000
53415  -11.916  -33.558  39.845 0.0000000000
56912  -14.776  -30.835  36.802 0.0000000000
55788  -14.430  -31.364  37.407 0.0000000000
55755  -14.560  -32.404  38.534 0.0000000000
46827  -5.494  -39.866  45.720 0.0000000000
171395  -5.258  -39.155  44.204 0.0000000000
47988  -4.601  -38.149  43.350 0.0000000000
60270  -21.144  -28.077  33.793 0.0000000000
61337  -21.579  -27.825  33.303 0.0000000000
64694  -38.048  -24.694  29.707 0.0000000000
155253  -20.409  -26.917  33.090 0.0000000000
61334  -19.873  -26.809  33.550 0.0000000000
60269  -20.610  -27.881  33.856 0.0000000000
77716  -38.005  -13.588  18.157 0.0000000000
76655  -38.087  -14.299  16.986 0.0000000000
85743  -40.790  -6.793  14.032 0.0000000000
86716  -40.976  -6.065  13.790 0.0000000000
85744  -41.354  -6.761  13.455 0.0000000000
86725  -41.501  -6.078  13.132 0.0000000000
87702  -41.731  -5.409  12.921 0.0000000000
78747  -31.361  -12.568  21.436 0.0000000000
60320  -28.075  -28.148  30.619 0.0000000000
60321  -28.883  -28.269  30.841 0.0000000000
60208  -13.618  -28.370  37.140 0.0000000000
59147  -13.061  -29.100  36.781 0.0000000000
87734  -47.724  -4.656  9.353 0.0000000000
87735  -48.316  -5.084  9.347 0.0000000000
88736  -47.810  -3.911  8.979 0.0000000000
70277  -39.817  -20.027  28.495 0.0000000000
71278  -39.343  -19.530  28.135 0.0000000000
71293  -38.947  -19.814  27.424 0.0000000000
62499  -33.035  -26.566  29.840 0.0000000000
61399  -33.282  -26.762  30.638 0.0000000000
62484  -34.063  -26.674  30.808 0.0000000000
62419  -17.587  -26.331  35.852 0.0000000000
61295  -17.319  -27.091  36.092 0.0000000000
165192  -17.097  -28.485  36.004 0.0000000000
167158  -17.669  -28.653  35.605 0.0000000000
64743  -34.876  -24.064  26.214 0.0000000000
65875  -34.805  -23.720  26.352 0.0000000000
66950  -22.048  -22.536  32.852 0.0000000000
68045  -26.078  -21.456  31.054 0.0000000000
68044  -25.386  -21.790  30.559 0.0000000000
66987  -25.775  -23.083  29.553 0.0000000000
66988  -26.306  -22.541  29.631 0.0000000000
65826  -30.152  -24.279  29.379 0.0000000000
175224  -29.569  -24.318  29.029 0.0000000000
65845  -29.317  -24.559  28.501 0.0000000000
64705  -29.083  -24.946  28.204 0.0000000000
64706  -29.916  -24.702  27.804 0.0000000000
64716  -30.443  -24.728  27.295 0.0000000000
64731  -33.604  -24.290  26.265 0.0000000000
64732  -34.245  -24.434  26.218 0.0000000000
156803  -37.867  -18.711  18.349 0.0000000000
71408  -39.026  -19.311  18.478 0.0000000000
72440  -38.604  -18.846  18.031 0.0000000000
75624  -41.590  -15.808  15.761 0.0000000000
74618  -42.043  -16.862  16.156 0.0000000000
81824  -38.842  -10.155  16.859 0.0000000000
80871  -39.275  -11.115  16.278 0.0000000000
81825  -39.238  -10.499  16.278 0.0000000000
80886  -43.192  -11.360  15.210 0.0000000000
79899  -43.795  -11.928  15.326 0.0000000000
159802  -44.442  -12.472  15.487 0.0000000000
87720  -45.383  -4.785  10.777 0.0000000000
54581  -9.344  -33.123  39.729 0.0000000000
165203  -10.036  -34.099  39.649 0.0000000000
68106  -36.168  -21.350  26.256 0.0000000000
178908  -36.527  -21.367  25.980 0.0000000000
171757  -35.823  -20.705  26.216 0.0000000000
71302  -31.660  -19.639  26.460 0.0000000000
71303  -32.338  -19.563  26.059 0.0000000000
71304  -33.008  -19.211  25.677 0.0000000000
177448  -32.379  -19.163  25.522 0.0000000000
74535  -30.211  -16.590  22.955 0.0000000000
73453  -31.121  -17.514  23.246 0.0000000000
73436  -31.772  -17.783  23.595 0.0000000000
73454  -31.766  -17.519  22.973 0.0000000000
73472  -31.739  -17.200  22.305 0.0000000000
73499  -33.872  -17.277  20.693 0.0000000000
73500  -34.494  -17.663  20.325 0.0000000000
72402  -34.878  -18.221  20.672 0.0000000000
73501  -35.044  -18.033  20.009 0.0000000000
73509  -34.800  -17.396  19.666 0.0000000000
63580  -24.591  -26.400  32.413 0.0000000000
55753  -12.822  -32.280  38.579 0.0000000000
54601  -13.322  -32.671  39.150 0.0000000000
54584  -13.742  -32.969  39.827 0.0000000000
56903  -17.516  -32.049  37.696 0.0000000000
55774  -16.922  -32.351  38.146 0.0000000000
176820  -7.456  -35.014  41.660 0.0000000000
52283  -7.082  -34.457  42.341 0.0000000000
67029  -39.792  -21.885  28.452 0.0000000000
58086  -21.380  -29.824  35.879 0.0000000000
160783  -21.846  -29.423  36.243 0.0000000000
59181  -21.817  -29.265  35.619 0.0000000000
60241  -23.572  -28.116  35.942 0.0000000000
60258  -23.419  -28.061  35.277 0.0000000000
63612  -35.727  -25.750  29.937 0.0000000000
62502  -35.243  -26.159  30.463 0.0000000000
65733  -19.392  -23.996  34.816 0.0000000000
64612  -19.123  -24.703  34.374 0.0000000000
161549  -19.084  -26.809  34.453 0.0000000000
161501  -18.607  -26.941  35.044 0.0000000000
61319  -19.041  -27.616  34.730 0.0000000000
59197  -18.850  -28.920  34.970 0.0000000000
60252  -19.212  -28.396  34.739 0.0000000000
59200  -20.950  -29.108  34.649 0.0000000000
58100  -20.694  -29.689  34.847 0.0000000000
58085  -20.734  -30.228  35.349 0.0000000000
67025  -34.500  -23.003  28.021 0.0000000000
166396  -31.568  -24.008  28.693 0.0000000000
173442  -33.315  -23.670  29.210 0.0000000000
75607  -37.811  -15.996  16.941 0.0000000000
74608  -38.271  -16.650  16.851 0.0000000000
75613  -38.472  -16.052  16.555 0.0000000000
76665  -38.670  -14.872  16.265 0.0000000000
164574  -39.298  -15.403  15.982 0.0000000000
166613  -40.026  -15.149  15.785 0.0000000000
83830  -39.544  -8.642  15.631 0.0000000000
84798  -39.596  -7.868  15.483 0.0000000000
83854  -41.168  -8.141  14.194 0.0000000000
83844  -40.941  -8.690  14.703 0.0000000000
83845  -41.694  -8.767  14.387 0.0000000000
82886  -42.194  -9.428  14.636 0.0000000000
153398  -42.824  -9.354  14.544 0.0000000000
84817  -43.090  -8.103  13.154 0.0000000000
84831  -43.495  -7.751  12.623 0.0000000000
85756  -43.149  -7.088  12.235 0.0000000000
86737  -42.682  -5.651  12.071 0.0000000000
70258  -33.140  -20.369  28.642 0.0000000000
71274  -30.692  -19.360  28.348 0.0000000000
71275  -31.515  -19.822  28.146 0.0000000000
71289  -30.895  -19.541  27.612 0.0000000000
71273  -30.250  -19.088  27.810 0.0000000000
78745  -30.301  -13.404  22.129 0.0000000000
167708  -29.756  -13.718  23.144 0.0000000000
77642  -29.958  -14.089  22.501 0.0000000000
76598  -29.845  -14.987  22.702 0.0000000000
76599  -30.323  -14.861  22.099 0.0000000000
75555  -30.772  -15.598  21.846 0.0000000000
76613  -30.836  -14.785  21.559 0.0000000000
162699  -32.187  -14.135  20.348 0.0000000000
76624  -31.916  -14.682  20.606 0.0000000000
76625  -32.443  -14.648  20.137 0.0000000000
75578  -32.702  -15.256  20.037 0.0000000000
76632  -33.086  -14.591  19.530 0.0000000000
156878  -25.865  -26.800  31.783 0.0000000000
61366  -26.426  -27.293  31.297 0.0000000000
60288  -27.974  -28.860  32.257 0.0000000000
60287  -27.425  -28.684  32.831 0.0000000000
58049  -12.810  -29.855  36.808 0.0000000000
58048  -12.236  -30.063  37.312 0.0000000000
161105  -12.735  -30.560  37.036 0.0000000000
56910  -12.862  -31.141  37.438 0.0000000000
48021  -8.169  -37.871  42.096 0.0000000000
48008  -7.703  -38.291  42.634 0.0000000000
46849  -7.001  -39.028  43.898 0.0000000000
158269  -6.934  -38.188  42.841 0.0000000000
47990  -6.543  -38.644  43.538 0.0000000000
48006  -5.970  -37.994  43.295 0.0000000000
169167  -5.602  -38.634  43.853 0.0000000000
72280  -38.335  -18.315  28.292 0.0000000000
72279  -37.592  -17.953  28.040 0.0000000000
169429  -36.825  -17.630  27.832 0.0000000000
61396  -30.822  -27.177  30.073 0.0000000000
60323  -30.565  -27.829  31.224 0.0000000000
61380  -30.934  -27.484  30.759 0.0000000000
61293  -16.182  -27.605  36.651 0.0000000000
60210  -15.453  -27.785  36.970 0.0000000000
59162  -15.362  -29.120  36.272 0.0000000000
58067  -16.779  -29.862  36.147 0.0000000000
148607  -17.724  -31.066  36.544 0.0000000000
59179  -18.783  -30.079  35.197 0.0000000000
175830  -18.227  -29.953  35.434 0.0000000000
56904  -20.250  -31.502  37.690 0.0000000000
56917  -19.257  -31.582  36.814 0.0000000000
55792  -19.558  -31.825  37.493 0.0000000000
55777  -19.112  -32.155  37.951 0.0000000000
157658  -37.061  -24.651  27.993 0.0000000000
64720  -37.076  -24.321  27.297 0.0000000000
64734  -36.688  -24.135  26.720 0.0000000000
168837  -35.610  -23.163  26.260 0.0000000000
162103  -36.081  -23.146  26.118 0.0000000000
172427  -36.171  -21.989  26.339 0.0000000000
174230  -35.127  -22.536  28.558 0.0000000000
67026  -35.266  -22.475  27.917 0.0000000000
70261  -34.617  -21.198  29.643 0.0000000000
70260  -34.377  -20.925  29.300 0.0000000000
70259  -33.877  -20.641  28.975 0.0000000000
63578  -20.803  -25.454  32.193 0.0000000000
62458  -21.283  -26.123  31.968 0.0000000000
64652  -21.163  -24.665  32.096 0.0000000000
65769  -22.106  -23.995  31.597 0.0000000000
64667  -22.695  -24.188  31.190 0.0000000000
64655  -23.163  -25.107  31.212 0.0000000000
64668  -23.379  -24.287  30.959 0.0000000000
66974  -24.376  -22.980  30.423 0.0000000000
66973  -23.715  -22.627  30.801 0.0000000000
65784  -24.302  -23.744  30.520 0.0000000000
157402  -24.027  -24.329  30.750 0.0000000000
64675  -24.614  -24.350  30.480 0.0000000000
64670  -25.060  -25.063  30.599 0.0000000000
64676  -25.187  -24.306  30.053 0.0000000000
64692  -26.274  -24.560  29.252 0.0000000000
160440  -26.041  -25.472  29.759 0.0000000000
63628  -26.524  -25.344  29.192 0.0000000000
62513  -27.195  -26.553  29.208 0.0000000000
175037  -26.972  -25.908  29.002 0.0000000000
67011  -28.964  -23.687  29.795 0.0000000000
66976  -28.859  -22.935  30.939 0.0000000000
66990  -28.488  -23.207  30.062 0.0000000000
66975  -28.052  -22.584  30.514 0.0000000000
170507  -27.926  -23.371  29.500 0.0000000000
67009  -27.286  -23.331  29.295 0.0000000000
65824  -27.758  -23.859  29.106 0.0000000000
63640  -28.765  -25.831  28.206 0.0000000000
63639  -28.154  -25.572  28.379 0.0000000000
62528  -28.237  -26.175  28.456 0.0000000000
62515  -28.548  -26.630  28.767 0.0000000000
160629  -28.823  -26.260  28.382 0.0000000000
61412  -29.687  -27.009  29.290 0.0000000000
62516  -29.322  -26.558  28.617 0.0000000000
62531  -30.790  -26.395  28.297 0.0000000000
167959  -31.480  -26.331  28.262 0.0000000000
62519  -32.039  -26.418  28.707 0.0000000000
65871  -31.370  -24.204  26.769 0.0000000000
64717  -30.984  -24.657  26.884 0.0000000000
63665  -31.582  -24.415  26.585 0.0000000000
63655  -32.992  -25.370  26.874 0.0000000000
62545  -33.231  -25.779  27.630 0.0000000000
62534  -33.410  -26.006  28.480 0.0000000000
63641  -33.990  -25.732  27.877 0.0000000000
63629  -34.871  -25.793  28.984 0.0000000000
150468  -34.718  -25.650  28.153 0.0000000000
172212  -35.824  -24.994  27.365 0.0000000000
177077  -35.768  -25.268  28.003 0.0000000000
175362  -37.250  -24.739  28.569 0.0000000000
65755  -20.808  -23.552  33.205 0.0000000000
65745  -20.191  -23.947  33.608 0.0000000000
64640  -20.501  -24.569  32.687 0.0000000000
63577  -20.165  -25.563  32.693 0.0000000000
149378  -38.630  -19.894  20.765 0.0000000000
71397  -41.014  -19.454  19.234 0.0000000000
71384  -40.649  -19.635  19.922 0.0000000000
73543  -39.929  -17.430  16.486 0.0000000000
72452  -39.873  -18.566  17.277 0.0000000000
73533  -40.311  -18.063  16.778 0.0000000000
79873  -38.742  -12.247  17.930 0.0000000000
78827  -38.496  -12.690  17.457 0.0000000000
78835  -38.751  -12.713  16.587 0.0000000000
79894  -39.939  -12.331  15.847 0.0000000000
78836  -39.386  -12.891  15.977 0.0000000000
78847  -40.198  -13.049  15.681 0.0000000000
78848  -40.975  -13.138  15.496 0.0000000000
81838  -40.503  -10.402  15.602 0.0000000000
80884  -41.373  -11.275  15.445 0.0000000000
175871  -42.582  -12.692  15.214 0.0000000000
78850  -42.226  -13.041  15.258 0.0000000000
77745  -41.952  -13.745  15.371 0.0000000000
164139  -43.121  -14.322  15.442 0.0000000000
76678  -43.662  -14.915  15.691 0.0000000000
77747  -43.888  -14.166  15.513 0.0000000000
76680  -45.041  -14.362  16.198 0.0000000000
81858  -44.886  -9.723  15.502 0.0000000000
85768  -45.218  -7.053  11.627 0.0000000000
85781  -46.456  -6.840  11.166 0.0000000000
86745  -47.068  -6.494  10.778 0.0000000000
87726  -46.187  -4.891  10.421 0.0000000000
171561  -46.710  -4.663  10.089 0.0000000000
53411  -8.501  -33.991  40.410 0.0000000000
53396  -8.106  -33.460  40.973 0.0000000000
165207  -8.017  -34.225  40.957 0.0000000000
52317  -8.522  -34.820  40.579 0.0000000000
51344  -10.866  -35.150  40.955 0.0000000000
51328  -10.431  -35.751  41.215 0.0000000000
49143  -9.837  -36.939  42.055 0.0000000000
50261  -9.996  -36.414  41.499 0.0000000000
49152  -9.319  -36.948  41.535 0.0000000000
49141  -8.583  -37.314  41.679 0.0000000000
49142  -9.233  -37.462  42.119 0.0000000000
49109  -9.532  -37.703  44.644 0.0000000000
65877  -37.595  -23.257  26.674 0.0000000000
67027  -38.562  -23.122  27.716 0.0000000000
67051  -37.802  -22.643  26.461 0.0000000000
67061  -37.865  -22.048  26.260 0.0000000000
69212  -37.805  -21.446  26.042 0.0000000000
69198  -38.227  -21.002  26.367 0.0000000000
70323  -37.691  -20.818  25.956 0.0000000000
70307  -35.214  -20.494  26.611 0.0000000000
70306  -34.439  -20.013  26.249 0.0000000000
151366  -35.592  -19.527  25.736 0.0000000000
71305  -36.713  -19.284  26.027 0.0000000000
72314  -33.911  -18.570  25.670 0.0000000000
72302  -34.820  -18.118  26.133 0.0000000000
73376  -35.089  -17.582  26.718 0.0000000000
74456  -28.982  -16.717  26.892 0.0000000000
73367  -29.104  -17.266  27.261 0.0000000000
73373  -29.066  -17.241  26.452 0.0000000000
72298  -29.359  -17.939  26.798 0.0000000000
72311  -29.364  -17.840  25.944 0.0000000000
77616  -29.206  -14.399  24.351 0.0000000000
158591  -29.026  -15.029  25.547 0.0000000000
75519  -29.074  -15.784  24.400 0.0000000000
73434  -30.055  -17.397  23.939 0.0000000000
73409  -29.724  -17.545  24.533 0.0000000000
172502  -29.984  -18.046  24.878 0.0000000000
72323  -29.892  -18.325  25.464 0.0000000000
72324  -30.633  -18.548  24.932 0.0000000000
72325  -31.672  -18.583  24.701 0.0000000000
164864  -32.818  -17.494  24.545 0.0000000000
73412  -32.398  -18.091  24.555 0.0000000000
73413  -33.170  -17.127  25.076 0.0000000000
74478  -33.606  -16.831  25.534 0.0000000000
74521  -33.888  -16.789  23.516 0.0000000000
73473  -32.309  -17.248  22.111 0.0000000000
74553  -32.613  -17.023  21.569 0.0000000000
73474  -34.349  -17.712  21.862 0.0000000000
73456  -33.922  -17.315  22.331 0.0000000000
72404  -36.087  -19.051  21.239 0.0000000000
72389  -36.299  -18.913  22.008 0.0000000000
72390  -37.068  -19.119  22.290 0.0000000000
71349  -37.553  -19.509  21.850 0.0000000000
71366  -38.216  -19.738  21.409 0.0000000000
71365  -37.397  -19.620  21.081 0.0000000000
72429  -36.273  -18.657  19.488 0.0000000000
172184  -37.274  -18.650  18.670 0.0000000000
72438  -36.637  -18.233  18.742 0.0000000000
75588  -34.616  -15.848  19.071 0.0000000000
75589  -35.894  -15.263  18.865 0.0000000000
75597  -36.035  -15.999  18.511 0.0000000000
74598  -36.357  -16.757  18.269 0.0000000000
75598  -36.578  -15.851  18.017 0.0000000000
76644  -37.029  -13.994  18.556 0.0000000000
62459  -21.982  -26.712  32.034 0.0000000000
160901  -22.392  -27.296  32.519 0.0000000000
62460  -22.967  -26.800  32.242 0.0000000000
62445  -24.558  -26.869  33.705 0.0000000000
61354  -23.779  -27.113  33.420 0.0000000000
61340  -24.420  -27.149  34.513 0.0000000000
61324  -24.768  -27.125  35.176 0.0000000000
62434  -25.284  -27.075  35.163 0.0000000000
61341  -26.161  -27.345  33.713 0.0000000000
62464  -25.705  -27.054  33.317 0.0000000000
60289  -29.563  -28.746  32.251 0.0000000000
56890  -9.557  -31.496  39.554 0.0000000000
55751  -10.177  -31.915  39.128 0.0000000000
58034  -11.163  -30.614  38.412 0.0000000000
59116  -10.893  -29.880  38.857 0.0000000000
54599  -11.334  -32.500  38.884 0.0000000000
54598  -10.565  -32.527  39.040 0.0000000000
53435  -11.576  -33.111  39.297 0.0000000000
159215  -14.985  -29.737  36.229 0.0000000000
178885  -14.696  -30.220  36.417 0.0000000000
55773  -15.760  -32.001  37.965 0.0000000000
55772  -14.952  -31.930  37.971 0.0000000000
150644  -5.041  -39.585  44.336 0.0000000000
150938  -4.821  -38.864  43.767 0.0000000000
59201  -21.629  -28.989  34.914 0.0000000000
60256  -22.112  -28.536  34.488 0.0000000000
60272  -22.684  -28.092  34.022 0.0000000000
63631  -36.865  -25.146  29.594 0.0000000000
63567  -19.772  -25.679  33.228 0.0000000000
63566  -19.318  -25.324  33.773 0.0000000000
62443  -19.542  -26.178  33.548 0.0000000000
171015  -19.447  -26.659  33.951 0.0000000000
61320  -19.637  -27.323  34.160 0.0000000000
61321  -20.101  -27.950  34.196 0.0000000000
60254  -20.601  -28.511  34.266 0.0000000000
66992  -33.997  -23.464  29.513 0.0000000000
76664  -38.071  -15.248  16.731 0.0000000000
77734  -38.634  -13.952  16.303 0.0000000000
84806  -40.130  -7.665  14.869 0.0000000000
85734  -40.258  -6.868  14.680 0.0000000000
84807  -40.671  -7.530  14.290 0.0000000000
83855  -41.909  -8.170  13.747 0.0000000000
84815  -41.829  -7.395  13.283 0.0000000000
84829  -42.257  -7.269  12.891 0.0000000000
85755  -42.485  -6.847  12.524 0.0000000000
86726  -42.153  -6.076  12.531 0.0000000000
161253  -42.188  -5.378  12.415 0.0000000000
149290  -31.843  -19.943  28.902 0.0000000000
71236  -31.224  -19.395  29.996 0.0000000000
72268  -30.522  -19.004  29.641 0.0000000000
155662  -30.008  -18.471  29.190 0.0000000000
160975  -30.664  -13.502  21.617 0.0000000000
77668  -31.008  -14.053  21.307 0.0000000000
78771  -31.151  -13.257  21.267 0.0000000000
78772  -31.832  -12.889  20.817 0.0000000000
77684  -32.295  -13.449  20.300 0.0000000000
78789  -32.943  -13.150  19.786 0.0000000000
79838  -32.932  -12.221  20.306 0.0000000000
61376  -26.770  -27.300  30.519 0.0000000000
158553  -26.946  -27.742  31.007 0.0000000000
60319  -27.444  -28.220  31.164 0.0000000000
59245  -28.667  -28.931  32.200 0.0000000000
56926  -13.391  -30.354  36.626 0.0000000000
86754  -48.263  -5.854  9.992 0.0000000000
86770  -48.805  -5.561  9.560 0.0000000000
46851  -8.377  -38.700  43.986 0.0000000000
46850  -7.715  -38.900  43.790 0.0000000000
46839  -7.409  -39.112  44.391 0.0000000000
46838  -6.594  -39.252  44.630 0.0000000000
72291  -38.087  -18.656  27.486 0.0000000000
61397  -31.599  -26.879  29.864 0.0000000000
173490  -32.062  -27.221  31.064 0.0000000000
61382  -32.762  -27.093  31.193 0.0000000000
61371  -33.683  -27.217  32.078 0.0000000000
63552  -17.803  -25.476  35.609 0.0000000000
63546  -17.244  -25.528  36.204 0.0000000000
63545  -16.631  -25.674  36.780 0.0000000000
61294  -16.741  -27.042  36.512 0.0000000000
150465  -16.454  -28.374  36.239 0.0000000000
153823  -16.155  -29.104  36.212 0.0000000000
58068  -17.674  -29.958  35.786 0.0000000000
56942  -20.345  -30.801  35.732 0.0000000000
56941  -19.549  -31.004  35.788 0.0000000000
56933  -20.254  -31.160  36.318 0.0000000000
151595  -35.868  -24.503  26.604 0.0000000000
64745  -36.261  -23.807  26.276 0.0000000000
64744  -35.613  -24.080  26.242 0.0000000000
67057  -35.512  -23.624  26.223 0.0000000000
66961  -22.058  -23.175  31.996 0.0000000000
171064  -22.446  -23.505  31.412 0.0000000000
68042  -23.899  -21.930  31.180 0.0000000000
68043  -24.620  -21.784  30.922 0.0000000000
68058  -24.819  -22.315  30.296 0.0000000000
66986  -25.104  -22.968  29.939 0.0000000000
65798  -25.415  -23.669  29.727 0.0000000000
65821  -26.012  -23.838  29.350 0.0000000000
65822  -26.619  -24.162  29.097 0.0000000000
65799  -29.521  -24.000  29.841 0.0000000000
65844  -28.387  -24.419  28.766 0.0000000000
63650  -28.868  -25.333  28.150 0.0000000000
63651  -29.274  -25.570  27.944 0.0000000000
62541  -29.791  -25.631  27.678 0.0000000000
62542  -30.442  -25.844  27.529 0.0000000000
163418  -30.959  -25.383  27.043 0.0000000000
64729  -32.136  -24.634  26.437 0.0000000000
64730  -32.827  -24.400  26.314 0.0000000000
63667  -33.500  -24.809  26.423 0.0000000000
63657  -34.566  -25.411  27.302 0.0000000000
71394  -38.068  -19.512  19.363 0.0000000000
71395  -39.385  -19.746  19.614 0.0000000000
172812  -39.436  -19.571  18.951 0.0000000000
71409  -39.819  -19.384  18.407 0.0000000000
71410  -40.632  -19.370  18.478 0.0000000000
156489  -41.243  -17.114  16.227 0.0000000000
73534  -41.220  -17.984  16.736 0.0000000000
80863  -38.807  -11.361  17.709 0.0000000000
165049  -38.964  -11.553  16.661 0.0000000000
165301  -39.618  -11.645  16.047 0.0000000000
162670  -40.396  -11.728  15.789 0.0000000000
80896  -41.942  -11.024  15.286 0.0000000000
80885  -42.482  -11.596  15.229 0.0000000000
79898  -42.962  -12.272  15.199 0.0000000000
166766  -44.133  -13.430  15.446 0.0000000000
177115  -44.296  -12.960  15.456 0.0000000000
78853  -44.806  -13.118  15.700 0.0000000000
85778  -44.277  -6.361  11.484 0.0000000000
85779  -44.923  -6.465  11.350 0.0000000000
86742  -44.602  -5.827  11.242 0.0000000000
166073  -45.401  -5.988  11.062 0.0000000000
86743  -45.780  -5.470  10.749 0.0000000000
177090  -8.987  -33.731  40.018 0.0000000000
52335  -9.051  -34.429  40.120 0.0000000000
49119  -9.973  -37.161  43.377 0.0000000000
67060  -36.987  -22.487  25.983 0.0000000000
176868  -37.418  -22.402  26.142 0.0000000000
68118  -36.908  -21.936  25.890 0.0000000000
69210  -36.750  -21.327  25.838 0.0000000000
70288  -32.800  -19.995  27.050 0.0000000000
70305  -33.693  -19.621  25.960 0.0000000000
71316  -34.948  -19.259  25.693 0.0000000000
72316  -35.400  -18.852  25.751 0.0000000000
71315  -34.376  -19.025  25.620 0.0000000000
153883  -33.189  -18.490  25.521 0.0000000000
75495  -28.918  -15.761  26.021 0.0000000000
75534  -29.365  -15.876  23.702 0.0000000000
74518  -29.739  -16.656  23.568 0.0000000000
73435  -30.895  -17.818  23.813 0.0000000000
150214  -32.417  -17.789  24.041 0.0000000000
171892  -32.868  -17.400  23.935 0.0000000000
74501  -33.375  -16.929  24.199 0.0000000000
74520  -33.114  -17.307  23.307 0.0000000000
74538  -33.623  -17.211  22.781 0.0000000000
74566  -32.775  -16.467  20.794 0.0000000000
74567  -33.253  -17.024  21.147 0.0000000000
72387  -34.873  -18.264  21.409 0.0000000000
72364  -35.794  -18.369  22.452 0.0000000000
72403  -35.426  -18.652  20.961 0.0000000000
71379  -36.683  -19.389  20.749 0.0000000000
72418  -35.995  -18.889  20.345 0.0000000000
72428  -35.608  -18.363  19.757 0.0000000000
77702  -34.989  -13.923  19.041 0.0000000000
160516  -35.177  -15.405  18.896 0.0000000000
77703  -36.173  -13.601  19.039 0.0000000000
62474  -23.615  -26.333  31.987 0.0000000000
63579  -24.243  -26.370  32.379 0.0000000000
167863  -24.539  -26.575  32.909 0.0000000000
173318  -25.065  -26.936  33.927 0.0000000000
56899  -11.917  -31.324  38.122 0.0000000000
54620  -12.072  -32.315  38.686 0.0000000000
54582  -12.293  -33.134  39.493 0.0000000000
54583  -13.007  -33.067  39.676 0.0000000000
56914  -16.483  -31.178  37.000 0.0000000000
56913  -15.687  -30.971  36.916 0.0000000000
56901  -16.069  -31.531  37.484 0.0000000000
176348  -16.356  -32.046  37.908 0.0000000000
150175  -16.263  -32.447  38.525 0.0000000000
175426  -40.058  -21.006  28.584 0.0000000000
171375  -39.828  -20.737  28.226 0.0000000000
58037  -21.594  -29.924  38.099 0.0000000000
58051  -21.795  -29.611  37.403 0.0000000000
59148  -22.403  -29.147  37.385 0.0000000000
173775  -22.634  -28.971  36.808 0.0000000000
62501  -34.551  -26.349  30.278 0.0000000000
63558  -18.323  -25.418  35.046 0.0000000000
63559  -18.822  -25.378  34.463 0.0000000000
62420  -18.171  -26.264  35.332 0.0000000000
60238  -18.118  -28.048  35.438 0.0000000000
156522  -18.267  -28.799  35.256 0.0000000000
58098  -19.449  -30.047  34.959 0.0000000000
60253  -19.848  -28.669  34.540 0.0000000000
159717  -19.682  -29.467  34.690 0.0000000000
58084  -19.921  -30.516  35.249 0.0000000000
56934  -20.988  -30.583  36.293 0.0000000000
65874  -33.610  -23.806  26.726 0.0000000000
67047  -34.341  -23.551  26.663 0.0000000000
67037  -34.020  -23.445  27.192 0.0000000000
65859  -30.587  -24.322  27.531 0.0000000000
65847  -31.014  -24.068  28.078 0.0000000000
65860  -31.191  -24.072  27.302 0.0000000000
65861  -31.845  -23.944  27.092 0.0000000000
65849  -32.363  -23.762  27.774 0.0000000000
65862  -32.662  -23.856  26.986 0.0000000000
65863  -33.341  -23.701  27.177 0.0000000000
73530  -38.159  -17.304  17.166 0.0000000000
72451  -39.039  -18.402  17.406 0.0000000000
73542  -39.208  -17.280  16.644 0.0000000000
74615  -39.577  -16.750  16.299 0.0000000000
75614  -39.149  -16.104  16.221 0.0000000000
74616  -40.374  -16.895  16.151 0.0000000000
74617  -40.916  -16.339  15.915 0.0000000000
75623  -40.738  -15.553  15.776 0.0000000000
76675  -41.258  -15.015  15.638 0.0000000000
82855  -39.178  -9.730  16.272 0.0000000000
82866  -39.168  -8.937  16.194 0.0000000000
82868  -40.244  -9.681  15.501 0.0000000000
81853  -41.004  -9.910  15.296 0.0000000000
83843  -40.174  -8.491  15.075 0.0000000000
82884  -40.629  -9.216  15.140 0.0000000000
81854  -41.929  -10.161  15.081 0.0000000000
80898  -43.365  -10.569  15.180 0.0000000000
80899  -43.923  -10.395  15.321 0.0000000000
81856  -43.587  -10.038  15.103 0.0000000000
82887  -43.570  -9.517  14.762 0.0000000000
82895  -43.903  -8.994  14.350 0.0000000000
83856  -42.702  -8.464  13.650 0.0000000000
83857  -43.465  -8.645  13.711 0.0000000000
84843  -44.758  -7.491  12.060 0.0000000000
85766  -43.657  -6.571  11.792 0.0000000000
86741  -43.930  -6.003  11.508 0.0000000000
52337  -10.725  -34.224  39.877 0.0000000000
70291  -35.113  -20.830  27.709 0.0000000000
70272  -33.000  -20.184  27.719 0.0000000000
71290  -31.578  -19.813  27.234 0.0000000000
71313  -31.068  -19.362  26.113 0.0000000000
77609  -29.505  -13.631  24.734 0.0000000000
78708  -29.972  -13.098  23.579 0.0000000000
77617  -29.524  -13.812  23.837 0.0000000000
76579  -29.312  -14.580  23.706 0.0000000000
75545  -30.465  -16.190  22.418 0.0000000000
74551  -31.159  -16.508  21.997 0.0000000000
75556  -31.424  -16.027  21.408 0.0000000000
76614  -31.368  -14.699  21.046 0.0000000000
75569  -31.765  -15.454  20.892 0.0000000000
75570  -32.387  -15.787  20.553 0.0000000000
74575  -33.015  -15.890  20.154 0.0000000000
159329  -33.564  -15.927  19.717 0.0000000000
74585  -34.084  -16.269  19.547 0.0000000000
76633  -33.765  -14.848  19.157 0.0000000000
167238  -34.189  -14.337  18.980 0.0000000000
78804  -33.705  -13.075  19.369 0.0000000000
78805  -34.665  -13.010  19.239 0.0000000000
78791  -35.270  -12.205  19.546 0.0000000000
63592  -25.106  -26.068  31.765 0.0000000000
63581  -24.980  -26.442  32.428 0.0000000000
155799  -25.368  -26.530  32.262 0.0000000000
165523  -25.730  -26.929  32.589 0.0000000000
61355  -26.266  -27.462  32.773 0.0000000000
61367  -26.769  -27.864  31.825 0.0000000000
160378  -26.912  -28.133  32.510 0.0000000000
58035  -11.724  -30.291  37.874 0.0000000000
59132  -11.846  -29.373  37.853 0.0000000000
56900  -12.450  -31.371  37.860 0.0000000000
55770  -13.094  -31.754  37.981 0.0000000000
55758  -18.125  -32.578  38.911 0.0000000000
50259  -7.735  -36.641  41.600 0.0000000000
51318  -7.168  -35.431  42.156 0.0000000000
49139  -7.284  -37.070  42.094 0.0000000000
50251  -6.726  -36.799  42.539 0.0000000000
50250  -6.015  -37.210  43.118 0.0000000000
50240  -5.342  -36.648  43.419 0.0000000000
81811  -38.969  -10.463  18.100 0.0000000000
82850  -38.996  -9.305  17.602 0.0000000000
73368  -35.409  -17.171  27.365 0.0000000000
60339  -29.497  -27.764  30.368 0.0000000000
60322  -29.731  -28.093  31.041 0.0000000000
61384  -34.306  -26.857  31.459 0.0000000000
61279  -15.057  -27.319  37.605 0.0000000000
60209  -14.913  -27.834  37.235 0.0000000000
60223  -14.250  -28.616  36.626 0.0000000000
56929  -16.183  -30.465  36.547 0.0000000000
56915  -17.217  -31.423  37.075 0.0000000000
59177  -17.915  -29.369  35.483 0.0000000000
56932  -19.064  -31.232  36.244 0.0000000000
55776  -18.333  -32.163  37.736 0.0000000000
176074  -18.045  -32.438  38.164 0.0000000000
159397  -38.026  -24.418  28.938 0.0000000000
65851  -38.304  -23.855  28.308 0.0000000000
64721  -37.597  -24.142  27.702 0.0000000000
65864  -37.338  -23.853  26.960 0.0000000000
65886  -36.524  -23.116  26.081 0.0000000000
67059  -36.565  -22.573  26.029 0.0000000000
67039  -35.511  -22.393  27.156 0.0000000000
175474  -35.352  -21.685  28.587 0.0000000000
68085  -35.567  -21.852  27.956 0.0000000000
70274  -34.540  -20.684  28.325 0.0000000000
71239  -33.271  -20.472  30.604 0.0000000000
61351  -20.937  -27.029  32.705 0.0000000000
62472  -21.945  -25.859  31.705 0.0000000000
64653  -21.753  -24.651  31.739 0.0000000000
63588  -21.984  -25.224  31.613 0.0000000000
63589  -22.558  -25.484  31.498 0.0000000000
159784  -23.231  -25.803  31.540 0.0000000000
68023  -22.586  -22.029  32.907 0.0000000000
68030  -22.901  -22.078  32.110 0.0000000000
66972  -23.208  -22.936  31.026 0.0000000000
63601  -24.872  -25.603  31.213 0.0000000000
63602  -25.292  -25.765  31.092 0.0000000000
62482  -25.726  -26.064  30.859 0.0000000000
63610  -25.579  -24.923  29.950 0.0000000000
63611  -26.098  -26.086  30.224 0.0000000000
62498  -26.627  -26.703  29.975 0.0000000000
61393  -27.262  -27.226  29.807 0.0000000000
61378  -27.968  -27.579  29.862 0.0000000000
68061  -27.111  -22.263  30.133 0.0000000000
65843  -27.640  -24.471  28.802 0.0000000000
63638  -27.465  -25.111  28.611 0.0000000000
63637  -27.062  -25.472  28.833 0.0000000000
62514  -27.875  -26.624  28.854 0.0000000000
61410  -28.259  -27.093  29.229 0.0000000000
163231  -28.620  -27.433  29.598 0.0000000000
61394  -29.246  -27.435  29.732 0.0000000000
61413  -30.345  -26.968  29.498 0.0000000000
168168  -30.970  -26.756  29.246 0.0000000000
61415  -32.251  -26.616  29.529 0.0000000000
62543  -31.709  -25.620  27.170 0.0000000000
63654  -32.242  -25.255  26.724 0.0000000000
62532  -31.938  -26.101  27.891 0.0000000000
62533  -32.664  -26.103  28.199 0.0000000000
62521  -33.602  -26.250  29.303 0.0000000000
62522  -34.345  -26.130  29.542 0.0000000000
150469  -35.550  -25.631  29.191 0.0000000000
63658  -35.254  -25.368  27.644 0.0000000000
171474  -36.008  -25.324  28.625 0.0000000000
63630  -36.222  -25.404  29.376 0.0000000000
63643  -36.745  -25.001  28.763 0.0000000000
64693  -37.449  -24.797  29.109 0.0000000000
71383  -39.957  -19.748  19.973 0.0000000000
72442  -40.257  -19.094  17.780 0.0000000000
72443  -41.068  -18.995  17.892 0.0000000000
72454  -41.524  -18.516  17.394 0.0000000000
155882  -38.426  -13.216  16.892 0.0000000000
77735  -39.567  -13.705  15.790 0.0000000000
76674  -40.167  -14.386  15.656 0.0000000000
164753  -40.912  -14.342  15.551 0.0000000000
76676  -42.033  -15.083  15.592 0.0000000000
150055  -41.811  -11.773  15.348 0.0000000000
78849  -41.590  -13.254  15.384 0.0000000000
76667  -44.232  -15.397  16.158 0.0000000000
86752  -46.772  -5.878  10.528 0.0000000000
86753  -47.422  -5.907  10.309 0.0000000000
87728  -47.196  -4.733  9.821 0.0000000000
89734  -47.178  -3.443  9.751 0.0000000000
89731  -46.927  -3.098  10.255 0.0000000000
53379  -7.627  -33.626  41.528 0.0000000000
52299  -7.539  -34.333  41.576 0.0000000000
52316  -7.906  -34.993  41.102 0.0000000000
157431  -10.056  -34.673  40.048 0.0000000000
51355  -9.424  -34.999  40.304 0.0000000000
50271  -9.853  -35.961  40.969 0.0000000000
51342  -9.374  -35.710  40.694 0.0000000000
51341  -8.877  -35.377  40.564 0.0000000000
159490  -8.795  -36.054  40.887 0.0000000000
50268  -8.226  -36.318  41.187 0.0000000000
50260  -8.189  -36.892  41.428 0.0000000000
176297  -8.697  -37.672  42.053 0.0000000000
47993  -8.838  -38.185  43.055 0.0000000000
49118  -9.393  -37.857  43.730 0.0000000000
168138  -8.774  -38.372  43.648 0.0000000000
68097  -38.336  -22.236  26.762 0.0000000000
69199  -38.738  -21.107  26.881 0.0000000000
70293  -38.976  -20.514  27.148 0.0000000000
70322  -36.744  -20.668  25.729 0.0000000000
160159  -36.176  -20.068  25.780 0.0000000000
169541  -37.144  -20.590  25.781 0.0000000000
70308  -37.524  -20.179  26.016 0.0000000000
71307  -37.995  -19.748  26.471 0.0000000000
70292  -38.520  -20.088  26.843 0.0000000000
71292  -38.384  -19.397  27.088 0.0000000000
71291  -37.760  -19.048  26.766 0.0000000000
72303  -36.198  -18.621  26.201 0.0000000000
72289  -36.593  -18.046  26.997 0.0000000000
73377  -35.817  -17.778  26.830 0.0000000000
73360  -29.548  -17.990  28.545 0.0000000000
74427  -29.321  -16.765  28.317 0.0000000000
73359  -29.247  -17.283  28.052 0.0000000000
158095  -29.747  -18.514  27.955 0.0000000000
72288  -29.840  -18.682  27.187 0.0000000000
71300  -30.395  -19.149  26.572 0.0000000000
163615  -28.956  -16.411  25.415 0.0000000000
156173  -29.050  -16.289  24.774 0.0000000000
74499  -29.257  -16.959  24.818 0.0000000000
73386  -29.103  -17.130  25.649 0.0000000000
72300  -30.453  -18.927  25.744 0.0000000000
72313  -32.043  -18.918  25.167 0.0000000000
73388  -32.787  -17.929  25.131 0.0000000000
73374  -33.913  -17.170  26.150 0.0000000000
74457  -34.456  -16.786  26.533 0.0000000000
74537  -32.913  -17.366  22.412 0.0000000000
71380  -37.317  -19.565  20.308 0.0000000000
171991  -37.848  -19.660  19.951 0.0000000000
71406  -37.630  -19.116  18.960 0.0000000000
74586  -34.682  -16.646  19.308 0.0000000000
74587  -35.242  -17.051  19.116 0.0000000000
73519  -35.678  -17.424  19.004 0.0000000000
73520  -36.168  -17.474  18.651 0.0000000000
73521  -36.789  -17.495  18.163 0.0000000000
73529  -37.495  -17.436  17.644 0.0000000000
76653  -36.993  -14.807  17.914 0.0000000000
61352  -21.626  -27.381  32.657 0.0000000000
161017  -22.339  -27.759  33.177 0.0000000000
61338  -23.237  -27.583  33.652 0.0000000000
61322  -23.628  -27.680  34.577 0.0000000000
61323  -24.066  -27.564  35.418 0.0000000000
62447  -25.334  -26.947  33.622 0.0000000000
166078  -25.355  -27.093  34.324 0.0000000000
61325  -26.121  -27.301  34.559 0.0000000000
62436  -25.672  -27.200  34.785 0.0000000000
62435  -25.387  -27.131  34.871 0.0000000000
60306  -29.170  -28.557  31.566 0.0000000000
55724  -9.009  -31.813  40.091 0.0000000000
55737  -9.497  -32.285  39.576 0.0000000000
56898  -11.318  -31.310  38.421 0.0000000000
175375  -10.352  -33.064  39.300 0.0000000000
53413  -10.500  -33.587  39.483 0.0000000000
53414  -11.172  -33.597  39.587 0.0000000000
53416  -12.646  -33.466  40.155 0.0000000000
59160  -13.803  -29.199  36.423 0.0000000000
58064  -13.767  -29.888  36.375 0.0000000000
56911  -13.917  -30.896  36.897 0.0000000000
55771  -14.064  -31.868  37.970 0.0000000000
55757  -17.282  -32.605  38.798 0.0000000000
54605  -16.703  -32.616  39.302 0.0000000000
54603  -14.980  -32.601  39.276 0.0000000000
54602  -14.144  -32.654  39.212 0.0000000000
168886  -48.148  -4.524  8.902 0.0000000000
46828  -6.121  -39.437  45.512 0.0000000000
46836  -5.228  -39.939  45.152 0.0000000000
46837  -5.517  -39.485  44.856 0.0000000000
47989  -5.114  -38.226  43.606 0.0000000000
46859  -4.114  -38.658  42.676 0.0000000000
46847  -4.354  -38.745  43.290 0.0000000000
49116  -4.416  -37.327  43.132 0.0000000000
49129  -9.370  -37.681  42.869 0.0000000000
53412  -9.498  -33.912  39.755 0.0000000000
55738  -17.588  -32.627  39.600 0.0000000000
55791  -18.762  -31.851  37.289 0.0000000000
56927  -14.137  -30.368  36.503 0.0000000000
58065  -14.305  -29.771  36.257 0.0000000000
59165  -22.087  -29.316  36.790 0.0000000000
59198  -19.089  -29.532  34.888 0.0000000000
60239  -18.682  -28.222  35.073 0.0000000000
60240  -22.956  -28.512  35.641 0.0000000000
61379  -30.277  -27.613  30.561 0.0000000000
61414  -31.651  -26.641  29.241 0.0000000000
63627  -26.015  -24.910  29.519 0.0000000000
64742  -34.267  -24.127  26.262 0.0000000000
65842  -27.118  -24.501  28.894 0.0000000000
66962  -22.676  -22.808  31.512 0.0000000000
66989  -27.664  -22.867  29.785 0.0000000000
68108  -38.865  -21.751  27.107 0.0000000000
70304  -32.933  -19.777  26.368 0.0000000000
71301  -30.978  -19.549  26.874 0.0000000000
71393  -37.407  -19.389  19.603 0.0000000000
73410  -30.358  -17.975  24.388 0.0000000000
73531  -38.784  -17.697  17.077 0.0000000000
73541  -38.659  -17.126  16.826 0.0000000000
73544  -41.977  -17.494  16.529 0.0000000000
74517  -29.297  -16.457  24.216 0.0000000000
75543  -29.431  -15.161  23.318 0.0000000000
75625  -42.105  -16.302  15.908 0.0000000000
76571  -29.010  -15.061  24.745 0.0000000000
77700  -33.310  -13.781  19.363 0.0000000000
77701  -34.060  -13.721  19.067 0.0000000000
78723  -30.056  -13.265  22.808 0.0000000000
78746  -30.764  -12.775  21.895 0.0000000000
78788  -32.530  -12.782  20.290 0.0000000000
78851  -42.894  -13.014  15.214 0.0000000000
79821  -31.908  -12.136  21.269 0.0000000000
80870  -38.851  -10.877  16.845 0.0000000000
81819  -38.820  -9.911  17.548 0.0000000000
82867  -39.592  -9.363  15.770 0.0000000000
87718  -43.932  -5.356  11.373 0.0000000000
88735  -47.352  -4.086  9.497 0.0000000000
150095  -41.111  -11.824  15.531 0.0000000000
156979  -38.775  -19.586  19.148 0.0000000000
160837  -41.626  -14.375  15.483 0.0000000000
161679  -42.657  -13.662  15.298 0.0000000000
168295  -33.143  -23.876  26.802 0.0000000000
173667  -30.439  -19.063  28.973 0.0000000000
174818  -35.172  -22.301  29.021 0.0000000000
175006  -24.228  -27.331  34.944 0.0000000000
175664  -29.072  -15.527  26.574 0.0000000000
175868  -45.410  -14.696  16.594 0.0000000000
176444  -19.638  -31.356  36.379 0.0000000000
177080  -8.338  -38.244  42.630 0.0000000000
178213  -38.554  -20.624  26.688 0.0000000000
178385  -32.923  -12.671  19.993 0.0000000000
