#!ascii label  , from subject sub-v2s13x29136_ses-1 vox2ras=TkReg
1294
118066  -51.278  23.893  -3.808 0.0000000000
129826  -43.852  37.477  -4.575 0.0000000000
119713  -42.630  25.717  5.796 0.0000000000
123742  -46.012  30.444  3.331 0.0000000000
128347  -49.741  35.214  -6.762 0.0000000000
128260  -48.344  34.957  1.557 0.0000000000
157933  -48.040  33.676  -1.685 0.0000000000
123759  -43.300  30.024  1.307 0.0000000000
173000  -52.340  19.164  6.898 0.0000000000
115492  -52.184  20.948  2.314 0.0000000000
135504  -41.973  45.216  -0.838 0.0000000000
134293  -49.066  43.935  -2.917 0.0000000000
154502  -47.968  37.950  -10.820 0.0000000000
118031  -47.630  24.145  -0.116 0.0000000000
127426  -42.325  34.181  3.756 0.0000000000
164412  -46.092  28.796  5.544 0.0000000000
122385  -50.769  27.932  0.835 0.0000000000
120686  -45.608  26.113  -0.208 0.0000000000
152304  -41.256  25.686  -0.215 0.0000000000
120737  -52.171  26.332  -4.855 0.0000000000
125952  -50.962  32.917  -7.981 0.0000000000
126727  -51.281  34.078  -3.415 0.0000000000
160263  -48.028  33.875  -5.164 0.0000000000
126721  -44.809  33.758  -2.748 0.0000000000
115452  -54.382  20.928  5.272 0.0000000000
114601  -51.295  20.948  6.447 0.0000000000
134899  -39.160  44.813  -0.235 0.0000000000
165158  -50.547  41.814  -6.752 0.0000000000
115517  -46.361  21.513  0.650 0.0000000000
118892  -45.421  24.582  3.230 0.0000000000
130425  -41.092  38.293  -3.224 0.0000000000
129053  -43.791  36.511  -0.361 0.0000000000
125829  -48.469  33.092  3.659 0.0000000000
125814  -47.006  32.567  5.158 0.0000000000
123733  -47.015  30.145  5.079 0.0000000000
121530  -49.583  27.373  3.458 0.0000000000
154979  -47.967  28.399  3.089 0.0000000000
121566  -47.904  27.292  -0.123 0.0000000000
122376  -45.900  28.065  1.635 0.0000000000
121543  -42.695  27.502  1.720 0.0000000000
129107  -45.992  36.604  -5.668 0.0000000000
129067  -46.284  36.576  -1.490 0.0000000000
128308  -49.720  35.837  -2.607 0.0000000000
149347  -50.059  33.973  1.294 0.0000000000
125844  -46.090  32.785  1.895 0.0000000000
124414  -44.580  30.817  2.194 0.0000000000
125862  -44.460  32.837  0.453 0.0000000000
125175  -42.405  32.084  -0.378 0.0000000000
113778  -53.750  19.527  3.092 0.0000000000
115525  -54.159  21.111  0.295 0.0000000000
115550  -50.842  21.222  -1.347 0.0000000000
174559  -37.054  41.040  -1.355 0.0000000000
132966  -39.924  41.603  -3.318 0.0000000000
132328  -42.512  41.155  -4.420 0.0000000000
131675  -45.716  40.716  -4.996 0.0000000000
131713  -48.991  39.292  -6.281 0.0000000000
129860  -50.955  37.384  -8.717 0.0000000000
127597  -48.946  33.171  -11.019 0.0000000000
128394  -45.746  35.195  -11.454 0.0000000000
114652  -48.834  20.157  2.991 0.0000000000
115520  -48.437  21.135  -0.666 0.0000000000
118055  -48.893  23.629  -1.996 0.0000000000
178120  -41.919  30.421  5.853 0.0000000000
128251  -44.991  34.996  1.878 0.0000000000
125089  -44.309  31.597  5.756 0.0000000000
121503  -44.574  27.213  5.706 0.0000000000
119738  -47.639  25.793  3.571 0.0000000000
160295  -49.662  26.048  1.162 0.0000000000
119821  -51.781  26.730  -1.913 0.0000000000
120709  -49.253  27.139  -2.583 0.0000000000
120707  -47.268  26.901  -3.066 0.0000000000
120705  -43.695  26.731  -3.164 0.0000000000
121545  -44.356  27.455  1.414 0.0000000000
119773  -43.473  25.695  0.355 0.0000000000
120702  -41.885  26.008  -3.201 0.0000000000
117247  -52.088  23.195  -3.970 0.0000000000
118075  -52.550  23.793  -5.131 0.0000000000
172950  -52.241  25.530  -4.812 0.0000000000
125949  -49.065  32.516  -8.441 0.0000000000
149068  -49.270  33.287  -6.572 0.0000000000
126770  -47.506  33.742  -7.035 0.0000000000
127546  -46.336  34.375  -5.939 0.0000000000
118875  -44.248  25.060  4.730 0.0000000000
130427  -42.444  37.909  -3.620 0.0000000000
125116  -46.856  31.514  3.862 0.0000000000
124402  -47.397  31.558  4.695 0.0000000000
123743  -46.862  30.305  4.258 0.0000000000
122355  -47.407  28.764  3.746 0.0000000000
122366  -46.585  29.158  3.172 0.0000000000
122377  -46.943  28.204  1.980 0.0000000000
123088  -45.687  29.321  2.529 0.0000000000
128345  -47.925  35.749  -6.329 0.0000000000
128320  -48.088  35.820  -4.101 0.0000000000
128321  -49.198  35.597  -4.227 0.0000000000
126726  -49.389  33.649  -2.968 0.0000000000
126712  -51.066  34.060  -1.155 0.0000000000
126689  -48.866  33.647  -0.579 0.0000000000
149383  -48.721  33.627  0.998 0.0000000000
126664  -46.569  33.595  0.024 0.0000000000
125863  -45.381  33.096  0.903 0.0000000000
164964  -46.160  33.635  -0.993 0.0000000000
125893  -43.489  33.124  -1.380 0.0000000000
115479  -53.115  21.136  3.864 0.0000000000
115480  -54.511  21.100  3.787 0.0000000000
170239  -53.005  21.121  1.655 0.0000000000
115523  -52.674  21.121  -0.047 0.0000000000
149333  -51.482  20.922  0.021 0.0000000000
135502  -40.600  45.050  -0.613 0.0000000000
177295  -39.264  43.050  -2.106 0.0000000000
134275  -40.854  43.445  -2.138 0.0000000000
132979  -41.208  41.421  -3.800 0.0000000000
134287  -42.752  43.145  -2.528 0.0000000000
134917  -47.039  44.996  -1.880 0.0000000000
174152  -45.302  42.593  -3.025 0.0000000000
132986  -47.442  41.884  -3.638 0.0000000000
131696  -47.354  40.014  -5.751 0.0000000000
133004  -49.060  41.354  -4.220 0.0000000000
131734  -49.192  40.680  -9.502 0.0000000000
131735  -50.741  39.973  -8.063 0.0000000000
130506  -50.188  37.915  -10.162 0.0000000000
128386  -50.160  35.646  -10.175 0.0000000000
129161  -48.393  35.566  -10.866 0.0000000000
149303  -47.166  34.379  -11.369 0.0000000000
129159  -46.589  36.157  -10.689 0.0000000000
114606  -45.559  20.203  5.962 0.0000000000
149083  -46.869  20.247  6.772 0.0000000000
169126  -47.438  20.230  5.472 0.0000000000
149078  -48.867  20.265  5.201 0.0000000000
114650  -47.380  20.105  3.200 0.0000000000
117213  -46.604  22.743  0.264 0.0000000000
115519  -47.679  21.016  0.002 0.0000000000
116378  -47.726  22.262  -1.068 0.0000000000
116388  -48.915  22.319  -1.989 0.0000000000
118046  -48.453  23.874  -1.347 0.0000000000
126596  -41.433  33.438  4.740 0.0000000000
162791  -41.035  31.561  5.836 0.0000000000
125097  -42.011  32.386  5.540 0.0000000000
129043  -47.000  35.904  -0.035 0.0000000000
129042  -45.348  35.948  0.259 0.0000000000
150318  -46.270  35.270  1.367 0.0000000000
124368  -46.395  30.711  5.689 0.0000000000
125813  -45.654  32.690  5.326 0.0000000000
123714  -45.609  30.117  5.741 0.0000000000
157935  -44.383  28.696  5.730 0.0000000000
121504  -45.448  27.573  5.569 0.0000000000
119723  -45.976  25.870  5.059 0.0000000000
154845  -46.855  26.857  5.096 0.0000000000
121539  -50.505  27.772  2.206 0.0000000000
120660  -50.018  26.776  2.317 0.0000000000
120674  -50.803  27.304  1.207 0.0000000000
119792  -50.764  26.352  -0.018 0.0000000000
121570  -51.315  27.221  -0.606 0.0000000000
121585  -51.511  27.134  -2.099 0.0000000000
121576  -50.936  27.425  -1.161 0.0000000000
120680  -47.072  26.883  0.100 0.0000000000
120695  -47.552  26.849  -1.473 0.0000000000
155373  -46.712  26.517  -1.403 0.0000000000
149879  -45.397  27.103  -3.682 0.0000000000
119805  -44.887  25.966  -1.482 0.0000000000
123751  -43.951  30.282  1.697 0.0000000000
123087  -44.350  29.032  1.715 0.0000000000
122374  -43.721  28.612  1.521 0.0000000000
120669  -41.828  26.263  1.507 0.0000000000
119758  -43.079  25.889  1.030 0.0000000000
119772  -42.566  25.613  0.195 0.0000000000
119802  -42.430  26.003  -1.667 0.0000000000
119801  -41.617  25.959  -1.766 0.0000000000
151941  -41.320  25.588  -2.584 0.0000000000
148822  -53.955  20.951  -2.276 0.0000000000
120748  -49.347  26.474  -4.799 0.0000000000
127567  -51.252  34.274  -7.363 0.0000000000
128333  -51.290  34.434  -4.719 0.0000000000
126762  -51.270  33.402  -5.617 0.0000000000
150241  -50.116  33.690  -4.463 0.0000000000
154781  -47.375  33.837  -3.435 0.0000000000
161686  -46.677  33.757  -2.583 0.0000000000
126736  -46.005  34.021  -3.539 0.0000000000
113753  -53.871  20.251  7.131 0.0000000000
114591  -53.719  20.514  8.129 0.0000000000
115461  -51.386  20.725  4.353 0.0000000000
156704  -41.474  46.954  0.053 0.0000000000
134304  -50.095  43.517  -4.543 0.0000000000
131746  -47.537  39.918  -9.611 0.0000000000
131137  -46.416  38.480  -10.205 0.0000000000
114663  -46.021  20.471  2.304 0.0000000000
117205  -45.634  22.607  1.267 0.0000000000
118904  -46.479  24.330  1.635 0.0000000000
128257  -42.820  35.631  1.392 0.0000000000
127441  -48.290  33.744  3.259 0.0000000000
126626  -47.327  34.001  3.545 0.0000000000
177762  -47.962  33.030  4.423 0.0000000000
124377  -46.956  31.313  5.506 0.0000000000
174215  -46.967  29.304  5.156 0.0000000000
121514  -47.546  27.452  4.931 0.0000000000
122348  -47.928  28.180  4.594 0.0000000000
122357  -48.902  28.022  3.732 0.0000000000
122380  -49.959  28.232  1.479 0.0000000000
172411  -49.456  27.919  0.090 0.0000000000
121549  -48.185  27.990  1.184 0.0000000000
121548  -47.249  27.769  1.241 0.0000000000
120673  -45.956  26.937  0.959 0.0000000000
123093  -42.981  28.906  1.440 0.0000000000
164409  -41.528  26.872  6.200 0.0000000000
129828  -44.941  36.951  -4.776 0.0000000000
129812  -45.270  36.973  -2.863 0.0000000000
129088  -46.456  36.520  -3.041 0.0000000000
129079  -47.454  36.420  -2.196 0.0000000000
128283  -48.985  35.584  0.007 0.0000000000
128310  -51.422  35.039  -2.644 0.0000000000
128285  -50.711  35.136  -0.241 0.0000000000
128261  -49.466  34.568  1.645 0.0000000000
177601  -49.045  33.776  2.424 0.0000000000
125845  -47.409  32.705  2.688 0.0000000000
125131  -45.897  31.720  2.947 0.0000000000
124415  -45.180  30.596  2.711 0.0000000000
125831  -45.314  32.214  2.132 0.0000000000
125149  -44.360  31.936  1.555 0.0000000000
125148  -43.601  31.601  1.063 0.0000000000
126685  -44.543  33.457  -1.649 0.0000000000
125861  -43.678  32.572  0.055 0.0000000000
113770  -54.644  20.181  4.301 0.0000000000
113790  -54.853  20.457  2.228 0.0000000000
170776  -54.655  20.677  -0.418 0.0000000000
153942  -54.045  21.059  -1.013 0.0000000000
115561  -53.046  21.771  -2.475 0.0000000000
116402  -51.523  22.638  -3.252 0.0000000000
163879  -37.492  39.459  -1.876 0.0000000000
132961  -37.953  41.492  -2.293 0.0000000000
160734  -39.020  39.449  -2.963 0.0000000000
168803  -40.009  39.880  -3.798 0.0000000000
131671  -41.424  39.978  -4.666 0.0000000000
131691  -43.050  39.576  -5.535 0.0000000000
134908  -43.841  44.864  -1.477 0.0000000000
133632  -43.843  42.637  -2.998 0.0000000000
132330  -43.972  41.218  -4.460 0.0000000000
131072  -44.232  39.060  -5.807 0.0000000000
130454  -45.572  38.309  -6.228 0.0000000000
129843  -47.081  37.375  -6.822 0.0000000000
129851  -48.728  36.616  -7.375 0.0000000000
131699  -50.316  40.068  -5.899 0.0000000000
130476  -49.898  37.858  -7.303 0.0000000000
129132  -50.299  36.321  -7.927 0.0000000000
127588  -50.950  34.637  -9.003 0.0000000000
126812  -49.838  32.611  -9.903 0.0000000000
125271  -46.881  31.618  -11.345 0.0000000000
126006  -46.121  32.484  -12.170 0.0000000000
129873  -45.376  37.184  -10.729 0.0000000000
114621  -50.050  20.392  4.805 0.0000000000
114668  -50.599  20.428  2.579 0.0000000000
114665  -47.674  20.246  1.718 0.0000000000
114678  -48.874  20.327  0.921 0.0000000000
114689  -50.242  20.474  0.923 0.0000000000
172377  -50.065  21.002  -0.934 0.0000000000
116392  -49.543  22.431  -2.482 0.0000000000
118065  -50.290  23.806  -3.156 0.0000000000
122332  -42.448  28.171  5.881 0.0000000000
129065  -45.041  36.707  -1.084 0.0000000000
156810  -44.009  35.614  1.034 0.0000000000
127438  -43.464  34.513  2.969 0.0000000000
126625  -46.255  34.011  3.639 0.0000000000
160900  -44.452  33.852  3.835 0.0000000000
125821  -43.106  33.246  4.743 0.0000000000
124366  -42.915  31.115  5.781 0.0000000000
157936  -42.974  28.882  5.787 0.0000000000
119714  -43.935  25.991  5.672 0.0000000000
153684  -45.225  25.637  5.047 0.0000000000
118886  -46.114  25.130  3.799 0.0000000000
162874  -47.663  25.220  1.957 0.0000000000
120649  -48.789  26.682  3.911 0.0000000000
119748  -48.364  25.671  2.200 0.0000000000
118913  -48.298  24.918  0.338 0.0000000000
119791  -49.836  25.499  -0.508 0.0000000000
119819  -50.929  25.576  -1.867 0.0000000000
174465  -51.721  25.465  -3.512 0.0000000000
164465  -52.091  26.496  -3.410 0.0000000000
120721  -50.641  27.006  -3.415 0.0000000000
120734  -48.511  26.617  -4.157 0.0000000000
121574  -49.002  27.445  -1.008 0.0000000000
120708  -48.296  27.012  -2.368 0.0000000000
154199  -47.215  26.916  -3.870 0.0000000000
120731  -45.766  27.106  -4.447 0.0000000000
120717  -44.574  27.096  -4.126 0.0000000000
165863  -44.878  29.465  2.132 0.0000000000
149815  -45.083  27.839  1.468 0.0000000000
167045  -45.044  26.942  1.234 0.0000000000
176190  -43.272  27.485  1.573 0.0000000000
120672  -44.154  26.697  1.263 0.0000000000
119774  -44.784  25.886  0.169 0.0000000000
119804  -44.192  25.878  -1.395 0.0000000000
120704  -42.939  26.589  -3.172 0.0000000000
117254  -52.363  23.712  -4.601 0.0000000000
118949  -52.273  24.681  -5.174 0.0000000000
118074  -51.920  24.684  -4.406 0.0000000000
148633  -47.205  32.981  -8.587 0.0000000000
126784  -48.045  33.122  -7.918 0.0000000000
160427  -46.912  33.683  -7.693 0.0000000000
118883  -43.729  24.553  4.275 0.0000000000
118874  -43.584  24.978  4.911 0.0000000000
129818  -43.308  37.720  -4.454 0.0000000000
150437  -43.377  37.518  -2.639 0.0000000000
129810  -43.790  37.428  -3.052 0.0000000000
158499  -45.894  31.058  3.212 0.0000000000
123732  -46.798  30.939  4.055 0.0000000000
123079  -47.048  29.505  4.289 0.0000000000
123078  -46.266  29.811  3.354 0.0000000000
128346  -48.788  35.520  -6.548 0.0000000000
128331  -48.376  35.576  -4.944 0.0000000000
128332  -49.458  35.377  -5.156 0.0000000000
126709  -48.525  33.680  -2.474 0.0000000000
157932  -49.174  33.675  -1.530 0.0000000000
126688  -47.569  33.679  -1.040 0.0000000000
150355  -48.148  33.639  -0.032 0.0000000000
153705  -47.068  33.650  -0.509 0.0000000000
126687  -46.721  33.674  -1.318 0.0000000000
171150  -53.229  19.598  6.579 0.0000000000
164436  -52.588  21.033  3.100 0.0000000000
115493  -53.141  21.134  2.518 0.0000000000
149334  -52.210  20.989  0.815 0.0000000000
115507  -51.907  20.891  1.576 0.0000000000
135503  -41.322  45.065  -0.827 0.0000000000
134911  -40.624  44.046  -1.654 0.0000000000
168249  -41.258  43.855  -1.884 0.0000000000
134286  -41.988  43.194  -2.428 0.0000000000
134912  -41.926  43.902  -1.936 0.0000000000
134919  -49.098  45.725  -2.648 0.0000000000
135514  -47.845  46.029  -1.764 0.0000000000
134292  -47.799  43.718  -2.563 0.0000000000
133635  -46.970  42.917  -2.851 0.0000000000
161094  -48.068  43.072  -2.935 0.0000000000
132334  -47.957  41.311  -4.213 0.0000000000
133642  -49.218  42.600  -3.501 0.0000000000
131121  -48.879  39.312  -10.446 0.0000000000
131122  -50.055  39.244  -9.900 0.0000000000
155684  -48.790  38.392  -10.808 0.0000000000
129876  -49.339  37.056  -10.734 0.0000000000
166096  -48.584  36.710  -10.896 0.0000000000
129160  -47.665  36.397  -10.806 0.0000000000
174899  -48.014  37.222  -10.856 0.0000000000
152308  -44.186  20.251  5.079 0.0000000000
114616  -45.533  20.133  4.485 0.0000000000
149080  -45.935  20.164  5.259 0.0000000000
114617  -46.341  20.129  4.608 0.0000000000
114618  -47.177  20.155  4.773 0.0000000000
118030  -46.990  23.568  0.225 0.0000000000
116377  -47.256  22.170  -0.568 0.0000000000
118038  -47.348  23.427  -0.364 0.0000000000
165648  -47.976  22.997  -1.269 0.0000000000
118039  -47.827  23.657  -0.751 0.0000000000
169306  -42.047  35.170  2.573 0.0000000000
126609  -41.620  34.037  4.060 0.0000000000
168692  -41.548  32.831  5.252 0.0000000000
152978  -42.279  33.632  4.402 0.0000000000
153496  -47.282  35.456  0.861 0.0000000000
128271  -46.323  35.633  0.652 0.0000000000
128259  -47.205  35.112  1.523 0.0000000000
123715  -46.519  30.054  5.577 0.0000000000
123058  -45.854  29.447  5.648 0.0000000000
161208  -45.236  28.779  5.664 0.0000000000
122336  -46.307  28.041  5.421 0.0000000000
121505  -46.151  27.160  5.361 0.0000000000
178266  -46.820  27.524  5.201 0.0000000000
121551  -50.736  27.854  1.694 0.0000000000
120662  -50.707  27.613  1.747 0.0000000000
121552  -50.846  27.749  1.109 0.0000000000
120690  -51.311  27.125  -0.111 0.0000000000
121561  -50.962  27.530  0.306 0.0000000000
121569  -50.748  27.634  -0.402 0.0000000000
120687  -46.487  26.453  -0.473 0.0000000000
120694  -45.699  26.124  -1.239 0.0000000000
123094  -43.669  29.434  1.520 0.0000000000
165928  -41.637  25.786  1.029 0.0000000000
119757  -42.298  25.802  1.044 0.0000000000
119771  -41.807  25.645  0.409 0.0000000000
119786  -41.766  25.703  -0.533 0.0000000000
119785  -41.005  25.791  -1.168 0.0000000000
115562  -53.705  21.481  -2.918 0.0000000000
120750  -51.610  26.346  -5.529 0.0000000000
120749  -50.601  26.483  -5.247 0.0000000000
126785  -51.407  33.213  -7.402 0.0000000000
127548  -51.564  33.631  -6.247 0.0000000000
126772  -51.126  32.919  -7.113 0.0000000000
126760  -48.660  33.685  -5.784 0.0000000000
126761  -50.005  33.395  -5.733 0.0000000000
126749  -48.216  33.838  -4.647 0.0000000000
150768  -48.870  33.749  -4.236 0.0000000000
126738  -47.785  33.874  -4.048 0.0000000000
126737  -46.810  34.036  -3.959 0.0000000000
126748  -46.718  34.226  -4.678 0.0000000000
127522  -45.425  34.339  -4.411 0.0000000000
165569  -53.473  20.066  8.788 0.0000000000
115450  -52.944  21.201  5.458 0.0000000000
115449  -51.663  20.935  5.150 0.0000000000
136120  -40.888  46.300  0.087 0.0000000000
132392  -48.091  41.475  -8.230 0.0000000000
131732  -47.048  40.300  -8.988 0.0000000000
132404  -46.482  40.742  -8.387 0.0000000000
118010  -44.955  23.941  2.735 0.0000000000
117197  -44.726  23.099  2.298 0.0000000000
118016  -45.281  23.692  2.226 0.0000000000
118023  -46.052  23.438  1.232 0.0000000000
118017  -45.831  23.958  1.923 0.0000000000
130416  -40.740  38.062  -2.577 0.0000000000
129039  -43.080  36.240  0.289 0.0000000000
126627  -48.177  33.452  3.858 0.0000000000
125105  -48.074  32.649  4.182 0.0000000000
124388  -47.206  30.950  5.063 0.0000000000
160452  -47.286  31.667  5.101 0.0000000000
157500  -46.945  30.563  5.419 0.0000000000
123071  -47.078  29.397  4.996 0.0000000000
123066  -47.290  28.697  4.912 0.0000000000
122356  -48.130  28.284  4.134 0.0000000000
122367  -48.996  28.195  2.853 0.0000000000
122368  -49.851  28.114  2.406 0.0000000000
122379  -49.006  28.248  1.874 0.0000000000
121550  -49.061  28.162  1.105 0.0000000000
122378  -48.002  28.223  2.041 0.0000000000
121547  -46.404  27.551  1.243 0.0000000000
121556  -46.737  27.169  0.721 0.0000000000
129106  -45.381  37.013  -5.620 0.0000000000
173093  -45.497  36.633  -4.111 0.0000000000
129097  -46.236  36.404  -4.002 0.0000000000
128307  -48.771  35.914  -3.238 0.0000000000
129090  -48.041  36.272  -2.674 0.0000000000
129080  -48.356  36.269  -2.029 0.0000000000
129058  -48.320  36.057  -0.786 0.0000000000
129069  -48.825  36.095  -1.345 0.0000000000
160580  -51.434  34.139  -4.615 0.0000000000
128323  -51.274  34.682  -4.050 0.0000000000
127511  -51.472  34.525  -2.991 0.0000000000
126691  -50.677  33.910  -0.446 0.0000000000
127483  -51.125  34.734  -0.653 0.0000000000
127482  -50.858  34.422  0.180 0.0000000000
127474  -50.444  34.602  0.665 0.0000000000
127473  -50.066  34.286  1.503 0.0000000000
127464  -49.767  34.164  2.000 0.0000000000
126650  -49.919  34.195  1.752 0.0000000000
126647  -47.395  33.411  1.283 0.0000000000
126635  -47.469  33.022  2.175 0.0000000000
125832  -46.623  32.345  2.804 0.0000000000
125880  -45.000  33.308  0.004 0.0000000000
125843  -44.837  32.601  1.322 0.0000000000
125165  -43.969  32.302  0.838 0.0000000000
173096  -45.419  33.764  -2.607 0.0000000000
126707  -46.013  33.695  -2.001 0.0000000000
126706  -45.052  33.630  -2.139 0.0000000000
125877  -42.660  32.566  -0.772 0.0000000000
125878  -43.416  32.800  -0.764 0.0000000000
114613  -54.231  20.651  6.601 0.0000000000
159027  -54.421  20.606  5.777 0.0000000000
114623  -54.571  20.705  5.060 0.0000000000
115495  -54.672  20.847  1.945 0.0000000000
115481  -54.676  20.864  2.888 0.0000000000
114690  -54.867  20.612  0.876 0.0000000000
115539  -54.448  20.880  -0.364 0.0000000000
152307  -53.791  21.153  -0.227 0.0000000000
115537  -52.164  21.141  -0.633 0.0000000000
115551  -52.299  21.341  -1.475 0.0000000000
115560  -51.609  21.668  -2.133 0.0000000000
116394  -52.311  22.174  -2.927 0.0000000000
161444  -50.965  22.062  -2.617 0.0000000000
132310  -36.836  41.101  -0.863 0.0000000000
164092  -36.301  40.499  -0.080 0.0000000000
131636  -36.541  40.059  -0.931 0.0000000000
178211  -36.690  39.687  -1.130 0.0000000000
132314  -37.180  40.646  -1.758 0.0000000000
134890  -38.541  44.797  0.279 0.0000000000
179002  -38.454  44.120  -0.567 0.0000000000
133624  -39.719  42.690  -2.491 0.0000000000
174144  -38.962  42.475  -2.367 0.0000000000
132319  -39.153  41.334  -3.195 0.0000000000
132318  -38.386  40.939  -2.880 0.0000000000
167539  -39.045  40.621  -3.368 0.0000000000
131653  -39.581  39.635  -3.459 0.0000000000
132325  -39.711  40.917  -3.605 0.0000000000
132980  -42.064  41.685  -3.775 0.0000000000
132349  -41.506  40.469  -4.618 0.0000000000
132350  -42.173  40.608  -4.832 0.0000000000
157655  -42.280  39.453  -5.194 0.0000000000
158241  -42.923  40.680  -4.989 0.0000000000
134279  -43.908  43.709  -2.242 0.0000000000
134280  -44.856  43.772  -2.218 0.0000000000
132984  -45.493  41.649  -3.898 0.0000000000
132972  -44.996  42.098  -3.432 0.0000000000
132331  -45.213  41.109  -4.536 0.0000000000
132369  -44.095  40.136  -5.461 0.0000000000
155773  -45.154  39.653  -5.799 0.0000000000
154786  -44.836  39.152  -5.923 0.0000000000
156160  -45.881  39.737  -5.831 0.0000000000
131697  -48.225  39.838  -5.895 0.0000000000
131089  -47.177  38.814  -6.544 0.0000000000
166825  -47.945  39.247  -6.296 0.0000000000
129121  -47.791  36.867  -7.091 0.0000000000
169017  -48.696  38.344  -6.882 0.0000000000
133655  -50.321  42.791  -5.437 0.0000000000
133006  -50.364  42.031  -4.791 0.0000000000
133019  -50.533  41.913  -5.643 0.0000000000
130483  -50.968  38.133  -8.111 0.0000000000
131092  -50.732  39.249  -7.098 0.0000000000
130477  -50.435  37.795  -7.663 0.0000000000
129852  -49.764  37.037  -7.614 0.0000000000
129133  -50.785  36.530  -8.477 0.0000000000
128358  -50.635  35.593  -8.193 0.0000000000
128368  -50.879  35.690  -8.793 0.0000000000
165887  -49.551  33.693  -10.663 0.0000000000
126825  -50.114  33.287  -10.121 0.0000000000
126824  -49.426  32.767  -10.540 0.0000000000
125973  -48.792  32.135  -9.995 0.0000000000
125986  -48.400  32.117  -10.763 0.0000000000
125999  -48.028  32.202  -11.295 0.0000000000
158607  -46.207  34.270  -11.771 0.0000000000
149746  -47.049  33.340  -11.876 0.0000000000
127604  -46.210  33.191  -12.172 0.0000000000
126844  -45.483  33.202  -12.409 0.0000000000
127614  -45.454  33.953  -12.319 0.0000000000
130502  -46.049  37.776  -10.434 0.0000000000
176195  -49.103  20.350  6.602 0.0000000000
114638  -49.161  20.195  3.815 0.0000000000
114620  -49.366  20.254  4.636 0.0000000000
114639  -49.900  20.291  4.057 0.0000000000
177305  -50.268  20.329  3.692 0.0000000000
114653  -49.828  20.273  3.149 0.0000000000
114675  -46.412  20.605  1.701 0.0000000000
114664  -47.077  20.320  1.904 0.0000000000
114676  -47.123  20.542  1.361 0.0000000000
114687  -48.611  20.621  0.151 0.0000000000
151237  -48.068  20.497  0.701 0.0000000000
114679  -49.652  20.338  1.283 0.0000000000
114688  -49.545  20.476  0.397 0.0000000000
115535  -49.846  20.751  -0.348 0.0000000000
149858  -49.326  21.024  -0.897 0.0000000000
117238  -49.136  23.029  -2.308 0.0000000000
117239  -49.838  23.088  -2.824 0.0000000000
118056  -49.536  23.829  -2.544 0.0000000000
122331  -41.789  28.298  5.966 0.0000000000
129800  -45.441  36.941  -2.244 0.0000000000
129799  -44.845  37.115  -1.981 0.0000000000
129066  -45.488  36.831  -1.632 0.0000000000
128270  -45.479  35.529  0.964 0.0000000000
128269  -44.655  35.763  0.648 0.0000000000
128258  -44.796  35.391  1.298 0.0000000000
127450  -43.726  34.889  2.255 0.0000000000
162027  -44.375  34.562  2.660 0.0000000000
166765  -47.212  33.165  4.714 0.0000000000
126613  -46.230  33.624  4.291 0.0000000000
125100  -45.008  32.171  5.634 0.0000000000
125823  -44.880  33.150  4.865 0.0000000000
125812  -44.493  32.692  5.301 0.0000000000
126611  -44.014  33.543  4.317 0.0000000000
125099  -43.964  32.211  5.584 0.0000000000
163471  -43.219  32.210  5.580 0.0000000000
165644  -43.690  30.832  5.778 0.0000000000
172888  -43.677  28.588  5.775 0.0000000000
151586  -44.047  27.982  5.791 0.0000000000
121502  -43.678  27.276  5.833 0.0000000000
150779  -44.053  26.633  5.767 0.0000000000
119715  -44.660  25.842  5.377 0.0000000000
120632  -45.361  26.083  5.390 0.0000000000
119737  -46.920  25.578  3.910 0.0000000000
119729  -46.513  25.702  4.521 0.0000000000
166517  -47.023  24.920  2.199 0.0000000000
119747  -47.685  25.498  2.702 0.0000000000
121522  -48.625  27.409  4.337 0.0000000000
120635  -48.108  27.219  4.646 0.0000000000
120642  -49.063  27.147  3.983 0.0000000000
119761  -49.651  26.313  1.804 0.0000000000
119749  -49.185  26.223  2.373 0.0000000000
119760  -48.980  25.811  1.632 0.0000000000
119775  -48.914  25.523  0.868 0.0000000000
118919  -48.958  25.142  -0.163 0.0000000000
119776  -49.633  25.701  0.369 0.0000000000
119807  -51.543  26.426  -1.412 0.0000000000
119806  -50.884  25.947  -0.914 0.0000000000
118933  -50.882  25.091  -2.822 0.0000000000
119820  -51.832  26.096  -2.440 0.0000000000
119828  -52.187  26.251  -3.359 0.0000000000
119829  -51.897  26.569  -2.678 0.0000000000
121591  -50.629  27.249  -2.529 0.0000000000
168484  -49.745  27.039  -3.143 0.0000000000
160596  -49.553  26.787  -3.844 0.0000000000
121567  -48.790  27.583  -0.336 0.0000000000
121568  -49.760  27.751  -0.425 0.0000000000
157486  -47.698  26.907  -2.159 0.0000000000
120720  -48.093  26.893  -3.184 0.0000000000
120719  -46.406  27.050  -3.959 0.0000000000
149680  -44.712  26.801  -3.152 0.0000000000
120729  -43.978  26.942  -4.379 0.0000000000
120716  -43.911  27.098  -3.833 0.0000000000
123752  -44.666  30.124  2.201 0.0000000000
123753  -45.383  29.980  2.657 0.0000000000
122375  -44.398  28.270  1.534 0.0000000000
120671  -43.419  26.481  1.328 0.0000000000
119759  -43.837  26.088  1.013 0.0000000000
120677  -44.564  26.269  0.895 0.0000000000
119789  -43.999  25.674  -0.414 0.0000000000
119815  -41.960  26.177  -2.701 0.0000000000
119816  -42.660  26.357  -2.498 0.0000000000
120703  -42.346  26.294  -3.399 0.0000000000
116403  -52.953  22.531  -3.753 0.0000000000
163008  -52.382  24.124  -5.612 0.0000000000
125950  -49.768  32.574  -7.984 0.0000000000
125940  -50.149  32.766  -7.231 0.0000000000
126771  -49.089  32.924  -7.512 0.0000000000
176667  -48.346  33.417  -7.077 0.0000000000
126759  -47.650  33.948  -5.697 0.0000000000
127535  -46.856  34.259  -5.402 0.0000000000
127547  -47.173  34.061  -6.234 0.0000000000
118003  -43.928  24.070  3.617 0.0000000000
118891  -44.659  24.345  3.381 0.0000000000
130426  -41.889  38.001  -3.267 0.0000000000
129809  -42.670  37.713  -2.941 0.0000000000
129772  -43.401  37.046  -1.141 0.0000000000
125828  -47.401  32.110  3.716 0.0000000000
125117  -47.665  32.024  4.367 0.0000000000
123072  -47.491  28.778  4.580 0.0000000000
158593  -46.989  28.633  2.824 0.0000000000
154930  -46.155  28.666  2.312 0.0000000000
129116  -47.091  36.133  -6.125 0.0000000000
129098  -47.105  36.092  -4.294 0.0000000000
168407  -47.604  35.783  -4.832 0.0000000000
128322  -50.025  35.591  -3.474 0.0000000000
151010  -50.591  33.787  -2.975 0.0000000000
151049  -51.283  34.096  -2.543 0.0000000000
126710  -49.797  33.683  -2.238 0.0000000000
126690  -49.887  33.703  -0.681 0.0000000000
126667  -50.234  33.830  0.371 0.0000000000
126649  -49.548  33.861  1.686 0.0000000000
126665  -47.726  33.572  0.580 0.0000000000
126634  -46.386  33.218  1.314 0.0000000000
126646  -45.976  33.450  0.482 0.0000000000
126705  -44.335  33.591  -2.266 0.0000000000
113769  -54.096  19.756  4.424 0.0000000000
115463  -53.630  21.175  4.651 0.0000000000
115464  -54.288  21.155  4.642 0.0000000000
150858  -53.873  21.163  3.214 0.0000000000
115494  -54.049  21.115  2.270 0.0000000000
115524  -53.382  21.138  0.651 0.0000000000
173435  -51.430  21.087  -0.787 0.0000000000
151427  -37.442  42.159  -0.990 0.0000000000
134900  -39.869  44.921  -0.491 0.0000000000
134903  -39.322  44.260  -1.036 0.0000000000
168251  -39.866  43.968  -1.537 0.0000000000
134274  -40.001  43.395  -2.044 0.0000000000
133628  -40.210  42.250  -2.909 0.0000000000
132967  -40.695  41.831  -3.341 0.0000000000
133629  -40.969  42.440  -2.894 0.0000000000
171119  -42.033  42.226  -3.200 0.0000000000
132969  -42.640  42.170  -3.334 0.0000000000
135513  -46.668  45.623  -1.575 0.0000000000
167937  -45.595  44.137  -2.057 0.0000000000
134291  -46.672  43.571  -2.435 0.0000000000
177116  -46.355  42.582  -3.038 0.0000000000
132985  -46.382  41.752  -3.776 0.0000000000
132353  -46.502  40.805  -4.916 0.0000000000
149528  -47.402  40.854  -4.867 0.0000000000
131678  -47.858  40.363  -5.351 0.0000000000
132371  -48.945  40.347  -5.311 0.0000000000
132394  -49.990  41.596  -8.331 0.0000000000
176399  -50.690  40.755  -7.425 0.0000000000
167312  -50.263  40.658  -8.926 0.0000000000
131123  -50.740  38.963  -8.952 0.0000000000
129867  -50.654  37.360  -9.611 0.0000000000
128376  -50.779  35.735  -9.451 0.0000000000
129163  -49.907  36.575  -10.382 0.0000000000
128385  -49.281  34.894  -10.641 0.0000000000
128384  -48.607  34.589  -10.978 0.0000000000
127605  -47.836  33.539  -11.546 0.0000000000
128396  -47.981  34.552  -11.110 0.0000000000
128383  -47.380  35.381  -10.874 0.0000000000
128395  -46.479  35.201  -11.121 0.0000000000
114615  -43.389  20.499  5.076 0.0000000000
114605  -44.704  20.211  5.912 0.0000000000
149085  -45.214  20.246  6.628 0.0000000000
114607  -46.393  20.236  6.040 0.0000000000
176698  -48.542  20.274  5.706 0.0000000000
114619  -48.065  20.216  5.118 0.0000000000
149076  -48.571  20.179  4.409 0.0000000000
149074  -48.294  20.124  3.564 0.0000000000
116366  -46.405  22.095  0.449 0.0000000000
115518  -46.933  21.261  0.370 0.0000000000
115533  -47.112  21.591  -0.201 0.0000000000
115534  -47.653  21.597  -0.691 0.0000000000
115547  -48.138  21.732  -1.135 0.0000000000
115548  -48.860  21.561  -1.460 0.0000000000
116387  -48.288  22.272  -1.521 0.0000000000
117231  -48.531  23.005  -1.789 0.0000000000
125086  -41.739  31.672  5.774 0.0000000000
124365  -42.209  31.025  5.814 0.0000000000
129056  -46.553  36.382  -0.859 0.0000000000
154288  -46.017  36.162  -0.265 0.0000000000
127460  -45.688  35.135  1.626 0.0000000000
125101  -46.286  31.957  5.597 0.0000000000
125824  -46.050  33.195  4.862 0.0000000000
124376  -46.159  31.274  5.744 0.0000000000
125090  -45.312  31.496  5.791 0.0000000000
175495  -44.625  30.993  5.800 0.0000000000
123713  -44.489  30.214  5.774 0.0000000000
123057  -44.872  29.424  5.727 0.0000000000
122334  -44.840  28.079  5.684 0.0000000000
120625  -45.381  26.745  5.500 0.0000000000
120633  -46.103  26.410  5.261 0.0000000000
153431  -46.776  26.239  4.927 0.0000000000
119730  -47.474  26.126  4.409 0.0000000000
121531  -50.053  27.592  2.800 0.0000000000
120651  -49.882  27.151  3.006 0.0000000000
120661  -50.356  27.372  2.354 0.0000000000
171562  -50.552  27.056  1.801 0.0000000000
119777  -50.318  26.371  0.741 0.0000000000
120681  -50.942  26.942  0.672 0.0000000000
119793  -51.423  26.687  -0.680 0.0000000000
119808  -51.610  26.936  -1.131 0.0000000000
120710  -51.798  26.888  -2.153 0.0000000000
121577  -51.549  27.101  -1.472 0.0000000000
179134  -51.020  27.341  -1.798 0.0000000000
121584  -50.182  27.415  -1.806 0.0000000000
120689  -48.134  27.192  -0.857 0.0000000000
120688  -47.340  26.808  -0.655 0.0000000000
153000  -46.958  26.735  -2.327 0.0000000000
120706  -46.279  26.982  -3.322 0.0000000000
149002  -45.910  26.596  -2.488 0.0000000000
153753  -45.160  26.292  -2.101 0.0000000000
119818  -44.385  26.316  -2.240 0.0000000000
123086  -44.283  29.657  1.867 0.0000000000
165933  -42.345  26.836  1.751 0.0000000000
170954  -43.037  26.908  1.615 0.0000000000
120670  -42.682  26.316  1.407 0.0000000000
119788  -43.038  25.675  -0.604 0.0000000000
119787  -42.296  25.738  -0.837 0.0000000000
119814  -41.677  26.121  -2.684 0.0000000000
119800  -41.015  25.704  -2.118 0.0000000000
114704  -54.325  20.595  -1.637 0.0000000000
128348  -50.663  34.791  -7.048 0.0000000000
149229  -50.649  34.815  -5.375 0.0000000000
127557  -51.490  34.133  -6.525 0.0000000000
126751  -51.470  33.824  -5.332 0.0000000000
126750  -51.236  33.816  -4.788 0.0000000000
148569  -50.744  33.052  -6.393 0.0000000000
150126  -50.539  33.530  -5.117 0.0000000000
126740  -50.898  33.853  -3.917 0.0000000000
126739  -49.724  33.707  -3.681 0.0000000000
126725  -48.436  33.729  -3.405 0.0000000000
126708  -47.485  33.712  -2.435 0.0000000000
160205  -47.038  33.696  -1.870 0.0000000000
126724  -47.142  33.775  -2.945 0.0000000000
152730  -46.627  33.878  -3.240 0.0000000000
126722  -45.355  33.919  -3.160 0.0000000000
126735  -45.383  34.145  -3.761 0.0000000000
113752  -53.320  19.635  7.599 0.0000000000
113750  -54.044  20.659  7.483 0.0000000000
115444  -54.034  20.908  6.883 0.0000000000
115427  -53.580  20.840  8.044 0.0000000000
115435  -53.736  21.071  7.382 0.0000000000
151068  -53.780  21.219  6.099 0.0000000000
115462  -52.400  21.014  4.517 0.0000000000
115478  -51.973  20.875  3.738 0.0000000000
151070  -39.608  45.326  0.028 0.0000000000
135496  -40.292  45.626  0.047 0.0000000000
135497  -41.073  45.622  -0.211 0.0000000000
135498  -41.660  45.589  -0.405 0.0000000000
134294  -49.749  44.321  -3.500 0.0000000000
133033  -49.091  42.655  -7.407 0.0000000000
132393  -49.117  41.689  -8.416 0.0000000000
132406  -48.591  41.149  -8.878 0.0000000000
131120  -47.841  39.447  -10.196 0.0000000000
130503  -47.137  38.194  -10.508 0.0000000000
170006  -47.104  39.410  -9.847 0.0000000000
131745  -46.624  39.695  -9.342 0.0000000000
117198  -45.052  22.465  1.754 0.0000000000
116359  -45.943  21.986  0.942 0.0000000000
117206  -46.146  22.673  0.774 0.0000000000
118029  -46.465  23.275  0.666 0.0000000000
118024  -46.737  23.991  0.945 0.0000000000
151136  -42.425  35.417  1.978 0.0000000000
127437  -42.417  34.665  3.103 0.0000000000
127462  -48.261  34.389  2.457 0.0000000000
178366  -47.708  34.376  2.748 0.0000000000
126614  -47.482  33.525  4.184 0.0000000000
125104  -47.665  32.149  4.820 0.0000000000
125102  -47.207  31.922  5.282 0.0000000000
123059  -46.659  29.422  5.446 0.0000000000
122343  -47.147  28.131  5.105 0.0000000000
122344  -47.692  28.055  4.834 0.0000000000
121515  -48.170  27.711  4.648 0.0000000000
122349  -48.583  27.867  4.304 0.0000000000
121529  -49.152  27.599  3.892 0.0000000000
122358  -49.712  27.857  3.236 0.0000000000
122369  -50.472  28.037  2.011 0.0000000000
122384  -50.424  28.161  0.902 0.0000000000
121560  -50.408  28.011  0.273 0.0000000000
121559  -49.673  28.148  0.683 0.0000000000
121558  -48.630  27.822  0.422 0.0000000000
121557  -47.599  27.465  0.577 0.0000000000
120679  -46.245  26.614  0.325 0.0000000000
156415  -43.030  29.575  1.276 0.0000000000
157737  -42.475  29.406  1.273 0.0000000000
178970  -42.422  28.919  1.463 0.0000000000
122372  -42.298  28.325  1.672 0.0000000000
121542  -41.981  27.474  1.910 0.0000000000
119770  -41.132  25.705  0.477 0.0000000000
129827  -44.299  37.491  -5.059 0.0000000000
129811  -44.471  37.207  -3.172 0.0000000000
129820  -45.027  36.891  -3.689 0.0000000000
129087  -45.738  36.673  -3.318 0.0000000000
129078  -46.669  36.549  -2.377 0.0000000000
156781  -46.930  36.323  -3.492 0.0000000000
129089  -47.206  36.411  -2.828 0.0000000000
149556  -46.849  36.522  -1.836 0.0000000000
129057  -47.382  36.222  -0.806 0.0000000000
128282  -47.982  35.783  -0.103 0.0000000000
128273  -48.733  35.298  0.821 0.0000000000
157516  -50.559  35.216  -4.407 0.0000000000
168510  -50.947  35.220  -3.631 0.0000000000
128309  -50.860  35.409  -2.794 0.0000000000
127501  -51.480  34.626  -2.056 0.0000000000
128301  -51.232  35.215  -1.953 0.0000000000
128300  -50.472  35.647  -1.873 0.0000000000
128284  -50.032  35.348  0.030 0.0000000000
128274  -49.770  34.959  0.903 0.0000000000
127463  -49.304  34.215  2.248 0.0000000000
126631  -48.864  33.706  2.546 0.0000000000
126630  -48.607  33.380  3.190 0.0000000000
126648  -48.861  33.621  1.902 0.0000000000
126636  -48.588  33.474  2.598 0.0000000000
125833  -48.020  32.677  3.452 0.0000000000
178814  -45.183  31.164  2.639 0.0000000000
125130  -44.794  31.544  2.225 0.0000000000
124431  -44.051  31.178  1.662 0.0000000000
124430  -43.273  30.759  1.144 0.0000000000
126686  -45.314  33.568  -1.403 0.0000000000
126662  -44.740  33.385  -0.891 0.0000000000
125894  -44.029  33.195  -1.183 0.0000000000
125879  -44.197  33.008  -0.409 0.0000000000
113755  -53.964  20.166  6.046 0.0000000000
113759  -54.366  20.279  5.135 0.0000000000
149241  -54.347  19.794  3.732 0.0000000000
115465  -54.690  20.785  4.120 0.0000000000
114655  -54.826  20.531  3.724 0.0000000000
113779  -54.595  20.138  2.861 0.0000000000
113808  -54.653  20.043  0.946 0.0000000000
114696  -54.508  20.429  -0.813 0.0000000000
115540  -54.493  20.750  -1.016 0.0000000000
115553  -54.246  20.879  -1.590 0.0000000000
115552  -53.733  21.281  -1.918 0.0000000000
115538  -53.184  21.213  -0.926 0.0000000000
117246  -50.768  23.185  -3.352 0.0000000000
132957  -37.638  41.892  -1.651 0.0000000000
133621  -38.580  43.015  -1.785 0.0000000000
132962  -38.243  42.221  -2.057 0.0000000000
132960  -37.390  41.258  -1.806 0.0000000000
131643  -37.533  40.143  -2.176 0.0000000000
131045  -38.177  39.636  -2.489 0.0000000000
130413  -38.698  38.536  -1.877 0.0000000000
131036  -39.334  38.855  -2.616 0.0000000000
131046  -39.716  39.046  -3.073 0.0000000000
131054  -40.824  38.964  -3.818 0.0000000000
131662  -40.271  40.440  -4.011 0.0000000000
131663  -40.955  40.174  -4.363 0.0000000000
131055  -41.387  38.906  -4.191 0.0000000000
130433  -41.942  38.407  -4.144 0.0000000000
130442  -42.398  38.709  -4.872 0.0000000000
131066  -43.437  38.581  -5.470 0.0000000000
134907  -43.031  44.743  -1.457 0.0000000000
134278  -43.123  43.653  -2.232 0.0000000000
134288  -43.495  43.144  -2.569 0.0000000000
132970  -43.401  42.139  -3.428 0.0000000000
133633  -44.614  42.613  -3.021 0.0000000000
132971  -44.186  42.093  -3.467 0.0000000000
132329  -43.299  41.196  -4.487 0.0000000000
131674  -43.354  40.162  -5.393 0.0000000000
131692  -43.772  39.610  -5.671 0.0000000000
130452  -44.000  38.533  -5.707 0.0000000000
130453  -44.814  38.430  -5.983 0.0000000000
159945  -45.387  37.716  -6.059 0.0000000000
129114  -45.895  37.112  -6.120 0.0000000000
131074  -46.428  39.267  -6.146 0.0000000000
131088  -46.204  38.570  -6.441 0.0000000000
129842  -46.457  37.244  -6.536 0.0000000000
129120  -46.973  36.707  -6.668 0.0000000000
173669  -47.564  36.238  -6.685 0.0000000000
129122  -48.369  35.995  -7.008 0.0000000000
132988  -49.578  42.046  -3.964 0.0000000000
151889  -49.529  40.917  -4.780 0.0000000000
131698  -49.453  39.893  -5.793 0.0000000000
132380  -50.725  40.618  -6.661 0.0000000000
131091  -50.006  39.077  -6.585 0.0000000000
153770  -49.103  38.789  -6.663 0.0000000000
130475  -48.868  37.602  -7.202 0.0000000000
129131  -49.298  36.060  -7.478 0.0000000000
128357  -50.039  35.458  -7.467 0.0000000000
172041  -50.719  34.905  -7.713 0.0000000000
155283  -50.945  34.628  -8.213 0.0000000000
126799  -51.242  33.304  -8.172 0.0000000000
163905  -50.595  34.904  -9.693 0.0000000000
126814  -50.989  33.551  -8.861 0.0000000000
125962  -50.492  32.593  -8.541 0.0000000000
172317  -49.144  32.224  -9.247 0.0000000000
126797  -48.268  32.280  -9.187 0.0000000000
126835  -47.669  32.570  -11.738 0.0000000000
125997  -46.611  31.960  -11.820 0.0000000000
129875  -47.073  37.251  -10.659 0.0000000000
129874  -46.120  36.925  -10.603 0.0000000000
129175  -45.953  35.757  -10.991 0.0000000000
114600  -50.393  20.689  6.468 0.0000000000
114599  -49.475  20.415  6.151 0.0000000000
114611  -50.161  20.562  5.588 0.0000000000
114612  -50.971  20.831  5.756 0.0000000000
115477  -51.203  20.598  3.709 0.0000000000
115506  -51.277  20.648  2.040 0.0000000000
149073  -46.702  20.234  2.464 0.0000000000
149072  -47.551  20.162  2.382 0.0000000000
149071  -48.393  20.156  2.201 0.0000000000
114686  -47.333  20.775  0.754 0.0000000000
149553  -48.294  20.262  1.389 0.0000000000
171386  -49.184  20.205  2.425 0.0000000000
114667  -49.793  20.293  2.128 0.0000000000
114680  -50.450  20.450  1.676 0.0000000000
115522  -51.120  20.696  1.048 0.0000000000
115521  -50.466  20.652  0.248 0.0000000000
115536  -50.653  20.910  -0.526 0.0000000000
115558  -49.549  21.811  -2.011 0.0000000000
115559  -50.428  21.592  -2.020 0.0000000000
116393  -50.332  22.494  -2.919 0.0000000000
121499  -41.230  28.072  6.134 0.0000000000
121500  -41.877  27.567  6.038 0.0000000000
120622  -42.705  26.400  5.921 0.0000000000
129798  -44.160  37.327  -2.393 0.0000000000
129773  -44.304  36.859  -1.088 0.0000000000
153759  -45.218  36.364  -0.463 0.0000000000
129041  -44.559  36.206  -0.002 0.0000000000
129040  -43.881  36.037  0.420 0.0000000000
174876  -43.473  35.516  1.358 0.0000000000
128249  -43.224  35.295  1.846 0.0000000000
126622  -42.969  34.255  3.487 0.0000000000
127453  -47.073  34.408  2.847 0.0000000000
127440  -46.133  34.388  2.946 0.0000000000
127439  -45.218  34.307  3.081 0.0000000000
126612  -45.118  33.568  4.320 0.0000000000
159193  -44.374  34.194  3.290 0.0000000000
126623  -43.693  34.027  3.630 0.0000000000
126610  -43.045  33.819  4.027 0.0000000000
177542  -42.868  32.857  5.134 0.0000000000
125087  -42.603  31.824  5.699 0.0000000000
123712  -42.720  30.274  5.788 0.0000000000
161492  -43.539  30.034  5.764 0.0000000000
176832  -43.104  29.594  5.758 0.0000000000
123055  -42.550  29.493  5.798 0.0000000000
122333  -43.258  28.031  5.836 0.0000000000
120623  -43.403  26.567  5.846 0.0000000000
155929  -43.222  25.984  5.791 0.0000000000
155993  -44.071  25.476  5.237 0.0000000000
118876  -44.941  25.162  4.629 0.0000000000
118885  -45.230  24.888  3.989 0.0000000000
173452  -46.063  24.754  3.015 0.0000000000
118899  -46.298  24.597  2.384 0.0000000000
118905  -47.212  24.705  1.432 0.0000000000
118912  -47.428  24.482  0.647 0.0000000000
120634  -47.556  26.750  4.765 0.0000000000
119731  -48.202  26.317  3.960 0.0000000000
119740  -49.478  26.636  2.963 0.0000000000
119739  -48.624  26.187  3.202 0.0000000000
118906  -48.097  25.216  1.289 0.0000000000
118918  -48.313  24.456  -0.527 0.0000000000
155170  -49.053  24.768  -0.978 0.0000000000
118931  -49.181  24.365  -1.837 0.0000000000
118924  -49.921  25.158  -1.419 0.0000000000
118932  -50.010  24.719  -2.289 0.0000000000
118939  -50.176  24.350  -2.945 0.0000000000
118940  -50.917  24.479  -3.462 0.0000000000
175321  -52.241  25.826  -4.072 0.0000000000
119836  -52.306  26.255  -4.220 0.0000000000
158463  -52.038  26.580  -3.966 0.0000000000
120722  -51.699  26.932  -2.975 0.0000000000
148931  -51.463  26.853  -3.842 0.0000000000
120736  -51.587  26.630  -4.621 0.0000000000
120735  -50.549  26.740  -4.278 0.0000000000
121575  -49.992  27.570  -1.090 0.0000000000
121583  -49.163  27.320  -1.728 0.0000000000
120696  -48.298  27.136  -1.589 0.0000000000
168402  -47.960  26.793  -3.820 0.0000000000
120733  -47.456  26.666  -4.441 0.0000000000
120732  -46.486  26.947  -4.437 0.0000000000
120745  -45.951  26.820  -4.711 0.0000000000
120718  -45.764  27.138  -4.061 0.0000000000
151393  -45.181  27.150  -4.361 0.0000000000
122365  -45.171  28.694  1.862 0.0000000000
121546  -45.716  27.429  1.295 0.0000000000
120678  -45.379  26.417  0.623 0.0000000000
121544  -43.675  27.115  1.476 0.0000000000
119790  -44.881  25.798  -0.726 0.0000000000
119803  -43.323  25.910  -1.444 0.0000000000
119817  -43.522  26.348  -2.307 0.0000000000
113780  -54.922  20.617  2.944 0.0000000000
113818  -54.669  20.371  0.070 0.0000000000
114580  -53.185  19.823  9.432 0.0000000000
114610  -49.496  20.364  5.378 0.0000000000
114622  -50.770  20.624  4.958 0.0000000000
114624  -54.575  20.808  4.645 0.0000000000
114637  -47.706  20.130  4.156 0.0000000000
114640  -50.605  20.440  4.139 0.0000000000
114641  -54.726  20.676  4.385 0.0000000000
114651  -48.100  20.122  2.858 0.0000000000
114654  -50.672  20.424  3.378 0.0000000000
114666  -49.036  20.226  1.710 0.0000000000
114677  -47.678  20.421  1.169 0.0000000000
114681  -54.896  20.686  1.662 0.0000000000
114695  -49.133  20.745  -0.292 0.0000000000
115436  -53.886  20.831  7.622 0.0000000000
115443  -53.798  21.178  6.718 0.0000000000
115451  -54.088  21.152  5.407 0.0000000000
115491  -51.473  20.699  2.982 0.0000000000
115505  -46.659  21.007  1.006 0.0000000000
115508  -54.155  21.088  1.333 0.0000000000
115509  -54.704  20.804  1.069 0.0000000000
115526  -54.717  20.766  0.242 0.0000000000
115549  -49.819  21.305  -1.464 0.0000000000
116367  -46.826  22.153  -0.050 0.0000000000
117214  -47.039  22.803  -0.251 0.0000000000
117223  -47.467  22.888  -0.770 0.0000000000
118022  -45.409  23.197  1.752 0.0000000000
118884  -44.439  24.698  4.091 0.0000000000
118893  -46.817  25.192  3.085 0.0000000000
118898  -45.613  24.280  2.562 0.0000000000
119722  -43.282  25.446  5.448 0.0000000000
119728  -45.698  25.359  4.585 0.0000000000
119762  -50.391  26.708  1.435 0.0000000000
120624  -44.668  26.340  5.599 0.0000000000
120641  -48.333  26.807  4.376 0.0000000000
120650  -49.389  26.869  3.581 0.0000000000
120682  -50.953  27.409  0.606 0.0000000000
120697  -51.759  26.943  -1.721 0.0000000000
121501  -42.790  27.262  5.921 0.0000000000
121578  -51.739  27.010  -1.861 0.0000000000
122335  -45.559  28.252  5.601 0.0000000000
122359  -50.175  27.906  2.598 0.0000000000
122381  -50.657  28.027  1.324 0.0000000000
123056  -43.835  29.345  5.748 0.0000000000
123724  -46.918  29.871  5.285 0.0000000000
124367  -45.440  30.810  5.798 0.0000000000
125088  -43.428  31.665  5.721 0.0000000000
125096  -41.161  32.296  5.625 0.0000000000
125098  -42.727  32.514  5.425 0.0000000000
125811  -43.456  32.687  5.266 0.0000000000
125822  -43.969  33.064  4.906 0.0000000000
125825  -47.733  32.682  4.638 0.0000000000
125826  -48.263  33.104  4.100 0.0000000000
125951  -50.466  32.613  -7.952 0.0000000000
125961  -49.868  32.384  -8.747 0.0000000000
125974  -49.510  32.335  -9.613 0.0000000000
125975  -50.234  32.492  -9.174 0.0000000000
125987  -49.115  32.353  -10.345 0.0000000000
125998  -47.356  32.019  -11.621 0.0000000000
126004  -44.840  32.783  -12.401 0.0000000000
126005  -45.417  32.627  -12.310 0.0000000000
126597  -42.266  32.992  5.047 0.0000000000
126624  -45.235  33.925  3.720 0.0000000000
126629  -48.367  33.055  3.128 0.0000000000
126637  -49.440  34.038  2.210 0.0000000000
126651  -50.426  34.212  1.001 0.0000000000
126663  -45.575  33.534  -0.494 0.0000000000
126666  -49.321  33.667  0.674 0.0000000000
126668  -50.857  34.150  0.279 0.0000000000
126684  -43.880  33.371  -1.795 0.0000000000
126692  -51.105  34.259  -0.409 0.0000000000
126711  -50.855  33.875  -2.008 0.0000000000
126723  -45.985  33.840  -2.874 0.0000000000
126741  -51.353  34.076  -4.136 0.0000000000
126763  -51.466  33.643  -5.840 0.0000000000
126773  -51.474  33.266  -6.721 0.0000000000
126798  -50.775  32.916  -8.687 0.0000000000
126813  -50.512  33.013  -9.411 0.0000000000
126823  -48.699  32.431  -10.908 0.0000000000
126834  -46.889  32.479  -11.968 0.0000000000
126836  -48.327  32.819  -11.375 0.0000000000
126843  -44.917  33.343  -12.623 0.0000000000
127449  -42.860  34.990  2.446 0.0000000000
127451  -45.151  34.648  2.456 0.0000000000
127452  -45.945  34.738  2.272 0.0000000000
127461  -46.866  34.777  2.107 0.0000000000
127492  -51.324  34.436  -1.199 0.0000000000
127523  -46.053  34.218  -4.200 0.0000000000
127524  -51.417  34.392  -3.779 0.0000000000
127534  -46.041  34.381  -5.011 0.0000000000
127536  -51.564  34.010  -5.552 0.0000000000
127558  -51.504  33.682  -6.935 0.0000000000
127568  -51.319  33.757  -7.703 0.0000000000
127578  -51.151  33.903  -8.393 0.0000000000
127587  -50.650  33.925  -9.585 0.0000000000
127596  -48.487  33.778  -11.252 0.0000000000
127598  -50.127  34.389  -10.186 0.0000000000
128250  -44.082  35.211  1.664 0.0000000000
128272  -47.812  35.513  0.617 0.0000000000
128286  -51.335  34.927  -1.358 0.0000000000
128293  -50.052  35.668  -1.001 0.0000000000
128294  -51.003  35.260  -1.130 0.0000000000
128337  -47.688  35.702  -5.577 0.0000000000
128338  -48.552  35.480  -5.785 0.0000000000
128339  -49.585  35.192  -5.998 0.0000000000
128340  -50.694  34.680  -6.236 0.0000000000
128356  -49.160  35.645  -7.075 0.0000000000
129033  -43.277  35.812  0.876 0.0000000000
129054  -44.566  36.534  -0.597 0.0000000000
129055  -45.772  36.530  -1.008 0.0000000000
129068  -47.701  36.339  -1.505 0.0000000000
129070  -49.387  36.028  -1.892 0.0000000000
129077  -46.121  36.703  -2.017 0.0000000000
129091  -48.831  36.108  -2.476 0.0000000000
129096  -45.687  36.571  -4.907 0.0000000000
129099  -47.676  36.158  -3.408 0.0000000000
129108  -47.008  35.985  -5.282 0.0000000000
129115  -46.424  36.630  -6.197 0.0000000000
129142  -50.913  36.603  -9.172 0.0000000000
129150  -50.552  36.574  -9.875 0.0000000000
129158  -45.701  36.393  -10.832 0.0000000000
129162  -49.290  36.126  -10.698 0.0000000000
129788  -44.782  36.974  -1.512 0.0000000000
129797  -42.850  37.518  -2.277 0.0000000000
129801  -45.958  36.741  -2.593 0.0000000000
129817  -43.136  37.639  -3.504 0.0000000000
129819  -44.362  37.178  -4.184 0.0000000000
129834  -44.806  37.599  -5.664 0.0000000000
129841  -45.997  37.817  -6.412 0.0000000000
129853  -50.650  37.237  -8.028 0.0000000000
129877  -50.063  37.252  -10.287 0.0000000000
130414  -39.237  38.443  -2.123 0.0000000000
130417  -41.537  37.855  -2.622 0.0000000000
130424  -40.374  38.653  -3.161 0.0000000000
130432  -41.385  38.475  -3.762 0.0000000000
130434  -42.666  38.052  -4.312 0.0000000000
130443  -43.055  38.333  -5.022 0.0000000000
130444  -43.735  38.009  -5.192 0.0000000000
130445  -44.320  38.033  -5.618 0.0000000000
130464  -46.736  38.002  -6.676 0.0000000000
130465  -47.739  38.003  -6.921 0.0000000000
130466  -49.676  38.417  -6.944 0.0000000000
130491  -49.728  38.580  -10.389 0.0000000000
130492  -50.635  38.289  -9.454 0.0000000000
130504  -47.971  38.742  -10.618 0.0000000000
130505  -49.476  37.842  -10.668 0.0000000000
131023  -36.464  39.507  -0.779 0.0000000000
131024  -36.991  39.268  -1.219 0.0000000000
131034  -38.148  38.974  -1.940 0.0000000000
131035  -38.781  38.963  -2.357 0.0000000000
131053  -40.143  39.301  -3.607 0.0000000000
131063  -41.155  39.495  -4.458 0.0000000000
131064  -41.767  39.115  -4.674 0.0000000000
131065  -42.947  38.966  -5.363 0.0000000000
131071  -43.566  39.062  -5.626 0.0000000000
131073  -45.542  39.026  -6.091 0.0000000000
131075  -47.261  39.517  -6.088 0.0000000000
131090  -48.233  38.786  -6.651 0.0000000000
131101  -50.572  38.431  -7.283 0.0000000000
131109  -50.392  39.902  -9.196 0.0000000000
131110  -50.879  39.097  -8.013 0.0000000000
131138  -47.152  38.891  -10.220 0.0000000000
131634  -36.199  39.946  -0.283 0.0000000000
131637  -36.978  39.974  -1.497 0.0000000000
131644  -38.001  40.334  -2.677 0.0000000000
131651  -38.579  40.156  -3.027 0.0000000000
131652  -39.592  40.256  -3.670 0.0000000000
131672  -41.921  40.054  -4.943 0.0000000000
131673  -42.603  40.109  -5.217 0.0000000000
131676  -46.170  40.287  -5.415 0.0000000000
131677  -46.955  40.355  -5.360 0.0000000000
131693  -44.467  39.622  -5.751 0.0000000000
131694  -45.448  40.195  -5.457 0.0000000000
131695  -46.643  39.884  -5.807 0.0000000000
131714  -49.956  39.550  -6.138 0.0000000000
131715  -50.603  39.678  -6.462 0.0000000000
131724  -50.772  40.154  -7.256 0.0000000000
131733  -48.039  40.526  -9.273 0.0000000000
131747  -48.464  40.063  -9.939 0.0000000000
131748  -49.403  39.982  -10.005 0.0000000000
132309  -36.492  40.576  -0.593 0.0000000000
132312  -36.768  40.599  -1.184 0.0000000000
132315  -37.690  40.799  -2.338 0.0000000000
132326  -41.002  40.779  -4.162 0.0000000000
132327  -41.731  41.011  -4.291 0.0000000000
132332  -46.017  41.194  -4.367 0.0000000000
132333  -46.916  41.275  -4.261 0.0000000000
132351  -43.787  40.731  -5.016 0.0000000000
132352  -45.016  40.620  -5.100 0.0000000000
132354  -48.440  40.855  -4.812 0.0000000000
132355  -50.307  41.175  -4.974 0.0000000000
132370  -44.774  40.120  -5.474 0.0000000000
132372  -49.966  40.448  -5.311 0.0000000000
132373  -50.610  40.876  -5.735 0.0000000000
132390  -45.998  41.267  -7.886 0.0000000000
132395  -50.504  40.880  -8.145 0.0000000000
132407  -49.643  41.277  -8.880 0.0000000000
132955  -37.119  41.676  -0.597 0.0000000000
132956  -37.208  41.538  -1.205 0.0000000000
132964  -38.656  41.771  -2.672 0.0000000000
132965  -39.423  42.036  -2.875 0.0000000000
132968  -41.436  42.041  -3.310 0.0000000000
132973  -45.868  42.248  -3.290 0.0000000000
132974  -46.712  42.294  -3.279 0.0000000000
132978  -40.447  41.173  -3.743 0.0000000000
132981  -42.930  41.683  -3.920 0.0000000000
132982  -43.722  41.653  -3.981 0.0000000000
132983  -44.575  41.536  -4.069 0.0000000000
132987  -48.597  41.886  -3.741 0.0000000000
132989  -50.136  42.220  -4.269 0.0000000000
133005  -49.947  41.562  -4.404 0.0000000000
133045  -49.855  42.214  -7.926 0.0000000000
133046  -50.501  41.350  -7.578 0.0000000000
133620  -37.917  42.571  -1.401 0.0000000000
133625  -40.508  42.867  -2.490 0.0000000000
133630  -42.358  42.673  -2.871 0.0000000000
133631  -43.083  42.658  -2.954 0.0000000000
133634  -45.983  42.912  -2.764 0.0000000000
133636  -47.455  42.496  -3.178 0.0000000000
133637  -49.612  43.473  -3.415 0.0000000000
133643  -49.954  42.917  -3.978 0.0000000000
133644  -50.245  42.810  -4.639 0.0000000000
133668  -50.235  42.839  -6.380 0.0000000000
133684  -49.596  43.174  -6.891 0.0000000000
134271  -38.705  43.668  -1.278 0.0000000000
134273  -39.252  43.566  -1.663 0.0000000000
134276  -41.460  43.475  -2.179 0.0000000000
134277  -42.492  43.594  -2.204 0.0000000000
134281  -46.362  44.196  -2.112 0.0000000000
134282  -47.422  44.379  -2.210 0.0000000000
134285  -41.249  43.006  -2.494 0.0000000000
134289  -44.297  43.144  -2.590 0.0000000000
134290  -45.740  43.587  -2.352 0.0000000000
134303  -49.923  43.931  -4.037 0.0000000000
134317  -50.064  43.499  -5.233 0.0000000000
134327  -50.024  43.353  -5.886 0.0000000000
134904  -40.180  44.495  -1.115 0.0000000000
134905  -41.410  44.426  -1.443 0.0000000000
134906  -42.195  44.644  -1.394 0.0000000000
134913  -42.695  44.125  -1.880 0.0000000000
134914  -43.466  44.234  -1.891 0.0000000000
134918  -48.225  45.371  -2.116 0.0000000000
134921  -48.660  44.709  -2.479 0.0000000000
135495  -39.597  45.882  0.360 0.0000000000
135505  -42.654  45.268  -0.941 0.0000000000
135506  -43.420  45.375  -1.007 0.0000000000
135515  -48.698  46.386  -2.302 0.0000000000
136121  -41.611  46.163  -0.082 0.0000000000
136138  -47.484  46.746  -1.452 0.0000000000
148423  -48.065  33.733  -6.412 0.0000000000
148500  -54.100  21.049  6.085 0.0000000000
149075  -46.598  20.137  3.148 0.0000000000
149079  -46.753  20.215  5.381 0.0000000000
149081  -45.084  20.150  5.146 0.0000000000
149082  -48.672  20.321  6.305 0.0000000000
150287  -46.930  36.427  -1.353 0.0000000000
150289  -49.179  33.682  -5.035 0.0000000000
151758  -47.413  34.020  -4.584 0.0000000000
152323  -43.796  37.406  -3.804 0.0000000000
152904  -51.341  34.928  -3.345 0.0000000000
152914  -54.318  20.813  5.952 0.0000000000
152940  -48.806  26.851  -3.429 0.0000000000
154380  -40.829  44.619  -1.147 0.0000000000
154940  -41.367  28.688  6.012 0.0000000000
156058  -54.067  21.131  4.030 0.0000000000
157850  -46.268  39.066  -9.761 0.0000000000
158217  -46.700  21.708  0.209 0.0000000000
158282  -51.432  33.268  -6.287 0.0000000000
159319  -40.529  39.730  -4.054 0.0000000000
159695  -50.302  33.741  -1.340 0.0000000000
160002  -41.673  42.604  -2.855 0.0000000000
160538  -54.807  20.748  3.502 0.0000000000
161180  -53.358  20.323  8.719 0.0000000000
164392  -44.852  37.154  -2.504 0.0000000000
165305  -46.845  28.798  5.291 0.0000000000
166425  -46.385  36.294  -5.015 0.0000000000
167503  -48.269  42.453  -3.299 0.0000000000
167892  -41.670  39.623  -4.848 0.0000000000
167956  -45.119  43.090  -2.641 0.0000000000
168908  -44.155  25.841  0.481 0.0000000000
170226  -54.873  20.705  2.359 0.0000000000
170614  -48.986  34.030  -10.993 0.0000000000
170831  -46.531  36.328  -5.722 0.0000000000
172163  -47.280  34.094  -5.077 0.0000000000
172568  -49.020  20.317  5.774 0.0000000000
172589  -45.448  34.704  -11.994 0.0000000000
172657  -44.638  25.452  5.025 0.0000000000
172829  -50.037  42.673  -7.195 0.0000000000
174044  -44.494  40.971  -4.753 0.0000000000
174209  -51.312  34.137  -1.778 0.0000000000
174479  -47.750  33.734  -2.946 0.0000000000
175255  -48.922  25.348  0.367 0.0000000000
175256  -45.332  34.477  -5.029 0.0000000000
175688  -44.447  34.856  2.149 0.0000000000
176191  -50.090  22.038  -2.423 0.0000000000
176471  -44.437  40.525  -5.190 0.0000000000
176767  -50.348  38.783  -6.917 0.0000000000
176822  -39.146  40.016  -3.332 0.0000000000
177088  -49.230  35.781  -0.668 0.0000000000
177988  -41.201  27.444  6.233 0.0000000000
178253  -41.721  44.841  -1.134 0.0000000000
179045  -48.897  43.089  -3.150 0.0000000000
179052  -48.702  37.577  -10.900 0.0000000000
