#!ascii label  , from subject sub-v2s13x29136_ses-1 vox2ras=TkReg
677
20417  -26.926  -63.043  -33.461 0.6999999881
22596  -27.279  -61.585  -34.056 0.6000000238
22613  -26.438  -61.748  -34.338 0.6000000238
174847  -24.920  -61.759  -35.021 0.4000000060
21409  -28.657  -62.703  -26.064 0.6999999881
22470  -29.000  -61.475  -26.268 0.6999999881
162318  -28.987  -62.842  -26.707 0.6999999881
21410  -28.994  -62.129  -26.670 0.6000000238
20284  -29.133  -63.416  -27.138 0.6999999881
21426  -29.130  -61.915  -27.513 0.6000000238
20321  -29.330  -63.089  -28.740 0.6000000238
23556  -29.156  -61.124  -28.995 0.6000000238
165511  -29.408  -63.000  -30.440 0.6000000238
22546  -29.177  -61.400  -29.769 0.6000000238
23566  -29.177  -60.423  -30.281 0.5000000000
150049  -29.290  -61.389  -31.394 0.5000000000
23577  -29.174  -60.791  -30.879 0.5000000000
23598  -28.976  -60.460  -32.595 0.6000000238
22581  -28.723  -61.751  -33.120 0.6000000238
24560  -28.539  -60.297  -33.174 0.6000000238
168971  -28.153  -60.511  -33.544 0.6000000238
23608  -27.464  -60.325  -33.819 0.6000000238
22469  -28.610  -61.461  -25.674 0.6000000238
23522  -29.253  -60.894  -26.566 0.6000000238
162553  -29.321  -60.900  -27.167 0.6000000238
156466  -29.452  -60.288  -28.152 0.6000000238
148567  -29.660  -59.134  -28.892 0.6000000238
148434  -29.319  -60.392  -28.766 0.6000000238
149499  -29.217  -60.552  -29.597 0.6000000238
25446  -29.464  -58.982  -30.089 0.6000000238
169617  -29.295  -59.342  -30.706 0.6000000238
23587  -29.132  -60.353  -31.603 0.6000000238
25459  -29.137  -59.009  -31.819 0.6999999881
25465  -28.923  -59.093  -32.385 0.6000000238
25464  -28.417  -58.821  -32.751 0.6000000238
23619  -26.655  -60.474  -34.127 0.5000000000
23618  -25.870  -60.695  -34.480 0.5000000000
22450  -28.069  -61.389  -25.136 0.6000000238
157245  -29.414  -60.233  -26.176 0.6000000238
25382  -29.900  -58.874  -26.583 0.6000000238
168846  -29.887  -59.178  -27.290 0.6000000238
25399  -29.826  -58.984  -28.040 0.6000000238
149546  -29.850  -58.185  -27.944 0.6000000238
166184  -29.766  -58.240  -28.667 0.6000000238
26404  -29.637  -57.788  -29.417 0.6000000238
148668  -29.514  -59.285  -29.522 0.6000000238
26425  -29.576  -58.180  -30.132 0.6000000238
26436  -29.449  -57.737  -30.935 0.6999999881
25471  -27.880  -59.214  -33.263 0.6000000238
25470  -26.967  -58.950  -33.455 0.6000000238
23617  -24.734  -60.338  -34.837 0.4000000060
24464  -28.192  -59.751  -24.621 0.6000000238
23489  -28.915  -60.329  -25.475 0.6000000238
25369  -29.716  -59.030  -25.727 0.6000000238
26364  -29.787  -57.697  -27.476 0.6000000238
27425  -29.368  -56.872  -27.610 0.5000000000
163301  -29.386  -56.866  -28.438 0.6000000238
167452  -29.359  -56.443  -30.162 0.6999999881
28538  -28.841  -56.411  -31.713 0.6000000238
153114  -29.300  -58.411  -31.475 0.6000000238
26441  -28.750  -57.717  -32.266 0.6000000238
26449  -28.220  -58.071  -32.634 0.6000000238
25463  -27.569  -58.502  -33.036 0.6000000238
26455  -25.449  -58.061  -33.374 0.6000000238
24567  -26.330  -59.421  -33.778 0.6000000238
25480  -24.168  -58.940  -34.383 0.4000000060
25481  -25.156  -59.213  -33.998 0.5000000000
24452  -27.537  -59.690  -24.250 0.5000000000
25356  -28.699  -59.336  -24.642 0.6000000238
25357  -29.256  -59.215  -25.076 0.6000000238
26342  -29.930  -58.167  -25.964 0.6000000238
26353  -29.904  -58.003  -26.801 0.5000000000
156699  -29.878  -57.531  -26.407 0.5000000000
27411  -29.663  -57.236  -26.947 0.5000000000
28495  -29.023  -56.257  -28.027 0.6000000238
29625  -28.773  -55.678  -28.384 0.6000000238
160166  -29.139  -56.277  -28.778 0.6999999881
29660  -29.063  -55.605  -30.534 0.6999999881
27480  -29.424  -56.959  -30.751 0.6999999881
29659  -28.472  -55.095  -31.006 0.6000000238
27489  -29.240  -57.023  -31.396 0.6999999881
28528  -28.788  -55.712  -31.344 0.6000000238
28537  -28.099  -55.951  -31.821 0.6000000238
27487  -28.129  -56.647  -32.158 0.6000000238
27498  -27.286  -56.968  -32.447 0.6000000238
154651  -26.507  -57.203  -32.668 0.6000000238
25468  -24.600  -58.434  -33.872 0.4000000060
25345  -28.138  -59.091  -24.154 0.6000000238
153919  -29.694  -57.942  -24.690 0.6000000238
152171  -29.713  -58.515  -25.171 0.5000000000
27395  -29.845  -57.248  -25.812 0.6000000238
169086  -29.651  -56.961  -26.430 0.5000000000
28469  -29.211  -56.444  -26.814 0.6000000238
29606  -28.254  -55.213  -26.481 0.5000000000
28481  -28.965  -56.185  -27.403 0.6000000238
29615  -28.264  -55.233  -27.179 0.5000000000
29624  -28.340  -55.134  -27.932 0.5000000000
30758  -27.546  -53.489  -28.766 0.5000000000
29635  -28.517  -54.957  -28.914 0.6000000238
30759  -28.096  -54.024  -29.277 0.5000000000
29646  -28.439  -54.527  -29.873 0.6000000238
31853  -27.509  -53.412  -29.769 0.4000000060
160526  -28.664  -54.937  -30.382 0.6999999881
150028  -26.647  -53.146  -30.105 0.4000000060
172860  -27.239  -54.388  -31.041 0.5000000000
29658  -27.697  -54.850  -31.334 0.6000000238
30794  -26.617  -54.895  -31.400 0.5000000000
29670  -27.143  -55.512  -31.750 0.6000000238
30793  -25.366  -54.822  -31.538 0.5000000000
28547  -26.306  -56.659  -32.397 0.6000000238
27506  -24.291  -57.097  -33.845 0.5000000000
29669  -25.775  -55.385  -31.821 0.6000000238
28546  -25.139  -56.287  -32.666 0.6000000238
27507  -25.044  -57.426  -33.183 0.6000000238
26313  -29.281  -57.951  -23.986 0.5000000000
27373  -29.852  -57.227  -25.037 0.5000000000
157156  -29.447  -56.462  -26.062 0.5000000000
29607  -28.826  -55.752  -26.194 0.4000000060
29605  -27.850  -54.765  -26.754 0.4000000060
30736  -27.998  -54.764  -27.428 0.5000000000
30746  -27.939  -54.342  -28.158 0.5000000000
167443  -27.272  -53.716  -27.758 0.5000000000
32900  -25.463  -52.397  -29.357 0.4000000060
32889  -26.297  -52.595  -28.898 0.4000000060
32901  -26.146  -52.692  -29.717 0.4000000060
31864  -25.806  -53.017  -30.255 0.5000000000
155019  -25.787  -53.588  -30.730 0.5000000000
31863  -25.011  -53.206  -30.632 0.5000000000
172002  -26.222  -54.285  -31.073 0.5000000000
30784  -24.909  -54.236  -31.337 0.5000000000
29686  -24.693  -55.245  -33.659 0.5000000000
28545  -24.456  -55.940  -33.503 0.5000000000
29679  -24.936  -55.627  -32.399 0.6000000238
27497  -25.604  -57.010  -32.785 0.5000000000
31827  -26.953  -53.891  -26.839 0.4000000060
31826  -26.544  -53.257  -27.330 0.5000000000
32875  -26.217  -52.710  -27.962 0.5000000000
32887  -24.733  -52.246  -27.935 0.5000000000
150792  -24.550  -52.241  -29.813 0.4000000060
31871  -24.479  -53.606  -31.199 0.5000000000
30812  -24.732  -54.573  -33.372 0.5000000000
30828  -25.176  -54.706  -33.908 0.3000000119
32917  -24.228  -52.901  -31.018 0.5000000000
31879  -24.269  -53.897  -31.924 0.5000000000
30801  -24.388  -54.385  -32.623 0.5000000000
32874  -25.483  -52.602  -27.381 0.4000000060
32888  -25.563  -52.394  -28.430 0.4000000060
33873  -23.868  -52.116  -27.431 0.4000000060
33909  -22.882  -51.205  -29.405 0.4000000060
32899  -24.770  -52.128  -28.923 0.4000000060
32910  -23.927  -51.928  -30.320 0.4000000060
33910  -23.469  -51.508  -29.861 0.4000000060
33923  -23.739  -51.489  -30.606 0.5000000000
31891  -25.333  -53.000  -33.198 0.4000000060
30813  -25.525  -54.129  -33.827 0.4000000060
31870  -24.108  -53.202  -31.665 0.5000000000
31890  -24.505  -53.562  -32.634 0.5000000000
163566  -23.993  -52.559  -31.597 0.5000000000
31878  -24.269  -53.235  -32.197 0.5000000000
34878  -22.616  -50.579  -29.669 0.4000000060
34879  -23.287  -50.929  -30.143 0.4000000060
157639  -25.626  -52.364  -32.975 0.4000000060
32943  -24.819  -52.777  -32.684 0.5000000000
33924  -23.955  -51.319  -31.236 0.5000000000
32929  -24.386  -52.494  -32.170 0.5000000000
35905  -23.167  -50.082  -30.127 0.4000000060
33939  -25.795  -51.477  -32.384 0.4000000060
33940  -26.732  -51.343  -32.356 0.3000000119
34892  -23.751  -51.011  -30.709 0.5000000000
33937  -24.285  -51.752  -31.811 0.5000000000
33938  -24.943  -51.763  -32.277 0.5000000000
36905  -22.809  -49.387  -29.818 0.4000000060
34908  -26.236  -50.953  -31.957 0.3000000119
35922  -23.672  -50.496  -30.488 0.4000000060
34907  -25.258  -51.185  -32.001 0.5000000000
35906  -24.054  -49.869  -30.379 0.4000000060
35923  -24.275  -50.504  -30.890 0.5000000000
35924  -25.264  -50.205  -30.982 0.5000000000
37955  -23.340  -48.108  -29.667 0.4000000060
34895  -26.613  -50.481  -31.396 0.3000000119
34896  -27.370  -50.563  -31.148 0.3000000119
36906  -23.684  -49.298  -30.061 0.4000000060
35908  -25.778  -49.513  -30.562 0.4000000060
36907  -24.527  -49.128  -30.204 0.4000000060
35907  -24.906  -49.699  -30.517 0.4000000060
151912  -22.814  -47.593  -29.437 0.5000000000
35925  -26.180  -50.000  -30.974 0.3000000119
35909  -27.042  -50.003  -30.823 0.4000000060
36909  -27.232  -48.955  -30.202 0.4000000060
153078  -27.522  -49.605  -30.276 0.4000000060
37975  -24.054  -48.580  -29.941 0.4000000060
36908  -25.346  -48.943  -30.317 0.5000000000
162459  -26.209  -48.762  -30.340 0.4000000060
37976  -24.858  -48.367  -30.119 0.5000000000
37977  -25.626  -48.167  -30.225 0.5000000000
168426  -26.872  -48.409  -30.225 0.4000000060
37978  -27.607  -48.334  -29.969 0.4000000060
36910  -27.979  -49.048  -29.891 0.3000000119
39008  -23.711  -47.203  -29.690 0.5000000000
178168  -24.586  -47.181  -29.955 0.5000000000
174508  -26.899  -46.861  -30.152 0.4000000060
150433  -27.429  -46.340  -30.051 0.3000000119
39968  -22.968  -46.166  -29.230 0.5000000000
150673  -26.141  -46.765  -30.164 0.4000000060
39024  -26.453  -47.325  -30.195 0.4000000060
157917  -27.114  -47.639  -30.110 0.4000000060
157247  -27.998  -47.679  -29.865 0.4000000060
39026  -28.342  -47.126  -29.861 0.3000000119
158556  -23.632  -46.380  -29.539 0.5000000000
151269  -25.093  -47.607  -30.124 0.5000000000
39023  -25.821  -47.423  -30.199 0.5000000000
39009  -24.435  -46.552  -29.828 0.5000000000
40904  -26.808  -45.381  -29.897 0.4000000060
170814  -27.250  -45.772  -29.990 0.4000000060
40894  -22.769  -45.554  -29.028 0.5000000000
150432  -28.201  -46.505  -29.937 0.3000000119
39969  -23.558  -45.708  -29.388 0.5000000000
39970  -24.262  -45.827  -29.665 0.5000000000
39976  -25.034  -45.994  -29.875 0.5000000000
156805  -25.278  -46.795  -30.064 0.5000000000
41823  -27.081  -44.757  -29.720 0.4000000060
42662  -22.231  -43.954  -28.625 0.5000000000
42672  -24.529  -43.770  -29.219 0.5000000000
168059  -27.879  -44.758  -29.727 0.3000000119
39979  -27.925  -45.759  -29.934 0.3000000119
42670  -23.085  -44.142  -29.015 0.5000000000
41810  -23.895  -44.353  -29.252 0.5000000000
40895  -24.008  -45.121  -29.428 0.5000000000
22597  -28.105  -61.707  -33.642 0.6000000238
155063  -25.573  -61.901  -34.655 0.5000000000
163876  -29.340  -62.304  -30.022 0.6000000238
27452  -29.446  -56.916  -29.306 0.6999999881
26456  -26.556  -58.270  -33.208 0.6000000238
28507  -29.238  -56.239  -29.442 0.6999999881
26447  -26.051  -57.631  -32.965 0.6000000238
28529  -29.198  -56.330  -31.018 0.6999999881
30774  -27.188  -53.752  -30.591 0.5000000000
28536  -27.210  -56.282  -32.119 0.6000000238
31840  -26.896  -53.016  -28.343 0.5000000000
30775  -27.967  -53.901  -30.120 0.4000000060
29668  -24.665  -55.054  -32.173 0.5000000000
29678  -24.524  -55.063  -32.934 0.5000000000
33898  -23.982  -51.875  -29.431 0.4000000060
165191  -24.189  -52.446  -30.508 0.5000000000
33885  -24.014  -51.934  -28.463 0.4000000060
34894  -25.719  -50.595  -31.516 0.4000000060
176493  -26.742  -48.892  -30.312 0.4000000060
175191  -23.446  -45.294  -29.288 0.5000000000
40896  -24.827  -45.291  -29.627 0.5000000000
11101  -26.860  -71.978  -28.711 0.5000000000
12051  -27.992  -71.524  -29.676 0.5000000000
12039  -27.445  -71.831  -29.157 0.5000000000
13032  -28.790  -70.203  -32.010 0.5000000000
13000  -28.978  -70.826  -31.361 0.5000000000
12071  -28.446  -71.424  -30.385 0.4000000060
12957  -27.010  -70.692  -28.060 0.5000000000
12970  -27.961  -70.851  -29.352 0.6000000238
12969  -27.599  -70.561  -28.750 0.6000000238
13016  -28.602  -70.207  -31.196 0.5000000000
153481  -28.444  -70.234  -30.578 0.5000000000
164853  -28.208  -69.208  -33.996 0.4000000060
13879  -25.097  -69.519  -26.290 0.6999999881
172637  -26.102  -69.620  -26.911 0.6999999881
14858  -27.186  -69.055  -28.379 0.6999999881
13936  -27.912  -69.378  -29.563 0.5000000000
13920  -27.641  -69.646  -28.848 0.6999999881
14928  -28.196  -68.941  -32.819 0.5000000000
14901  -28.169  -69.028  -31.126 0.5000000000
14882  -28.058  -69.156  -30.330 0.5000000000
166901  -28.261  -67.858  -34.256 0.5000000000
14939  -28.218  -68.842  -33.507 0.5000000000
14804  -22.837  -68.525  -25.584 0.5000000000
13870  -23.535  -69.137  -25.762 0.6999999881
14822  -23.923  -67.979  -26.562 0.6999999881
12913  -24.384  -69.353  -25.976 0.6999999881
14846  -24.564  -68.119  -26.978 0.6999999881
13906  -26.882  -69.251  -27.800 0.6000000238
15732  -27.290  -67.818  -30.040 0.6999999881
15721  -27.027  -68.026  -29.351 0.6000000238
16568  -28.244  -67.532  -32.356 0.5000000000
15748  -28.111  -68.255  -31.311 0.6000000238
15747  -27.604  -67.628  -30.768 0.6000000238
15789  -28.308  -67.976  -33.609 0.5000000000
160211  -27.650  -66.893  -35.099 0.5000000000
15670  -22.965  -67.316  -25.436 0.5000000000
15680  -23.630  -67.452  -26.494 0.6999999881
148661  -25.258  -68.189  -27.431 0.6999999881
16523  -25.013  -66.694  -28.375 0.6999999881
160197  -24.844  -66.667  -27.918 0.6999999881
151436  -26.785  -68.273  -28.693 0.8000000119
15731  -25.654  -66.840  -29.285 0.6999999881
16553  -27.205  -66.946  -31.010 0.6000000238
16542  -26.824  -67.115  -30.323 0.6999999881
16567  -27.840  -66.869  -32.288 0.6999999881
159758  -27.410  -66.787  -31.617 0.6000000238
16605  -27.597  -66.603  -34.376 0.6000000238
16594  -27.340  -66.287  -33.482 0.6000000238
17510  -27.039  -66.350  -35.019 0.6000000238
15657  -21.566  -67.431  -24.220 0.5000000000
16483  -24.321  -66.772  -24.954 0.6000000238
15664  -22.458  -67.363  -25.010 0.5000000000
162687  -23.983  -66.912  -25.429 0.6000000238
16492  -24.785  -66.680  -26.224 0.6000000238
16502  -24.707  -66.736  -26.984 0.6999999881
17388  -25.745  -65.878  -28.316 0.6999999881
17370  -25.541  -66.215  -27.506 0.6000000238
150859  -25.209  -66.524  -28.900 0.6999999881
17407  -25.609  -65.640  -29.206 0.6999999881
16541  -25.848  -66.595  -29.961 0.6999999881
17470  -26.583  -65.968  -32.877 0.6999999881
17492  -26.830  -66.047  -34.202 0.6999999881
17491  -26.452  -65.830  -33.510 0.6999999881
17311  -23.010  -66.608  -23.530 0.5000000000
157858  -25.978  -66.330  -25.134 0.6000000238
17333  -25.495  -66.505  -25.798 0.6000000238
17351  -25.362  -66.462  -26.685 0.6000000238
18340  -25.679  -65.363  -29.940 0.8000000119
18364  -26.849  -64.825  -29.896 0.5000000000
174830  -27.042  -65.426  -28.644 0.6000000238
155463  -25.559  -65.640  -30.957 0.6999999881
18382  -25.989  -64.708  -30.807 0.6999999881
18413  -25.774  -65.279  -32.808 0.6999999881
19361  -25.672  -64.765  -32.671 0.6999999881
162072  -25.390  -64.883  -35.464 0.5000000000
18447  -25.447  -64.672  -34.544 0.6999999881
19405  -25.161  -64.353  -35.308 0.5000000000
17302  -22.909  -66.100  -23.056 0.5000000000
17304  -25.020  -65.870  -23.509 0.5000000000
18262  -26.873  -65.297  -24.612 0.6000000238
17322  -25.622  -66.233  -24.437 0.6000000238
17335  -26.814  -65.962  -25.246 0.6000000238
17354  -27.977  -65.662  -26.439 0.6000000238
18287  -28.503  -64.980  -26.308 0.6000000238
17372  -27.589  -65.883  -27.280 0.6000000238
18305  -29.034  -64.755  -27.431 0.6000000238
19330  -27.858  -64.240  -31.043 0.6000000238
19315  -28.336  -64.425  -30.283 0.5000000000
18323  -29.144  -64.472  -28.257 0.5000000000
19363  -26.807  -63.863  -32.472 0.6000000238
169110  -27.255  -64.042  -31.804 0.6000000238
19378  -25.736  -64.348  -33.303 0.6000000238
19379  -26.318  -63.688  -33.185 0.6000000238
20430  -25.235  -63.151  -34.578 0.5000000000
17303  -24.242  -65.804  -23.106 0.5000000000
18248  -26.026  -64.861  -23.775 0.6000000238
19238  -28.340  -64.394  -25.728 0.6000000238
19297  -28.757  -64.549  -29.631 0.5000000000
20335  -29.349  -63.446  -29.275 0.5000000000
20403  -28.313  -62.981  -32.784 0.4000000060
20369  -28.739  -63.816  -31.281 0.5000000000
21490  -29.264  -63.068  -31.275 0.5000000000
21532  -26.549  -62.706  -33.876 0.6000000238
18230  -23.973  -65.073  -22.837 0.5000000000
19212  -25.540  -64.270  -23.431 0.6000000238
160257  -27.020  -63.991  -24.507 0.6000000238
20261  -27.980  -63.763  -25.346 0.6000000238
22582  -29.124  -61.821  -32.546 0.5000000000
168121  -29.319  -61.824  -31.951 0.4000000060
19198  -23.742  -64.351  -22.760 0.5000000000
20218  -25.029  -63.694  -23.161 0.5000000000
20230  -26.267  -63.238  -24.004 0.6000000238
162835  -28.074  -62.986  -25.459 0.6000000238
20216  -23.410  -63.592  -22.725 0.5000000000
151401  -24.616  -63.221  -22.950 0.5000000000
21357  -25.784  -62.683  -23.662 0.6000000238
21389  -27.566  -62.581  -24.954 0.6000000238
21343  -23.291  -62.708  -22.622 0.5000000000
21344  -24.609  -62.555  -22.897 0.5000000000
155609  -25.256  -62.168  -23.228 0.5000000000
21359  -26.658  -61.711  -24.212 0.6000000238
21369  -27.041  -62.224  -24.549 0.6000000238
152388  -23.921  -62.246  -22.614 0.5000000000
22419  -25.344  -61.315  -23.149 0.5000000000
22417  -23.837  -61.374  -22.390 0.5000000000
22449  -27.512  -61.228  -24.700 0.5000000000
23465  -24.727  -60.898  -22.657 0.5000000000
173845  -26.417  -61.149  -23.944 0.5000000000
23457  -23.302  -60.809  -22.198 0.5000000000
23458  -24.036  -60.361  -22.228 0.5000000000
22420  -25.957  -60.826  -23.567 0.5000000000
23478  -27.170  -60.288  -24.289 0.4000000060
24436  -23.711  -59.578  -21.983 0.5000000000
23466  -25.442  -60.455  -23.063 0.5000000000
23467  -26.099  -59.873  -23.493 0.4000000060
22435  -26.566  -60.460  -23.936 0.4000000060
24437  -25.147  -59.182  -22.649 0.4000000060
25337  -25.868  -59.085  -23.155 0.4000000060
24447  -26.614  -58.978  -23.510 0.4000000060
21519  -27.684  -62.858  -33.298 0.6000000238
20431  -25.845  -62.973  -34.113 0.5000000000
20429  -24.770  -63.189  -35.351 0.4000000060
18343  -28.450  -65.008  -28.947 0.6000000238
25344  -27.332  -59.085  -23.832 0.4000000060
25339  -27.839  -58.620  -23.649 0.4000000060
14856  -25.968  -67.847  -28.442 0.6999999881
17424  -25.528  -65.709  -30.455 0.6999999881
17451  -25.996  -65.710  -32.327 0.6999999881
17437  -25.725  -65.711  -31.528 0.6999999881
18342  -27.191  -65.166  -29.152 0.6000000238
18303  -27.958  -65.681  -27.855 0.6000000238
17490  -25.945  -65.410  -33.478 0.6999999881
18363  -26.086  -64.919  -30.179 0.6999999881
19345  -25.778  -64.579  -32.102 0.6999999881
151326  -25.566  -64.348  -33.994 0.6000000238
19396  -25.184  -63.913  -34.756 0.6000000238
10217  -27.577  -72.335  -29.772 0.5000000000
11115  -27.071  -72.411  -29.284 0.5000000000
11142  -28.914  -71.891  -31.233 0.5000000000
12072  -28.823  -71.385  -30.991 0.5000000000
12942  -26.680  -69.963  -27.445 0.6000000238
12984  -28.298  -70.693  -30.011 0.5000000000
12999  -28.641  -70.780  -30.734 0.4000000060
13862  -22.107  -68.782  -25.247 0.5000000000
13896  -25.667  -69.789  -26.596 0.6999999881
13907  -27.245  -69.876  -28.154 0.6999999881
13921  -28.008  -70.186  -29.392 0.6000000238
13937  -28.214  -69.881  -30.113 0.6000000238
13953  -28.316  -69.679  -30.850 0.5000000000
13966  -28.375  -69.603  -31.669 0.5000000000
13974  -28.334  -69.504  -32.664 0.5000000000
14789  -22.451  -67.926  -25.288 0.5000000000
14805  -23.372  -68.059  -26.050 0.6999999881
14806  -23.928  -68.665  -26.121 0.6999999881
14823  -24.589  -68.802  -26.383 0.6999999881
14824  -25.451  -68.982  -26.743 0.6999999881
14847  -26.209  -68.935  -27.352 0.6999999881
14857  -26.513  -68.583  -28.081 0.8000000119
14867  -27.432  -68.811  -29.081 0.6999999881
14881  -27.645  -68.592  -29.802 0.6999999881
14900  -27.871  -68.402  -30.536 0.6000000238
14916  -28.205  -69.004  -32.000 0.5000000000
15658  -22.256  -67.250  -24.454 0.5000000000
15663  -21.946  -67.774  -24.758 0.5000000000
15671  -23.252  -67.491  -25.994 0.6999999881
15681  -24.116  -67.468  -27.054 0.6999999881
15696  -24.618  -67.518  -27.579 0.6999999881
15711  -24.794  -67.040  -27.931 0.6999999881
15712  -25.113  -67.486  -28.132 0.6999999881
15719  -25.439  -67.087  -28.710 0.6999999881
15720  -26.202  -67.573  -29.044 0.8000000119
15763  -27.968  -67.391  -31.586 0.6000000238
15764  -28.265  -68.217  -32.133 0.5000000000
15775  -28.308  -68.124  -32.898 0.5000000000
16461  -22.395  -66.549  -23.342 0.5000000000
16473  -22.652  -66.937  -23.989 0.5000000000
16474  -23.319  -66.822  -24.112 0.5000000000
16475  -24.061  -66.677  -24.173 0.5000000000
16481  -22.857  -67.126  -24.710 0.6000000238
16482  -23.564  -66.978  -24.993 0.6000000238
16484  -25.079  -66.600  -25.195 0.6000000238
16490  -23.621  -67.146  -25.925 0.6000000238
16491  -24.254  -66.825  -25.792 0.6000000238
16501  -24.142  -67.069  -26.689 0.6000000238
16510  -24.547  -66.985  -27.447 0.6999999881
16511  -24.939  -66.534  -27.522 0.6999999881
16534  -25.413  -66.219  -29.312 0.8000000119
16540  -25.530  -65.899  -29.870 0.6999999881
16552  -26.688  -66.451  -31.322 0.6000000238
16566  -27.069  -66.380  -31.961 0.6000000238
16581  -27.864  -66.728  -33.023 0.6000000238
16582  -28.249  -67.316  -32.985 0.5000000000
16595  -28.113  -67.078  -33.774 0.5000000000
16606  -28.122  -67.316  -34.686 0.5000000000
17312  -23.675  -66.368  -23.388 0.5000000000
17313  -24.892  -66.472  -24.215 0.6000000238
17314  -25.790  -65.675  -23.893 0.5000000000
17323  -26.303  -65.846  -24.519 0.6000000238
17334  -26.178  -66.329  -25.888 0.6000000238
17336  -27.467  -65.802  -25.818 0.6000000238
17352  -26.293  -66.235  -26.665 0.6000000238
17353  -27.190  -66.058  -26.588 0.6000000238
17371  -26.539  -66.031  -27.433 0.6000000238
17387  -25.091  -66.320  -28.120 0.6999999881
17389  -26.992  -65.716  -28.125 0.6000000238
17425  -25.863  -66.028  -30.998 0.6999999881
17452  -26.251  -66.050  -31.729 0.6999999881
17469  -26.069  -65.635  -32.994 0.6999999881
17471  -27.281  -66.334  -32.639 0.6999999881
17508  -25.839  -65.223  -34.177 0.6999999881
17509  -26.262  -65.733  -34.824 0.6999999881
18231  -24.663  -65.154  -23.052 0.5000000000
18232  -25.372  -65.082  -23.378 0.5000000000
18261  -26.370  -65.291  -24.171 0.6000000238
18273  -27.453  -65.272  -25.147 0.6000000238
18274  -28.011  -65.176  -25.719 0.6000000238
18288  -28.906  -64.769  -26.800 0.6000000238
18304  -28.461  -65.363  -27.156 0.6000000238
18321  -26.312  -65.423  -28.836 0.6999999881
18322  -27.767  -65.465  -28.476 0.6000000238
18341  -26.165  -65.158  -29.524 0.5000000000
18344  -29.047  -64.410  -29.029 0.6000000238
18362  -25.666  -65.223  -30.567 0.6999999881
18365  -27.920  -64.827  -29.737 0.5000000000
18381  -25.643  -65.165  -31.212 0.6999999881
18383  -26.617  -64.578  -30.511 0.6999999881
18397  -25.682  -65.145  -32.001 0.6999999881
18398  -25.885  -64.593  -31.484 0.6999999881
18431  -25.644  -64.870  -33.513 0.6999999881
19199  -24.324  -64.560  -22.846 0.5000000000
19200  -24.878  -64.433  -23.067 0.5000000000
19213  -26.151  -64.006  -23.840 0.6000000238
19224  -26.665  -64.562  -24.219 0.6000000238
19225  -27.269  -64.605  -24.709 0.6000000238
19237  -27.815  -64.536  -25.197 0.6000000238
19253  -28.771  -64.219  -26.305 0.6000000238
19254  -29.065  -64.153  -26.927 0.6000000238
19269  -29.215  -64.085  -27.544 0.6000000238
19283  -29.337  -63.860  -28.805 0.5000000000
19298  -29.204  -64.003  -29.477 0.6000000238
19314  -27.434  -64.545  -30.371 0.5000000000
19316  -29.004  -64.075  -30.128 0.5000000000
19329  -26.638  -64.355  -31.177 0.6999999881
19331  -28.707  -64.118  -30.708 0.5000000000
19346  -26.312  -64.261  -31.931 0.6000000238
19362  -25.986  -64.273  -32.603 0.6000000238
19404  -24.832  -63.869  -35.716 0.5000000000
20215  -22.698  -63.083  -22.892 0.5000000000
20217  -24.284  -63.842  -22.816 0.5000000000
20229  -25.665  -63.472  -23.553 0.5000000000
20243  -26.988  -63.148  -24.533 0.6000000238
20244  -27.457  -63.876  -24.882 0.6000000238
20262  -28.485  -63.571  -25.878 0.6999999881
20283  -28.892  -63.457  -26.469 0.6999999881
20303  -29.300  -63.457  -27.991 0.6000000238
20354  -29.334  -63.417  -29.911 0.6000000238
20370  -29.149  -63.631  -30.642 0.5000000000
20384  -27.784  -63.644  -32.357 0.6000000238
20385  -28.098  -63.874  -31.744 0.6000000238
20386  -28.658  -63.384  -32.009 0.5000000000
20402  -27.320  -63.347  -32.949 0.6000000238
20404  -29.117  -62.563  -32.180 0.5000000000
20415  -25.626  -63.713  -33.931 0.6000000238
20416  -26.215  -63.243  -33.702 0.6000000238
21345  -25.165  -62.969  -23.233 0.5000000000
21358  -26.429  -62.461  -24.141 0.6000000238
21370  -27.150  -61.612  -24.530 0.6000000238
21371  -27.571  -61.856  -24.865 0.6000000238
21390  -28.194  -62.128  -25.455 0.6000000238
21391  -28.753  -61.981  -25.988 0.6999999881
21440  -29.207  -62.515  -28.123 0.6999999881
21453  -29.373  -62.787  -29.421 0.5000000000
21471  -29.419  -62.447  -30.746 0.5000000000
21520  -28.224  -62.369  -33.291 0.6000000238
21533  -27.408  -62.383  -33.717 0.6999999881
21548  -24.883  -62.391  -35.039 0.5000000000
21549  -26.127  -62.371  -34.251 0.5000000000
21550  -26.792  -62.184  -34.071 0.6000000238
22418  -24.630  -61.760  -22.788 0.5000000000
22434  -25.962  -61.755  -23.715 0.5000000000
22436  -26.994  -61.024  -24.297 0.4000000060
22488  -29.177  -61.420  -26.961 0.6000000238
22506  -29.214  -61.212  -27.652 0.6000000238
22518  -29.162  -61.688  -28.367 0.6000000238
22531  -29.197  -61.932  -29.223 0.6000000238
22558  -29.285  -61.619  -30.611 0.6000000238
22611  -25.046  -61.144  -34.931 0.5000000000
22612  -25.974  -61.271  -34.553 0.6000000238
23456  -22.712  -60.603  -22.346 0.5000000000
23477  -26.852  -59.705  -23.925 0.4000000060
23479  -27.729  -60.249  -24.590 0.6000000238
23488  -27.940  -60.791  -24.880 0.5000000000
23504  -28.491  -60.866  -25.336 0.6000000238
23505  -28.987  -60.894  -25.895 0.6000000238
23534  -29.410  -60.583  -27.650 0.6000000238
23545  -29.249  -60.863  -28.259 0.6000000238
23597  -28.597  -60.997  -33.311 0.6000000238
24445  -24.904  -60.040  -22.611 0.4000000060
24446  -25.507  -59.729  -23.001 0.5000000000
24465  -28.800  -59.809  -25.034 0.6000000238
24479  -29.321  -59.716  -25.583 0.6000000238
24492  -29.769  -59.683  -26.803 0.6000000238
24508  -29.697  -59.849  -27.635 0.6000000238
24535  -29.420  -59.824  -29.197 0.6000000238
24547  -29.193  -59.565  -31.382 0.6999999881
24553  -29.059  -59.673  -32.131 0.6000000238
24568  -27.276  -59.622  -33.629 0.6000000238
24569  -28.035  -59.908  -33.443 0.6000000238
24577  -24.384  -59.578  -34.613 0.4000000060
24578  -25.750  -59.966  -34.237 0.5000000000
24579  -26.731  -59.963  -33.901 0.6000000238
25324  -24.456  -59.529  -22.221 0.4000000060
25338  -27.294  -58.494  -23.422 0.4000000060
25346  -29.100  -58.679  -24.453 0.6000000238
25435  -29.652  -58.612  -29.454 0.6000000238
25453  -29.424  -58.614  -30.772 0.6000000238
25469  -25.874  -58.735  -33.596 0.6000000238
26312  -28.535  -58.398  -23.733 0.4000000060
26383  -29.700  -57.527  -28.151 0.6000000238
26442  -29.157  -57.725  -31.734 0.6000000238
26448  -27.220  -57.708  -32.796 0.6000000238
26450  -28.966  -58.395  -32.217 0.6000000238
27488  -28.810  -57.125  -31.997 0.6000000238
27496  -24.694  -56.716  -33.194 0.5000000000
27499  -28.134  -57.356  -32.430 0.6000000238
28468  -28.632  -55.767  -26.948 0.5000000000
28480  -28.644  -55.709  -27.630 0.6000000238
28535  -26.079  -56.003  -32.111 0.6000000238
29636  -28.972  -55.707  -29.171 0.6999999881
29647  -28.862  -55.250  -29.780 0.6000000238
29671  -28.111  -55.366  -31.510 0.6000000238
30735  -27.535  -54.339  -27.213 0.5000000000
30785  -28.062  -54.374  -30.711 0.6999999881
30792  -24.517  -54.544  -31.910 0.5000000000
31852  -26.945  -52.913  -29.330 0.4000000060
31904  -24.958  -53.828  -33.267 0.4000000060
32916  -23.940  -52.112  -31.094 0.5000000000
32930  -25.256  -52.056  -32.645 0.5000000000
33897  -23.351  -51.627  -28.972 0.4000000060
33950  -26.216  -51.833  -32.791 0.3000000119
34893  -24.715  -50.892  -31.514 0.5000000000
35904  -22.451  -49.970  -29.678 0.4000000060
37956  -24.308  -47.822  -29.930 0.5000000000
39025  -27.665  -47.019  -30.020 0.4000000060
39978  -26.640  -46.113  -30.062 0.4000000060
40905  -27.476  -45.258  -29.874 0.4000000060
41809  -23.277  -44.862  -29.168 0.5000000000
41811  -24.644  -44.584  -29.400 0.5000000000
148310  -25.239  -66.212  -28.741 0.6999999881
149756  -29.580  -59.756  -28.451 0.6000000238
150038  -22.933  -67.870  -25.677 0.5000000000
151099  -29.305  -59.793  -30.017 0.6000000238
151614  -28.773  -47.629  -29.674 0.3000000119
151914  -23.277  -64.885  -22.738 0.5000000000
152396  -25.059  -52.714  -30.162 0.5000000000
152412  -26.626  -63.757  -24.200 0.6000000238
152547  -29.925  -58.487  -27.361 0.6000000238
153621  -28.243  -68.679  -34.203 0.4000000060
153793  -26.673  -49.404  -30.479 0.4000000060
155332  -28.187  -69.252  -33.365 0.5000000000
156850  -28.992  -61.233  -32.760 0.5000000000
156975  -29.130  -62.677  -27.339 0.6999999881
157178  -26.303  -66.561  -30.671 0.6999999881
157459  -29.172  -60.046  -30.791 0.5000000000
158109  -29.200  -61.127  -32.068 0.4000000060
158215  -26.649  -61.076  -34.349 0.6000000238
158412  -23.995  -63.038  -22.734 0.5000000000
158453  -26.619  -66.084  -32.299 0.6999999881
159166  -27.671  -71.234  -29.093 0.5000000000
160996  -26.856  -66.144  -26.005 0.6000000238
161250  -29.438  -62.182  -31.388 0.5000000000
161354  -28.336  -60.310  -24.974 0.6000000238
161452  -29.532  -57.337  -30.121 0.6000000238
162188  -29.532  -60.375  -26.997 0.6000000238
162527  -26.090  -52.842  -27.331 0.5000000000
162589  -27.897  -61.007  -33.828 0.6000000238
163726  -29.231  -62.389  -28.777 0.6000000238
163836  -28.601  -59.632  -32.839 0.6000000238
163968  -24.541  -55.636  -33.027 0.5000000000
164524  -24.407  -66.289  -23.623 0.5000000000
164695  -28.563  -65.211  -28.038 0.5000000000
167679  -27.235  -71.321  -28.611 0.5000000000
167751  -25.714  -65.200  -34.920 0.5000000000
168361  -26.349  -47.946  -30.232 0.4000000060
168490  -26.476  -67.318  -29.657 0.6999999881
168547  -23.317  -48.809  -29.793 0.4000000060
169437  -23.989  -57.774  -34.221 0.4000000060
169443  -27.457  -60.709  -24.540 0.5000000000
170369  -29.667  -57.447  -28.796 0.6000000238
170379  -28.782  -62.320  -32.837 0.5000000000
170408  -24.625  -57.771  -33.646 0.5000000000
170812  -29.699  -59.522  -26.163 0.6000000238
171207  -29.874  -57.825  -25.330 0.5000000000
172635  -25.513  -62.580  -34.499 0.5000000000
173527  -29.193  -60.885  -31.462 0.6000000238
174178  -26.233  -65.647  -34.028 0.6999999881
174359  -23.152  -64.256  -22.778 0.5000000000
175348  -29.283  -58.988  -31.237 0.6000000238
175456  -25.737  -66.140  -30.386 0.6999999881
175583  -29.145  -55.841  -29.821 0.6999999881
176349  -27.615  -63.262  -25.031 0.6000000238
176701  -25.365  -66.093  -23.975 0.5000000000
176817  -27.923  -45.234  -29.847 0.3000000119
177299  -29.419  -62.892  -29.956 0.5000000000
177548  -27.238  -60.875  -34.076 0.6000000238
177953  -29.157  -60.946  -30.210 0.5000000000
178391  -25.821  -68.183  -27.887 0.6999999881
178573  -27.098  -64.400  -30.764 0.6000000238
