#!ascii label  , from subject sub-v2s13x29136_ses-1 vox2ras=TkReg
1495
70201  12.946  -19.159  53.007 0.0000000000
60472  5.215  -26.587  34.529 0.0000000000
62661  6.048  -24.556  52.348 0.0000000000
69171  5.883  -18.625  49.077 0.0000000000
73488  4.221  -15.724  41.598 0.0000000000
65984  10.559  -21.744  56.728 0.0000000000
178336  7.707  -18.520  57.018 0.0000000000
68100  15.112  -19.271  51.354 0.0000000000
63851  12.462  -23.323  52.586 0.0000000000
150098  6.162  -27.174  50.581 0.0000000000
76678  4.795  -13.413  50.822 0.0000000000
172448  3.706  -18.458  45.597 0.0000000000
77816  6.482  -12.550  47.592 0.0000000000
62717  2.041  -25.539  46.834 0.0000000000
65033  6.273  -22.591  45.197 0.0000000000
67021  8.382  -21.182  51.896 0.0000000000
73410  6.426  -15.755  54.446 0.0000000000
66054  8.557  -21.524  40.727 0.0000000000
67161  3.914  -21.562  38.530 0.0000000000
71474  3.393  -17.952  35.158 0.0000000000
74611  8.905  -14.427  38.721 0.0000000000
154266  11.907  -20.348  55.208 0.0000000000
70189  10.059  -18.873  55.712 0.0000000000
70199  14.115  -19.007  52.543 0.0000000000
67020  13.857  -21.211  52.230 0.0000000000
65995  13.133  -21.178  54.294 0.0000000000
63839  11.680  -23.025  54.818 0.0000000000
77802  5.036  -12.909  49.258 0.0000000000
63879  4.056  -24.983  50.180 0.0000000000
65005  5.263  -24.142  48.914 0.0000000000
64970  7.861  -23.186  52.591 0.0000000000
73402  8.393  -15.580  56.101 0.0000000000
71293  6.768  -17.134  55.965 0.0000000000
59224  6.015  -26.117  52.098 0.0000000000
58270  3.830  -27.124  49.158 0.0000000000
59248  3.777  -26.078  49.649 0.0000000000
60275  2.069  -26.244  47.961 0.0000000000
67034  8.735  -20.802  47.350 0.0000000000
155378  7.568  -22.362  43.825 0.0000000000
69201  8.137  -19.695  45.616 0.0000000000
72443  3.519  -16.988  43.139 0.0000000000
68199  3.470  -20.647  42.218 0.0000000000
70328  2.927  -18.814  39.915 0.0000000000
150618  2.374  -20.496  36.353 0.0000000000
72475  3.157  -17.272  38.211 0.0000000000
62645  8.309  -24.029  54.523 0.0000000000
65994  8.329  -21.944  55.242 0.0000000000
68078  9.128  -19.947  57.510 0.0000000000
71294  8.963  -17.658  56.525 0.0000000000
69167  15.595  -19.214  48.957 0.0000000000
66011  14.526  -21.441  47.261 0.0000000000
174767  14.024  -21.682  49.563 0.0000000000
62689  12.382  -24.184  49.560 0.0000000000
59228  9.757  -26.362  51.994 0.0000000000
61354  9.162  -25.099  54.551 0.0000000000
72384  3.609  -17.038  50.379 0.0000000000
69188  4.361  -18.585  47.471 0.0000000000
73446  3.372  -15.507  48.866 0.0000000000
75614  4.223  -14.432  46.705 0.0000000000
76745  4.746  -13.711  44.484 0.0000000000
172940  13.691  -17.706  51.155 0.0000000000
70245  18.049  -17.674  47.237 0.0000000000
72396  19.822  -16.574  48.515 0.0000000000
71309  16.623  -17.174  51.120 0.0000000000
71311  15.107  -17.637  51.725 0.0000000000
60320  0.849  -26.744  45.219 0.0000000000
62776  2.865  -25.103  43.723 0.0000000000
63934  3.958  -24.053  45.820 0.0000000000
65012  7.451  -22.704  48.527 0.0000000000
169491  8.016  -19.765  50.625 0.0000000000
68092  7.512  -20.262  54.327 0.0000000000
69145  6.243  -18.609  53.363 0.0000000000
154997  4.985  -17.719  52.155 0.0000000000
75559  5.649  -14.747  52.817 0.0000000000
62800  4.613  -24.150  41.521 0.0000000000
62824  5.806  -24.590  39.885 0.0000000000
62848  7.613  -24.465  37.041 0.0000000000
68157  6.095  -20.410  43.913 0.0000000000
67139  6.925  -21.160  39.074 0.0000000000
65119  6.576  -23.398  34.963 0.0000000000
163563  3.936  -22.215  33.854 0.0000000000
168548  2.698  -20.381  32.943 0.0000000000
78873  8.746  -11.175  46.100 0.0000000000
77854  6.529  -12.722  42.973 0.0000000000
77875  8.353  -11.964  41.182 0.0000000000
74597  5.874  -14.758  40.129 0.0000000000
72486  5.931  -16.893  37.461 0.0000000000
69138  12.303  -20.052  54.505 0.0000000000
70195  11.036  -19.339  54.514 0.0000000000
70202  12.169  -19.172  53.371 0.0000000000
70200  13.568  -18.829  52.704 0.0000000000
163539  13.811  -19.941  53.107 0.0000000000
69136  13.174  -19.864  53.756 0.0000000000
68085  12.658  -20.889  54.959 0.0000000000
59470  3.769  -27.112  34.079 0.0000000000
61669  4.135  -25.938  33.510 0.0000000000
63865  4.873  -24.679  50.925 0.0000000000
63877  5.121  -24.396  50.874 0.0000000000
63853  6.608  -24.322  52.813 0.0000000000
68117  15.308  -20.157  46.215 0.0000000000
61375  5.826  -25.256  52.211 0.0000000000
59239  4.759  -26.277  50.365 0.0000000000
61384  4.879  -25.212  51.050 0.0000000000
61408  3.683  -25.367  49.819 0.0000000000
153693  7.475  -19.187  48.471 0.0000000000
68118  8.705  -20.248  46.213 0.0000000000
159367  7.144  -19.247  47.653 0.0000000000
73489  3.965  -16.219  41.873 0.0000000000
168948  3.177  -17.816  41.615 0.0000000000
152874  3.495  -17.102  40.585 0.0000000000
172273  2.862  -18.102  39.098 0.0000000000
73498  4.194  -16.298  40.073 0.0000000000
168155  9.497  -22.771  56.074 0.0000000000
65987  8.844  -21.673  56.917 0.0000000000
160870  9.763  -20.599  57.348 0.0000000000
70190  9.504  -18.283  56.189 0.0000000000
72365  8.884  -16.000  55.078 0.0000000000
68104  15.293  -19.359  50.588 0.0000000000
67025  14.869  -20.348  49.152 0.0000000000
68105  14.858  -19.931  50.749 0.0000000000
64969  12.851  -22.886  52.426 0.0000000000
154547  13.262  -22.599  51.424 0.0000000000
152814  12.553  -23.869  51.123 0.0000000000
61374  11.083  -25.289  52.383 0.0000000000
65990  11.239  -22.075  55.930 0.0000000000
62644  10.178  -24.449  55.059 0.0000000000
63834  10.179  -23.279  55.650 0.0000000000
61350  8.717  -24.638  54.715 0.0000000000
74487  4.157  -15.098  50.874 0.0000000000
73439  3.285  -16.079  49.617 0.0000000000
75571  4.141  -14.422  49.750 0.0000000000
150047  6.012  -12.344  48.534 0.0000000000
76698  4.706  -13.736  48.494 0.0000000000
76709  5.221  -13.429  47.239 0.0000000000
173306  4.529  -13.946  45.541 0.0000000000
76717  5.901  -13.015  46.065 0.0000000000
71330  16.927  -17.546  50.186 0.0000000000
61439  1.521  -25.787  45.916 0.0000000000
62745  2.553  -25.030  45.442 0.0000000000
63922  2.833  -24.868  46.288 0.0000000000
64992  7.558  -23.025  50.350 0.0000000000
65003  6.831  -23.329  48.728 0.0000000000
66007  8.145  -22.433  49.933 0.0000000000
67027  8.642  -21.101  50.049 0.0000000000
68102  8.225  -20.450  51.477 0.0000000000
178952  7.578  -20.075  56.606 0.0000000000
67012  7.983  -21.223  55.121 0.0000000000
68089  7.205  -19.873  55.727 0.0000000000
72364  6.512  -16.667  55.279 0.0000000000
177447  6.411  -18.373  54.654 0.0000000000
71298  5.868  -17.483  53.930 0.0000000000
70205  5.737  -18.296  52.708 0.0000000000
72369  5.137  -16.784  52.853 0.0000000000
73416  4.980  -16.155  52.527 0.0000000000
74477  5.759  -15.259  53.225 0.0000000000
154953  13.299  -22.918  47.199 0.0000000000
152282  13.565  -22.850  46.260 0.0000000000
151273  6.712  -27.276  50.058 0.0000000000
57216  6.274  -27.427  48.114 0.0000000000
57203  5.396  -27.414  49.008 0.0000000000
58271  3.357  -27.062  48.773 0.0000000000
57206  3.442  -27.455  48.309 0.0000000000
152972  1.579  -26.358  47.376 0.0000000000
60298  0.856  -26.585  46.640 0.0000000000
63947  4.011  -23.795  44.483 0.0000000000
62786  3.493  -24.278  42.555 0.0000000000
63958  4.902  -23.426  43.445 0.0000000000
65058  8.359  -22.221  42.063 0.0000000000
63979  6.743  -23.614  41.577 0.0000000000
63989  7.639  -23.443  40.482 0.0000000000
62834  6.950  -24.641  38.695 0.0000000000
65083  8.349  -22.736  39.244 0.0000000000
69206  4.115  -18.679  46.053 0.0000000000
69223  5.440  -19.820  45.403 0.0000000000
68141  4.232  -20.190  44.202 0.0000000000
179562  3.738  -21.271  40.330 0.0000000000
67100  5.298  -21.172  40.918 0.0000000000
67160  4.977  -21.507  38.677 0.0000000000
66103  7.105  -21.936  37.185 0.0000000000
66121  5.599  -22.075  36.410 0.0000000000
65136  5.209  -23.035  33.824 0.0000000000
162685  3.782  -21.894  36.292 0.0000000000
69346  2.372  -18.942  35.663 0.0000000000
67225  2.530  -20.524  34.740 0.0000000000
156713  2.678  -19.518  33.669 0.0000000000
78878  9.171  -10.592  44.948 0.0000000000
77838  7.556  -12.129  44.388 0.0000000000
164377  8.306  -11.554  43.080 0.0000000000
76834  9.677  -13.218  39.036 0.0000000000
75712  8.390  -13.301  39.805 0.0000000000
75701  6.966  -13.442  40.681 0.0000000000
74596  7.147  -14.566  39.636 0.0000000000
73509  6.431  -15.754  38.923 0.0000000000
73525  7.563  -16.033  38.423 0.0000000000
68076  10.947  -21.049  56.515 0.0000000000
68083  10.345  -20.491  56.828 0.0000000000
167367  11.160  -20.053  55.599 0.0000000000
69146  14.919  -19.174  52.039 0.0000000000
68101  14.634  -19.898  51.628 0.0000000000
68094  14.098  -20.046  52.991 0.0000000000
65997  13.338  -21.569  53.425 0.0000000000
64965  12.973  -22.041  53.716 0.0000000000
174071  11.939  -23.432  53.604 0.0000000000
65993  12.471  -21.894  54.824 0.0000000000
65989  12.086  -21.521  55.401 0.0000000000
77792  5.512  -12.175  50.510 0.0000000000
77797  5.005  -12.831  49.624 0.0000000000
78848  6.017  -11.759  49.846 0.0000000000
78852  6.583  -11.323  49.529 0.0000000000
78851  7.249  -11.076  49.013 0.0000000000
62699  3.188  -24.868  48.687 0.0000000000
154004  4.251  -24.548  48.505 0.0000000000
63886  4.967  -24.238  50.087 0.0000000000
64984  6.165  -23.847  50.654 0.0000000000
64973  8.269  -22.570  52.094 0.0000000000
72358  7.898  -17.200  56.827 0.0000000000
71292  7.206  -17.568  56.597 0.0000000000
72361  7.662  -16.594  56.607 0.0000000000
74466  7.686  -15.413  56.084 0.0000000000
74470  7.332  -15.083  55.497 0.0000000000
75555  6.700  -14.831  54.268 0.0000000000
58230  6.543  -26.617  51.563 0.0000000000
58254  4.953  -27.080  50.076 0.0000000000
58237  5.424  -26.947  50.437 0.0000000000
59247  3.917  -26.590  49.559 0.0000000000
58272  2.690  -27.021  48.272 0.0000000000
58273  2.021  -27.170  47.873 0.0000000000
60274  2.538  -26.230  48.767 0.0000000000
158895  3.063  -25.691  48.930 0.0000000000
66020  8.052  -21.911  46.415 0.0000000000
65041  6.574  -22.658  44.156 0.0000000000
66023  8.066  -21.755  45.157 0.0000000000
67044  8.606  -20.731  44.295 0.0000000000
68174  8.334  -20.554  43.149 0.0000000000
71378  3.374  -18.332  44.597 0.0000000000
69246  3.438  -19.539  43.734 0.0000000000
173674  3.031  -19.111  42.505 0.0000000000
68201  3.087  -19.924  41.317 0.0000000000
67123  3.086  -20.515  39.610 0.0000000000
67177  3.232  -21.364  37.673 0.0000000000
168500  2.547  -19.220  38.667 0.0000000000
70356  2.291  -18.488  37.557 0.0000000000
72507  3.292  -17.317  36.665 0.0000000000
173224  9.676  -14.035  38.430 0.0000000000
73523  8.875  -15.736  37.992 0.0000000000
74661  9.902  -15.545  36.975 0.0000000000
62652  7.023  -24.509  53.432 0.0000000000
63845  7.839  -23.963  54.280 0.0000000000
64962  8.488  -22.439  54.876 0.0000000000
67004  8.439  -20.852  57.095 0.0000000000
69125  8.092  -19.482  57.441 0.0000000000
69129  9.341  -19.204  57.227 0.0000000000
70186  9.082  -18.437  57.031 0.0000000000
71290  8.577  -17.889  56.978 0.0000000000
165955  8.468  -16.220  56.141 0.0000000000
69175  15.533  -19.360  48.156 0.0000000000
67033  14.941  -20.822  47.159 0.0000000000
68110  15.070  -19.996  48.450 0.0000000000
66004  13.758  -21.960  50.445 0.0000000000
64990  13.447  -22.517  49.734 0.0000000000
62698  12.376  -24.251  48.475 0.0000000000
58251  7.993  -27.031  49.925 0.0000000000
58233  8.205  -26.770  51.569 0.0000000000
62647  10.987  -24.429  53.610 0.0000000000
60221  9.509  -25.640  53.590 0.0000000000
58219  7.905  -26.473  52.623 0.0000000000
59208  7.690  -26.049  53.385 0.0000000000
61359  7.018  -25.100  53.594 0.0000000000
163011  4.207  -17.972  49.909 0.0000000000
69177  5.507  -18.737  48.275 0.0000000000
70231  3.829  -17.974  48.718 0.0000000000
70247  3.600  -18.003  47.745 0.0000000000
165181  3.239  -17.358  46.883 0.0000000000
76686  4.512  -13.834  49.080 0.0000000000
74532  3.871  -14.958  47.798 0.0000000000
167142  3.314  -16.045  46.352 0.0000000000
74568  3.769  -15.167  44.970 0.0000000000
74577  4.247  -14.709  43.574 0.0000000000
75674  4.557  -14.350  43.201 0.0000000000
173936  13.201  -18.384  52.048 0.0000000000
156167  16.466  -18.588  46.667 0.0000000000
72408  21.282  -16.732  47.343 0.0000000000
179433  20.510  -16.117  48.289 0.0000000000
71346  20.233  -17.164  47.665 0.0000000000
71348  18.585  -17.177  48.213 0.0000000000
70235  17.299  -17.783  47.902 0.0000000000
70236  16.602  -18.241  48.327 0.0000000000
69155  16.177  -18.395  50.273 0.0000000000
70217  15.697  -18.123  51.510 0.0000000000
71310  16.071  -17.299  51.379 0.0000000000
70208  15.189  -18.289  51.884 0.0000000000
178670  14.525  -18.383  52.129 0.0000000000
71304  13.825  -18.178  51.909 0.0000000000
63948  3.539  -24.325  44.823 0.0000000000
63933  4.569  -23.541  45.649 0.0000000000
65015  5.172  -24.102  48.160 0.0000000000
65014  5.640  -23.613  47.564 0.0000000000
65019  6.473  -22.703  46.467 0.0000000000
66013  8.467  -21.553  47.728 0.0000000000
69168  8.389  -19.786  49.271 0.0000000000
69163  7.185  -18.968  49.962 0.0000000000
64967  8.255  -22.751  53.789 0.0000000000
65998  8.244  -21.801  53.507 0.0000000000
67018  8.157  -21.087  52.805 0.0000000000
69135  6.675  -18.692  55.076 0.0000000000
68097  7.044  -19.498  53.845 0.0000000000
68099  7.369  -19.786  52.720 0.0000000000
69152  6.706  -19.087  52.419 0.0000000000
69159  5.934  -18.534  51.113 0.0000000000
69160  5.290  -18.345  50.703 0.0000000000
71316  4.363  -17.495  51.247 0.0000000000
74483  4.380  -15.506  51.504 0.0000000000
76675  4.901  -14.015  51.454 0.0000000000
76670  6.821  -13.986  53.740 0.0000000000
76673  6.400  -13.539  52.915 0.0000000000
77788  5.718  -12.324  51.305 0.0000000000
176024  4.750  -28.055  46.709 0.0000000000
57205  4.077  -27.388  48.557 0.0000000000
63969  5.866  -23.491  42.533 0.0000000000
62815  4.837  -24.388  40.848 0.0000000000
60452  6.625  -25.873  35.641 0.0000000000
69203  6.107  -19.616  46.018 0.0000000000
69232  7.044  -20.023  44.449 0.0000000000
68195  7.898  -20.449  41.983 0.0000000000
68177  4.581  -20.677  43.249 0.0000000000
68212  6.685  -20.671  41.290 0.0000000000
67117  8.180  -21.300  39.648 0.0000000000
150938  7.905  -22.914  37.424 0.0000000000
64027  7.543  -23.797  36.144 0.0000000000
61647  6.250  -25.455  34.386 0.0000000000
172534  5.235  -24.187  33.130 0.0000000000
66152  3.305  -21.601  35.245 0.0000000000
66176  3.156  -21.658  32.993 0.0000000000
78859  8.474  -10.895  47.762 0.0000000000
79909  8.983  -10.372  47.182 0.0000000000
77823  8.145  -11.757  46.587 0.0000000000
77832  6.451  -12.753  45.483 0.0000000000
76761  5.834  -12.999  43.982 0.0000000000
75672  5.134  -13.670  42.485 0.0000000000
77864  7.523  -12.215  42.257 0.0000000000
76814  5.726  -13.538  41.449 0.0000000000
74598  4.861  -15.315  40.614 0.0000000000
73511  4.908  -16.075  39.191 0.0000000000
149719  4.739  -16.727  37.853 0.0000000000
71431  4.117  -17.386  36.124 0.0000000000
71449  6.033  -17.814  35.795 0.0000000000
70193  12.679  -19.639  53.783 0.0000000000
69143  13.241  -19.597  53.376 0.0000000000
69137  12.894  -20.083  54.085 0.0000000000
59463  4.268  -27.497  34.739 0.0000000000
60473  4.547  -26.846  34.317 0.0000000000
60486  4.141  -26.550  33.886 0.0000000000
60485  4.834  -26.289  34.003 0.0000000000
63855  5.613  -24.554  51.829 0.0000000000
63854  5.954  -24.567  52.342 0.0000000000
69200  15.767  -19.383  46.582 0.0000000000
62654  6.040  -24.889  52.394 0.0000000000
61376  5.380  -25.176  51.643 0.0000000000
62662  5.625  -24.920  52.155 0.0000000000
62673  4.603  -25.012  51.060 0.0000000000
69170  6.847  -18.824  49.163 0.0000000000
151982  6.489  -18.928  48.361 0.0000000000
156437  3.643  -16.839  41.331 0.0000000000
171174  3.957  -16.282  41.279 0.0000000000
72455  3.814  -16.709  40.277 0.0000000000
73492  4.150  -16.100  40.835 0.0000000000
65985  10.049  -21.723  57.039 0.0000000000
65986  9.485  -21.691  57.139 0.0000000000
165620  10.202  -21.281  57.071 0.0000000000
63861  12.706  -23.412  51.812 0.0000000000
62670  12.266  -24.019  51.896 0.0000000000
62681  12.039  -24.835  50.885 0.0000000000
62671  11.970  -24.704  51.554 0.0000000000
61383  11.335  -25.475  51.682 0.0000000000
62660  11.851  -24.471  52.183 0.0000000000
64958  10.775  -22.141  56.300 0.0000000000
64959  10.527  -22.726  55.938 0.0000000000
64954  10.367  -22.155  56.552 0.0000000000
63830  9.873  -22.990  55.924 0.0000000000
75565  4.522  -14.103  50.751 0.0000000000
155337  4.106  -14.714  50.311 0.0000000000
75566  4.336  -14.120  50.149 0.0000000000
77817  5.634  -12.951  47.844 0.0000000000
76708  5.922  -12.982  46.863 0.0000000000
167534  1.788  -25.627  46.322 0.0000000000
62730  2.343  -25.171  46.105 0.0000000000
62716  2.413  -25.177  46.696 0.0000000000
66005  8.196  -22.514  50.764 0.0000000000
164094  8.515  -21.822  50.441 0.0000000000
67024  8.534  -21.156  50.975 0.0000000000
69130  7.622  -19.561  56.957 0.0000000000
68084  7.300  -19.725  56.291 0.0000000000
69131  7.287  -19.099  56.546 0.0000000000
154237  6.334  -16.328  54.659 0.0000000000
72366  6.104  -16.921  54.482 0.0000000000
73411  5.979  -16.305  53.980 0.0000000000
71301  5.376  -17.409  53.206 0.0000000000
72367  5.641  -16.868  53.604 0.0000000000
73414  5.503  -16.247  53.218 0.0000000000
73413  5.899  -15.746  53.599 0.0000000000
150246  6.788  -27.100  50.743 0.0000000000
58268  5.905  -27.344  49.738 0.0000000000
166127  2.948  -27.232  48.465 0.0000000000
58290  2.813  -27.520  48.165 0.0000000000
61432  1.961  -25.917  47.489 0.0000000000
154719  1.591  -25.971  46.939 0.0000000000
61438  1.307  -26.073  46.490 0.0000000000
172598  5.276  -23.089  44.522 0.0000000000
63946  4.700  -23.320  44.152 0.0000000000
63945  5.480  -23.106  43.912 0.0000000000
65067  7.973  -22.838  41.680 0.0000000000
65077  8.116  -22.862  40.878 0.0000000000
63999  7.864  -23.481  39.667 0.0000000000
168564  8.491  -22.164  39.704 0.0000000000
70268  3.882  -18.455  46.017 0.0000000000
69225  4.191  -19.105  45.503 0.0000000000
69226  3.931  -18.903  45.325 0.0000000000
175673  4.187  -21.525  39.175 0.0000000000
67141  4.881  -21.434  39.587 0.0000000000
66090  4.375  -21.693  37.845 0.0000000000
66089  5.521  -21.611  37.791 0.0000000000
66105  4.863  -21.852  37.024 0.0000000000
66137  4.335  -22.039  36.021 0.0000000000
66106  3.934  -21.805  37.205 0.0000000000
151450  2.787  -18.323  35.391 0.0000000000
172374  2.788  -18.688  34.859 0.0000000000
153508  3.075  -18.686  34.350 0.0000000000
175974  9.504  -9.648  44.927 0.0000000000
79932  9.489  -9.971  43.959 0.0000000000
155816  8.761  -11.085  43.659 0.0000000000
79943  9.182  -10.476  43.582 0.0000000000
75722  9.263  -13.769  38.929 0.0000000000
75711  9.080  -13.301  39.398 0.0000000000
75723  8.474  -13.995  39.303 0.0000000000
74595  7.800  -14.429  39.423 0.0000000000
154859  8.200  -14.770  39.038 0.0000000000
73508  7.152  -15.647  38.890 0.0000000000
74631  7.878  -15.461  38.834 0.0000000000
68081  11.567  -21.038  55.944 0.0000000000
68087  11.490  -20.556  55.819 0.0000000000
70203  11.220  -19.121  53.837 0.0000000000
69142  14.258  -19.198  52.534 0.0000000000
153872  14.415  -19.339  52.453 0.0000000000
155360  13.384  -20.826  54.079 0.0000000000
68095  13.616  -20.376  53.556 0.0000000000
67015  13.557  -21.195  53.806 0.0000000000
171432  13.173  -21.462  54.014 0.0000000000
65996  12.830  -21.793  54.345 0.0000000000
67011  12.814  -21.430  54.701 0.0000000000
68086  12.121  -20.746  55.420 0.0000000000
67008  12.573  -21.293  54.981 0.0000000000
169835  11.730  -21.374  55.773 0.0000000000
78844  5.909  -11.745  50.205 0.0000000000
79887  6.918  -10.785  49.887 0.0000000000
79892  7.079  -10.754  49.534 0.0000000000
63888  3.592  -24.943  49.454 0.0000000000
63897  3.791  -24.806  49.040 0.0000000000
63887  4.337  -24.566  49.737 0.0000000000
63862  6.288  -23.985  51.793 0.0000000000
63875  6.209  -23.927  51.323 0.0000000000
64975  7.002  -23.601  51.570 0.0000000000
64982  7.642  -23.093  51.110 0.0000000000
64974  7.737  -23.158  51.834 0.0000000000
72360  8.094  -16.396  56.571 0.0000000000
171261  8.106  -15.053  56.122 0.0000000000
75551  7.718  -14.542  55.475 0.0000000000
177056  6.221  -26.263  52.154 0.0000000000
160149  5.909  -26.968  50.730 0.0000000000
178341  5.816  -26.784  50.863 0.0000000000
59240  4.231  -26.328  49.901 0.0000000000
58257  3.301  -26.690  48.934 0.0000000000
59256  3.424  -26.244  49.188 0.0000000000
59271  3.174  -26.510  48.860 0.0000000000
60247  3.237  -25.933  49.439 0.0000000000
62683  3.824  -25.171  50.049 0.0000000000
62691  3.069  -25.597  48.976 0.0000000000
66017  8.507  -21.416  46.915 0.0000000000
173951  8.195  -21.707  45.791 0.0000000000
168658  8.550  -21.274  46.166 0.0000000000
153826  8.389  -19.799  46.351 0.0000000000
68128  8.555  -20.149  45.512 0.0000000000
68138  8.504  -20.315  44.668 0.0000000000
67057  8.504  -20.888  43.531 0.0000000000
68139  8.227  -20.140  44.260 0.0000000000
165291  3.310  -17.594  44.068 0.0000000000
71380  3.226  -18.429  43.756 0.0000000000
176686  3.209  -17.846  43.247 0.0000000000
70317  3.082  -18.271  41.067 0.0000000000
70303  2.998  -19.037  41.584 0.0000000000
69280  2.981  -19.432  40.285 0.0000000000
68229  3.128  -20.389  40.308 0.0000000000
68230  2.964  -19.934  39.901 0.0000000000
68242  2.806  -19.945  39.070 0.0000000000
69289  2.799  -19.227  39.396 0.0000000000
72466  3.324  -17.249  39.081 0.0000000000
172393  2.635  -18.215  38.597 0.0000000000
72476  2.731  -17.763  38.216 0.0000000000
71421  2.466  -17.864  37.156 0.0000000000
72489  3.209  -17.244  37.331 0.0000000000
75721  10.149  -13.292  38.562 0.0000000000
75733  10.324  -13.785  37.994 0.0000000000
74646  9.633  -15.257  37.621 0.0000000000
155061  10.259  -14.826  37.233 0.0000000000
63842  7.754  -24.132  54.146 0.0000000000
63841  8.325  -23.503  54.409 0.0000000000
63837  8.770  -23.193  55.142 0.0000000000
67003  9.051  -20.988  57.491 0.0000000000
65988  8.407  -21.591  56.321 0.0000000000
68079  8.629  -20.150  57.534 0.0000000000
68080  7.984  -20.101  57.114 0.0000000000
69124  8.594  -19.439  57.531 0.0000000000
69133  10.378  -19.567  56.036 0.0000000000
69128  10.006  -19.712  56.789 0.0000000000
70185  9.761  -18.957  56.566 0.0000000000
72359  8.391  -17.130  56.657 0.0000000000
72363  8.682  -16.845  56.050 0.0000000000
67028  14.486  -21.096  48.959 0.0000000000
173801  14.063  -21.756  48.652 0.0000000000
67019  14.236  -20.586  51.892 0.0000000000
66001  13.953  -21.390  51.275 0.0000000000
63874  12.704  -23.759  50.294 0.0000000000
64980  13.333  -22.639  50.619 0.0000000000
62688  12.760  -23.601  49.534 0.0000000000
62697  12.682  -23.712  48.800 0.0000000000
61406  12.108  -24.794  49.212 0.0000000000
59282  10.573  -25.967  48.670 0.0000000000
59236  9.940  -26.329  51.162 0.0000000000
59237  9.186  -26.607  51.614 0.0000000000
58242  8.097  -26.894  51.089 0.0000000000
59229  9.034  -26.459  52.275 0.0000000000
63843  12.025  -22.798  54.513 0.0000000000
176094  11.269  -23.928  54.069 0.0000000000
62642  11.255  -23.680  54.671 0.0000000000
60209  9.912  -25.083  54.318 0.0000000000
60205  9.066  -25.425  54.229 0.0000000000
59206  8.943  -26.044  53.377 0.0000000000
59207  8.310  -25.957  53.562 0.0000000000
59221  7.852  -26.238  53.138 0.0000000000
59200  8.396  -25.688  53.887 0.0000000000
62641  8.632  -24.240  54.793 0.0000000000
61357  7.969  -24.882  54.427 0.0000000000
62646  7.878  -24.464  54.241 0.0000000000
62649  7.077  -24.807  53.471 0.0000000000
71325  3.916  -17.508  50.361 0.0000000000
70227  3.968  -17.969  49.371 0.0000000000
71326  3.627  -17.431  49.890 0.0000000000
175829  3.300  -15.699  49.234 0.0000000000
71342  3.324  -17.341  48.913 0.0000000000
72413  3.139  -16.702  48.638 0.0000000000
71361  3.406  -17.755  47.240 0.0000000000
72420  3.117  -16.537  47.999 0.0000000000
76682  4.697  -13.386  49.399 0.0000000000
76685  4.783  -13.403  49.047 0.0000000000
75601  4.499  -14.152  47.928 0.0000000000
75602  4.202  -14.547  47.679 0.0000000000
74544  3.950  -14.878  47.151 0.0000000000
73465  3.326  -15.864  47.190 0.0000000000
74545  3.649  -15.303  46.782 0.0000000000
174266  3.486  -15.801  45.479 0.0000000000
74557  3.681  -15.208  45.905 0.0000000000
76730  4.760  -13.685  45.068 0.0000000000
75642  4.253  -14.166  44.757 0.0000000000
75641  4.584  -13.918  44.238 0.0000000000
76763  4.907  -13.612  43.876 0.0000000000
153160  13.044  -18.015  51.300 0.0000000000
70258  18.041  -17.859  46.267 0.0000000000
70266  17.662  -18.074  45.400 0.0000000000
70259  17.033  -18.239  46.032 0.0000000000
70246  17.216  -18.041  46.926 0.0000000000
72385  20.057  -16.021  48.878 0.0000000000
74504  20.338  -14.825  48.457 0.0000000000
71335  20.278  -16.901  47.876 0.0000000000
71336  19.779  -16.892  48.168 0.0000000000
71347  19.416  -17.254  47.860 0.0000000000
71337  18.888  -17.052  48.252 0.0000000000
70229  17.123  -17.696  48.797 0.0000000000
71319  16.620  -17.532  50.807 0.0000000000
176963  16.558  -17.909  50.434 0.0000000000
70222  16.201  -18.036  50.959 0.0000000000
70216  16.146  -17.620  51.318 0.0000000000
73424  16.115  -16.655  51.162 0.0000000000
72370  15.550  -17.474  51.539 0.0000000000
70207  15.677  -17.862  51.563 0.0000000000
71302  15.053  -17.982  51.878 0.0000000000
155248  13.939  -17.903  51.747 0.0000000000
71312  14.632  -17.779  51.838 0.0000000000
70211  13.608  -18.730  52.527 0.0000000000
59330  0.964  -27.025  44.543 0.0000000000
60319  1.343  -26.328  44.701 0.0000000000
63940  2.903  -24.795  45.694 0.0000000000
63949  3.036  -24.731  45.159 0.0000000000
63939  3.459  -24.418  45.430 0.0000000000
63938  4.018  -23.913  45.175 0.0000000000
65028  4.566  -23.821  46.329 0.0000000000
65006  4.771  -24.375  48.741 0.0000000000
63908  4.100  -24.504  47.694 0.0000000000
158930  6.296  -23.493  48.128 0.0000000000
171015  6.911  -23.019  48.070 0.0000000000
65013  6.517  -22.970  47.339 0.0000000000
65018  7.355  -22.543  47.693 0.0000000000
66014  8.024  -22.181  48.132 0.0000000000
68106  8.422  -20.331  50.591 0.0000000000
166836  8.617  -20.347  49.659 0.0000000000
68109  8.110  -19.625  50.046 0.0000000000
69169  7.772  -19.312  49.263 0.0000000000
69162  7.480  -19.347  50.636 0.0000000000
64964  8.208  -22.913  54.589 0.0000000000
152770  8.040  -23.115  54.214 0.0000000000
178093  7.740  -20.702  54.823 0.0000000000
67016  7.958  -21.154  54.363 0.0000000000
163241  7.853  -20.765  53.608 0.0000000000
70187  6.855  -17.863  56.060 0.0000000000
70191  6.949  -18.572  55.932 0.0000000000
69141  6.412  -18.598  54.215 0.0000000000
69147  6.590  -19.012  53.245 0.0000000000
176347  6.993  -19.420  53.162 0.0000000000
68103  7.417  -19.642  51.840 0.0000000000
70214  5.243  -18.044  52.125 0.0000000000
69153  6.034  -18.580  51.837 0.0000000000
69154  5.409  -18.339  51.372 0.0000000000
157893  5.053  -18.083  51.528 0.0000000000
70220  4.839  -18.106  50.934 0.0000000000
70215  4.785  -17.782  51.640 0.0000000000
162622  4.876  -15.599  52.166 0.0000000000
73417  4.578  -16.016  51.954 0.0000000000
74482  4.743  -15.094  51.766 0.0000000000
75560  5.085  -14.647  52.015 0.0000000000
171167  6.578  -14.521  53.881 0.0000000000
66015  14.552  -21.454  46.709 0.0000000000
57217  5.353  -27.506  47.993 0.0000000000
57239  5.358  -27.704  46.976 0.0000000000
58269  4.450  -27.248  49.435 0.0000000000
176266  0.625  -27.148  45.043 0.0000000000
62801  3.696  -24.420  41.775 0.0000000000
62802  3.069  -24.910  42.159 0.0000000000
62817  3.181  -24.964  41.341 0.0000000000
62816  3.965  -24.562  41.043 0.0000000000
65051  6.966  -22.752  43.596 0.0000000000
63956  6.416  -23.132  43.032 0.0000000000
62813  6.383  -24.225  40.363 0.0000000000
63991  6.192  -23.993  41.106 0.0000000000
62814  5.613  -24.317  40.619 0.0000000000
62825  4.983  -24.653  40.162 0.0000000000
62835  6.098  -24.856  39.152 0.0000000000
62840  7.455  -24.588  37.823 0.0000000000
62841  6.792  -25.101  37.975 0.0000000000
62849  7.222  -25.059  37.255 0.0000000000
60418  6.595  -25.856  36.510 0.0000000000
61590  7.428  -24.879  36.470 0.0000000000
162240  5.106  -18.888  47.497 0.0000000000
69187  5.612  -19.284  46.785 0.0000000000
69233  5.958  -20.152  44.585 0.0000000000
177291  6.517  -20.230  44.178 0.0000000000
68156  7.422  -20.263  43.271 0.0000000000
149798  6.434  -20.501  43.188 0.0000000000
68179  3.287  -20.185  42.607 0.0000000000
68178  3.696  -20.505  42.981 0.0000000000
68198  4.519  -20.814  42.433 0.0000000000
67119  6.627  -21.040  39.848 0.0000000000
68213  5.939  -20.899  41.441 0.0000000000
177745  7.171  -20.833  40.287 0.0000000000
67098  7.250  -20.652  40.894 0.0000000000
67118  7.496  -21.037  39.682 0.0000000000
66074  8.181  -21.559  39.001 0.0000000000
66086  7.910  -21.755  38.349 0.0000000000
65111  6.983  -22.737  36.082 0.0000000000
65110  7.458  -23.174  36.282 0.0000000000
64035  7.199  -23.965  35.337 0.0000000000
62865  7.116  -24.675  35.148 0.0000000000
64046  6.678  -24.096  34.561 0.0000000000
62882  5.567  -24.886  33.597 0.0000000000
153891  6.043  -24.296  33.816 0.0000000000
65137  4.558  -22.617  33.856 0.0000000000
152619  3.594  -22.257  33.067 0.0000000000
67178  2.648  -21.001  36.778 0.0000000000
66124  2.937  -21.336  36.325 0.0000000000
179994  2.595  -20.962  36.333 0.0000000000
67242  2.565  -20.182  33.903 0.0000000000
161253  2.758  -20.881  34.378 0.0000000000
66177  2.862  -21.037  32.578 0.0000000000
66196  2.690  -21.134  31.587 0.0000000000
79908  9.271  -9.869  46.665 0.0000000000
79917  9.097  -10.517  46.423 0.0000000000
78865  8.675  -11.069  46.922 0.0000000000
77824  7.304  -12.317  46.159 0.0000000000
77830  8.193  -11.830  45.684 0.0000000000
179706  6.983  -12.391  43.180 0.0000000000
77847  6.504  -12.693  43.554 0.0000000000
76780  5.887  -12.996  43.275 0.0000000000
76781  5.458  -13.200  43.070 0.0000000000
149596  5.948  -13.031  42.704 0.0000000000
77874  9.013  -11.706  40.748 0.0000000000
78906  9.051  -10.855  41.656 0.0000000000
78907  8.555  -11.336  42.026 0.0000000000
78908  8.133  -11.779  42.283 0.0000000000
77863  8.172  -11.843  41.856 0.0000000000
170855  6.565  -14.175  40.238 0.0000000000
76813  6.374  -13.135  41.509 0.0000000000
75702  6.187  -13.617  40.921 0.0000000000
75703  5.621  -14.151  40.894 0.0000000000
171532  5.287  -14.831  40.570 0.0000000000
73497  4.645  -15.883  39.938 0.0000000000
73496  5.316  -15.429  39.850 0.0000000000
72472  6.179  -16.552  37.966 0.0000000000
73528  5.219  -16.360  38.484 0.0000000000
72487  5.139  -16.984  37.315 0.0000000000
72488  4.287  -16.981  37.201 0.0000000000
72504  5.589  -17.307  36.800 0.0000000000
72484  7.945  -16.727  37.303 0.0000000000
69139  11.523  -19.900  54.886 0.0000000000
70194  11.899  -19.587  54.164 0.0000000000
169443  11.242  -18.855  53.249 0.0000000000
177434  13.626  -19.518  53.040 0.0000000000
68090  13.422  -20.504  53.913 0.0000000000
67007  13.050  -21.002  54.477 0.0000000000
68091  13.069  -20.531  54.378 0.0000000000
69132  12.567  -20.448  54.819 0.0000000000
61691  3.886  -25.194  33.001 0.0000000000
62682  4.314  -24.931  50.471 0.0000000000
63878  4.558  -24.743  50.593 0.0000000000
63864  5.241  -24.573  51.372 0.0000000000
64971  7.157  -23.761  52.318 0.0000000000
60224  6.045  -25.738  52.409 0.0000000000
59232  5.308  -26.118  51.026 0.0000000000
171242  5.683  -25.798  51.790 0.0000000000
60238  4.762  -25.770  50.700 0.0000000000
60239  4.203  -25.694  50.169 0.0000000000
61396  3.818  -25.849  50.031 0.0000000000
61385  4.305  -25.372  50.438 0.0000000000
62674  4.015  -25.151  50.239 0.0000000000
68113  8.584  -20.069  47.808 0.0000000000
68115  8.653  -20.177  46.893 0.0000000000
173713  8.350  -19.751  47.140 0.0000000000
69185  7.842  -19.500  46.978 0.0000000000
69202  7.796  -19.569  46.278 0.0000000000
73486  3.913  -16.156  42.672 0.0000000000
71381  3.250  -17.665  42.370 0.0000000000
168395  3.373  -17.326  41.678 0.0000000000
71384  3.305  -17.507  41.063 0.0000000000
71391  3.204  -17.783  40.257 0.0000000000
71401  2.995  -18.240  39.672 0.0000000000
72456  3.428  -17.225  39.850 0.0000000000
72465  3.779  -16.789  39.548 0.0000000000
63831  9.272  -22.886  55.826 0.0000000000
63832  9.016  -22.907  55.605 0.0000000000
64956  9.210  -22.353  56.556 0.0000000000
165742  9.231  -20.554  57.547 0.0000000000
170311  9.679  -18.329  55.339 0.0000000000
71296  9.152  -17.559  55.616 0.0000000000
176822  8.815  -16.624  55.521 0.0000000000
69161  15.621  -19.113  49.902 0.0000000000
161684  15.208  -19.661  49.228 0.0000000000
68108  15.043  -19.824  49.912 0.0000000000
67026  14.618  -20.714  49.974 0.0000000000
64972  13.183  -22.437  52.179 0.0000000000
66002  13.548  -21.944  51.813 0.0000000000
63860  12.985  -22.961  51.784 0.0000000000
63873  12.950  -23.241  51.016 0.0000000000
62680  12.320  -24.322  50.526 0.0000000000
60237  10.479  -26.045  51.682 0.0000000000
60236  10.819  -25.737  52.057 0.0000000000
63833  11.370  -22.483  55.540 0.0000000000
63840  11.105  -23.224  55.303 0.0000000000
153414  10.925  -22.615  55.815 0.0000000000
62638  10.082  -24.189  55.282 0.0000000000
62639  9.826  -24.149  55.323 0.0000000000
61349  9.249  -24.696  54.874 0.0000000000
163881  9.773  -23.640  55.452 0.0000000000
63835  9.420  -23.302  55.460 0.0000000000
153655  3.998  -15.727  50.974 0.0000000000
73429  3.471  -16.347  50.268 0.0000000000
171787  3.877  -15.281  50.464 0.0000000000
74492  3.860  -14.960  49.905 0.0000000000
74501  3.913  -14.713  49.349 0.0000000000
158726  5.405  -12.548  49.044 0.0000000000
77809  5.020  -13.132  48.800 0.0000000000
171275  5.348  -12.853  48.519 0.0000000000
76710  4.810  -13.841  47.632 0.0000000000
154798  4.491  -14.176  47.151 0.0000000000
75613  4.492  -14.075  46.251 0.0000000000
76719  4.825  -13.821  46.705 0.0000000000
168222  4.799  -13.742  45.830 0.0000000000
76729  5.156  -13.373  45.302 0.0000000000
70257  18.915  -17.656  46.839 0.0000000000
156041  19.324  -16.260  49.094 0.0000000000
70225  17.035  -17.611  49.517 0.0000000000
71318  17.163  -17.075  50.559 0.0000000000
71308  17.052  -17.030  50.918 0.0000000000
72377  14.972  -17.339  51.438 0.0000000000
60306  1.264  -26.110  45.455 0.0000000000
61447  1.777  -25.608  45.410 0.0000000000
62731  2.052  -25.384  45.704 0.0000000000
63935  3.378  -24.520  45.988 0.0000000000
64993  6.817  -23.501  50.098 0.0000000000
65004  5.998  -23.813  49.004 0.0000000000
159451  6.652  -23.555  49.413 0.0000000000
174883  7.406  -22.994  49.436 0.0000000000
66010  8.082  -22.327  49.030 0.0000000000
66006  8.516  -21.772  49.534 0.0000000000
68107  7.801  -19.821  51.075 0.0000000000
67010  7.815  -20.924  55.708 0.0000000000
176042  8.120  -21.386  55.493 0.0000000000
68088  7.486  -20.272  56.023 0.0000000000
67013  7.482  -20.302  55.260 0.0000000000
172779  7.100  -19.647  55.249 0.0000000000
166062  6.388  -17.184  55.216 0.0000000000
71295  6.529  -17.565  55.467 0.0000000000
71297  6.204  -17.575  54.757 0.0000000000
160982  6.115  -18.072  54.221 0.0000000000
162393  5.937  -18.247  53.442 0.0000000000
69148  6.129  -18.602  52.591 0.0000000000
70198  5.717  -17.872  53.493 0.0000000000
70206  5.344  -17.905  52.812 0.0000000000
71306  4.960  -17.337  52.492 0.0000000000
71307  4.623  -17.356  51.820 0.0000000000
74478  5.376  -15.692  52.857 0.0000000000
66012  14.011  -22.074  47.304 0.0000000000
66016  14.056  -22.061  46.719 0.0000000000
63918  13.345  -23.005  46.577 0.0000000000
58266  7.471  -27.225  49.383 0.0000000000
58267  6.560  -27.379  49.092 0.0000000000
57202  5.890  -27.422  48.802 0.0000000000
60282  1.673  -26.661  47.574 0.0000000000
59287  1.137  -27.182  47.426 0.0000000000
60283  1.051  -26.803  47.155 0.0000000000
60307  0.759  -26.661  45.966 0.0000000000
63960  3.476  -24.222  44.154 0.0000000000
62787  2.977  -24.853  43.061 0.0000000000
63972  3.403  -24.178  43.373 0.0000000000
63971  4.185  -23.849  43.006 0.0000000000
63970  5.093  -23.622  42.736 0.0000000000
65059  7.834  -22.769  42.467 0.0000000000
65060  7.149  -23.024  42.804 0.0000000000
65068  7.310  -23.223  42.040 0.0000000000
63978  7.450  -23.339  41.262 0.0000000000
64000  7.150  -23.975  40.052 0.0000000000
62823  6.636  -24.427  39.580 0.0000000000
64006  7.419  -24.053  39.223 0.0000000000
64005  7.704  -24.011  38.370 0.0000000000
155528  4.222  -18.591  46.755 0.0000000000
69204  5.038  -19.410  46.082 0.0000000000
69224  4.507  -19.527  45.470 0.0000000000
69234  4.789  -20.011  44.821 0.0000000000
68140  5.172  -20.428  44.159 0.0000000000
68215  3.419  -20.736  41.426 0.0000000000
160449  4.059  -20.942  41.801 0.0000000000
67121  4.573  -21.373  40.326 0.0000000000
67140  5.917  -21.267  39.305 0.0000000000
67159  6.241  -21.343  38.468 0.0000000000
66087  7.378  -21.690  37.822 0.0000000000
66088  6.643  -21.541  37.735 0.0000000000
157038  6.185  -22.361  35.981 0.0000000000
151459  6.343  -22.767  35.496 0.0000000000
175229  5.918  -23.350  34.186 0.0000000000
65120  5.580  -22.691  35.023 0.0000000000
65121  4.625  -22.219  35.456 0.0000000000
65122  4.237  -22.125  35.272 0.0000000000
68279  2.249  -19.628  36.358 0.0000000000
67193  2.497  -20.800  35.846 0.0000000000
69358  2.418  -19.319  35.039 0.0000000000
68297  2.414  -19.828  34.546 0.0000000000
172057  2.657  -19.840  33.146 0.0000000000
79925  9.414  -9.972  45.318 0.0000000000
78879  8.738  -11.223  45.275 0.0000000000
77837  8.194  -11.787  44.798 0.0000000000
78885  8.725  -11.200  44.448 0.0000000000
77845  8.128  -11.817  43.853 0.0000000000
77846  7.603  -12.059  43.148 0.0000000000
77886  9.331  -12.161  40.050 0.0000000000
77887  8.668  -12.283  40.476 0.0000000000
76811  8.005  -12.505  40.827 0.0000000000
76826  7.765  -13.102  40.379 0.0000000000
75713  7.605  -13.872  39.900 0.0000000000
153220  6.529  -14.785  39.747 0.0000000000
74614  6.137  -15.307  39.502 0.0000000000
74613  6.835  -15.201  39.356 0.0000000000
73526  6.745  -16.232  38.327 0.0000000000
72485  6.625  -16.707  37.646 0.0000000000
67001  10.792  -21.393  56.696 0.0000000000
176168  10.420  -20.999  56.920 0.0000000000
68082  11.058  -20.731  56.292 0.0000000000
69127  10.738  -20.237  56.227 0.0000000000
70196  10.257  -18.776  54.720 0.0000000000
69151  14.758  -19.244  52.050 0.0000000000
68098  14.287  -19.914  52.450 0.0000000000
168931  14.032  -20.594  52.606 0.0000000000
67014  14.006  -20.531  52.966 0.0000000000
67017  13.724  -21.053  53.033 0.0000000000
64968  13.065  -22.244  52.943 0.0000000000
150928  12.685  -22.675  53.181 0.0000000000
62659  11.950  -23.839  52.831 0.0000000000
164655  12.600  -22.463  53.915 0.0000000000
64963  12.404  -22.362  54.465 0.0000000000
63838  12.056  -22.452  54.861 0.0000000000
158996  12.425  -21.601  55.046 0.0000000000
64961  11.887  -22.009  55.346 0.0000000000
156048  11.537  -21.670  55.861 0.0000000000
67005  11.279  -21.394  56.234 0.0000000000
77789  5.163  -12.734  50.853 0.0000000000
77793  4.923  -12.879  50.199 0.0000000000
77796  5.456  -12.232  49.885 0.0000000000
77801  5.526  -12.247  49.509 0.0000000000
79884  6.871  -10.689  50.313 0.0000000000
78847  6.492  -11.286  49.906 0.0000000000
179063  6.120  -11.735  49.651 0.0000000000
77800  5.983  -11.978  49.289 0.0000000000
77808  6.651  -11.712  48.944 0.0000000000
177758  7.188  -11.512  48.648 0.0000000000
61431  2.380  -25.459  47.486 0.0000000000
62707  2.952  -25.076  47.893 0.0000000000
63909  3.597  -24.744  48.227 0.0000000000
63896  4.333  -24.559  49.290 0.0000000000
64995  5.362  -24.139  49.697 0.0000000000
63885  5.453  -24.169  50.496 0.0000000000
64994  6.058  -23.855  49.900 0.0000000000
64983  6.909  -23.497  50.848 0.0000000000
64981  8.153  -22.669  51.420 0.0000000000
66003  8.422  -21.963  51.415 0.0000000000
71288  7.883  -17.925  57.035 0.0000000000
70184  7.347  -18.358  56.709 0.0000000000
71291  7.563  -17.361  56.771 0.0000000000
161051  7.218  -16.800  56.511 0.0000000000
73403  7.943  -15.728  56.349 0.0000000000
73404  7.434  -16.093  56.337 0.0000000000
72362  6.936  -16.380  55.968 0.0000000000
73406  7.130  -15.707  55.803 0.0000000000
73409  6.863  -15.508  55.150 0.0000000000
74474  6.308  -15.276  53.965 0.0000000000
75554  7.212  -14.683  54.957 0.0000000000
58235  6.639  -26.783  51.318 0.0000000000
58253  5.589  -27.152  50.374 0.0000000000
58245  5.518  -27.058  50.418 0.0000000000
58255  4.151  -27.222  49.944 0.0000000000
59238  5.363  -26.614  50.660 0.0000000000
58247  4.370  -27.227  49.651 0.0000000000
58256  4.017  -27.124  49.317 0.0000000000
58291  2.302  -27.389  48.030 0.0000000000
59272  2.448  -26.655  48.155 0.0000000000
60260  3.079  -26.286  49.024 0.0000000000
61417  2.685  -25.760  48.478 0.0000000000
61425  1.976  -26.070  47.821 0.0000000000
61424  2.184  -25.802  47.776 0.0000000000
65025  6.751  -22.440  45.815 0.0000000000
162768  6.571  -22.496  44.648 0.0000000000
65032  6.952  -22.312  45.092 0.0000000000
151813  7.524  -22.091  44.924 0.0000000000
66026  7.954  -21.936  44.358 0.0000000000
67038  8.810  -20.619  45.817 0.0000000000
66022  8.449  -21.217  44.695 0.0000000000
66034  8.098  -22.055  43.572 0.0000000000
66041  8.479  -21.537  43.184 0.0000000000
67070  8.476  -20.986  42.794 0.0000000000
177827  8.461  -21.017  42.172 0.0000000000
69236  3.697  -19.281  44.496 0.0000000000
70282  3.396  -18.960  44.187 0.0000000000
153678  3.208  -19.697  42.977 0.0000000000
70302  3.055  -18.392  42.001 0.0000000000
69268  3.062  -19.763  42.036 0.0000000000
68200  3.236  -20.297  41.822 0.0000000000
67102  3.342  -20.841  40.567 0.0000000000
155824  3.357  -21.045  39.823 0.0000000000
67162  3.421  -21.351  38.407 0.0000000000
66091  3.621  -21.675  37.812 0.0000000000
67163  2.998  -20.891  38.279 0.0000000000
166452  2.609  -20.418  37.921 0.0000000000
165243  2.390  -19.819  37.708 0.0000000000
165932  2.604  -18.738  38.813 0.0000000000
165129  2.417  -18.601  38.297 0.0000000000
69321  2.235  -19.224  37.105 0.0000000000
70364  2.308  -18.333  36.720 0.0000000000
71434  2.633  -17.797  36.396 0.0000000000
71453  3.233  -17.701  35.716 0.0000000000
178499  9.713  -13.565  38.747 0.0000000000
164119  8.585  -15.202  38.576 0.0000000000
74630  9.284  -14.870  38.202 0.0000000000
74660  10.478  -15.056  36.582 0.0000000000
59451  5.436  -26.817  35.062 0.0000000000
63849  7.113  -24.366  53.658 0.0000000000
63846  6.954  -24.116  54.033 0.0000000000
64960  8.633  -22.279  55.494 0.0000000000
65992  8.249  -21.623  55.704 0.0000000000
67006  7.907  -20.769  56.419 0.0000000000
69126  7.757  -18.936  57.138 0.0000000000
68077  9.573  -19.854  57.311 0.0000000000
69123  9.052  -19.427  57.468 0.0000000000
70181  8.735  -18.982  57.464 0.0000000000
70182  8.337  -18.416  57.275 0.0000000000
70183  7.903  -18.556  57.177 0.0000000000
171033  8.189  -17.722  57.032 0.0000000000
167555  8.750  -15.987  55.690 0.0000000000
69183  15.594  -19.450  47.391 0.0000000000
68114  15.271  -20.145  46.933 0.0000000000
68112  15.179  -20.109  47.644 0.0000000000
67030  14.888  -20.777  47.825 0.0000000000
168679  14.796  -20.731  48.454 0.0000000000
67031  14.418  -21.429  48.023 0.0000000000
65011  13.479  -22.661  47.423 0.0000000000
63906  13.024  -23.183  47.618 0.0000000000
67023  14.450  -20.639  51.004 0.0000000000
150919  14.173  -21.276  50.445 0.0000000000
172571  13.580  -22.132  51.112 0.0000000000
64991  13.066  -23.108  49.039 0.0000000000
63894  12.903  -23.329  48.295 0.0000000000
62705  12.539  -24.015  47.565 0.0000000000
60272  11.600  -25.540  48.627 0.0000000000
58265  8.288  -26.861  49.276 0.0000000000
58252  7.428  -27.139  50.310 0.0000000000
58243  7.471  -26.993  50.912 0.0000000000
150493  7.214  -27.022  51.114 0.0000000000
61364  11.385  -24.591  52.769 0.0000000000
61365  10.693  -25.032  53.166 0.0000000000
60228  10.457  -25.568  52.789 0.0000000000
169795  10.804  -24.296  54.357 0.0000000000
60220  10.034  -25.378  53.602 0.0000000000
59218  9.467  -26.083  52.751 0.0000000000
59219  8.893  -26.188  52.814 0.0000000000
58227  8.037  -26.648  52.052 0.0000000000
173470  7.076  -26.719  51.606 0.0000000000
58229  7.118  -26.645  51.786 0.0000000000
58221  6.917  -26.442  52.248 0.0000000000
157283  6.782  -26.243  52.606 0.0000000000
60207  8.389  -25.383  54.191 0.0000000000
60212  7.487  -25.735  53.568 0.0000000000
60213  6.916  -25.701  53.190 0.0000000000
61366  6.681  -25.267  53.093 0.0000000000
62653  6.513  -24.932  53.093 0.0000000000
173368  5.306  -18.424  49.861 0.0000000000
69172  4.957  -18.446  48.989 0.0000000000
69173  4.235  -18.204  48.842 0.0000000000
69179  4.057  -18.231  48.139 0.0000000000
71333  3.399  -17.289  49.472 0.0000000000
70238  3.569  -17.793  48.509 0.0000000000
69189  3.948  -18.273  47.512 0.0000000000
70260  3.858  -18.250  46.816 0.0000000000
71369  3.501  -17.962  46.285 0.0000000000
76680  4.611  -13.470  49.824 0.0000000000
76683  4.390  -13.905  49.567 0.0000000000
74509  4.021  -14.583  48.881 0.0000000000
75590  4.276  -14.262  48.548 0.0000000000
74520  3.946  -14.762  48.346 0.0000000000
74521  3.561  -15.286  48.233 0.0000000000
170866  3.155  -16.350  47.503 0.0000000000
72433  3.191  -17.089  46.319 0.0000000000
173993  3.307  -17.595  45.742 0.0000000000
165292  3.344  -17.637  45.018 0.0000000000
172852  3.395  -16.963  44.633 0.0000000000
72441  3.511  -16.728  43.998 0.0000000000
74567  3.993  -14.586  45.352 0.0000000000
74574  3.924  -15.255  44.030 0.0000000000
73482  3.793  -16.067  43.576 0.0000000000
74578  4.109  -15.378  43.141 0.0000000000
152498  4.397  -14.889  42.801 0.0000000000
74581  4.472  -15.097  42.070 0.0000000000
70212  12.760  -18.830  52.700 0.0000000000
175837  12.217  -18.514  52.198 0.0000000000
70218  12.105  -18.232  51.482 0.0000000000
177315  16.068  -18.904  47.196 0.0000000000
158699  21.301  -16.297  47.580 0.0000000000
71360  18.816  -17.435  47.578 0.0000000000
171201  16.593  -18.371  47.493 0.0000000000
69182  16.023  -18.807  47.870 0.0000000000
70226  16.596  -18.016  49.828 0.0000000000
69166  16.119  -18.576  49.452 0.0000000000
69156  15.662  -18.693  50.963 0.0000000000
72373  17.031  -16.445  50.841 0.0000000000
72374  16.548  -16.867  51.107 0.0000000000
72375  16.081  -16.997  51.340 0.0000000000
69150  15.247  -18.684  51.762 0.0000000000
70209  14.911  -18.832  52.062 0.0000000000
71303  14.566  -17.838  51.934 0.0000000000
70210  13.982  -18.519  52.264 0.0000000000
62746  2.277  -25.283  45.061 0.0000000000
62764  2.709  -25.077  44.405 0.0000000000
62763  3.080  -24.691  44.579 0.0000000000
63937  4.631  -23.361  44.875 0.0000000000
65034  5.433  -23.026  45.267 0.0000000000
166825  3.432  -24.691  47.394 0.0000000000
174070  3.894  -24.479  47.024 0.0000000000
65022  4.532  -24.179  47.095 0.0000000000
153942  5.657  -23.872  48.333 0.0000000000
65021  5.126  -23.640  46.895 0.0000000000
65027  5.207  -23.293  46.190 0.0000000000
65020  5.802  -23.143  46.751 0.0000000000
65026  6.009  -22.817  45.927 0.0000000000
65024  7.256  -22.376  46.657 0.0000000000
66018  7.990  -22.052  47.247 0.0000000000
66009  8.478  -21.686  48.600 0.0000000000
67032  8.681  -20.917  48.216 0.0000000000
68111  8.635  -20.239  48.783 0.0000000000
69176  8.271  -19.596  48.577 0.0000000000
69164  6.251  -18.632  49.871 0.0000000000
63852  7.417  -23.802  53.120 0.0000000000
171136  7.979  -23.194  53.284 0.0000000000
166286  8.306  -22.167  54.535 0.0000000000
64966  8.270  -22.560  52.946 0.0000000000
66000  8.358  -21.898  52.422 0.0000000000
69134  7.018  -19.296  55.698 0.0000000000
68093  7.095  -19.631  54.620 0.0000000000
69140  6.810  -19.156  54.829 0.0000000000
68096  7.418  -19.977  53.477 0.0000000000
171143  7.745  -20.398  53.009 0.0000000000
67022  7.945  -20.426  52.322 0.0000000000
69157  7.178  -19.233  51.180 0.0000000000
69158  6.615  -18.908  51.516 0.0000000000
151333  6.616  -18.804  50.700 0.0000000000
158392  5.843  -18.510  50.470 0.0000000000
70223  4.693  -18.157  50.260 0.0000000000
70224  4.289  -17.843  50.472 0.0000000000
72383  3.995  -17.221  50.828 0.0000000000
72372  4.625  -16.687  52.076 0.0000000000
73420  4.216  -16.226  51.480 0.0000000000
73428  3.843  -16.507  50.856 0.0000000000
74486  4.393  -14.965  51.238 0.0000000000
75562  4.603  -14.599  51.312 0.0000000000
75557  6.183  -14.856  53.584 0.0000000000
76671  6.153  -14.308  53.248 0.0000000000
76674  5.595  -13.938  52.311 0.0000000000
76677  5.291  -13.189  51.494 0.0000000000
161984  11.739  -18.707  52.709 0.0000000000
67035  14.956  -20.848  46.522 0.0000000000
163051  14.565  -21.486  46.162 0.0000000000
65023  13.883  -22.376  46.311 0.0000000000
57197  5.146  -27.291  49.654 0.0000000000
57204  4.778  -27.409  48.764 0.0000000000
57218  4.458  -27.586  47.902 0.0000000000
57240  4.221  -28.030  47.188 0.0000000000
62803  2.870  -25.401  42.523 0.0000000000
65052  6.200  -22.951  43.727 0.0000000000
63957  5.676  -23.239  43.214 0.0000000000
63981  5.274  -23.835  42.039 0.0000000000
63968  6.596  -23.392  42.323 0.0000000000
62799  5.448  -24.067  41.344 0.0000000000
62826  4.286  -24.701  40.450 0.0000000000
61541  4.157  -25.041  39.835 0.0000000000
62842  6.349  -25.099  38.552 0.0000000000
60471  5.750  -26.412  34.816 0.0000000000
159108  6.120  -19.109  47.552 0.0000000000
69186  6.868  -19.428  46.735 0.0000000000
153796  7.273  -19.621  45.791 0.0000000000
69222  6.593  -19.861  45.198 0.0000000000
69221  7.621  -19.816  45.059 0.0000000000
69243  7.660  -20.099  43.958 0.0000000000
68175  7.952  -20.372  42.774 0.0000000000
67084  8.291  -20.775  41.702 0.0000000000
69245  3.717  -19.846  44.000 0.0000000000
174037  4.624  -20.540  43.790 0.0000000000
68176  5.514  -20.746  42.854 0.0000000000
68214  4.929  -21.042  41.656 0.0000000000
68197  5.642  -20.839  42.143 0.0000000000
153647  6.281  -20.662  42.504 0.0000000000
68211  7.270  -20.478  41.588 0.0000000000
67085  7.897  -20.608  41.227 0.0000000000
173741  8.342  -21.247  40.327 0.0000000000
66073  8.395  -21.717  39.361 0.0000000000
179504  8.266  -22.764  38.564 0.0000000000
64013  7.845  -23.807  37.458 0.0000000000
66102  7.726  -22.225  37.593 0.0000000000
64020  7.740  -23.352  36.768 0.0000000000
62854  7.648  -24.316  36.437 0.0000000000
61624  7.344  -24.953  35.811 0.0000000000
61646  6.759  -25.374  34.941 0.0000000000
60484  5.646  -26.015  34.293 0.0000000000
61668  5.079  -25.604  33.680 0.0000000000
177369  4.500  -25.439  33.353 0.0000000000
62893  4.805  -24.938  33.239 0.0000000000
175053  3.689  -21.841  36.768 0.0000000000
66139  3.418  -21.754  35.933 0.0000000000
65130  3.619  -21.860  34.630 0.0000000000
66153  2.873  -21.122  35.008 0.0000000000
66164  3.162  -21.399  34.498 0.0000000000
65138  3.399  -21.758  33.822 0.0000000000
65151  3.191  -22.208  32.467 0.0000000000
79891  7.613  -10.380  49.216 0.0000000000
173157  7.724  -11.286  48.297 0.0000000000
78866  8.008  -11.571  47.488 0.0000000000
77815  7.350  -12.159  47.148 0.0000000000
77825  6.462  -12.749  46.264 0.0000000000
76743  5.760  -13.037  44.841 0.0000000000
77839  6.661  -12.580  44.428 0.0000000000
76744  5.138  -13.354  44.417 0.0000000000
76782  5.065  -13.533  43.154 0.0000000000
75673  4.840  -14.027  42.854 0.0000000000
170963  4.713  -14.753  41.882 0.0000000000
78900  7.889  -11.947  42.652 0.0000000000
77865  6.737  -12.692  42.505 0.0000000000
76812  7.288  -12.851  41.179 0.0000000000
76797  6.972  -12.696  41.934 0.0000000000
76798  6.285  -12.943  42.194 0.0000000000
76799  5.635  -13.280  42.129 0.0000000000
74587  4.965  -14.607  41.314 0.0000000000
74588  4.534  -15.313  41.271 0.0000000000
74599  4.462  -15.771  40.551 0.0000000000
73512  4.267  -16.402  39.332 0.0000000000
72474  4.416  -16.536  38.559 0.0000000000
73510  5.681  -15.855  39.033 0.0000000000
157218  3.807  -16.871  37.828 0.0000000000
172989  3.623  -17.075  37.086 0.0000000000
72506  3.856  -17.202  36.614 0.0000000000
71452  3.689  -17.586  35.612 0.0000000000
73524  8.219  -15.794  38.416 0.0000000000
73541  7.349  -16.521  37.840 0.0000000000
71430  4.925  -17.480  36.197 0.0000000000
168217  3.643  -18.128  34.663 0.0000000000
58220  7.415  -26.447  52.524 0.0000000000
58226  8.581  -26.665  51.893 0.0000000000
58228  7.492  -26.609  52.068 0.0000000000
58234  7.616  -26.790  51.490 0.0000000000
58236  6.254  -26.897  51.015 0.0000000000
58241  8.632  -26.781  51.311 0.0000000000
58244  5.959  -27.047  50.713 0.0000000000
58246  4.915  -27.034  50.049 0.0000000000
58250  8.586  -26.795  50.689 0.0000000000
58264  8.577  -26.747  49.948 0.0000000000
59201  7.768  -25.685  53.963 0.0000000000
59209  7.132  -26.065  53.132 0.0000000000
59210  6.645  -25.989  52.884 0.0000000000
59220  8.283  -26.261  53.092 0.0000000000
59222  7.332  -26.296  52.859 0.0000000000
59223  6.205  -25.854  52.571 0.0000000000
59230  8.409  -26.478  52.504 0.0000000000
59231  5.888  -26.394  51.374 0.0000000000
59246  4.691  -26.720  50.074 0.0000000000
59462  4.891  -27.000  34.789 0.0000000000
60204  9.504  -25.115  54.529 0.0000000000
60206  8.755  -25.414  54.217 0.0000000000
60208  7.878  -25.278  54.061 0.0000000000
60210  9.060  -25.680  53.852 0.0000000000
60211  8.810  -25.900  53.757 0.0000000000
60222  9.142  -25.877  53.347 0.0000000000
60223  6.408  -25.707  52.791 0.0000000000
60229  10.183  -25.994  52.405 0.0000000000
60230  5.231  -25.619  51.249 0.0000000000
60273  11.038  -25.749  49.118 0.0000000000
60291  1.226  -26.367  46.944 0.0000000000
60434  7.106  -25.402  36.128 0.0000000000
60453  5.978  -26.439  35.356 0.0000000000
60470  6.249  -25.991  34.877 0.0000000000
61348  9.699  -24.703  54.963 0.0000000000
61351  8.280  -24.567  54.541 0.0000000000
61352  10.302  -24.663  54.648 0.0000000000
61353  9.924  -24.865  54.781 0.0000000000
61355  8.760  -25.068  54.502 0.0000000000
61356  8.191  -24.769  54.609 0.0000000000
61358  7.609  -24.809  53.960 0.0000000000
61367  6.203  -25.279  52.638 0.0000000000
61373  11.601  -25.022  51.954 0.0000000000
61409  3.445  -25.689  49.396 0.0000000000
61416  11.866  -25.221  48.937 0.0000000000
61464  1.755  -25.709  44.872 0.0000000000
61509  2.889  -25.508  41.825 0.0000000000
61560  5.665  -25.206  38.695 0.0000000000
61591  7.048  -25.400  36.762 0.0000000000
61625  7.080  -25.282  35.511 0.0000000000
61667  5.773  -25.418  33.970 0.0000000000
62637  10.487  -23.809  55.316 0.0000000000
62640  9.207  -24.128  55.118 0.0000000000
62643  10.683  -24.078  54.973 0.0000000000
62648  7.418  -24.395  53.889 0.0000000000
62651  11.531  -23.912  53.499 0.0000000000
62663  4.985  -25.252  51.441 0.0000000000
62672  5.002  -24.802  51.534 0.0000000000
62690  3.459  -25.446  49.471 0.0000000000
62700  2.754  -25.367  48.209 0.0000000000
62715  2.843  -24.954  47.031 0.0000000000
62775  3.044  -24.689  43.898 0.0000000000
62864  7.486  -24.433  35.848 0.0000000000
62873  6.556  -24.791  34.435 0.0000000000
63836  8.902  -23.508  54.975 0.0000000000
63844  11.742  -23.391  54.211 0.0000000000
63847  12.283  -23.091  53.373 0.0000000000
63848  7.852  -23.630  53.851 0.0000000000
63850  6.470  -24.578  52.903 0.0000000000
63863  5.687  -24.145  51.714 0.0000000000
63876  5.767  -23.954  50.894 0.0000000000
63895  4.803  -24.371  49.517 0.0000000000
63920  3.962  -24.306  46.422 0.0000000000
63921  3.360  -24.629  46.636 0.0000000000
63931  13.436  -23.232  45.774 0.0000000000
63959  4.050  -23.760  43.770 0.0000000000
63980  6.032  -23.745  41.839 0.0000000000
63982  4.401  -23.971  42.237 0.0000000000
63990  6.913  -23.808  40.825 0.0000000000
64028  7.150  -23.306  35.665 0.0000000000
64955  9.847  -22.363  56.670 0.0000000000
64957  8.793  -22.291  56.076 0.0000000000
65016  4.692  -24.330  47.947 0.0000000000
65017  13.626  -22.557  46.835 0.0000000000
65031  7.549  -22.099  45.686 0.0000000000
65040  7.144  -22.378  44.373 0.0000000000
65042  5.981  -22.807  44.478 0.0000000000
65050  7.677  -22.595  43.212 0.0000000000
65066  8.442  -22.193  41.237 0.0000000000
65076  8.499  -22.171  40.425 0.0000000000
65084  8.249  -22.854  40.073 0.0000000000
65089  8.319  -22.106  38.790 0.0000000000
65090  8.086  -23.227  38.090 0.0000000000
65097  8.140  -22.466  38.092 0.0000000000
65103  7.485  -22.617  36.785 0.0000000000
65112  5.264  -22.269  35.754 0.0000000000
65128  4.864  -22.506  34.648 0.0000000000
65129  4.140  -22.170  34.667 0.0000000000
65991  11.029  -21.731  56.353 0.0000000000
65999  13.464  -21.760  52.622 0.0000000000
66019  8.528  -21.162  45.456 0.0000000000
66033  8.427  -21.381  43.928 0.0000000000
66042  8.232  -22.179  42.837 0.0000000000
66049  8.549  -21.421  41.605 0.0000000000
66063  8.512  -21.583  39.993 0.0000000000
66104  6.085  -21.825  37.070 0.0000000000
66107  3.472  -21.682  37.177 0.0000000000
66108  3.091  -21.386  37.003 0.0000000000
66120  6.656  -22.202  36.517 0.0000000000
66122  4.760  -22.024  36.327 0.0000000000
66123  3.391  -21.689  36.590 0.0000000000
66138  3.986  -21.986  35.774 0.0000000000
66140  2.933  -21.304  35.651 0.0000000000
66151  3.769  -21.928  35.332 0.0000000000
67002  9.631  -21.115  57.376 0.0000000000
67009  12.141  -21.153  55.409 0.0000000000
67029  8.679  -21.034  49.143 0.0000000000
67036  8.799  -20.731  46.556 0.0000000000
67097  7.889  -20.895  40.408 0.0000000000
67099  6.404  -20.922  40.689 0.0000000000
67101  4.085  -21.160  41.032 0.0000000000
67120  5.654  -21.219  40.135 0.0000000000
67122  3.953  -21.432  39.766 0.0000000000
67138  7.738  -21.311  38.988 0.0000000000
67142  3.585  -21.388  39.159 0.0000000000
67143  3.227  -20.975  39.053 0.0000000000
67144  2.989  -20.545  38.926 0.0000000000
67158  7.208  -21.353  38.362 0.0000000000
67209  2.598  -20.833  35.308 0.0000000000
68154  8.421  -20.440  43.911 0.0000000000
68155  8.096  -20.255  43.539 0.0000000000
68158  3.903  -20.331  43.635 0.0000000000
68159  3.474  -20.029  43.334 0.0000000000
68194  8.292  -20.627  42.398 0.0000000000
68196  6.518  -20.645  41.889 0.0000000000
68216  3.204  -20.374  41.026 0.0000000000
68217  3.083  -19.968  40.669 0.0000000000
68254  2.559  -19.828  38.331 0.0000000000
68289  2.398  -20.218  35.197 0.0000000000
69144  6.687  -19.052  54.031 0.0000000000
69149  5.581  -18.313  52.020 0.0000000000
69165  4.485  -18.213  49.558 0.0000000000
69178  4.627  -18.520  48.208 0.0000000000
69184  8.030  -19.478  47.774 0.0000000000
69205  4.398  -19.021  46.064 0.0000000000
69220  8.261  -19.952  44.921 0.0000000000
69235  4.053  -19.565  44.821 0.0000000000
69244  6.878  -20.223  43.811 0.0000000000
69269  3.047  -19.560  41.121 0.0000000000
69336  2.257  -18.834  36.322 0.0000000000
69370  2.656  -19.197  34.310 0.0000000000
70192  6.492  -18.104  55.184 0.0000000000
70221  4.540  -17.844  51.106 0.0000000000
70228  3.903  -17.712  49.874 0.0000000000
70232  3.632  -17.687  49.277 0.0000000000
70237  3.788  -18.048  48.129 0.0000000000
70276  3.600  -18.729  44.950 0.0000000000
70290  3.186  -19.089  43.381 0.0000000000
70318  2.998  -18.944  40.717 0.0000000000
70339  2.799  -18.552  39.206 0.0000000000
70373  2.506  -18.251  35.990 0.0000000000
70387  3.127  -18.302  34.963 0.0000000000
71289  7.621  -18.080  56.906 0.0000000000
71350  3.258  -17.379  48.097 0.0000000000
71376  3.484  -18.186  45.401 0.0000000000
71392  3.059  -18.427  40.307 0.0000000000
71400  3.110  -17.732  39.427 0.0000000000
71407  2.920  -17.726  38.759 0.0000000000
71413  2.458  -18.034  37.929 0.0000000000
71420  2.870  -17.513  36.842 0.0000000000
71432  3.467  -17.411  36.121 0.0000000000
71433  3.038  -17.570  36.223 0.0000000000
71454  2.876  -17.868  35.822 0.0000000000
71473  3.934  -17.841  35.111 0.0000000000
72378  4.227  -16.937  51.388 0.0000000000
72393  3.379  -16.877  49.852 0.0000000000
72394  20.849  -16.326  47.879 0.0000000000
72395  20.344  -16.451  48.216 0.0000000000
72397  19.203  -16.603  48.769 0.0000000000
72403  3.222  -16.765  49.277 0.0000000000
72427  3.167  -16.617  46.980 0.0000000000
72445  3.623  -16.859  42.151 0.0000000000
72448  3.822  -16.617  40.849 0.0000000000
72473  5.555  -16.645  37.917 0.0000000000
72490  2.774  -17.583  37.596 0.0000000000
72505  4.640  -17.209  36.694 0.0000000000
73407  6.680  -16.026  55.229 0.0000000000
73430  20.199  -15.907  48.645 0.0000000000
73440  20.901  -15.852  47.951 0.0000000000
73457  3.284  -15.835  47.818 0.0000000000
73485  4.212  -15.536  42.341 0.0000000000
73527  5.987  -16.245  38.443 0.0000000000
73540  8.138  -16.302  37.984 0.0000000000
74473  6.808  -15.172  54.716 0.0000000000
74481  5.232  -15.189  52.471 0.0000000000
74493  3.572  -15.596  50.071 0.0000000000
74494  20.076  -15.218  48.817 0.0000000000
74502  3.507  -15.301  49.424 0.0000000000
74510  3.730  -14.990  48.854 0.0000000000
74533  3.626  -15.325  47.516 0.0000000000
74556  3.983  -14.736  46.289 0.0000000000
74573  4.068  -14.586  44.427 0.0000000000
74612  7.515  -15.021  39.247 0.0000000000
74645  9.991  -14.499  37.847 0.0000000000
75563  4.326  -14.602  50.748 0.0000000000
75578  4.201  -14.264  49.215 0.0000000000
75627  4.473  -13.920  44.947 0.0000000000
75628  4.265  -14.233  45.686 0.0000000000
75657  4.736  -13.932  43.534 0.0000000000
75658  4.390  -14.219  43.939 0.0000000000
75688  5.257  -13.860  41.760 0.0000000000
75689  4.909  -14.231  42.160 0.0000000000
75690  4.665  -14.544  42.512 0.0000000000
76697  5.064  -13.331  48.123 0.0000000000
76718  5.285  -13.373  46.212 0.0000000000
76728  5.645  -13.114  45.564 0.0000000000
76762  5.317  -13.256  43.588 0.0000000000
76824  9.572  -12.709  39.492 0.0000000000
76825  8.358  -12.788  40.211 0.0000000000
77831  7.423  -12.232  45.155 0.0000000000
77853  7.202  -12.346  42.770 0.0000000000
77876  7.699  -12.317  41.591 0.0000000000
78914  8.702  -11.420  41.446 0.0000000000
79900  8.085  -10.647  48.564 0.0000000000
79933  9.174  -10.564  44.203 0.0000000000
79951  8.464  -11.384  42.515 0.0000000000
149674  13.048  -23.182  50.028 0.0000000000
149950  3.738  -16.806  38.749 0.0000000000
151765  12.164  -22.893  54.055 0.0000000000
152841  12.692  -23.676  47.960 0.0000000000
152927  6.720  -12.573  46.809 0.0000000000
153119  6.370  -27.007  50.938 0.0000000000
154099  2.307  -19.914  35.721 0.0000000000
154754  4.212  -17.600  50.783 0.0000000000
154767  10.403  -24.827  53.962 0.0000000000
155110  8.715  -20.611  45.065 0.0000000000
155223  5.430  -20.650  43.547 0.0000000000
156876  2.381  -20.296  37.113 0.0000000000
156931  10.311  -23.567  55.489 0.0000000000
157527  6.105  -24.952  33.998 0.0000000000
157718  2.786  -20.982  37.471 0.0000000000
157747  8.212  -18.985  57.463 0.0000000000
158105  11.645  -22.635  55.185 0.0000000000
158280  3.177  -16.093  49.020 0.0000000000
158317  4.711  -18.971  46.747 0.0000000000
159255  2.725  -24.951  44.954 0.0000000000
159351  8.938  -12.778  39.883 0.0000000000
159454  5.038  -23.992  47.513 0.0000000000
160820  4.164  -21.919  36.599 0.0000000000
162142  20.501  -15.656  48.355 0.0000000000
162673  9.480  -25.399  54.061 0.0000000000
162994  9.871  -25.753  53.095 0.0000000000
164258  3.092  -18.438  42.893 0.0000000000
164419  8.305  -21.020  40.976 0.0000000000
165350  7.730  -23.957  36.758 0.0000000000
166153  3.128  -17.040  47.467 0.0000000000
167139  3.195  -15.954  48.430 0.0000000000
167140  3.565  -16.068  44.587 0.0000000000
167141  3.292  -16.745  45.466 0.0000000000
167145  2.341  -19.187  37.979 0.0000000000
167274  7.225  -12.262  43.725 0.0000000000
167896  2.604  -25.818  48.514 0.0000000000
168243  8.560  -21.569  42.447 0.0000000000
170136  8.225  -26.111  53.663 0.0000000000
170323  9.493  -25.807  53.235 0.0000000000
171268  3.182  -20.692  40.079 0.0000000000
171489  1.114  -26.219  46.109 0.0000000000
171761  19.804  -17.121  47.942 0.0000000000
171768  9.437  -10.009  44.652 0.0000000000
171838  5.387  -13.304  42.719 0.0000000000
171884  8.030  -23.417  38.848 0.0000000000
172355  3.094  -17.984  35.415 0.0000000000
172366  12.231  -24.377  51.196 0.0000000000
172874  4.552  -13.616  50.293 0.0000000000
173400  13.683  -22.556  46.491 0.0000000000
173513  7.089  -11.924  48.139 0.0000000000
173601  10.666  -23.206  55.620 0.0000000000
173830  7.859  -19.965  44.514 0.0000000000
173835  10.221  -22.615  56.159 0.0000000000
174183  8.042  -27.002  50.503 0.0000000000
174271  2.812  -20.335  38.514 0.0000000000
175253  5.639  -17.596  36.204 0.0000000000
175288  7.171  -20.379  42.423 0.0000000000
175678  2.912  -21.051  33.620 0.0000000000
175705  2.513  -19.646  34.116 0.0000000000
175941  14.224  -21.926  46.404 0.0000000000
176930  11.046  -25.744  51.489 0.0000000000
177260  2.590  -18.751  35.202 0.0000000000
177273  3.709  -15.873  50.554 0.0000000000
177352  5.857  -26.660  51.258 0.0000000000
179007  8.452  -22.173  39.244 0.0000000000
179095  3.993  -24.835  49.688 0.0000000000
