#!ascii label  , from subject sub-v2s13x29096_ses-1 vox2ras=TkReg
1018
10624  31.700  -62.867  -25.130 0.3000000119
18990  25.752  -55.103  -25.659 0.6000000238
22662  28.079  -50.711  -25.141 0.6999999881
23532  28.456  -50.058  -24.426 0.6999999881
10608  31.387  -62.650  -24.237 0.4000000060
14428  27.453  -59.666  -26.508 0.4000000060
12037  32.323  -61.523  -24.617 0.5000000000
12036  32.823  -61.200  -25.356 0.5000000000
19910  26.532  -53.520  -25.686 0.6999999881
19909  27.011  -53.299  -25.917 0.5000000000
22673  28.011  -51.697  -26.343 0.6000000238
22668  28.338  -51.153  -26.236 0.6000000238
23540  29.415  -50.346  -26.135 0.6999999881
23531  29.087  -49.771  -25.025 0.6999999881
12025  31.382  -61.309  -23.479 0.5000000000
14439  27.767  -59.505  -27.068 0.4000000060
12811  31.935  -60.917  -24.120 0.6000000238
139356  26.253  -58.337  -26.662 0.4000000060
16119  26.003  -57.346  -26.150 0.5000000000
14426  31.540  -59.026  -25.273 0.6000000238
16133  25.500  -57.819  -26.189 0.6000000238
141235  26.360  -56.230  -25.339 0.6000000238
146167  32.041  -59.655  -24.893 0.6000000238
18989  26.666  -54.661  -24.858 0.6000000238
20843  27.514  -52.796  -26.138 0.6000000238
20845  27.994  -52.310  -26.319 0.6000000238
22670  30.559  -50.440  -26.276 0.6999999881
22667  29.009  -51.020  -26.390 0.6999999881
23539  30.206  -49.996  -26.247 0.6999999881
24431  29.798  -48.576  -24.922 0.6999999881
25386  31.174  -48.883  -26.449 0.6999999881
24434  30.575  -49.134  -26.131 0.6999999881
25387  30.638  -48.323  -25.933 0.6999999881
25389  31.702  -48.510  -26.843 0.6999999881
12812  31.222  -60.577  -23.725 0.5000000000
13601  29.896  -59.703  -24.542 0.5000000000
13611  28.742  -59.763  -25.823 0.5000000000
15259  27.071  -58.978  -27.022 0.4000000060
13609  30.763  -59.323  -24.929 0.5000000000
16118  27.272  -57.302  -25.431 0.5000000000
150415  27.271  -55.798  -24.086 0.6000000238
14436  31.945  -58.433  -25.865 0.6000000238
14437  31.136  -58.136  -26.354 0.5000000000
15270  30.797  -57.558  -26.816 0.5000000000
19902  27.072  -53.776  -25.247 0.6999999881
20842  28.077  -52.698  -25.918 0.6000000238
19000  26.395  -54.013  -25.636 0.6999999881
21763  29.635  -51.452  -26.155 0.6000000238
20841  28.516  -52.287  -26.087 0.6000000238
22671  30.000  -50.903  -26.231 0.6000000238
21767  29.250  -51.261  -26.401 0.6000000238
23545  31.980  -49.774  -26.433 0.6000000238
24433  31.166  -49.808  -26.395 0.6999999881
26445  30.379  -47.555  -25.629 0.6999999881
24436  32.492  -49.423  -26.661 0.6000000238
26444  30.929  -47.920  -26.257 0.6999999881
26449  31.376  -47.498  -26.712 0.6999999881
24437  31.930  -49.305  -26.661 0.6999999881
15258  28.006  -58.638  -26.981 0.4000000060
13600  30.858  -59.908  -24.108 0.5000000000
13619  28.487  -59.466  -26.821 0.4000000060
16132  27.604  -58.039  -26.201 0.5000000000
133472  27.206  -56.488  -24.691 0.6000000238
13610  29.670  -59.224  -26.166 0.4000000060
18015  26.956  -55.362  -24.259 0.6000000238
140572  30.089  -58.372  -26.763 0.4000000060
16145  29.659  -57.846  -26.800 0.4000000060
15271  29.716  -58.051  -26.870 0.4000000060
16130  29.929  -57.259  -26.024 0.4000000060
19891  27.438  -54.070  -23.705 0.6999999881
147469  28.112  -52.914  -25.043 0.6000000238
20837  28.615  -52.491  -25.319 0.6000000238
22665  30.843  -50.610  -26.096 0.6000000238
21764  29.102  -52.002  -25.786 0.6000000238
23542  32.120  -50.001  -25.941 0.6000000238
141366  30.649  -46.898  -25.998 0.6999999881
27554  31.934  -47.131  -27.177 0.6999999881
25390  33.404  -48.602  -27.747 0.6000000238
26448  32.309  -48.166  -27.359 0.6000000238
15272  28.786  -58.577  -27.082 0.4000000060
16117  28.425  -57.175  -24.949 0.4000000060
18003  27.642  -55.226  -23.349 0.6999999881
16116  29.423  -57.006  -24.843 0.4000000060
18978  27.434  -54.665  -23.440 0.8000000119
16129  30.785  -56.870  -25.806 0.5000000000
19901  27.776  -53.323  -24.089 0.6999999881
21760  29.097  -52.083  -24.530 0.6000000238
22660  31.058  -50.789  -25.154 0.5000000000
21759  29.725  -51.652  -25.154 0.6000000238
27551  30.317  -46.215  -25.577 0.6999999881
25385  33.691  -48.817  -26.282 0.6000000238
24432  32.628  -49.607  -26.233 0.6000000238
143728  31.181  -46.549  -26.544 0.8000000119
27555  31.180  -45.750  -26.527 0.8000000119
24435  33.102  -49.213  -26.623 0.6000000238
25388  33.713  -48.864  -27.222 0.6000000238
17019  28.696  -55.950  -23.283 0.5000000000
17020  27.895  -55.850  -23.597 0.6000000238
17033  29.060  -56.494  -23.935 0.5000000000
17017  30.422  -56.016  -23.217 0.6999999881
17032  29.933  -56.464  -23.925 0.4000000060
19890  27.955  -53.473  -22.830 0.6999999881
20838  28.426  -52.618  -24.084 0.6999999881
22661  30.345  -51.145  -24.655 0.6000000238
23530  31.645  -50.321  -24.408 0.6000000238
28608  30.698  -45.239  -26.027 0.6000000238
24429  32.643  -49.496  -25.343 0.6000000238
27558  32.497  -46.719  -27.620 0.6999999881
147923  31.681  -46.300  -26.971 0.6999999881
25384  34.549  -48.572  -27.188 0.6999999881
26447  34.390  -48.574  -27.849 0.6999999881
27557  33.839  -47.466  -28.445 0.6999999881
18001  29.162  -55.450  -22.657 0.5000000000
18002  28.331  -55.320  -22.864 0.6000000238
17985  30.457  -55.052  -22.030 0.6999999881
17018  29.565  -55.992  -23.193 0.6000000238
18967  27.826  -54.065  -22.660 0.6999999881
17999  30.870  -55.488  -22.605 0.6999999881
17016  31.273  -55.936  -23.270 0.6999999881
20829  28.305  -52.793  -22.979 0.6999999881
22650  31.040  -50.634  -23.877 0.5000000000
21750  29.627  -51.509  -23.706 0.6000000238
29631  30.326  -44.790  -25.525 0.5000000000
24421  32.277  -49.204  -24.281 0.6000000238
29640  31.246  -44.973  -26.537 0.6000000238
29630  30.745  -44.471  -25.993 0.5000000000
25380  33.058  -48.885  -25.360 0.6000000238
140218  32.118  -49.921  -24.880 0.6000000238
28617  32.995  -46.326  -28.042 0.6000000238
29639  31.969  -44.717  -27.087 0.5000000000
29638  32.907  -44.494  -27.664 0.5000000000
27549  34.462  -47.457  -25.968 0.6999999881
26443  34.247  -48.169  -26.223 0.6999999881
28611  36.044  -47.579  -27.676 0.6999999881
27556  35.321  -47.617  -28.681 0.6999999881
29647  35.815  -46.066  -28.921 0.5000000000
27548  35.186  -48.027  -27.141 0.6999999881
28614  36.907  -47.256  -28.557 0.6000000238
18977  27.978  -54.662  -22.635 0.6000000238
17986  29.594  -55.025  -22.080 0.6999999881
17987  28.687  -54.878  -22.191 0.6000000238
18948  30.356  -54.200  -21.159 0.6999999881
19879  28.172  -53.593  -22.212 0.6999999881
21751  29.289  -51.643  -22.537 0.6999999881
20818  28.777  -52.328  -22.202 0.6999999881
22651  30.295  -50.915  -23.289 0.6000000238
30602  30.798  -43.686  -25.905 0.4000000060
23521  31.413  -49.970  -23.329 0.5000000000
30609  32.011  -43.788  -26.926 0.4000000060
27544  33.732  -47.466  -25.248 0.6000000238
25381  32.768  -48.303  -24.560 0.6000000238
29648  34.226  -45.638  -28.719 0.5000000000
28615  35.687  -46.964  -28.935 0.5000000000
30615  35.582  -44.874  -28.780 0.4000000060
28606  34.938  -46.784  -26.227 0.6000000238
28605  35.986  -46.700  -26.936 0.6999999881
28610  36.588  -47.321  -28.081 0.6000000238
29636  37.310  -46.140  -27.843 0.5000000000
18949  29.721  -54.095  -21.199 0.6000000238
18950  29.029  -53.823  -21.370 0.6999999881
19870  28.549  -53.413  -21.714 0.6999999881
19867  30.974  -53.916  -20.839 0.6999999881
19868  30.216  -53.731  -20.807 0.6999999881
20808  28.676  -52.831  -21.687 0.6000000238
21744  29.260  -51.782  -21.668 0.6000000238
24413  31.424  -49.256  -22.993 0.6000000238
23522  30.838  -50.320  -22.816 0.5000000000
24422  31.878  -49.591  -23.807 0.6000000238
26440  32.943  -47.504  -24.536 0.6000000238
25373  32.235  -48.466  -23.948 0.6000000238
133564  34.033  -44.307  -28.322 0.4000000060
30608  32.809  -43.443  -27.381 0.4000000060
28607  33.850  -46.527  -25.248 0.6000000238
138763  34.416  -43.343  -28.230 0.4000000060
29627  36.476  -45.496  -26.734 0.5000000000
19869  29.574  -53.478  -20.925 0.6999999881
141875  29.013  -53.123  -21.222 0.6000000238
20795  30.302  -52.626  -20.128 0.6999999881
21736  29.466  -51.976  -20.934 0.6000000238
20794  31.071  -52.764  -19.899 0.6999999881
22647  29.687  -51.202  -21.944 0.5000000000
25366  31.229  -48.468  -22.756 0.6000000238
23518  30.935  -49.657  -22.522 0.6000000238
24412  31.824  -48.837  -23.455 0.6000000238
26427  32.145  -47.518  -23.797 0.5000000000
27545  33.040  -46.556  -24.598 0.6000000238
29629  34.748  -45.588  -25.745 0.6000000238
29628  35.646  -45.552  -26.283 0.5000000000
21724  30.114  -51.546  -20.063 0.6999999881
22628  29.985  -50.993  -20.486 0.6999999881
22638  30.003  -50.662  -21.358 0.6000000238
24407  30.789  -48.917  -22.259 0.5000000000
26428  31.399  -47.127  -23.006 0.6000000238
26421  31.017  -47.657  -22.542 0.6000000238
137339  31.981  -45.955  -23.676 0.6000000238
28601  33.076  -45.659  -24.636 0.6000000238
17053  32.173  -56.370  -26.379 0.5000000000
17030  31.692  -56.189  -24.083 0.5000000000
17028  33.394  -55.742  -24.562 0.5000000000
17029  32.604  -55.936  -24.129 0.5000000000
17998  31.722  -55.411  -22.667 0.6999999881
17982  32.996  -54.800  -22.390 0.6999999881
138825  32.521  -55.270  -22.794 0.5000000000
17997  33.225  -55.112  -23.010 0.5000000000
17984  31.358  -54.976  -22.007 0.6999999881
17983  32.221  -54.935  -22.206 0.6999999881
150301  31.434  -54.604  -21.596 0.6999999881
10640  31.909  -62.896  -26.346 0.3000000119
23541  28.730  -50.531  -25.807 0.6999999881
20846  27.486  -52.471  -26.217 0.6000000238
140635  29.691  -49.464  -25.465 0.6999999881
26441  30.008  -47.371  -24.982 0.6999999881
17031  30.820  -56.478  -24.184 0.6000000238
23538  31.602  -50.410  -25.636 0.6000000238
26451  33.975  -48.246  -28.120 0.6999999881
28616  34.176  -46.637  -28.820 0.6999999881
28612  32.949  -45.498  -27.893 0.6000000238
27553  35.764  -48.085  -28.152 0.6999999881
30610  31.300  -44.137  -26.460 0.5000000000
31545  31.366  -43.290  -26.327 0.5000000000
29646  37.193  -46.535  -28.542 0.5000000000
22646  30.181  -50.709  -22.315 0.5000000000
21725  29.876  -52.081  -20.337 0.6999999881
23519  30.394  -50.093  -21.967 0.5000000000
28600  33.868  -45.604  -25.181 0.6000000238
22639  29.684  -51.370  -21.152 0.6000000238
27531  31.732  -46.495  -23.403 0.6000000238
146524  30.049  -50.344  -20.626 0.5000000000
126205  34.191  -54.102  -22.254 0.6000000238
21733  37.067  -51.410  -21.656 0.6000000238
22636  37.366  -49.244  -22.063 0.4000000060
20805  35.310  -52.478  -21.309 0.5000000000
18960  33.455  -54.275  -21.999 0.6000000238
16134  25.020  -57.428  -26.054 0.5000000000
23517  37.912  -49.125  -22.353 0.4000000060
17035  25.508  -56.072  -25.871 0.5000000000
19001  25.301  -55.295  -25.623 0.5000000000
20817  35.878  -52.586  -21.801 0.5000000000
148172  37.936  -48.613  -21.232 0.4000000060
18026  25.230  -55.912  -25.838 0.5000000000
19911  25.836  -53.760  -25.478 0.5000000000
21734  36.352  -51.201  -21.041 0.6000000238
125811  25.870  -54.375  -25.582 0.5000000000
19863  34.633  -53.057  -21.500 0.5000000000
18961  32.690  -54.457  -21.818 0.6000000238
131412  38.378  -49.803  -19.359 0.4000000060
22609  38.902  -50.340  -19.244 0.4000000060
22637  36.950  -50.263  -21.522 0.4000000060
19892  24.990  -53.624  -23.998 0.5000000000
21721  35.616  -51.726  -20.852 0.5000000000
143266  25.278  -53.920  -24.885 0.5000000000
20830  25.746  -52.461  -23.661 0.5000000000
20807  34.033  -52.927  -20.993 0.6000000238
19864  33.347  -53.339  -20.942 0.6000000238
18962  31.939  -54.573  -21.688 0.6000000238
21766  27.108  -52.347  -26.056 0.5000000000
22664  26.702  -51.364  -23.853 0.5000000000
141074  26.176  -51.438  -23.099 0.4000000060
20790  34.220  -52.334  -20.482 0.5000000000
20789  34.920  -52.066  -20.637 0.5000000000
20791  33.436  -52.686  -20.335 0.6000000238
20792  32.618  -52.745  -19.997 0.6000000238
19865  32.623  -53.629  -20.861 0.6000000238
20793  31.836  -52.789  -19.868 0.6000000238
19866  31.842  -53.793  -20.783 0.6000000238
24401  37.335  -48.427  -21.495 0.4000000060
23485  38.250  -49.052  -20.347 0.4000000060
23533  27.812  -50.336  -23.770 0.5000000000
22653  27.107  -50.590  -23.284 0.5000000000
23526  25.988  -50.356  -22.877 0.4000000060
22663  27.419  -50.975  -24.495 0.6000000238
22655  25.804  -51.146  -22.869 0.4000000060
143243  35.174  -51.347  -20.345 0.6000000238
22610  33.988  -51.299  -19.615 0.6000000238
20770  33.048  -52.177  -19.691 0.6000000238
20771  32.264  -52.243  -19.494 0.6000000238
22594  38.489  -50.436  -18.606 0.4000000060
23524  27.435  -49.890  -22.906 0.5000000000
129158  26.990  -49.359  -22.547 0.4000000060
24418  25.587  -48.843  -23.372 0.4000000060
135191  36.039  -49.586  -20.878 0.6000000238
24402  36.783  -48.325  -21.473 0.4000000060
147694  34.890  -49.955  -19.944 0.6000000238
22625  36.236  -50.336  -20.929 0.6000000238
21722  34.463  -51.679  -20.112 0.5000000000
22611  33.309  -50.925  -19.232 0.6000000238
135466  34.156  -50.470  -19.511 0.5000000000
20772  31.482  -52.236  -19.462 0.6000000238
22579  38.876  -50.932  -17.976 0.4000000060
24383  37.623  -48.468  -20.570 0.4000000060
23523  28.153  -49.701  -23.225 0.6000000238
24410  27.292  -48.615  -22.417 0.5000000000
24419  24.682  -48.988  -23.887 0.5000000000
24394  36.298  -48.021  -20.951 0.4000000060
24393  36.914  -47.979  -20.838 0.4000000060
24395  35.670  -48.291  -20.727 0.5000000000
23487  34.365  -49.504  -19.566 0.5000000000
23475  33.188  -49.437  -18.827 0.5000000000
22612  32.376  -51.004  -18.965 0.6000000238
22613  31.514  -51.002  -18.919 0.6000000238
21712  30.530  -51.551  -19.538 0.6000000238
23463  37.068  -49.519  -17.681 0.4000000060
23473  37.885  -49.855  -18.616 0.4000000060
23462  37.485  -49.890  -17.981 0.4000000060
22580  37.987  -50.483  -17.797 0.4000000060
25374  29.503  -48.004  -24.208 0.6000000238
24373  36.521  -48.281  -18.149 0.4000000060
23474  37.334  -49.160  -18.589 0.4000000060
25361  28.181  -47.763  -22.400 0.6000000238
26424  27.147  -47.443  -22.336 0.5000000000
25369  26.208  -47.801  -23.053 0.4000000060
25337  36.451  -47.503  -19.817 0.4000000060
24396  35.020  -48.883  -20.167 0.5000000000
23476  32.375  -49.691  -18.564 0.5000000000
23477  31.528  -49.798  -18.498 0.6000000238
22614  30.744  -50.867  -19.156 0.6000000238
135210  30.362  -50.419  -19.379 0.6000000238
23450  36.929  -49.737  -16.925 0.4000000060
26442  29.638  -47.303  -24.319 0.6000000238
26429  28.785  -47.591  -22.915 0.6000000238
26423  27.697  -47.230  -22.180 0.5000000000
26433  25.076  -46.621  -24.061 0.5000000000
25326  36.515  -47.731  -18.999 0.4000000060
147662  35.480  -47.436  -20.260 0.4000000060
25339  34.917  -47.460  -20.027 0.5000000000
24374  33.501  -48.459  -19.013 0.5000000000
23478  30.897  -49.794  -18.668 0.5000000000
22572  37.404  -50.351  -16.534 0.4000000060
27540  29.357  -46.624  -23.761 0.6000000238
26430  28.404  -46.925  -22.501 0.5000000000
138793  27.141  -45.993  -22.279 0.5000000000
25340  34.196  -47.583  -19.521 0.5000000000
24375  32.717  -48.910  -18.598 0.4000000060
24377  31.077  -49.226  -18.492 0.4000000060
23490  30.222  -49.733  -19.413 0.4000000060
24397  30.045  -49.069  -19.905 0.6000000238
25360  30.177  -48.522  -21.326 0.4000000060
23441  36.868  -49.799  -16.173 0.4000000060
24365  36.564  -49.012  -17.350 0.4000000060
141484  29.815  -46.646  -24.599 0.6000000238
25317  36.148  -48.161  -17.453 0.4000000060
28609  30.306  -45.541  -25.545 0.5000000000
27533  28.889  -46.324  -22.928 0.5000000000
27534  28.299  -46.078  -22.382 0.5000000000
28584  26.606  -45.351  -22.651 0.4000000060
132126  29.207  -45.772  -23.425 0.4000000060
143402  33.492  -47.474  -18.995 0.5000000000
25328  32.669  -47.585  -18.547 0.5000000000
25329  31.806  -47.752  -18.259 0.6000000238
25341  30.256  -48.218  -19.106 0.4000000060
138008  30.082  -48.494  -19.609 0.4000000060
148740  30.068  -48.051  -20.847 0.4000000060
25331  30.489  -47.761  -18.730 0.5000000000
28603  30.046  -45.127  -24.996 0.5000000000
28604  29.806  -45.398  -24.498 0.6000000238
29625  29.744  -44.739  -24.385 0.4000000060
25354  30.028  -47.593  -20.481 0.5000000000
25359  30.549  -48.106  -22.027 0.5000000000
138846  31.108  -46.557  -18.303 0.5000000000
25330  31.055  -47.823  -18.379 0.5000000000
138621  30.209  -47.613  -19.198 0.5000000000
25351  30.052  -47.893  -19.703 0.5000000000
24342  35.917  -48.505  -16.071 0.4000000060
29623  32.480  -45.039  -24.145 0.5000000000
27525  30.763  -46.882  -22.299 0.4000000060
139264  30.268  -46.780  -21.655 0.5000000000
27510  30.226  -46.425  -19.387 0.5000000000
27496  30.610  -46.375  -18.740 0.5000000000
29624  30.031  -44.365  -24.940 0.4000000060
28596  31.965  -45.293  -23.654 0.4000000060
28587  31.496  -44.876  -23.086 0.4000000060
27532  31.082  -46.167  -22.682 0.5000000000
27521  30.113  -46.378  -21.009 0.5000000000
27526  30.415  -46.202  -21.896 0.5000000000
27517  30.087  -46.379  -20.118 0.5000000000
134012  30.103  -45.706  -20.509 0.5000000000
130038  30.218  -45.611  -21.351 0.4000000060
21761  27.139  -51.681  -25.345 0.5000000000
24424  28.780  -49.404  -23.735 0.6000000238
20844  26.356  -52.936  -25.638 0.6000000238
24423  29.292  -48.864  -24.268 0.6000000238
17045  25.351  -57.015  -26.169 0.5000000000
23501  30.132  -50.372  -19.959 0.6000000238
24403  30.053  -49.155  -20.769 0.4000000060
20839  25.625  -53.196  -24.668 0.5000000000
21762  26.534  -52.168  -25.040 0.5000000000
140400  26.706  -50.086  -22.789 0.4000000060
23527  25.350  -49.717  -23.284 0.4000000060
23500  35.551  -49.311  -20.519 0.6000000238
24416  27.738  -49.222  -22.574 0.6000000238
23525  26.240  -49.522  -22.871 0.4000000060
25325  36.820  -47.896  -19.490 0.4000000060
25367  29.090  -48.155  -23.482 0.6000000238
25368  28.568  -48.305  -22.819 0.6000000238
25362  27.555  -47.927  -22.271 0.5000000000
25371  25.042  -48.108  -23.967 0.5000000000
24425  23.546  -49.119  -24.182 0.5000000000
26432  25.548  -47.033  -23.756 0.5000000000
140334  28.995  -46.977  -23.109 0.5000000000
139762  26.394  -46.785  -22.900 0.5000000000
27527  27.744  -46.479  -22.155 0.5000000000
24376  31.898  -49.117  -18.408 0.5000000000
27529  26.488  -46.176  -22.774 0.5000000000
26395  34.180  -46.864  -19.102 0.5000000000
27547  29.640  -45.937  -24.201 0.6000000238
133050  30.029  -48.382  -20.359 0.3000000119
28580  30.659  -45.498  -22.128 0.4000000060
5914  27.512  -69.698  -21.093 0.3000000119
5946  27.386  -69.796  -22.554 0.3000000119
5931  27.768  -69.711  -21.873 0.3000000119
5347  29.512  -70.264  -24.249 0.3000000119
5336  27.942  -70.106  -23.386 0.3000000119
5334  29.798  -70.235  -23.496 0.3000000119
5969  29.399  -69.977  -25.099 0.3000000119
5968  29.905  -69.906  -24.550 0.3000000119
6513  31.671  -68.897  -21.589 0.3000000119
5332  30.722  -69.773  -23.311 0.3000000119
6546  30.394  -69.012  -23.727 0.3000000119
6560  29.833  -68.980  -24.302 0.3000000119
146439  31.327  -69.190  -22.469 0.3000000119
134994  30.869  -67.473  -20.995 0.3000000119
7126  30.487  -67.822  -21.493 0.3000000119
7143  29.937  -68.389  -22.921 0.4000000060
7172  29.371  -68.118  -23.399 0.4000000060
8418  29.239  -66.703  -23.397 0.4000000060
7787  28.778  -66.902  -24.233 0.3000000119
136429  30.989  -65.424  -20.936 0.3000000119
9017  30.477  -65.674  -21.538 0.4000000060
9028  30.331  -65.553  -22.269 0.4000000060
7761  29.189  -67.360  -23.013 0.4000000060
9016  31.575  -64.987  -20.493 0.3000000119
8430  29.810  -65.905  -23.716 0.4000000060
10536  33.124  -63.600  -19.964 0.4000000060
9782  31.954  -64.385  -20.632 0.4000000060
8431  29.215  -66.241  -24.335 0.4000000060
9070  30.002  -65.626  -24.714 0.3000000119
139581  32.004  -64.218  -21.279 0.4000000060
9027  30.997  -65.052  -21.864 0.3000000119
137850  30.883  -65.075  -22.708 0.4000000060
9781  32.531  -63.835  -20.856 0.4000000060
9051  31.227  -65.074  -24.128 0.5000000000
9040  30.447  -65.343  -23.273 0.4000000060
13608  32.640  -59.879  -25.143 0.5000000000
10552  33.225  -63.356  -20.861 0.4000000060
9052  30.447  -65.354  -24.141 0.4000000060
11314  32.686  -62.246  -26.924 0.3000000119
12050  33.272  -61.374  -26.757 0.4000000060
9102  31.926  -64.972  -27.811 0.3000000119
16120  25.312  -57.970  -25.955 0.4000000060
16110  25.511  -57.940  -24.877 0.4000000060
17044  31.350  -56.480  -25.040 0.4000000060
16128  31.545  -56.560  -26.165 0.4000000060
15278  31.568  -57.061  -26.772 0.4000000060
9801  32.563  -63.889  -21.907 0.4000000060
9803  31.469  -64.659  -22.706 0.3000000119
9039  31.323  -64.869  -23.404 0.5000000000
16142  31.844  -56.711  -26.781 0.4000000060
14425  32.300  -59.117  -25.352 0.4000000060
144773  33.276  -63.418  -21.670 0.4000000060
140493  33.355  -60.669  -26.072 0.4000000060
9068  31.950  -64.942  -24.868 0.4000000060
13617  33.608  -59.531  -26.135 0.5000000000
127569  31.938  -65.040  -25.632 0.5000000000
12060  33.860  -61.490  -27.872 0.4000000060
10654  32.084  -62.795  -27.897 0.4000000060
9086  31.989  -65.064  -26.638 0.3000000119
10667  32.226  -62.974  -28.850 0.4000000060
17036  24.798  -56.937  -25.517 0.4000000060
10574  33.293  -63.660  -22.461 0.4000000060
130026  32.205  -64.304  -22.785 0.4000000060
16141  32.275  -56.501  -26.864 0.4000000060
14435  32.685  -58.332  -25.971 0.5000000000
138776  33.672  -63.693  -23.229 0.4000000060
138630  32.650  -64.365  -23.637 0.4000000060
15267  33.399  -57.980  -26.299 0.5000000000
11262  34.831  -62.463  -22.782 0.4000000060
10592  34.292  -63.177  -23.309 0.4000000060
9815  33.358  -64.087  -23.855 0.4000000060
9829  33.599  -64.011  -24.583 0.5000000000
146789  33.083  -64.449  -25.555 0.5000000000
16150  32.848  -56.528  -26.874 0.4000000060
14443  34.285  -58.506  -26.472 0.5000000000
11273  35.124  -62.088  -23.130 0.4000000060
9864  33.121  -64.456  -26.313 0.5000000000
13623  34.222  -59.492  -26.680 0.4000000060
9085  32.585  -64.796  -26.985 0.4000000060
149387  33.756  -62.871  -27.906 0.4000000060
10666  32.802  -62.746  -28.620 0.4000000060
11339  33.329  -62.207  -28.232 0.4000000060
17052  32.921  -56.293  -26.605 0.4000000060
139824  33.962  -55.589  -24.897 0.3000000119
10606  34.286  -63.327  -24.321 0.4000000060
10622  34.180  -63.430  -25.023 0.4000000060
16149  33.576  -56.434  -26.806 0.4000000060
12795  35.863  -60.420  -23.029 0.4000000060
11274  34.671  -62.729  -23.794 0.4000000060
149940  34.092  -63.527  -25.449 0.5000000000
9863  33.613  -63.957  -26.729 0.5000000000
16148  34.405  -56.735  -26.685 0.5000000000
12810  35.571  -60.911  -23.644 0.4000000060
135656  33.926  -63.234  -27.197 0.4000000060
12846  34.407  -60.417  -27.140 0.4000000060
11325  34.270  -61.749  -27.818 0.4000000060
12850  34.315  -60.935  -27.526 0.4000000060
17996  33.900  -54.969  -23.319 0.4000000060
17051  33.745  -56.093  -26.442 0.3000000119
133636  34.585  -62.867  -24.822 0.4000000060
12035  34.940  -62.163  -25.084 0.4000000060
18025  34.289  -55.645  -25.708 0.3000000119
12825  35.501  -60.735  -24.623 0.4000000060
12034  35.239  -61.388  -25.423 0.4000000060
11301  34.670  -62.581  -25.613 0.4000000060
11313  34.603  -62.474  -26.433 0.5000000000
14420  35.855  -59.364  -24.175 0.4000000060
138404  35.643  -59.904  -24.778 0.4000000060
12047  35.056  -61.164  -26.488 0.4000000060
145448  34.621  -60.991  -27.212 0.4000000060
14442  34.937  -58.821  -26.568 0.4000000060
18976  33.715  -54.625  -22.642 0.4000000060
12835  35.423  -60.435  -25.768 0.4000000060
7215  25.105  -67.386  -29.177 0.3000000119
7115  32.130  -68.379  -20.876 0.3000000119
8393  31.136  -66.093  -20.518 0.3000000119
9763  32.110  -64.667  -20.025 0.4000000060
11252  35.020  -62.433  -21.276 0.4000000060
10572  34.534  -62.726  -22.179 0.4000000060
142315  35.665  -61.887  -21.294 0.4000000060
12012  35.604  -61.473  -22.424 0.4000000060
129238  34.489  -55.372  -24.831 0.3000000119
13597  36.245  -59.252  -23.456 0.4000000060
17995  34.525  -54.880  -23.599 0.4000000060
18024  35.001  -55.340  -25.406 0.4000000060
144742  34.876  -55.564  -26.097 0.4000000060
15249  36.648  -57.995  -24.000 0.4000000060
15257  35.946  -58.499  -25.228 0.4000000060
14433  35.590  -59.059  -25.798 0.4000000060
14441  35.254  -58.963  -26.370 0.4000000060
16147  35.255  -56.649  -26.524 0.3000000119
17056  34.733  -56.099  -26.519 0.4000000060
16127  36.673  -57.418  -24.868 0.4000000060
12837  33.245  -60.045  -25.718 0.4000000060
18975  34.460  -54.473  -22.945 0.4000000060
5337  27.067  -70.204  -23.337 0.3000000119
5944  29.054  -70.040  -22.665 0.3000000119
5359  29.176  -70.265  -24.894 0.3000000119
6007  25.042  -68.614  -29.176 0.3000000119
6617  26.121  -68.401  -28.615 0.3000000119
5956  30.369  -69.837  -23.913 0.3000000119
7125  31.544  -68.231  -21.313 0.3000000119
6529  30.919  -69.040  -22.999 0.4000000060
7173  28.880  -68.133  -24.163 0.4000000060
7734  30.332  -66.979  -21.238 0.3000000119
8394  30.554  -66.191  -21.067 0.3000000119
8406  29.552  -66.926  -22.520 0.4000000060
8417  29.826  -66.122  -22.765 0.4000000060
9005  31.863  -65.333  -20.001 0.3000000119
10535  33.933  -63.110  -20.271 0.4000000060
9831  32.137  -64.684  -24.142 0.4000000060
9067  32.573  -64.793  -25.863 0.5000000000
9101  32.415  -64.559  -28.176 0.3000000119
9847  32.674  -64.622  -25.023 0.5000000000
11261  35.383  -61.911  -22.157 0.4000000060
141525  34.442  -62.263  -27.273 0.4000000060
15274  35.289  -58.122  -26.416 0.4000000060
145441  36.925  -52.761  -22.426 0.4000000060
129522  36.161  -52.954  -22.265 0.4000000060
20814  38.206  -51.886  -22.654 0.4000000060
22645  37.772  -50.015  -22.313 0.3000000119
20816  36.588  -52.363  -21.886 0.5000000000
130411  35.321  -53.202  -22.078 0.4000000060
142987  34.588  -53.560  -21.996 0.4000000060
19848  39.123  -53.055  -20.702 0.3000000119
20803  40.104  -52.963  -21.200 0.3000000119
21706  42.271  -51.848  -20.132 0.3000000119
141769  40.584  -50.721  -20.555 0.3000000119
22624  39.803  -50.314  -20.389 0.3000000119
23498  38.530  -48.950  -21.271 0.3000000119
20785  42.210  -52.676  -21.150 0.3000000119
19847  42.737  -52.939  -20.435 0.3000000119
21688  42.939  -52.563  -19.964 0.3000000119
20788  38.921  -52.998  -19.811 0.3000000119
20787  39.885  -52.949  -20.327 0.3000000119
22607  40.404  -50.903  -19.831 0.3000000119
22592  40.146  -51.105  -19.018 0.3000000119
20767  42.042  -53.054  -20.587 0.3000000119
131682  43.036  -52.672  -19.168 0.3000000119
21707  41.178  -51.454  -19.486 0.3000000119
18900  42.515  -54.390  -18.747 0.3000000119
19814  42.935  -53.950  -19.375 0.3000000119
145387  42.915  -52.870  -18.316 0.3000000119
18899  43.179  -54.247  -18.839 0.3000000119
19788  43.475  -53.945  -17.804 0.3000000119
19829  40.730  -53.449  -19.257 0.3000000119
21690  40.891  -51.624  -18.510 0.3000000119
126981  40.190  -51.612  -17.772 0.3000000119
21678  38.475  -51.028  -17.089 0.3000000119
18883  42.819  -54.621  -18.338 0.3000000119
20751  42.018  -52.203  -18.374 0.3000000119
21669  40.074  -51.781  -17.088 0.3000000119
18859  43.416  -54.421  -17.919 0.3000000119
19789  42.886  -53.737  -16.898 0.3000000119
20743  41.876  -52.532  -17.532 0.3000000119
19790  41.795  -52.912  -16.701 0.3000000119
22571  37.978  -50.787  -16.566 0.3000000119
21670  39.192  -51.522  -16.644 0.3000000119
21671  38.469  -51.158  -16.264 0.3000000119
22560  37.411  -50.243  -15.748 0.3000000119
23442  36.371  -49.144  -15.937 0.3000000119
24333  36.991  -49.226  -14.631 0.3000000119
24334  36.379  -48.892  -15.135 0.3000000119
25275  35.904  -48.333  -15.437 0.3000000119
22644  38.568  -49.641  -22.784 0.3000000119
130792  37.825  -51.341  -22.193 0.4000000060
23484  38.978  -49.791  -20.154 0.3000000119
21691  39.761  -51.277  -18.233 0.3000000119
19889  37.716  -52.620  -22.755 0.5000000000
20786  41.044  -52.911  -20.902 0.3000000119
21689  42.189  -51.976  -19.264 0.3000000119
22606  41.362  -51.246  -20.341 0.3000000119
22623  40.184  -50.245  -21.258 0.3000000119
23508  39.049  -49.291  -22.198 0.3000000119
20766  43.293  -53.165  -19.688 0.3000000119
19828  42.275  -53.489  -19.927 0.3000000119
20750  43.413  -53.384  -18.984 0.3000000119
18860  43.325  -54.462  -17.251 0.3000000119
19774  41.792  -53.367  -15.825 0.3000000119
21676  40.968  -51.956  -17.653 0.3000000119
17907  43.169  -54.969  -17.360 0.3000000119
20732  40.851  -52.267  -16.841 0.3000000119
18033  35.873  -55.511  -26.395 0.3000000119
144581  36.153  -55.773  -26.430 0.4000000060
18029  38.800  -54.826  -25.879 0.4000000060
140027  38.327  -54.486  -26.021 0.4000000060
18023  35.782  -55.056  -25.471 0.3000000119
132221  39.262  -53.455  -25.434 0.4000000060
19912  39.613  -53.786  -25.627 0.3000000119
18022  36.731  -54.699  -25.830 0.4000000060
19907  38.315  -53.728  -25.346 0.4000000060
19898  39.745  -52.761  -24.933 0.3000000119
19900  37.015  -54.033  -24.124 0.3000000119
150440  37.557  -53.995  -24.967 0.4000000060
146234  38.913  -52.725  -24.062 0.4000000060
18973  36.296  -53.940  -23.365 0.3000000119
136315  37.142  -53.559  -23.456 0.4000000060
20827  38.601  -52.418  -23.292 0.4000000060
18987  35.726  -54.467  -23.778 0.3000000119
126919  35.827  -53.497  -22.678 0.3000000119
148935  34.951  -54.249  -22.961 0.3000000119
18012  35.109  -55.014  -24.351 0.3000000119
19888  38.032  -53.113  -23.538 0.4000000060
18998  37.736  -54.259  -25.738 0.4000000060
132810  32.894  -64.349  -19.455 0.3000000119
16139  36.419  -56.957  -25.944 0.3000000119
8366  34.473  -66.236  -17.802 0.3000000119
8375  33.833  -66.189  -18.730 0.3000000119
8994  33.371  -65.199  -19.029 0.3000000119
18032  37.198  -54.993  -26.201 0.3000000119
15265  36.155  -57.775  -25.598 0.3000000119
8975  35.389  -64.953  -16.859 0.3000000119
9730  34.865  -64.076  -18.441 0.3000000119
8985  35.531  -64.418  -17.475 0.3000000119
135098  33.956  -63.344  -19.596 0.3000000119
10534  34.934  -62.642  -20.441 0.3000000119
17049  37.330  -55.369  -26.133 0.3000000119
9689  35.055  -64.347  -15.819 0.3000000119
9710  36.269  -63.520  -17.100 0.3000000119
9711  35.854  -64.224  -16.537 0.3000000119
10522  34.870  -63.418  -19.004 0.3000000119
136193  36.026  -63.379  -18.013 0.3000000119
131090  34.914  -62.963  -19.657 0.3000000119
10497  36.467  -62.950  -16.892 0.3000000119
10508  36.573  -62.738  -17.451 0.3000000119
10521  36.146  -62.814  -18.810 0.3000000119
10520  36.693  -62.526  -18.059 0.3000000119
11251  35.903  -62.060  -20.455 0.3000000119
12781  36.186  -60.924  -21.863 0.3000000119
13589  36.246  -59.806  -22.828 0.3000000119
10477  36.100  -62.820  -16.474 0.3000000119
11994  36.881  -61.521  -19.403 0.3000000119
12766  36.584  -60.867  -21.071 0.3000000119
17048  38.175  -55.400  -25.701 0.3000000119
11970  36.717  -61.836  -17.742 0.3000000119
11954  36.066  -62.142  -17.012 0.3000000119
11218  36.889  -62.120  -17.864 0.3000000119
11227  36.924  -62.084  -18.604 0.3000000119
146209  36.741  -61.053  -20.536 0.3000000119
13582  36.707  -59.690  -21.929 0.3000000119
15248  37.029  -57.461  -23.951 0.3000000119
17040  37.745  -56.177  -25.036 0.3000000119
18028  39.430  -54.631  -25.480 0.3000000119
16140  35.774  -57.399  -26.318 0.3000000119
12735  36.913  -60.928  -19.066 0.3000000119
12003  37.033  -61.027  -19.796 0.3000000119
12765  36.720  -60.287  -21.272 0.3000000119
15240  37.172  -57.770  -23.052 0.3000000119
9745  33.763  -63.768  -19.166 0.3000000119
8986  34.897  -65.435  -17.469 0.3000000119
8987  34.323  -65.477  -18.372 0.3000000119
5333  30.411  -70.090  -23.473 0.3000000119
5335  28.868  -70.164  -23.457 0.3000000119
5346  30.080  -70.074  -24.099 0.3000000119
5358  29.788  -70.044  -24.592 0.3000000119
5915  26.719  -69.623  -20.899 0.3000000119
5945  28.189  -69.853  -22.630 0.3000000119
5957  30.101  -69.916  -24.312 0.3000000119
5967  30.245  -69.641  -24.201 0.3000000119
6008  25.534  -69.399  -28.865 0.3000000119
6544  30.958  -69.406  -23.048 0.3000000119
6545  30.670  -69.503  -23.608 0.4000000060
6574  29.846  -69.671  -24.645 0.3000000119
6619  25.385  -68.273  -29.042 0.3000000119
7141  31.216  -68.715  -22.079 0.3000000119
7142  30.152  -68.166  -22.224 0.4000000060
7733  30.966  -66.820  -20.739 0.3000000119
7745  29.843  -67.303  -21.876 0.3000000119
7746  29.540  -67.682  -22.577 0.4000000060
7777  28.875  -67.432  -23.664 0.4000000060
8405  30.035  -66.361  -21.836 0.4000000060
8995  32.504  -65.148  -19.552 0.3000000119
9006  31.362  -65.533  -20.337 0.3000000119
9038  31.947  -64.568  -23.365 0.5000000000
9069  31.060  -65.206  -25.073 0.4000000060
9731  34.801  -64.898  -18.122 0.3000000119
9762  32.460  -64.149  -20.180 0.4000000060
9783  31.489  -64.721  -21.162 0.3000000119
9802  31.740  -64.430  -21.941 0.4000000060
9816  32.997  -64.042  -23.003 0.4000000060
9830  33.017  -64.351  -24.422 0.4000000060
9845  33.552  -64.141  -25.757 0.5000000000
9846  33.341  -64.254  -25.076 0.5000000000
9878  33.419  -63.416  -27.897 0.4000000060
9879  33.068  -64.265  -27.431 0.4000000060
9894  32.784  -63.842  -28.540 0.4000000060
9902  32.302  -63.404  -29.011 0.4000000060
10478  35.684  -63.645  -16.004 0.3000000119
10498  36.203  -63.403  -16.512 0.3000000119
10551  34.101  -62.958  -21.288 0.4000000060
10573  33.894  -63.262  -22.396 0.4000000060
10607  33.948  -63.672  -24.675 0.4000000060
10623  33.842  -63.843  -25.205 0.4000000060
10638  34.324  -62.926  -26.739 0.5000000000
10639  34.017  -63.607  -26.054 0.5000000000
10653  34.056  -62.444  -27.777 0.4000000060
10655  31.353  -63.280  -27.239 0.3000000119
10665  33.405  -62.544  -28.304 0.4000000060
11205  36.529  -62.440  -17.245 0.3000000119
11241  36.099  -62.365  -19.609 0.3000000119
11288  34.975  -62.217  -24.133 0.4000000060
11302  32.616  -61.868  -25.491 0.5000000000
11326  33.299  -61.896  -27.975 0.4000000060
11327  32.839  -62.503  -28.339 0.4000000060
11337  34.129  -61.345  -27.842 0.4000000060
11338  33.769  -61.869  -28.023 0.4000000060
11971  35.732  -61.523  -17.653 0.3000000119
12004  36.105  -61.357  -21.389 0.3000000119
12017  35.363  -61.581  -23.409 0.4000000060
12023  35.288  -61.558  -24.396 0.4000000060
12024  31.794  -61.684  -23.944 0.6000000238
12048  34.887  -61.963  -26.057 0.4000000060
12049  33.867  -60.792  -27.217 0.4000000060
12059  34.203  -60.888  -27.571 0.4000000060
12780  36.233  -60.369  -22.278 0.4000000060
12826  32.823  -60.588  -25.195 0.5000000000
12827  32.268  -60.352  -24.679 0.6000000238
12836  33.964  -60.160  -26.813 0.4000000060
12844  35.078  -60.401  -26.783 0.4000000060
12845  34.627  -60.455  -27.070 0.4000000060
13598  35.795  -60.049  -23.760 0.4000000060
13599  31.523  -59.941  -24.431 0.6000000238
13602  28.792  -59.873  -24.547 0.5000000000
13616  35.336  -59.706  -26.305 0.4000000060
13618  32.998  -59.307  -25.627 0.4000000060
13621  34.992  -59.719  -26.720 0.4000000060
13622  34.670  -59.678  -26.770 0.4000000060
14412  36.710  -59.126  -22.560 0.3000000119
14419  36.194  -58.686  -24.228 0.4000000060
14424  35.786  -59.171  -24.921 0.4000000060
14427  30.686  -58.738  -25.917 0.4000000060
14434  33.573  -58.809  -26.124 0.5000000000
14438  28.252  -59.144  -27.139 0.4000000060
14440  27.158  -59.373  -27.001 0.4000000060
15256  36.313  -58.078  -24.759 0.4000000060
15266  35.676  -58.298  -26.048 0.4000000060
15268  32.683  -57.242  -26.685 0.5000000000
15269  31.771  -57.490  -26.717 0.4000000060
15273  27.772  -59.191  -27.256 0.4000000060
15275  34.687  -57.776  -26.518 0.4000000060
15276  33.704  -57.161  -26.634 0.4000000060
15277  32.053  -56.767  -26.850 0.4000000060
16114  37.310  -56.912  -24.450 0.4000000060
16115  30.185  -56.835  -24.831 0.4000000060
16126  37.067  -56.605  -25.511 0.3000000119
16131  28.902  -57.814  -26.212 0.4000000060
16138  36.716  -56.027  -26.225 0.3000000119
16143  31.250  -57.078  -26.680 0.4000000060
16144  30.383  -57.428  -26.774 0.4000000060
16146  35.972  -56.433  -26.352 0.3000000119
17015  32.107  -55.763  -23.311 0.5000000000
17034  28.131  -56.497  -24.173 0.6000000238
17041  33.526  -55.915  -25.610 0.3000000119
17042  32.772  -56.107  -25.387 0.5000000000
17043  32.014  -56.296  -25.149 0.4000000060
17046  24.971  -56.645  -25.966 0.5000000000
17050  35.152  -55.674  -26.416 0.4000000060
17054  36.622  -55.341  -26.306 0.4000000060
17055  35.510  -55.932  -26.462 0.3000000119
17057  33.956  -56.245  -26.624 0.5000000000
17058  33.382  -56.343  -26.771 0.4000000060
18000  30.021  -55.501  -22.609 0.6000000238
18013  34.106  -55.294  -24.129 0.3000000119
18014  33.340  -55.431  -23.710 0.5000000000
18016  26.205  -55.443  -25.390 0.6000000238
18021  39.126  -55.120  -25.218 0.3000000119
18027  24.851  -56.037  -25.661 0.5000000000
18030  37.918  -54.935  -26.118 0.4000000060
18031  36.265  -55.184  -26.159 0.4000000060
18882  43.203  -54.567  -18.173 0.3000000119
18945  33.084  -53.936  -21.399 0.6000000238
18946  32.308  -54.144  -21.276 0.6000000238
18947  31.560  -54.283  -21.254 0.6999999881
18959  34.894  -53.891  -22.538 0.3000000119
18963  30.875  -54.534  -21.481 0.6999999881
18964  30.037  -54.598  -21.575 0.6000000238
18965  29.226  -54.465  -21.677 0.6999999881
18966  28.412  -54.130  -21.982 0.6999999881
18974  35.436  -54.053  -23.013 0.3000000119
18986  36.919  -54.325  -24.964 0.3000000119
18988  35.040  -54.561  -23.401 0.3000000119
18991  25.315  -54.549  -25.351 0.5000000000
18997  38.767  -53.977  -25.809 0.4000000060
18999  36.106  -54.681  -24.731 0.3000000119
19003  39.174  -54.338  -25.717 0.4000000060
19004  37.434  -54.691  -26.140 0.4000000060
19005  36.846  -54.934  -26.225 0.4000000060
19804  43.466  -54.055  -18.582 0.3000000119
19813  43.308  -53.722  -19.275 0.3000000119
19815  41.825  -53.956  -19.089 0.3000000119
19827  43.117  -53.361  -19.829 0.3000000119
19852  32.862  -53.157  -20.481 0.6000000238
19853  32.198  -53.281  -20.335 0.6000000238
19854  31.415  -53.339  -20.299 0.6000000238
19855  30.658  -53.315  -20.348 0.6999999881
19856  30.049  -53.212  -20.531 0.6999999881
19877  36.570  -53.312  -22.816 0.3000000119
19878  33.918  -53.609  -21.581 0.6000000238
19899  38.701  -53.213  -24.708 0.4000000060
19906  40.020  -53.258  -25.327 0.3000000119
19908  27.588  -53.155  -25.617 0.6000000238
19913  27.054  -52.867  -26.044 0.6999999881
20731  42.821  -53.267  -17.592 0.3000000119
20742  43.388  -53.530  -18.294 0.3000000119
20768  40.897  -53.122  -20.094 0.3000000119
20773  30.794  -52.151  -19.626 0.6000000238
20774  30.313  -52.010  -19.883 0.6999999881
20796  29.557  -52.715  -20.708 0.6999999881
20804  36.145  -52.000  -21.379 0.5000000000
20806  34.625  -52.576  -20.994 0.5000000000
20815  37.404  -52.139  -22.154 0.4000000060
20819  28.319  -53.016  -22.200 0.6999999881
20828  28.873  -52.118  -23.256 0.6999999881
21655  39.961  -51.944  -16.307 0.3000000119
21677  39.388  -51.411  -17.460 0.3000000119
21708  33.383  -51.612  -19.512 0.6000000238
21709  32.724  -51.618  -19.304 0.6000000238
21710  31.905  -51.634  -19.195 0.6000000238
21711  31.139  -51.588  -19.276 0.6000000238
21719  42.699  -52.364  -20.662 0.3000000119
21720  42.280  -51.742  -20.971 0.3000000119
21723  33.772  -51.979  -19.917 0.6000000238
21735  29.811  -51.600  -20.588 0.6999999881
21743  38.524  -50.719  -22.776 0.4000000060
21752  26.168  -51.976  -23.700 0.5000000000
21753  25.650  -51.899  -23.041 0.4000000060
21765  27.705  -52.113  -26.378 0.6000000238
21768  28.712  -51.811  -26.306 0.6000000238
21769  28.171  -51.899  -26.376 0.6000000238
22581  37.392  -50.146  -17.314 0.4000000060
22593  39.261  -50.805  -18.747 0.3000000119
22595  31.952  -50.388  -18.679 0.6000000238
22596  31.133  -50.350  -18.733 0.5000000000
22597  30.586  -50.103  -18.953 0.4000000060
22608  39.539  -50.593  -19.533 0.3000000119
22615  30.257  -50.976  -19.702 0.6000000238
22622  41.291  -50.932  -21.284 0.3000000119
22626  35.515  -50.406  -20.347 0.6000000238
22627  34.702  -50.897  -19.908 0.5000000000
22652  29.802  -51.176  -22.722 0.6000000238
22654  26.407  -50.817  -22.987 0.5000000000
22666  30.343  -51.035  -25.828 0.6000000238
22669  27.722  -51.337  -25.799 0.5000000000
22672  28.576  -51.513  -26.391 0.6000000238
23425  37.382  -49.712  -14.745 0.3000000119
23426  36.953  -49.637  -15.343 0.4000000060
23451  36.536  -49.337  -16.600 0.4000000060
23479  30.520  -49.417  -18.796 0.5000000000
23486  37.826  -49.078  -19.514 0.4000000060
23488  33.627  -49.984  -19.171 0.5000000000
23489  32.818  -50.272  -18.860 0.5000000000
23497  39.274  -49.538  -21.345 0.3000000119
23499  36.172  -48.655  -21.132 0.6000000238
23509  37.959  -48.821  -21.966 0.4000000060
23510  37.373  -48.741  -21.876 0.4000000060
23511  36.704  -49.156  -21.535 0.4000000060
23512  30.132  -49.904  -21.095 0.5000000000
23534  24.331  -49.816  -23.695 0.4000000060
23543  31.413  -50.203  -26.288 0.6000000238
23544  29.711  -50.768  -26.336 0.6999999881
24355  36.189  -48.734  -16.680 0.4000000060
24364  36.865  -48.914  -18.084 0.4000000060
24372  36.933  -48.357  -18.802 0.4000000060
24378  30.643  -48.581  -18.647 0.4000000060
24384  37.256  -48.262  -19.732 0.4000000060
24385  34.512  -48.377  -19.762 0.5000000000
24386  33.878  -49.068  -19.240 0.5000000000
24387  30.246  -48.930  -19.166 0.4000000060
24408  30.348  -49.377  -21.658 0.5000000000
24409  27.985  -48.504  -22.405 0.6000000238
24414  28.866  -48.773  -23.351 0.6000000238
24415  28.373  -49.013  -22.907 0.6000000238
24417  26.441  -48.622  -22.816 0.5000000000
24428  33.053  -49.248  -26.003 0.6000000238
24430  30.109  -49.100  -25.673 0.6999999881
25274  36.116  -48.178  -14.732 0.3000000119
25327  36.070  -47.393  -18.412 0.4000000060
25338  35.937  -47.351  -20.146 0.4000000060
25347  36.787  -47.784  -20.125 0.4000000060
25348  36.362  -47.686  -20.464 0.4000000060
25349  35.844  -47.636  -20.591 0.4000000060
25350  35.240  -47.896  -20.352 0.5000000000
25363  26.867  -47.957  -22.508 0.5000000000
25365  31.668  -48.017  -23.228 0.6000000238
25370  25.616  -47.595  -23.647 0.4000000060
25382  30.176  -48.251  -25.414 0.6999999881
25383  29.837  -47.874  -24.741 0.6000000238
26398  30.822  -47.123  -18.491 0.5000000000
26399  30.353  -47.073  -18.996 0.5000000000
26409  35.434  -47.169  -19.845 0.4000000060
26411  30.078  -47.115  -19.729 0.5000000000
26415  30.045  -46.908  -20.470 0.5000000000
26417  30.124  -47.124  -21.118 0.5000000000
26422  30.396  -47.374  -21.843 0.5000000000
26425  26.599  -47.320  -22.699 0.5000000000
26431  26.045  -47.166  -23.285 0.5000000000
26436  29.242  -47.429  -23.622 0.6000000238
26439  33.444  -48.254  -25.338 0.6000000238
26446  35.139  -48.423  -27.849 0.6999999881
26450  34.882  -48.199  -28.264 0.6999999881
27528  27.001  -46.781  -22.338 0.5000000000
27535  25.843  -46.468  -23.453 0.5000000000
27539  32.333  -46.614  -24.026 0.5000000000
27546  30.014  -45.944  -24.971 0.5000000000
27550  30.676  -46.004  -26.023 0.6999999881
27552  36.393  -47.661  -28.476 0.6999999881
28576  30.171  -45.011  -20.866 0.5000000000
28581  30.387  -44.923  -21.648 0.4000000060
28588  31.136  -45.386  -22.708 0.4000000060
28590  28.717  -45.550  -22.715 0.4000000060
28597  29.459  -45.200  -23.891 0.6000000238
28602  32.435  -45.811  -24.124 0.6000000238
28613  31.969  -45.684  -27.220 0.6999999881
29622  33.095  -44.854  -24.597 0.6000000238
29637  36.769  -46.644  -27.708 0.5000000000
30603  30.348  -44.025  -25.467 0.4000000060
126314  35.559  -59.662  -25.533 0.4000000060
127557  32.626  -48.896  -24.657 0.6000000238
127693  36.662  -58.532  -23.254 0.4000000060
127787  32.003  -62.191  -24.594 0.4000000060
128257  33.878  -63.690  -24.059 0.4000000060
128833  37.791  -53.622  -24.361 0.4000000060
129098  32.700  -48.990  -27.122 0.6999999881
129345  42.967  -52.859  -20.250 0.3000000119
129812  35.504  -55.399  -26.108 0.3000000119
130724  31.567  -45.679  -23.193 0.5000000000
130805  37.777  -50.620  -17.054 0.4000000060
131699  34.648  -61.703  -27.117 0.4000000060
131790  32.212  -62.435  -25.586 0.3000000119
132067  37.412  -55.896  -25.856 0.3000000119
133318  34.378  -63.125  -25.700 0.5000000000
133373  29.050  -58.788  -26.928 0.4000000060
134135  31.387  -48.514  -18.301 0.5000000000
134183  30.056  -49.757  -20.280 0.4000000060
134497  35.766  -60.971  -22.752 0.4000000060
135417  33.909  -64.537  -18.736 0.3000000119
136064  29.066  -52.439  -21.359 0.6000000238
136087  31.327  -65.018  -28.577 0.3000000119
136782  30.168  -47.778  -21.272 0.4000000060
137814  36.877  -60.571  -20.327 0.3000000119
139074  36.524  -61.421  -20.422 0.3000000119
140565  36.404  -54.337  -24.126 0.3000000119
140642  37.908  -50.727  -16.003 0.3000000119
141030  32.232  -48.378  -18.399 0.6000000238
141367  30.157  -46.754  -25.302 0.6999999881
141768  32.920  -63.105  -28.614 0.4000000060
142372  32.970  -47.818  -27.885 0.6999999881
143747  34.341  -61.312  -27.650 0.4000000060
144239  32.477  -60.981  -24.721 0.5000000000
144793  26.046  -52.557  -24.633 0.5000000000
145603  28.425  -69.846  -22.039 0.3000000119
145721  27.538  -51.878  -26.166 0.5000000000
145848  27.993  -59.712  -26.524 0.4000000060
146053  32.774  -55.520  -23.346 0.5000000000
146318  36.906  -61.510  -18.590 0.3000000119
146595  34.451  -55.903  -26.377 0.3000000119
146895  35.085  -62.273  -21.950 0.4000000060
146992  25.753  -48.175  -23.388 0.4000000060
147084  35.135  -57.359  -26.533 0.3000000119
148381  30.066  -51.354  -25.573 0.5000000000
148507  31.502  -69.310  -22.009 0.3000000119
148523  35.800  -51.054  -20.613 0.6000000238
148617  35.353  -53.643  -22.571 0.4000000060
148877  32.856  -63.592  -21.307 0.4000000060
150266  27.753  -45.840  -22.152 0.5000000000
150353  34.016  -48.397  -19.372 0.5000000000
150877  32.931  -48.182  -18.694 0.4000000060
151083  32.337  -64.876  -25.318 0.5000000000
151254  36.132  -48.741  -15.636 0.3000000119
151441  35.542  -64.296  -16.040 0.3000000119
151628  37.252  -53.102  -22.941 0.4000000060
