#!ascii label  , from subject sub-v2s13x29112_ses-1 vox2ras=TkReg
1708
7358  -35.933  -71.528  -25.852 0.5000000000
159356  -36.849  -71.731  -27.056 0.6000000238
11239  -36.093  -66.618  -18.494 0.3000000119
6000  -36.794  -72.359  -26.542 0.5000000000
11300  -34.779  -67.700  -21.351 0.4000000060
11279  -35.444  -67.114  -20.467 0.4000000060
179795  -36.661  -66.546  -19.814 0.4000000060
11256  -36.034  -66.670  -19.257 0.3000000119
11302  -35.918  -66.943  -21.155 0.4000000060
9695  -36.990  -68.897  -29.391 0.5000000000
8857  -36.814  -69.538  -28.931 0.5000000000
7366  -36.012  -70.817  -27.000 0.5000000000
8865  -36.496  -69.461  -30.200 0.6000000238
8860  -36.873  -69.425  -29.354 0.5000000000
184984  -36.720  -71.215  -27.540 0.6000000238
12120  -36.594  -66.277  -17.297 0.3000000119
7393  -36.905  -71.480  -28.508 0.5000000000
10491  -34.625  -68.046  -23.114 0.5000000000
178371  -34.505  -68.493  -22.153 0.5000000000
12140  -36.552  -66.146  -17.994 0.3000000119
7392  -36.721  -70.872  -29.153 0.6000000238
6693  -37.005  -71.965  -27.553 0.5000000000
11328  -34.932  -67.453  -22.822 0.5000000000
11313  -34.865  -67.577  -21.985 0.4000000060
11281  -37.160  -66.945  -20.671 0.4000000060
12161  -37.437  -66.251  -19.386 0.3000000119
157266  -37.515  -65.860  -18.666 0.3000000119
11329  -35.783  -66.986  -22.977 0.4000000060
164425  -36.582  -67.035  -21.671 0.4000000060
156399  -37.251  -67.211  -21.456 0.4000000060
11330  -36.789  -67.012  -22.807 0.4000000060
11405  -36.158  -65.917  -30.502 0.6999999881
175187  -36.557  -66.612  -30.469 0.6999999881
10552  -36.815  -67.436  -29.950 0.6999999881
159981  -35.494  -70.820  -26.113 0.5000000000
12272  -34.058  -65.956  -29.769 0.6999999881
172381  -34.373  -66.449  -30.466 0.6999999881
10558  -36.292  -67.237  -30.922 0.8000000119
9694  -37.021  -68.132  -30.077 0.5000000000
9702  -35.743  -68.672  -30.827 0.6999999881
8067  -34.839  -70.480  -24.685 0.5000000000
10556  -34.144  -67.825  -30.554 0.6999999881
8819  -34.640  -69.680  -24.666 0.4000000060
9652  -34.514  -68.664  -23.414 0.5000000000
12942  -37.447  -65.447  -16.808 0.3000000119
8863  -34.751  -69.427  -30.442 0.6000000238
155226  -34.607  -68.197  -24.401 0.5000000000
159129  -34.812  -67.654  -23.495 0.5000000000
12959  -37.807  -65.271  -17.342 0.3000000119
8864  -35.329  -69.902  -30.288 0.5000000000
10507  -34.879  -67.534  -24.181 0.5000000000
168918  -37.331  -66.805  -24.561 0.4000000060
11348  -36.765  -66.870  -23.915 0.4000000060
154384  -37.777  -67.442  -21.777 0.4000000060
157591  -38.438  -67.467  -20.962 0.4000000060
176336  -37.455  -66.642  -20.041 0.4000000060
11349  -37.474  -66.973  -23.903 0.3000000119
171138  -37.206  -67.039  -23.354 0.4000000060
13108  -32.719  -65.148  -26.671 0.5000000000
13119  -32.609  -65.166  -27.564 0.6000000238
13109  -33.465  -65.045  -26.976 0.6000000238
13129  -34.167  -65.075  -28.766 0.6000000238
12267  -34.915  -65.247  -29.677 0.6000000238
13094  -30.334  -64.858  -26.230 0.5000000000
13106  -30.884  -65.075  -26.530 0.5000000000
13117  -30.951  -65.108  -27.595 0.6000000238
13128  -33.037  -65.325  -28.415 0.6000000238
12266  -33.576  -65.554  -29.077 0.6999999881
164256  -35.851  -69.036  -27.993 0.6000000238
10354  -37.705  -68.067  -13.877 0.3000000119
13950  -28.831  -64.160  -27.483 0.6999999881
13105  -30.167  -64.860  -27.508 0.6000000238
166807  -30.288  -65.202  -28.254 0.6000000238
13127  -31.908  -65.400  -28.369 0.6000000238
159540  -32.313  -65.747  -28.799 0.6999999881
168168  -33.361  -66.617  -29.804 0.6999999881
10550  -35.925  -67.553  -28.459 0.6000000238
9690  -35.454  -68.472  -27.736 0.6000000238
8078  -35.014  -70.134  -25.883 0.5000000000
14764  -28.443  -63.635  -27.239 0.6999999881
13115  -29.127  -64.782  -27.793 0.6000000238
12261  -29.532  -65.809  -28.293 0.6000000238
13125  -30.136  -65.595  -28.667 0.6000000238
12270  -31.704  -66.403  -29.209 0.6999999881
10554  -32.054  -68.026  -29.995 0.6999999881
159022  -34.623  -69.076  -25.098 0.5000000000
12083  -37.313  -66.025  -15.802 0.3000000119
13948  -27.846  -63.996  -26.996 0.6999999881
13104  -28.217  -65.037  -26.748 0.6000000238
12253  -28.572  -65.343  -27.141 0.6999999881
11399  -30.183  -66.843  -28.541 0.6000000238
183567  -30.499  -67.256  -28.775 0.6000000238
9701  -34.200  -68.798  -30.492 0.6999999881
11393  -35.249  -67.260  -26.607 0.5000000000
11380  -35.305  -67.126  -25.569 0.5000000000
12254  -28.823  -65.868  -26.915 0.6000000238
11397  -30.215  -67.121  -27.559 0.6000000238
9696  -31.501  -68.497  -29.798 0.6000000238
8861  -32.714  -69.427  -30.379 0.6000000238
8862  -33.423  -69.811  -30.390 0.6000000238
157711  -35.743  -66.765  -26.399 0.5000000000
184903  -38.085  -65.659  -18.454 0.3000000119
160699  -28.384  -65.778  -25.353 0.6999999881
12246  -28.821  -66.081  -25.886 0.6000000238
11391  -29.714  -66.740  -27.024 0.6000000238
10541  -30.942  -67.664  -27.005 0.6000000238
10548  -31.385  -68.102  -27.548 0.5000000000
9689  -31.670  -68.677  -28.193 0.5000000000
8098  -32.267  -70.532  -29.850 0.5000000000
165834  -34.164  -70.208  -30.226 0.5000000000
155736  -36.402  -66.673  -25.420 0.5000000000
10524  -40.239  -67.317  -25.518 0.3000000119
10509  -39.462  -67.658  -24.449 0.3000000119
10508  -38.997  -67.826  -23.338 0.3000000119
10479  -39.064  -68.073  -21.906 0.4000000060
176308  -38.883  -67.799  -21.296 0.4000000060
7388  -32.658  -71.179  -29.543 0.5000000000
11384  -39.296  -66.421  -26.182 0.3000000119
11367  -39.232  -67.065  -25.227 0.3000000119
10492  -38.683  -67.879  -22.466 0.4000000060
174429  -30.904  -65.012  -24.595 0.5000000000
167667  -31.125  -65.169  -25.116 0.5000000000
163552  -31.910  -65.258  -25.130 0.5000000000
13080  -32.943  -65.144  -25.186 0.5000000000
14755  -29.144  -62.947  -25.337 0.5000000000
13934  -29.430  -63.797  -25.572 0.5000000000
13943  -29.843  -64.414  -25.902 0.5000000000
13096  -31.444  -65.234  -25.835 0.5000000000
13098  -33.238  -65.105  -26.104 0.5000000000
13111  -35.411  -64.504  -27.225 0.6000000238
13122  -35.731  -64.463  -28.487 0.6000000238
14759  -28.877  -63.165  -26.403 0.5000000000
13131  -36.463  -64.627  -29.474 0.6000000238
11400  -36.649  -66.588  -29.573 0.8000000119
8603  -37.808  -69.381  -12.927 0.3000000119
15582  -27.474  -62.478  -26.643 0.6000000238
14762  -28.137  -63.095  -27.010 0.6000000238
13942  -29.211  -63.834  -26.672 0.6000000238
13123  -37.472  -64.487  -28.881 0.4000000060
10332  -37.972  -68.085  -13.127 0.3000000119
14758  -27.072  -63.440  -26.160 0.6999999881
154048  -36.742  -65.952  -29.021 0.5000000000
11398  -35.768  -66.984  -27.973 0.6000000238
12070  -37.571  -66.269  -15.069 0.3000000119
12084  -37.791  -65.583  -15.367 0.3000000119
13940  -27.029  -63.817  -25.482 0.6999999881
12256  -37.391  -65.456  -27.981 0.4000000060
12924  -38.229  -65.241  -15.852 0.3000000119
13933  -27.301  -64.443  -25.062 0.6000000238
13077  -28.032  -65.365  -24.842 0.6999999881
11395  -36.574  -66.218  -27.002 0.4000000060
12162  -38.262  -66.064  -19.102 0.3000000119
13918  -27.681  -64.754  -23.704 0.6000000238
13058  -28.079  -65.344  -24.076 0.6999999881
11378  -29.833  -66.815  -25.952 0.6000000238
10534  -31.090  -67.700  -25.948 0.5000000000
10542  -31.643  -68.240  -26.448 0.5000000000
8855  -31.917  -70.117  -29.363 0.6000000238
12247  -38.263  -65.814  -26.891 0.4000000060
11382  -36.997  -66.322  -26.267 0.4000000060
12237  -40.246  -66.324  -25.825 0.3000000119
11368  -40.538  -66.911  -25.630 0.3000000119
11369  -41.023  -67.466  -25.514 0.3000000119
10510  -40.863  -68.159  -25.016 0.3000000119
183008  -39.456  -68.240  -22.799 0.4000000060
12175  -38.801  -66.501  -19.666 0.3000000119
179722  -29.811  -66.786  -24.316 0.6000000238
10521  -31.129  -67.673  -24.989 0.5000000000
10535  -31.680  -68.237  -25.449 0.5000000000
165058  -31.861  -68.585  -27.138 0.5000000000
8849  -32.316  -69.945  -27.321 0.5000000000
8090  -32.282  -70.819  -27.839 0.6000000238
7385  -32.661  -71.410  -28.875 0.5000000000
11383  -38.386  -66.283  -26.170 0.3000000119
12250  -40.032  -66.320  -26.010 0.3000000119
11362  -30.511  -67.106  -24.452 0.5000000000
167311  -31.999  -68.718  -25.806 0.5000000000
8840  -32.400  -70.002  -26.308 0.5000000000
8065  -32.326  -70.433  -25.153 0.5000000000
14750  -29.974  -63.222  -23.810 0.5000000000
13919  -30.193  -64.117  -24.074 0.5000000000
13061  -31.749  -65.066  -23.796 0.5000000000
13062  -32.551  -65.061  -23.696 0.5000000000
164391  -33.152  -65.087  -24.334 0.5000000000
13081  -33.657  -65.009  -24.851 0.5000000000
16434  -28.229  -61.921  -25.791 0.5000000000
13059  -30.508  -64.747  -24.365 0.5000000000
169386  -34.867  -64.747  -25.499 0.4000000060
15580  -28.561  -62.554  -26.018 0.5000000000
13100  -35.134  -64.639  -26.221 0.4000000060
7877  -37.849  -70.031  -12.366 0.3000000119
9434  -38.436  -68.854  -12.157 0.3000000119
16435  -27.104  -61.858  -26.340 0.6000000238
13952  -36.596  -64.207  -28.088 0.4000000060
13961  -37.027  -64.401  -29.007 0.4000000060
15575  -26.116  -62.437  -25.456 0.6000000238
14760  -26.951  -62.772  -26.477 0.6000000238
11172  -38.080  -66.920  -13.782 0.3000000119
12052  -38.270  -66.350  -14.036 0.3000000119
14754  -26.270  -63.031  -24.754 0.6000000238
13124  -37.764  -64.454  -28.498 0.4000000060
172456  -26.444  -63.386  -24.142 0.6000000238
13955  -38.680  -64.409  -27.013 0.4000000060
12257  -38.496  -64.939  -27.625 0.4000000060
12960  -38.664  -65.113  -17.215 0.3000000119
13917  -27.223  -64.186  -23.628 0.6999999881
12248  -39.090  -65.771  -26.773 0.3000000119
13086  -39.876  -65.692  -26.231 0.3000000119
13902  -31.043  -64.271  -22.969 0.5000000000
13044  -31.335  -64.799  -23.320 0.5000000000
13045  -32.034  -64.886  -23.125 0.5000000000
13047  -33.734  -64.784  -23.074 0.4000000060
15576  -29.436  -62.681  -24.424 0.5000000000
13063  -33.931  -64.893  -24.198 0.4000000060
13082  -34.344  -64.855  -25.000 0.4000000060
15570  -29.374  -61.945  -24.091 0.6000000238
13936  -35.850  -64.443  -24.982 0.4000000060
157760  -36.226  -64.342  -25.783 0.4000000060
11161  -39.196  -67.062  -13.035 0.3000000119
173641  -38.450  -67.902  -12.741 0.3000000119
15574  -25.730  -62.363  -24.789 0.6000000238
13945  -37.093  -64.152  -26.554 0.4000000060
13960  -37.858  -64.305  -28.253 0.4000000060
13946  -37.879  -64.174  -26.256 0.4000000060
13085  -39.391  -64.881  -25.965 0.4000000060
13101  -39.160  -64.774  -26.874 0.3000000119
165243  -39.762  -65.277  -25.377 0.3000000119
13899  -27.560  -64.205  -23.077 0.6000000238
14742  -30.818  -63.586  -22.670 0.5000000000
13903  -31.634  -64.564  -22.670 0.5000000000
185644  -33.156  -64.343  -21.615 0.4000000060
13027  -33.186  -64.624  -22.280 0.4000000060
161504  -29.995  -62.520  -23.428 0.5000000000
15564  -30.561  -62.793  -22.451 0.5000000000
13905  -34.454  -64.560  -22.890 0.4000000060
16430  -27.851  -61.339  -25.641 0.6000000238
179861  -28.543  -61.072  -24.425 0.6000000238
16425  -29.397  -61.399  -23.594 0.6000000238
13921  -35.058  -64.525  -23.430 0.4000000060
16433  -26.465  -61.478  -25.995 0.6000000238
17286  -27.937  -60.899  -24.923 0.6000000238
13923  -36.677  -64.333  -23.689 0.4000000060
165757  -37.043  -64.309  -24.439 0.4000000060
15577  -25.586  -61.745  -25.400 0.6000000238
176727  -37.585  -64.254  -25.211 0.4000000060
13938  -37.898  -64.321  -24.555 0.4000000060
13084  -38.721  -64.471  -25.025 0.4000000060
13049  -38.689  -64.627  -23.581 0.4000000060
12906  -38.519  -65.360  -15.146 0.3000000119
12073  -39.742  -65.556  -14.434 0.3000000119
171694  -25.270  -61.733  -24.893 0.6000000238
13066  -39.132  -64.802  -24.736 0.4000000060
12979  -39.900  -65.424  -17.888 0.3000000119
12925  -38.993  -65.130  -15.724 0.3000000119
14748  -26.002  -62.853  -24.052 0.6000000238
14728  -27.323  -63.470  -22.540 0.6000000238
15554  -26.272  -62.449  -21.811 0.6999999881
16418  -24.911  -61.597  -22.816 0.6999999881
14739  -26.475  -62.945  -22.708 0.6000000238
15553  -25.547  -61.999  -21.470 0.6999999881
16403  -25.005  -61.565  -21.040 0.6999999881
15544  -27.011  -62.414  -21.094 0.6000000238
16402  -24.582  -61.049  -21.634 0.6999999881
17259  -24.263  -60.342  -21.513 0.6000000238
15534  -26.192  -62.200  -20.347 0.6999999881
16392  -24.664  -61.016  -20.788 0.6999999881
13882  -31.314  -64.048  -22.282 0.5000000000
13859  -32.737  -64.076  -21.150 0.5000000000
15555  -30.374  -61.934  -22.306 0.5000000000
14717  -31.139  -62.672  -21.375 0.5000000000
14730  -31.089  -63.286  -21.930 0.5000000000
13860  -33.538  -64.093  -21.164 0.5000000000
13885  -33.798  -64.313  -21.804 0.4000000060
13886  -34.599  -64.280  -22.083 0.4000000060
17280  -28.330  -60.745  -24.086 0.6000000238
17275  -29.373  -60.914  -23.104 0.6000000238
16412  -30.279  -61.236  -22.087 0.6000000238
15547  -31.201  -62.112  -20.896 0.6000000238
13906  -35.694  -64.324  -22.818 0.4000000060
17287  -26.019  -60.864  -25.699 0.6000000238
17268  -29.828  -60.821  -22.412 0.6000000238
16404  -30.567  -61.140  -21.541 0.6000000238
13922  -35.925  -64.399  -23.553 0.4000000060
16429  -24.972  -61.068  -25.210 0.6000000238
17284  -26.215  -60.523  -25.328 0.6000000238
18185  -27.081  -60.178  -23.829 0.6000000238
18176  -28.387  -60.200  -22.628 0.6000000238
18177  -29.230  -60.469  -22.550 0.6000000238
13908  -37.212  -64.327  -23.201 0.4000000060
13866  -39.133  -64.502  -21.494 0.4000000060
17282  -24.606  -60.409  -24.965 0.6000000238
18192  -25.512  -60.122  -24.859 0.6000000238
18175  -26.373  -59.792  -23.176 0.6000000238
182615  -27.700  -59.791  -22.192 0.6000000238
18156  -28.242  -59.346  -21.288 0.6000000238
13890  -38.658  -64.614  -22.585 0.4000000060
13028  -39.347  -64.857  -22.214 0.4000000060
173880  -24.896  -61.391  -24.635 0.6000000238
17278  -24.151  -60.076  -24.660 0.5000000000
172303  -25.470  -59.628  -23.723 0.6000000238
18167  -26.755  -59.490  -22.417 0.6000000238
18155  -27.601  -59.412  -21.828 0.6000000238
19030  -28.305  -58.755  -21.030 0.6999999881
15562  -25.821  -62.646  -23.311 0.6999999881
16424  -24.702  -61.358  -23.848 0.6000000238
18181  -23.890  -59.369  -23.846 0.6000000238
18174  -24.650  -59.214  -23.809 0.6000000238
19029  -27.518  -58.791  -21.560 0.6000000238
19904  -27.864  -58.054  -21.299 0.6000000238
20855  -28.968  -57.525  -20.627 0.6000000238
19037  -24.238  -58.053  -23.304 0.6000000238
19028  -26.446  -58.367  -22.176 0.6000000238
19903  -27.122  -58.006  -21.787 0.6000000238
20878  -28.239  -57.269  -21.232 0.6000000238
17266  -23.758  -59.779  -23.150 0.6000000238
19045  -23.923  -58.705  -23.520 0.6000000238
19919  -24.200  -57.056  -23.320 0.5000000000
20901  -26.208  -57.386  -22.609 0.6000000238
164710  -26.820  -56.747  -22.559 0.6000000238
153791  -23.918  -57.857  -23.124 0.5000000000
16394  -25.372  -62.029  -19.672 0.6999999881
17252  -24.785  -60.992  -19.950 0.6999999881
18143  -24.344  -59.545  -20.655 0.5000000000
19015  -24.035  -58.742  -21.134 0.6000000238
19918  -24.045  -56.989  -22.785 0.5000000000
156494  -24.213  -56.626  -23.284 0.5000000000
19878  -24.408  -58.126  -20.723 0.6000000238
19839  -20.956  -57.864  -18.325 0.6000000238
19820  -21.291  -58.197  -17.761 0.6000000238
18958  -20.995  -58.805  -17.539 0.6000000238
13858  -32.056  -63.679  -20.993 0.5000000000
14699  -32.263  -63.330  -20.291 0.5000000000
13831  -33.232  -63.808  -20.593 0.5000000000
13862  -35.122  -63.963  -21.428 0.5000000000
13887  -35.443  -64.176  -22.113 0.4000000060
17253  -30.441  -60.323  -20.924 0.5000000000
16405  -30.907  -61.371  -21.087 0.5000000000
17246  -31.729  -60.961  -19.262 0.5000000000
164427  -35.922  -63.915  -21.496 0.4000000060
13864  -37.207  -63.783  -20.904 0.4000000060
17254  -30.900  -60.593  -20.508 0.5000000000
18137  -31.567  -60.123  -19.026 0.5000000000
155732  -37.129  -64.232  -22.323 0.4000000060
163119  -37.388  -64.074  -21.565 0.4000000060
162534  -38.954  -64.262  -20.981 0.4000000060
153869  -29.408  -59.525  -20.649 0.5000000000
18135  -30.402  -59.403  -19.754 0.5000000000
18147  -30.741  -60.007  -20.176 0.5000000000
13889  -38.028  -64.288  -21.962 0.4000000060
19018  -29.244  -58.962  -20.370 0.6000000238
19000  -30.162  -58.641  -19.526 0.6000000238
180125  -29.173  -58.260  -20.293 0.6000000238
174750  -29.757  -58.085  -19.834 0.5000000000
20879  -28.905  -56.739  -20.957 0.4000000060
175827  -29.986  -56.745  -20.075 0.4000000060
21787  -30.542  -56.488  -19.724 0.4000000060
21843  -26.239  -55.909  -23.436 0.6000000238
21823  -28.251  -56.461  -21.656 0.6000000238
21845  -28.733  -55.575  -22.254 0.5000000000
21825  -29.891  -55.846  -21.127 0.4000000060
21810  -30.872  -55.957  -20.121 0.4000000060
22803  -31.013  -55.350  -21.309 0.4000000060
15517  -26.203  -62.238  -19.436 0.6999999881
20900  -25.560  -56.484  -23.374 0.6000000238
22822  -27.989  -55.319  -23.086 0.5000000000
22824  -29.810  -55.153  -22.426 0.4000000060
18144  -24.758  -60.112  -19.927 0.6000000238
20876  -24.334  -56.544  -21.810 0.5000000000
21842  -24.556  -55.784  -23.083 0.5000000000
22844  -26.316  -55.029  -23.761 0.5000000000
22846  -27.900  -54.729  -23.832 0.5000000000
22823  -28.884  -55.195  -22.808 0.4000000060
172772  -30.124  -55.016  -22.986 0.4000000060
19016  -24.696  -59.051  -20.266 0.6000000238
22798  -24.899  -55.272  -22.574 0.5000000000
176315  -20.451  -56.306  -19.643 0.6999999881
20833  -20.746  -56.655  -19.006 0.6000000238
21783  -20.895  -55.880  -19.152 0.6999999881
20811  -21.177  -57.079  -18.422 0.6000000238
22763  -21.584  -54.825  -18.994 0.6000000238
18959  -21.621  -58.503  -17.216 0.6000000238
21747  -22.417  -56.543  -17.710 0.6000000238
22749  -22.564  -55.016  -18.212 0.6000000238
23816  -22.753  -54.319  -18.378 0.6000000238
24864  -23.650  -53.381  -18.256 0.6000000238
18073  -21.644  -59.322  -16.226 0.5000000000
19822  -22.620  -57.557  -17.135 0.6000000238
20792  -22.926  -56.826  -17.316 0.6000000238
22739  -23.100  -55.409  -17.682 0.6000000238
23805  -23.060  -54.716  -17.948 0.6000000238
13833  -34.766  -63.732  -20.756 0.5000000000
18057  -22.150  -59.254  -15.514 0.5000000000
18932  -22.599  -58.469  -16.343 0.5000000000
21749  -23.501  -56.145  -17.242 0.5000000000
22740  -23.954  -55.274  -17.168 0.5000000000
15538  -31.642  -62.238  -20.210 0.4000000060
15522  -32.885  -62.630  -19.095 0.5000000000
14703  -35.926  -63.336  -20.212 0.5000000000
13834  -35.552  -63.663  -20.830 0.4000000060
18917  -22.850  -58.776  -15.581 0.5000000000
19798  -23.634  -57.716  -16.440 0.5000000000
21735  -24.628  -56.240  -16.637 0.5000000000
22727  -24.641  -55.492  -16.709 0.5000000000
16386  -32.564  -62.019  -18.783 0.5000000000
14704  -36.797  -63.405  -20.292 0.4000000060
14680  -38.051  -63.403  -19.647 0.4000000060
14681  -38.923  -63.518  -19.346 0.4000000060
18045  -22.742  -59.323  -14.729 0.5000000000
19783  -24.008  -58.002  -15.859 0.5000000000
19799  -24.318  -57.550  -16.299 0.6000000238
21736  -25.181  -56.693  -16.281 0.6000000238
13836  -38.403  -64.021  -20.685 0.4000000060
18908  -24.829  -58.696  -14.444 0.6000000238
19774  -25.256  -58.258  -15.035 0.6000000238
20762  -25.026  -57.404  -16.174 0.6999999881
18118  -31.381  -59.392  -18.778 0.4000000060
18978  -31.253  -58.656  -18.608 0.5000000000
15451  -25.920  -61.972  -14.129 0.6000000238
19842  -31.172  -57.837  -18.632 0.5000000000
20815  -31.568  -57.125  -18.454 0.4000000060
16319  -26.432  -61.845  -15.634 0.6000000238
20837  -30.908  -56.992  -19.066 0.4000000060
16347  -26.153  -62.112  -16.842 0.6000000238
16345  -25.133  -61.687  -17.802 0.6000000238
22767  -31.547  -55.737  -19.944 0.4000000060
17244  -25.504  -60.454  -18.561 0.6000000238
16382  -24.994  -61.600  -19.087 0.6999999881
19859  -25.356  -58.351  -19.890 0.6000000238
19860  -26.267  -57.974  -19.352 0.6000000238
20854  -24.847  -56.896  -20.660 0.5000000000
21805  -24.972  -56.134  -21.006 0.5000000000
22761  -20.532  -55.732  -19.930 0.6999999881
23827  -21.326  -54.626  -19.737 0.6999999881
23844  -21.670  -54.064  -20.118 0.6000000238
23829  -22.382  -53.895  -18.900 0.6000000238
24875  -22.724  -53.296  -19.220 0.6000000238
24863  -22.996  -53.626  -18.581 0.6000000238
26015  -23.974  -52.701  -18.548 0.6999999881
24851  -25.117  -52.840  -17.553 0.6000000238
24849  -24.025  -53.891  -17.617 0.6000000238
15502  -33.994  -62.292  -18.440 0.5000000000
14675  -34.030  -63.142  -19.502 0.5000000000
14702  -34.415  -63.455  -20.128 0.5000000000
14677  -35.679  -62.992  -19.604 0.5000000000
23790  -25.250  -54.251  -16.576 0.6000000238
24834  -25.230  -53.534  -16.964 0.5000000000
15525  -35.266  -62.616  -19.078 0.5000000000
14679  -37.219  -63.200  -19.681 0.5000000000
22710  -26.163  -55.861  -15.851 0.6000000238
163971  -25.341  -55.835  -16.276 0.6000000238
160666  -25.863  -53.726  -16.363 0.5000000000
16369  -32.301  -61.326  -18.608 0.5000000000
16300  -25.486  -61.417  -13.843 0.6000000238
18029  -24.667  -60.321  -13.334 0.4000000060
173789  -24.574  -59.633  -13.541 0.6000000238
163002  -26.302  -57.681  -15.697 0.6000000238
20763  -25.815  -57.129  -15.978 0.6000000238
22711  -26.525  -55.173  -15.593 0.6000000238
18119  -31.938  -59.804  -18.356 0.4000000060
17218  -33.011  -60.462  -17.556 0.4000000060
17174  -25.879  -60.828  -14.761 0.5000000000
18047  -26.224  -59.772  -14.774 0.5000000000
18910  -26.156  -59.096  -14.712 0.6000000238
19775  -26.241  -58.393  -15.184 0.6999999881
19787  -27.371  -57.926  -15.754 0.6000000238
20764  -26.941  -57.452  -15.711 0.6000000238
21720  -27.761  -56.489  -15.685 0.6000000238
18979  -31.813  -59.055  -18.172 0.5000000000
16318  -26.042  -61.353  -15.361 0.6000000238
18058  -26.759  -59.830  -15.420 0.6000000238
18920  -27.323  -59.197  -15.649 0.6000000238
19788  -27.948  -57.842  -16.126 0.6000000238
20766  -28.072  -56.978  -16.060 0.6000000238
22728  -28.628  -55.470  -15.924 0.6000000238
164911  -31.723  -58.289  -18.105 0.4000000060
17195  -25.740  -61.337  -16.357 0.5000000000
17186  -26.245  -60.670  -15.854 0.6000000238
18100  -27.871  -59.297  -17.117 0.6000000238
20793  -28.273  -57.652  -17.441 0.6000000238
164386  -28.507  -56.890  -17.181 0.6000000238
168317  -25.633  -61.542  -16.747 0.6000000238
17217  -25.369  -61.449  -17.078 0.6000000238
18099  -26.442  -60.363  -17.558 0.6000000238
18976  -27.470  -58.623  -18.337 0.6000000238
18977  -28.041  -58.346  -17.729 0.6000000238
18997  -26.148  -58.859  -19.228 0.6000000238
18996  -25.360  -59.412  -19.597 0.6000000238
174920  -25.591  -56.558  -20.120 0.5000000000
22784  -25.976  -55.054  -20.841 0.5000000000
22782  -20.406  -55.777  -21.082 0.6999999881
23843  -21.222  -54.554  -20.733 0.6999999881
22816  -20.065  -55.603  -22.934 0.6999999881
22842  -20.681  -54.883  -23.270 0.6999999881
23851  -21.202  -54.549  -21.977 0.6999999881
23852  -21.568  -53.983  -21.178 0.6999999881
24897  -22.478  -53.051  -19.963 0.6000000238
26047  -23.376  -52.075  -19.912 0.6000000238
27077  -23.977  -51.735  -19.494 0.5000000000
26027  -23.665  -52.364  -19.190 0.6999999881
27063  -24.900  -51.741  -18.522 0.5000000000
26017  -25.301  -52.069  -17.943 0.5000000000
26002  -25.734  -52.317  -17.424 0.5000000000
15503  -34.815  -62.251  -18.478 0.4000000060
15505  -36.479  -62.294  -18.563 0.5000000000
15506  -37.250  -62.458  -18.483 0.5000000000
15528  -37.635  -62.946  -19.037 0.5000000000
15508  -38.862  -62.836  -18.135 0.4000000060
16348  -33.300  -61.154  -17.694 0.4000000060
16374  -36.093  -61.835  -18.043 0.4000000060
24825  -27.099  -53.776  -15.607 0.6000000238
22712  -27.371  -55.069  -15.332 0.6000000238
23780  -27.639  -54.308  -15.321 0.6000000238
21751  -28.935  -55.890  -17.246 0.6000000238
22714  -28.874  -54.676  -15.764 0.6000000238
20813  -27.562  -57.107  -18.563 0.6000000238
20814  -28.152  -56.882  -18.060 0.6000000238
22741  -29.292  -55.329  -17.273 0.6000000238
19861  -27.090  -57.688  -18.821 0.6000000238
21767  -28.260  -56.000  -18.337 0.5000000000
20834  -26.355  -56.988  -19.406 0.6000000238
173750  -27.174  -55.740  -19.271 0.5000000000
21807  -26.547  -55.540  -19.880 0.5000000000
23850  -19.229  -54.487  -22.207 0.6999999881
23858  -20.550  -54.535  -23.344 0.6999999881
180878  -21.052  -54.213  -23.346 0.6999999881
24913  -21.577  -53.980  -22.465 0.6999999881
26062  -22.135  -52.938  -23.123 0.6000000238
24914  -21.922  -53.441  -21.619 0.6999999881
27089  -23.101  -51.892  -20.838 0.4000000060
23849  -18.526  -53.891  -21.156 0.6999999881
24927  -19.816  -54.078  -22.696 0.6999999881
24928  -20.341  -53.603  -23.068 0.6000000238
26075  -21.627  -52.799  -23.648 0.6000000238
27090  -23.724  -51.401  -20.330 0.5000000000
23841  -16.915  -53.790  -20.343 0.6999999881
24895  -17.497  -53.248  -20.659 0.6999999881
27091  -24.308  -51.142  -19.751 0.5000000000
23826  -14.971  -53.267  -20.247 0.6999999881
27079  -25.155  -51.106  -18.813 0.5000000000
184308  -14.421  -52.861  -19.622 0.6000000238
23813  -14.279  -53.014  -18.869 0.6000000238
23799  -14.823  -53.689  -18.026 0.6000000238
173239  -16.806  -55.433  -16.662 0.5000000000
22722  -17.336  -55.010  -16.967 0.5000000000
15485  -36.885  -61.986  -17.984 0.4000000060
15487  -38.452  -62.289  -17.648 0.4000000060
22751  -29.213  -55.096  -18.217 0.6000000238
26076  -22.669  -51.756  -23.186 0.5000000000
27100  -22.909  -51.853  -22.008 0.5000000000
24912  -19.051  -53.423  -21.605 0.6000000238
26054  -19.645  -53.082  -22.173 0.6000000238
27106  -21.218  -52.153  -23.312 0.6000000238
27115  -21.880  -52.045  -23.597 0.6000000238
27107  -23.144  -51.364  -22.454 0.5000000000
27101  -23.345  -51.318  -21.391 0.5000000000
28146  -24.387  -50.439  -20.748 0.5000000000
24894  -16.170  -52.667  -20.877 0.6999999881
24911  -18.083  -52.741  -20.907 0.6000000238
155651  -18.732  -52.194  -21.203 0.6000000238
26055  -20.349  -52.126  -22.439 0.6000000238
27105  -20.495  -51.129  -22.083 0.6000000238
29177  -24.948  -50.050  -20.474 0.5000000000
26042  -15.255  -51.826  -20.202 0.6999999881
155483  -15.830  -51.858  -20.851 0.6000000238
27096  -16.811  -50.675  -21.154 0.6000000238
28143  -18.305  -50.320  -21.705 0.6000000238
28144  -19.326  -50.394  -21.664 0.6000000238
26041  -14.804  -52.058  -19.750 0.6000000238
27087  -15.743  -51.134  -20.294 0.6000000238
27088  -16.224  -50.589  -20.673 0.6000000238
28142  -17.407  -50.135  -21.272 0.6000000238
24859  -15.718  -52.571  -18.413 0.6000000238
24860  -16.643  -52.530  -18.187 0.6000000238
27058  -15.925  -51.124  -19.470 0.6000000238
28124  -16.789  -50.098  -20.539 0.6000000238
23800  -16.495  -53.568  -17.750 0.5000000000
22737  -16.991  -54.384  -17.369 0.5000000000
24844  -17.280  -53.397  -17.746 0.5000000000
26011  -16.786  -51.782  -18.573 0.6000000238
27076  -17.180  -50.368  -19.449 0.6000000238
16354  -38.053  -61.720  -17.259 0.4000000060
21699  -17.241  -56.725  -15.327 0.5000000000
171615  -17.837  -54.026  -17.545 0.5000000000
24861  -17.593  -52.721  -17.974 0.6000000238
26012  -17.957  -51.903  -18.291 0.6000000238
21700  -17.983  -56.700  -15.355 0.5000000000
21732  -18.280  -55.808  -16.379 0.5000000000
22723  -18.093  -55.212  -16.841 0.4000000060
23802  -18.380  -54.219  -17.394 0.5000000000
24862  -18.503  -52.948  -17.809 0.6000000238
28154  -23.074  -51.076  -23.179 0.6000000238
28167  -23.540  -50.462  -23.169 0.5000000000
29187  -24.089  -50.386  -21.483 0.5000000000
161104  -22.589  -50.807  -23.391 0.6000000238
29207  -23.522  -49.992  -23.385 0.5000000000
29188  -24.638  -49.848  -21.410 0.5000000000
29196  -21.272  -49.714  -22.272 0.6999999881
29197  -22.106  -49.648  -22.762 0.6999999881
168728  -18.641  -49.560  -21.783 0.6000000238
29195  -20.181  -49.094  -21.985 0.6999999881
29175  -17.587  -49.664  -20.698 0.6000000238
29185  -18.481  -48.954  -21.538 0.6999999881
28125  -17.553  -49.865  -19.884 0.6000000238
29176  -18.210  -49.029  -20.621 0.6999999881
28109  -18.294  -50.531  -18.945 0.6000000238
28126  -18.366  -49.920  -19.355 0.6999999881
19767  -18.922  -57.659  -13.597 0.5000000000
21701  -18.776  -56.639  -15.302 0.5000000000
23786  -18.596  -54.800  -17.078 0.4000000060
24846  -18.842  -53.752  -17.517 0.6000000238
27060  -18.743  -51.468  -18.348 0.6000000238
20750  -19.078  -56.954  -14.694 0.5000000000
21733  -18.891  -55.890  -16.239 0.4000000060
23787  -19.409  -54.816  -16.800 0.5000000000
29199  -24.567  -49.528  -22.479 0.5000000000
29208  -23.991  -49.798  -23.220 0.5000000000
29206  -23.029  -50.071  -23.355 0.6000000238
30199  -22.483  -48.458  -23.034 0.5000000000
30210  -23.818  -48.562  -23.755 0.5000000000
30188  -20.977  -48.789  -22.297 0.6999999881
30177  -19.553  -48.362  -21.808 0.6999999881
31172  -19.554  -47.969  -21.375 0.6000000238
28110  -19.016  -50.314  -18.870 0.6999999881
30154  -19.078  -48.732  -19.855 0.6000000238
26013  -19.038  -52.346  -17.956 0.6000000238
159130  -19.458  -51.013  -18.397 0.6000000238
20751  -19.863  -56.869  -14.580 0.5000000000
22725  -20.002  -55.001  -16.365 0.4000000060
23804  -19.661  -53.940  -17.214 0.6000000238
21694  -20.615  -56.725  -14.400 0.4000000060
21716  -19.904  -55.969  -15.586 0.4000000060
23775  -20.613  -54.734  -16.145 0.5000000000
23788  -20.191  -54.389  -16.661 0.5000000000
30189  -21.657  -48.392  -22.690 0.6000000238
31190  -22.802  -47.961  -23.411 0.5000000000
31183  -20.578  -47.757  -22.337 0.6000000238
32230  -21.991  -47.099  -23.387 0.5000000000
31182  -19.963  -47.786  -21.843 0.6000000238
173006  -20.076  -47.441  -21.200 0.6000000238
32213  -20.901  -46.593  -21.735 0.5000000000
31143  -20.262  -48.045  -19.716 0.6000000238
28111  -19.736  -50.334  -18.585 0.6999999881
30140  -20.367  -49.095  -18.877 0.5000000000
178321  -19.770  -52.588  -17.745 0.6000000238
24847  -20.118  -53.105  -17.371 0.5000000000
21717  -20.616  -55.775  -15.346 0.4000000060
23789  -20.912  -54.066  -16.418 0.5000000000
24790  -18.847  -53.465  -12.059 0.4000000060
23752  -19.558  -53.618  -11.842 0.4000000060
33292  -21.690  -45.964  -22.937 0.5000000000
163439  -19.743  -54.280  -11.284 0.3000000119
31160  -20.817  -47.025  -20.834 0.5000000000
33275  -21.651  -45.840  -22.421 0.5000000000
22664  -20.453  -55.703  -10.354 0.3000000119
174309  -20.383  -54.549  -11.029 0.4000000060
170529  -20.655  -47.586  -20.135 0.5000000000
22665  -21.237  -55.732  -10.436 0.3000000119
168999  -20.802  -49.658  -18.458 0.6000000238
26000  -20.461  -52.310  -17.628 0.6999999881
27062  -20.868  -50.989  -18.056 0.6000000238
23776  -21.289  -54.432  -15.860 0.5000000000
24848  -20.832  -52.930  -17.106 0.5000000000
24832  -21.176  -53.379  -16.640 0.4000000060
25988  -21.396  -52.809  -16.822 0.4000000060
25948  -18.295  -52.625  -13.084 0.3000000119
24808  -18.584  -52.998  -12.577 0.3000000119
25932  -19.326  -53.013  -12.445 0.3000000119
184320  -20.016  -53.257  -12.104 0.4000000060
178821  -21.425  -46.545  -21.167 0.5000000000
22682  -20.782  -55.100  -10.654 0.4000000060
174501  -20.422  -53.859  -11.506 0.4000000060
32203  -21.878  -46.957  -20.482 0.5000000000
22683  -21.608  -55.200  -10.654 0.4000000060
30141  -21.059  -49.007  -18.598 0.5000000000
31161  -21.519  -47.482  -19.897 0.5000000000
22666  -21.882  -55.842  -10.568 0.4000000060
29153  -21.410  -49.471  -18.256 0.5000000000
27048  -21.048  -51.671  -17.665 0.5000000000
161943  -21.552  -51.073  -17.667 0.5000000000
180104  -21.949  -56.382  -13.951 0.3000000119
22702  -21.997  -55.349  -14.748 0.4000000060
24833  -21.775  -53.077  -16.413 0.4000000060
28086  -22.093  -51.168  -17.292 0.4000000060
25965  -18.064  -52.218  -13.594 0.3000000119
184923  -18.874  -52.664  -12.888 0.3000000119
25933  -20.034  -52.710  -12.509 0.4000000060
34481  -23.292  -44.507  -23.784 0.4000000060
24791  -20.799  -53.092  -11.994 0.4000000060
34465  -23.090  -44.726  -23.000 0.4000000060
23731  -21.105  -54.493  -10.986 0.4000000060
24772  -21.395  -53.788  -11.344 0.4000000060
32215  -22.282  -46.357  -21.140 0.4000000060
31132  -21.876  -48.334  -18.590 0.5000000000
22684  -22.484  -55.581  -10.765 0.4000000060
21686  -22.967  -56.272  -11.772 0.3000000119
30124  -22.056  -49.527  -17.826 0.5000000000
22703  -22.672  -55.062  -14.480 0.3000000119
157122  -18.751  -52.262  -13.273 0.3000000119
26991  -19.352  -51.780  -13.335 0.3000000119
25949  -19.387  -52.438  -12.920 0.3000000119
25950  -20.035  -52.089  -12.900 0.4000000060
25934  -20.717  -52.350  -12.473 0.4000000060
26981  -21.387  -51.841  -12.311 0.3000000119
182589  -21.301  -52.557  -12.091 0.4000000060
35603  -24.180  -44.138  -23.987 0.4000000060
36829  -25.131  -43.438  -24.171 0.4000000060
24792  -21.701  -53.089  -11.686 0.4000000060
33277  -23.039  -45.866  -21.644 0.4000000060
32204  -22.854  -47.083  -20.349 0.4000000060
23732  -22.127  -54.584  -10.893 0.3000000119
32192  -22.432  -47.544  -19.765 0.4000000060
21683  -22.766  -56.157  -11.183 0.3000000119
159493  -22.998  -55.063  -11.016 0.3000000119
21687  -23.326  -55.919  -12.345 0.3000000119
25989  -21.920  -52.347  -16.736 0.4000000060
28057  -18.494  -51.244  -14.209 0.3000000119
26992  -20.094  -51.415  -13.150 0.4000000060
28045  -20.681  -50.959  -12.993 0.4000000060
26993  -20.668  -51.660  -12.773 0.4000000060
35617  -26.686  -43.002  -24.210 0.4000000060
35586  -24.881  -43.606  -23.605 0.4000000060
33286  -23.639  -45.273  -22.077 0.4000000060
32216  -23.466  -46.662  -20.933 0.4000000060
33278  -24.282  -46.189  -21.401 0.4000000060
24773  -22.306  -53.742  -11.205 0.3000000119
22686  -23.593  -55.158  -11.418 0.3000000119
31133  -22.628  -48.250  -18.377 0.5000000000
22688  -23.422  -55.716  -11.761 0.3000000119
22689  -23.789  -55.323  -12.088 0.3000000119
30125  -22.790  -49.131  -17.417 0.5000000000
23770  -22.763  -54.243  -14.913 0.3000000119
177092  -22.663  -50.830  -16.994 0.4000000060
23777  -22.030  -54.147  -15.528 0.4000000060
184916  -19.442  -50.734  -13.851 0.3000000119
28029  -21.172  -51.183  -12.618 0.3000000119
36812  -25.542  -42.758  -23.773 0.4000000060
25935  -21.943  -52.402  -11.867 0.3000000119
35587  -24.754  -43.983  -22.805 0.4000000060
36797  -25.312  -43.134  -22.937 0.3000000119
25920  -22.524  -53.011  -11.451 0.3000000119
32217  -24.378  -46.920  -20.689 0.4000000060
34457  -24.629  -45.329  -21.811 0.4000000060
23734  -23.705  -54.411  -11.246 0.3000000119
23753  -24.155  -54.755  -11.746 0.3000000119
31134  -23.403  -48.175  -18.184 0.4000000060
22697  -23.872  -54.906  -13.458 0.3000000119
185371  -23.715  -53.461  -14.677 0.3000000119
184524  -23.202  -53.019  -15.367 0.3000000119
28088  -23.308  -50.757  -16.490 0.3000000119
26982  -22.180  -51.692  -11.946 0.3000000119
25936  -22.724  -52.298  -11.574 0.3000000119
35575  -25.333  -43.843  -21.963 0.3000000119
33279  -25.175  -45.918  -21.209 0.4000000060
34458  -25.305  -44.977  -21.500 0.4000000060
175028  -24.269  -54.193  -11.531 0.3000000119
167939  -24.469  -47.331  -20.102 0.4000000060
33267  -24.972  -46.581  -20.890 0.4000000060
23760  -24.305  -54.812  -12.547 0.3000000119
179173  -23.869  -54.361  -13.939 0.3000000119
31117  -23.088  -48.500  -17.687 0.3000000119
27029  -23.139  -51.966  -15.973 0.3000000119
25923  -24.832  -52.934  -11.656 0.3000000119
23761  -24.721  -54.055  -12.687 0.3000000119
32195  -24.917  -47.544  -19.659 0.3000000119
33268  -25.650  -46.400  -20.523 0.3000000119
23766  -24.680  -53.786  -13.341 0.3000000119
176827  -24.235  -48.098  -18.186 0.3000000119
25976  -23.967  -52.431  -15.022 0.3000000119
29121  -23.177  -49.531  -16.874 0.3000000119
25937  -25.220  -52.702  -12.079 0.3000000119
26984  -25.480  -51.899  -11.946 0.3000000119
25951  -24.990  -53.424  -12.885 0.3000000119
31148  -24.595  -47.896  -18.972 0.3000000119
25952  -25.532  -52.400  -12.694 0.3000000119
26994  -25.867  -51.631  -12.595 0.3000000119
25981  -22.355  -52.751  -16.183 0.4000000060
22696  -23.210  -55.377  -13.743 0.3000000119
23764  -23.333  -54.687  -14.219 0.3000000119
9691  -36.545  -68.379  -28.911 0.6000000238
8091  -35.929  -69.728  -27.737 0.5000000000
184638  -36.170  -70.379  -27.531 0.5000000000
8096  -36.810  -70.166  -28.709 0.5000000000
8084  -35.475  -70.113  -26.834 0.5000000000
164604  -34.466  -69.229  -23.027 0.5000000000
10557  -35.324  -67.231  -30.955 0.6999999881
12274  -36.635  -65.655  -30.100 0.6999999881
11403  -33.351  -67.300  -30.180 0.6999999881
170131  -35.553  -67.908  -30.983 0.6999999881
8055  -34.649  -70.247  -23.859 0.4000000060
10555  -32.890  -68.142  -30.241 0.6999999881
10523  -34.821  -67.692  -24.927 0.5000000000
12978  -39.088  -65.359  -17.947 0.3000000119
11364  -35.736  -66.907  -25.080 0.5000000000
11365  -37.284  -66.568  -25.456 0.3000000119
13110  -34.676  -64.787  -26.574 0.6000000238
13120  -33.712  -65.020  -27.888 0.6000000238
175748  -34.012  -64.950  -26.376 0.5000000000
13951  -29.678  -64.359  -27.056 0.6000000238
12271  -32.873  -66.222  -29.307 0.6999999881
11171  -37.692  -67.307  -14.163 0.3000000119
11396  -29.716  -66.485  -28.035 0.6000000238
12265  -31.060  -65.801  -28.836 0.6000000238
11402  -32.177  -67.103  -29.695 0.6999999881
10543  -34.901  -68.102  -26.383 0.6000000238
8841  -34.960  -69.451  -26.329 0.5000000000
10551  -30.842  -67.627  -29.068 0.6000000238
9697  -32.047  -68.900  -30.177 0.6999999881
11392  -30.369  -67.207  -26.469 0.5000000000
9693  -31.514  -69.208  -29.539 0.5000000000
12143  -39.496  -65.802  -18.546 0.3000000119
12235  -28.440  -65.816  -24.503 0.6000000238
8839  -32.147  -69.123  -27.275 0.5000000000
9653  -40.252  -68.439  -23.865 0.3000000119
178498  -37.150  -65.062  -29.241 0.5000000000
12164  -39.802  -66.294  -19.127 0.3000000119
8830  -32.281  -69.353  -25.801 0.5000000000
13065  -35.463  -64.516  -24.217 0.4000000060
12054  -39.447  -66.071  -13.829 0.3000000119
17279  -27.562  -60.501  -24.422 0.6000000238
165290  -25.310  -62.023  -23.254 0.6999999881
17273  -23.976  -60.456  -23.195 0.6000000238
165586  -23.657  -58.979  -22.465 0.6000000238
18186  -27.992  -60.392  -23.563 0.6000000238
16396  -31.676  -61.634  -19.763 0.5000000000
13888  -36.230  -64.160  -22.207 0.4000000060
18168  -28.413  -59.836  -21.810 0.6000000238
18158  -29.762  -60.073  -21.272 0.5000000000
19038  -25.755  -58.739  -22.704 0.6000000238
19882  -29.876  -57.415  -19.868 0.4000000060
16383  -25.307  -62.108  -18.699 0.6000000238
17243  -25.024  -61.252  -18.468 0.6999999881
20791  -22.239  -57.171  -17.581 0.6000000238
14674  -33.255  -63.150  -19.499 0.4000000060
17231  -32.086  -60.568  -18.507 0.4000000060
21769  -31.536  -56.497  -18.778 0.4000000060
22843  -25.567  -55.219  -23.592 0.4000000060
16368  -26.067  -62.245  -17.565 0.6000000238
21764  -21.369  -56.237  -18.516 0.6000000238
178839  -23.525  -56.815  -17.018 0.6000000238
15527  -36.856  -62.724  -19.124 0.5000000000
18907  -24.023  -58.703  -14.608 0.5000000000
23791  -25.963  -54.517  -15.969 0.6000000238
18036  -23.825  -59.551  -13.633 0.4000000060
18116  -26.302  -60.051  -18.304 0.5000000000
180378  -32.769  -59.891  -17.522 0.5000000000
18934  -28.002  -58.589  -16.431 0.6000000238
178510  -27.382  -59.729  -17.317 0.5000000000
23798  -14.016  -53.569  -18.569 0.6000000238
21713  -17.620  -56.252  -15.936 0.5000000000
28164  -21.490  -51.364  -23.172 0.5000000000
26053  -17.183  -51.525  -21.329 0.6000000238
27099  -19.581  -51.285  -21.623 0.6000000238
28153  -21.847  -50.602  -22.922 0.6000000238
20749  -18.259  -56.982  -14.713 0.5000000000
30201  -24.060  -49.238  -23.602 0.5000000000
29168  -19.679  -49.132  -19.195 0.6000000238
21702  -19.523  -56.499  -15.167 0.5000000000
171306  -20.210  -50.874  -18.293 0.6000000238
23751  -19.026  -53.996  -11.508 0.3000000119
32223  -20.804  -46.957  -22.388 0.5000000000
22701  -21.301  -55.530  -15.047 0.3000000119
34464  -22.110  -45.361  -22.842 0.4000000060
33276  -22.132  -45.720  -22.021 0.4000000060
22709  -21.630  -54.869  -15.311 0.4000000060
22695  -22.477  -55.880  -14.043 0.3000000119
28100  -22.096  -50.500  -17.561 0.5000000000
35585  -23.963  -44.259  -23.382 0.4000000060
161881  -19.087  -51.257  -13.837 0.3000000119
23733  -22.969  -54.388  -11.039 0.3000000119
31146  -22.933  -47.952  -18.989 0.4000000060
25990  -22.590  -52.109  -16.367 0.3000000119
24774  -23.154  -53.688  -11.155 0.3000000119
29134  -22.662  -49.967  -17.273 0.4000000060
29087  -19.525  -50.069  -14.044 0.3000000119
24775  -23.940  -53.662  -11.278 0.3000000119
31147  -23.780  -47.963  -18.933 0.4000000060
24793  -24.912  -53.443  -12.165 0.3000000119
181460  -30.847  -71.848  -21.701 0.5000000000
7334  -31.594  -71.504  -22.689 0.5000000000
155781  -31.948  -70.973  -23.083 0.5000000000
155099  -32.189  -70.870  -24.562 0.4000000060
8019  -30.479  -70.990  -20.521 0.5000000000
8020  -31.071  -70.616  -20.890 0.5000000000
8034  -31.735  -70.400  -21.895 0.5000000000
8044  -31.947  -70.325  -22.502 0.5000000000
8804  -32.172  -69.677  -23.722 0.5000000000
8818  -32.329  -69.690  -25.060 0.4000000060
8006  -29.980  -70.645  -20.025 0.4000000060
8761  -31.087  -70.029  -20.702 0.5000000000
155775  -31.987  -69.585  -22.786 0.5000000000
9675  -32.101  -68.933  -25.030 0.4000000060
8750  -30.761  -69.633  -20.271 0.5000000000
176624  -31.217  -69.436  -20.875 0.5000000000
8021  -31.494  -70.083  -21.319 0.5000000000
10456  -30.885  -67.995  -20.857 0.5000000000
9618  -31.612  -68.688  -21.960 0.5000000000
10477  -31.140  -67.904  -21.827 0.5000000000
181095  -31.290  -67.773  -23.507 0.5000000000
10505  -31.195  -67.697  -24.160 0.4000000060
180527  -30.815  -68.789  -20.344 0.5000000000
11312  -30.592  -67.144  -22.242 0.5000000000
11327  -30.360  -66.975  -22.991 0.5000000000
176171  -30.760  -67.263  -23.605 0.5000000000
12119  -29.162  -65.448  -18.389 0.5000000000
10441  -30.489  -67.969  -20.089 0.5000000000
11277  -30.253  -67.301  -19.891 0.5000000000
171774  -30.304  -66.888  -20.376 0.5000000000
165958  -30.173  -66.366  -20.637 0.5000000000
11311  -30.197  -66.733  -21.891 0.5000000000
12187  -29.930  -66.187  -21.558 0.5000000000
177716  -30.087  -66.720  -22.527 0.5000000000
11345  -30.067  -66.858  -23.710 0.5000000000
12988  -29.884  -65.190  -19.178 0.5000000000
13808  -29.931  -64.459  -19.484 0.5000000000
14656  -29.368  -63.250  -18.539 0.5000000000
13004  -29.882  -65.012  -20.734 0.5000000000
14697  -29.528  -63.557  -20.154 0.5000000000
15537  -29.088  -62.931  -20.148 0.5000000000
12186  -29.582  -65.368  -21.549 0.5000000000
13857  -29.495  -64.587  -21.119 0.5000000000
13856  -29.038  -64.015  -21.360 0.5000000000
12205  -29.417  -65.867  -22.286 0.5000000000
13024  -28.486  -64.961  -22.614 0.5000000000
12219  -29.360  -66.122  -22.830 0.5000000000
157882  -29.126  -66.149  -23.428 0.5000000000
158981  -29.334  -66.518  -24.611 0.5000000000
15474  -27.500  -62.309  -16.665 0.5000000000
15498  -27.473  -62.242  -18.296 0.6000000238
168747  -28.864  -62.565  -19.542 0.5000000000
14715  -28.542  -63.398  -21.445 0.5000000000
163923  -27.951  -62.483  -20.612 0.5000000000
14729  -27.956  -63.447  -22.015 0.5000000000
175988  -27.553  -63.123  -22.029 0.5000000000
13042  -28.251  -65.249  -23.340 0.5000000000
13900  -28.001  -64.751  -23.102 0.5000000000
12218  -28.591  -65.763  -23.722 0.5000000000
15452  -26.410  -62.394  -14.526 0.5000000000
162441  -27.156  -62.221  -16.021 0.5000000000
15535  -27.182  -62.294  -20.121 0.6000000238
18972  -19.253  -58.843  -18.617 0.5000000000
18973  -20.002  -58.659  -18.581 0.6000000238
19013  -18.225  -58.569  -20.217 0.5000000000
19856  -19.340  -58.079  -20.412 0.5000000000
167170  -19.996  -57.767  -19.695 0.6000000238
20853  -19.799  -57.469  -20.642 0.6000000238
177800  -18.637  -58.284  -21.036 0.5000000000
20852  -19.229  -57.719  -21.456 0.6000000238
20873  -18.451  -57.451  -22.005 0.5000000000
21804  -20.134  -56.565  -20.668 0.6000000238
21819  -19.502  -56.654  -22.431 0.6000000238
21818  -18.349  -56.529  -21.986 0.5000000000
22815  -19.617  -56.185  -22.663 0.6000000238
21841  -19.911  -55.977  -22.748 0.6000000238
22794  -17.756  -56.033  -21.235 0.5000000000
181420  -18.812  -55.495  -22.083 0.5000000000
22760  -15.352  -54.228  -20.132 0.5000000000
155088  -14.485  -53.709  -19.922 0.6000000238
22719  -13.793  -54.751  -17.385 0.6000000238
23797  -13.798  -53.772  -18.868 0.5000000000
23842  -18.002  -54.415  -20.722 0.6000000238
165885  -18.278  -55.511  -21.508 0.5000000000
23825  -14.097  -53.570  -19.334 0.5000000000
22720  -14.989  -55.013  -16.974 0.6000000238
22735  -14.452  -54.245  -17.745 0.6000000238
165581  -15.992  -54.071  -17.609 0.6000000238
174015  -40.490  -67.118  -20.016 0.3000000119
10461  -42.105  -68.327  -21.149 0.3000000119
177979  -39.660  -68.409  -21.995 0.3000000119
8776  -43.798  -69.641  -23.472 0.3000000119
10480  -40.131  -68.749  -22.666 0.3000000119
10459  -39.574  -67.981  -21.193 0.3000000119
11284  -39.780  -67.325  -20.388 0.3000000119
10522  -31.718  -68.277  -24.591 0.4000000060
13880  -28.417  -64.165  -22.097 0.5000000000
14727  -27.093  -62.823  -21.986 0.5000000000
18974  -20.690  -58.525  -18.158 0.5000000000
9651  -31.946  -68.928  -23.376 0.5000000000
10455  -30.566  -67.356  -20.561 0.5000000000
11237  -29.415  -66.782  -18.727 0.5000000000
171763  -29.792  -66.478  -19.164 0.5000000000
13794  -29.358  -64.715  -18.314 0.5000000000
14657  -29.759  -63.829  -19.031 0.5000000000
13829  -29.830  -64.340  -20.262 0.5000000000
15546  -28.582  -62.848  -20.799 0.5000000000
10443  -40.378  -67.726  -20.694 0.3000000119
9621  -41.583  -69.315  -22.859 0.3000000119
9608  -41.828  -68.917  -21.905 0.3000000119
10460  -41.338  -68.404  -21.317 0.3000000119
9607  -41.137  -68.884  -22.038 0.3000000119
9640  -42.994  -69.696  -23.583 0.3000000119
5993  -37.204  -72.848  -26.116 0.5000000000
6009  -36.806  -72.167  -27.287 0.5000000000
6625  -30.878  -71.373  -21.205 0.5000000000
6683  -36.651  -71.865  -26.342 0.5000000000
6684  -36.713  -72.139  -26.462 0.5000000000
6694  -36.742  -71.990  -26.995 0.5000000000
6699  -36.958  -72.006  -27.982 0.5000000000
7304  -29.846  -71.236  -20.291 0.5000000000
7325  -31.269  -71.591  -22.016 0.5000000000
7326  -31.742  -70.935  -22.238 0.5000000000
7367  -36.237  -71.194  -27.051 0.5000000000
7376  -32.525  -71.467  -28.206 0.5000000000
7377  -36.894  -71.555  -27.548 0.6000000238
7378  -36.852  -71.892  -27.057 0.6000000238
7387  -36.925  -71.428  -28.019 0.5000000000
7394  -36.059  -70.921  -29.629 0.6000000238
7893  -37.796  -70.798  -12.711 0.3000000119
8007  -30.633  -70.319  -20.320 0.5000000000
8033  -31.474  -70.850  -21.529 0.5000000000
8054  -32.185  -70.508  -23.791 0.5000000000
8066  -32.395  -69.983  -25.615 0.5000000000
8079  -35.083  -70.648  -25.361 0.5000000000
8092  -36.649  -70.867  -27.687 0.5000000000
8097  -36.865  -70.962  -28.113 0.6000000238
8099  -33.053  -70.698  -30.184 0.5000000000
8100  -36.797  -70.198  -28.973 0.5000000000
8101  -36.875  -70.837  -28.539 0.5000000000
8102  -34.036  -71.013  -30.124 0.5000000000
8104  -36.562  -70.180  -29.601 0.5000000000
8773  -31.617  -69.336  -21.562 0.5000000000
8774  -31.813  -69.837  -22.021 0.5000000000
8788  -34.524  -69.803  -23.277 0.5000000000
8805  -34.522  -69.324  -23.824 0.5000000000
8831  -34.743  -69.549  -25.489 0.5000000000
8848  -31.992  -69.521  -28.336 0.5000000000
8850  -35.348  -69.276  -27.219 0.5000000000
8851  -36.613  -70.179  -28.257 0.5000000000
8856  -36.608  -69.306  -28.586 0.5000000000
8858  -31.992  -69.813  -30.067 0.6000000238
8859  -32.535  -70.126  -30.276 0.6000000238
9460  -37.977  -68.773  -12.734 0.3000000119
9482  -37.750  -68.703  -13.933 0.3000000119
9605  -31.283  -68.683  -21.205 0.5000000000
9619  -31.803  -69.265  -22.186 0.5000000000
9620  -40.827  -69.025  -22.596 0.3000000119
9622  -42.392  -69.429  -22.697 0.3000000119
9623  -43.222  -69.392  -22.536 0.3000000119
9634  -31.592  -68.196  -22.449 0.5000000000
9635  -31.810  -68.815  -22.645 0.5000000000
9636  -34.504  -68.597  -22.737 0.5000000000
9639  -42.328  -69.607  -23.757 0.3000000119
9665  -32.019  -68.933  -24.165 0.4000000060
9666  -34.568  -68.902  -24.505 0.4000000060
9667  -41.325  -68.026  -25.429 0.3000000119
9676  -34.737  -68.758  -25.808 0.5000000000
9683  -34.996  -68.693  -26.770 0.6000000238
9692  -31.233  -68.311  -29.274 0.6000000238
9698  -33.120  -68.639  -30.366 0.6999999881
9699  -36.658  -68.062  -30.786 0.5000000000
9700  -37.026  -68.718  -30.142 0.5000000000
9703  -36.518  -68.785  -30.657 0.6999999881
10308  -38.748  -68.228  -12.349 0.3000000119
10333  -38.957  -67.675  -12.667 0.3000000119
10355  -37.869  -67.532  -13.592 0.3000000119
10458  -38.371  -67.724  -21.716 0.4000000060
10476  -30.644  -67.291  -21.399 0.5000000000
10478  -34.596  -68.068  -21.744 0.5000000000
10481  -40.458  -68.472  -21.601 0.3000000119
10489  -31.063  -67.596  -22.813 0.5000000000
10490  -31.652  -68.243  -23.099 0.5000000000
10506  -31.713  -68.291  -23.819 0.5000000000
10525  -40.934  -67.586  -25.493 0.3000000119
10536  -34.834  -67.879  -25.689 0.6000000238
10547  -30.671  -67.568  -28.191 0.6000000238
10549  -35.210  -67.858  -27.266 0.5000000000
10553  -31.323  -67.847  -29.675 0.6999999881
11160  -38.386  -67.335  -13.151 0.3000000119
11173  -38.724  -66.514  -13.508 0.3000000119
11174  -39.465  -66.555  -13.357 0.3000000119
11189  -37.806  -66.603  -14.386 0.3000000119
11213  -36.918  -66.432  -16.167 0.3000000119
11257  -39.265  -66.932  -20.040 0.3000000119
11258  -39.893  -66.791  -19.717 0.3000000119
11278  -34.870  -67.571  -20.725 0.4000000060
11280  -36.242  -66.850  -20.523 0.4000000060
11282  -37.940  -67.015  -20.500 0.4000000060
11283  -38.609  -66.997  -20.276 0.4000000060
11299  -30.318  -66.797  -21.085 0.5000000000
11301  -35.212  -67.269  -21.366 0.4000000060
11303  -37.850  -67.333  -21.219 0.4000000060
11304  -39.085  -67.448  -20.675 0.3000000119
11314  -35.359  -67.182  -22.188 0.4000000060
11315  -36.247  -66.982  -22.260 0.4000000060
11316  -37.244  -67.205  -22.148 0.4000000060
11317  -38.025  -67.543  -22.291 0.4000000060
11326  -29.700  -66.532  -23.100 0.5000000000
11331  -37.621  -67.264  -22.816 0.4000000060
11332  -38.315  -67.550  -23.011 0.4000000060
11344  -29.452  -66.524  -23.875 0.5000000000
11346  -35.257  -67.210  -23.597 0.5000000000
11347  -35.965  -66.915  -23.791 0.4000000060
11350  -38.668  -67.411  -23.959 0.3000000119
11360  -29.304  -66.487  -25.448 0.6000000238
11361  -29.866  -66.823  -25.014 0.6000000238
11363  -35.195  -67.215  -24.801 0.5000000000
11366  -38.285  -66.723  -25.334 0.3000000119
11370  -41.410  -68.010  -25.383 0.3000000119
11377  -29.280  -66.389  -26.447 0.6000000238
11379  -30.495  -67.172  -25.451 0.5000000000
11381  -36.015  -66.664  -25.883 0.5000000000
11385  -39.980  -66.630  -25.983 0.3000000119
11390  -29.288  -66.132  -27.493 0.6000000238
11394  -36.051  -66.511  -27.453 0.5000000000
11401  -31.230  -67.167  -29.462 0.6999999881
11404  -35.245  -65.830  -30.408 0.6999999881
11406  -34.591  -66.989  -30.696 0.6999999881
11407  -35.613  -66.527  -30.812 0.6999999881
12053  -38.755  -65.981  -14.077 0.3000000119
12071  -38.180  -65.905  -14.620 0.3000000119
12072  -38.938  -65.540  -14.533 0.3000000119
12100  -37.043  -65.959  -16.607 0.3000000119
12121  -37.103  -65.710  -17.450 0.3000000119
12139  -29.581  -65.907  -18.792 0.5000000000
12141  -37.069  -65.822  -18.195 0.3000000119
12142  -38.735  -65.697  -18.533 0.3000000119
12159  -29.983  -65.874  -19.486 0.5000000000
12160  -36.708  -66.157  -18.845 0.3000000119
12163  -39.097  -66.146  -19.089 0.3000000119
12174  -38.093  -66.551  -19.834 0.4000000060
12206  -29.767  -66.368  -22.383 0.5000000000
12228  -28.938  -66.187  -24.168 0.5000000000
12230  -40.680  -66.407  -25.125 0.3000000119
12236  -28.820  -66.200  -24.971 0.5000000000
12238  -40.680  -66.989  -25.615 0.3000000119
12245  -28.440  -65.600  -26.310 0.6999999881
12249  -39.558  -65.852  -26.445 0.3000000119
12255  -37.002  -65.680  -28.299 0.4000000060
12258  -38.935  -65.209  -27.185 0.4000000060
12259  -39.224  -65.223  -27.005 0.3000000119
12260  -29.054  -65.382  -27.729 0.6000000238
12262  -37.616  -64.746  -28.890 0.5000000000
12263  -38.038  -64.790  -28.254 0.4000000060
12264  -29.936  -66.136  -28.572 0.6000000238
12268  -35.948  -64.901  -29.772 0.6000000238
12269  -36.903  -65.130  -29.696 0.6999999881
12273  -36.047  -65.361  -30.143 0.6999999881
12907  -39.356  -65.277  -15.099 0.3000000119
12923  -37.565  -65.494  -16.130 0.3000000119
12926  -39.782  -65.137  -15.773 0.3000000119
12943  -38.031  -65.190  -16.606 0.3000000119
12944  -38.770  -65.040  -16.395 0.3000000119
12961  -39.836  -65.181  -17.200 0.3000000119
12975  -29.586  -65.172  -18.656 0.5000000000
12976  -37.611  -65.508  -18.011 0.3000000119
12977  -38.312  -65.350  -17.931 0.3000000119
12992  -30.030  -65.178  -20.026 0.5000000000
13025  -29.056  -65.354  -22.280 0.5000000000
13026  -32.331  -64.698  -22.448 0.4000000060
13043  -28.886  -65.657  -22.938 0.5000000000
13046  -32.846  -64.884  -23.016 0.4000000060
13048  -34.293  -64.730  -23.592 0.4000000060
13057  -27.634  -64.917  -24.475 0.6000000238
13060  -31.094  -64.944  -23.998 0.5000000000
13064  -34.677  -64.690  -24.228 0.4000000060
13067  -39.469  -65.097  -24.193 0.4000000060
13076  -27.691  -64.976  -25.111 0.6000000238
13078  -30.455  -64.917  -25.209 0.5000000000
13079  -31.467  -65.196  -24.462 0.5000000000
13083  -35.079  -64.666  -24.913 0.4000000060
13092  -27.634  -64.711  -25.651 0.6999999881
13093  -28.032  -65.190  -25.742 0.6999999881
13095  -30.816  -65.077  -25.715 0.5000000000
13097  -32.372  -65.204  -25.954 0.5000000000
13099  -34.453  -64.852  -25.841 0.5000000000
13102  -39.455  -65.275  -26.684 0.3000000119
13103  -27.845  -64.622  -26.410 0.6999999881
13107  -31.805  -65.187  -26.826 0.5000000000
13112  -38.160  -64.525  -28.033 0.4000000060
13113  -38.791  -64.735  -27.434 0.4000000060
13114  -28.584  -64.719  -27.487 0.6999999881
13116  -29.553  -65.177  -28.212 0.6000000238
13118  -31.640  -65.225  -27.775 0.6000000238
13121  -34.492  -64.813  -27.374 0.6000000238
13126  -30.929  -65.370  -28.415 0.6000000238
13130  -35.310  -64.806  -29.127 0.6000000238
13132  -37.127  -64.711  -29.381 0.4000000060
13133  -36.643  -65.029  -29.808 0.6000000238
13795  -29.776  -64.548  -18.821 0.5000000000
13830  -32.621  -63.703  -20.597 0.5000000000
13832  -33.986  -63.816  -20.639 0.5000000000
13835  -37.797  -63.820  -20.649 0.4000000060
13861  -34.311  -64.034  -21.308 0.4000000060
13863  -36.713  -63.958  -21.551 0.4000000060
13865  -37.879  -64.046  -21.178 0.4000000060
13879  -27.851  -63.968  -22.511 0.5000000000
13881  -29.013  -64.762  -21.871 0.5000000000
13883  -31.927  -64.319  -22.049 0.5000000000
13884  -32.561  -64.402  -21.819 0.4000000060
13901  -30.492  -63.851  -23.348 0.5000000000
13904  -33.969  -64.554  -22.427 0.4000000060
13907  -36.469  -64.299  -22.953 0.4000000060
13909  -37.922  -64.384  -22.865 0.4000000060
13916  -26.826  -63.799  -23.883 0.6999999881
13920  -30.759  -64.499  -23.648 0.5000000000
13924  -37.310  -64.317  -23.867 0.4000000060
13925  -37.890  -64.377  -23.672 0.4000000060
13932  -26.797  -63.757  -24.694 0.6999999881
13935  -29.990  -64.345  -24.902 0.5000000000
13937  -36.796  -64.296  -25.301 0.4000000060
13941  -27.390  -64.091  -26.140 0.6999999881
13944  -36.148  -64.299  -26.752 0.4000000060
13947  -38.567  -64.336  -25.850 0.4000000060
13949  -28.150  -64.490  -27.066 0.6000000238
13953  -37.365  -64.116  -27.807 0.4000000060
13954  -38.138  -64.266  -27.567 0.4000000060
13956  -28.093  -63.573  -27.159 0.6999999881
13957  -28.359  -64.050  -27.296 0.6999999881
13958  -29.360  -64.552  -27.722 0.6000000238
13959  -37.498  -64.278  -28.562 0.4000000060
14598  -25.980  -62.746  -14.058 0.5000000000
14672  -29.437  -63.168  -19.383 0.5000000000
14673  -32.556  -63.013  -19.686 0.4000000060
14676  -34.912  -63.070  -19.635 0.5000000000
14678  -36.433  -63.059  -19.671 0.5000000000
14682  -39.831  -63.616  -19.084 0.4000000060
14698  -29.802  -63.834  -19.643 0.5000000000
14700  -32.913  -63.453  -20.086 0.4000000060
14701  -33.634  -63.498  -20.052 0.5000000000
14705  -38.062  -63.709  -20.252 0.4000000060
14706  -38.643  -63.780  -20.017 0.4000000060
14716  -29.100  -63.397  -20.787 0.5000000000
14718  -31.654  -62.926  -20.696 0.5000000000
14719  -36.370  -63.663  -20.885 0.4000000060
14731  -31.651  -63.858  -21.650 0.5000000000
14740  -26.929  -63.679  -23.230 0.6000000238
14741  -30.322  -63.071  -23.084 0.5000000000
14749  -26.402  -63.257  -23.533 0.6000000238
14756  -29.681  -63.580  -24.644 0.5000000000
14757  -26.608  -63.145  -25.614 0.6000000238
14761  -27.578  -63.272  -26.853 0.6000000238
14763  -28.668  -63.491  -27.154 0.6000000238
15453  -26.874  -62.635  -14.939 0.5000000000
15460  -26.588  -62.091  -15.051 0.6000000238
15462  -27.780  -62.585  -16.137 0.5000000000
15483  -27.501  -62.257  -17.463 0.5000000000
15486  -37.647  -62.167  -17.827 0.5000000000
15504  -35.666  -62.227  -18.553 0.4000000060
15507  -38.038  -62.661  -18.344 0.5000000000
15518  -27.337  -62.256  -19.214 0.6000000238
15521  -32.161  -62.340  -19.470 0.4000000060
15523  -33.622  -62.732  -18.958 0.5000000000
15524  -34.426  -62.706  -18.986 0.5000000000
15526  -36.075  -62.625  -19.118 0.5000000000
15536  -28.102  -62.372  -19.803 0.5000000000
15543  -26.039  -62.223  -21.078 0.6999999881
15545  -27.893  -62.805  -21.471 0.5000000000
15561  -25.625  -62.203  -22.452 0.6999999881
15563  -30.157  -62.219  -22.939 0.5000000000
15569  -25.382  -62.104  -24.084 0.6000000238
15571  -29.719  -62.403  -23.837 0.5000000000
15578  -26.113  -61.911  -25.894 0.6000000238
15579  -28.044  -62.450  -26.584 0.6000000238
15581  -26.758  -62.141  -26.316 0.6000000238
15583  -28.405  -62.939  -26.786 0.5000000000
16307  -25.781  -61.309  -14.304 0.6000000238
16308  -26.093  -61.678  -14.668 0.6000000238
16328  -25.864  -61.336  -16.113 0.6000000238
16329  -26.300  -61.887  -16.230 0.6000000238
16346  -25.343  -61.909  -17.313 0.6000000238
16353  -37.292  -61.600  -17.454 0.4000000060
16366  -25.028  -61.845  -18.293 0.6000000238
16367  -25.253  -62.088  -17.955 0.6000000238
16370  -32.925  -61.602  -18.237 0.4000000060
16373  -35.241  -61.834  -17.976 0.4000000060
16384  -26.196  -62.273  -18.464 0.6999999881
16385  -32.072  -61.681  -19.147 0.5000000000
16393  -24.978  -61.579  -20.129 0.6999999881
16395  -31.257  -61.544  -20.477 0.5000000000
16410  -24.450  -61.077  -22.473 0.6999999881
16411  -25.014  -61.611  -21.932 0.6999999881
16413  -30.744  -61.789  -21.619 0.6000000238
16417  -24.394  -60.975  -23.260 0.6000000238
16419  -29.911  -61.419  -22.865 0.6000000238
16423  -24.016  -60.419  -24.083 0.6000000238
16426  -29.794  -61.911  -23.474 0.5000000000
16428  -24.477  -60.672  -24.693 0.6000000238
16431  -28.417  -61.422  -25.011 0.6000000238
16432  -25.657  -61.259  -25.642 0.6000000238
16436  -27.639  -61.881  -26.273 0.6000000238
17165  -25.180  -60.786  -13.529 0.4000000060
17166  -25.584  -60.721  -14.048 0.5000000000
17185  -25.869  -61.161  -15.659 0.5000000000
17196  -26.549  -60.469  -16.698 0.6000000238
17230  -25.307  -60.998  -17.855 0.6000000238
17232  -32.650  -60.917  -18.041 0.5000000000
17245  -31.241  -60.371  -19.784 0.5000000000
17251  -24.453  -60.280  -20.714 0.6999999881
17255  -31.308  -61.009  -20.090 0.5000000000
17260  -30.195  -60.682  -21.650 0.5000000000
17261  -30.679  -60.836  -21.112 0.5000000000
17267  -24.085  -60.435  -22.342 0.6999999881
17272  -23.938  -59.820  -24.259 0.5000000000
17274  -28.779  -60.600  -23.325 0.6000000238
17281  -28.924  -60.995  -23.804 0.6000000238
17283  -25.280  -60.572  -25.309 0.6000000238
17285  -27.121  -60.612  -25.150 0.6000000238
17288  -26.752  -60.902  -25.657 0.6000000238
18037  -25.266  -59.968  -13.764 0.4000000060
18046  -25.750  -60.116  -14.279 0.5000000000
18059  -27.192  -59.836  -16.105 0.6000000238
18074  -27.559  -59.589  -16.726 0.6000000238
18075  -27.937  -59.095  -16.727 0.6000000238
18101  -32.333  -59.503  -17.773 0.4000000060
18102  -32.822  -59.347  -17.250 0.5000000000
18103  -33.255  -59.931  -17.135 0.5000000000
18117  -27.205  -59.567  -18.020 0.6000000238
18133  -25.143  -60.353  -19.138 0.6000000238
18134  -25.936  -59.704  -18.933 0.6000000238
18136  -31.026  -59.705  -19.441 0.4000000060
18145  -28.808  -59.230  -20.804 0.6000000238
18146  -29.783  -59.184  -20.088 0.5000000000
18154  -23.919  -59.452  -21.518 0.6000000238
18157  -28.936  -59.682  -21.200 0.6000000238
18163  -23.699  -59.046  -23.149 0.6000000238
18164  -23.811  -59.679  -22.311 0.6000000238
18165  -24.098  -58.662  -23.667 0.6000000238
18166  -25.379  -59.151  -23.186 0.6000000238
18169  -29.200  -60.134  -21.846 0.6000000238
18170  -29.696  -60.444  -21.989 0.6000000238
18173  -24.056  -59.130  -23.994 0.6000000238
18182  -24.087  -59.655  -24.400 0.6000000238
18183  -24.651  -59.654  -24.377 0.6000000238
18184  -26.108  -59.994  -24.047 0.6000000238
18191  -24.562  -60.062  -24.843 0.5000000000
18193  -26.638  -60.300  -24.726 0.6000000238
18900  -23.558  -59.138  -14.212 0.4000000060
18901  -24.367  -59.076  -13.934 0.4000000060
18902  -25.117  -59.206  -13.948 0.6000000238
18909  -25.592  -58.839  -14.541 0.6000000238
18916  -22.218  -58.900  -16.072 0.5000000000
18918  -23.642  -58.451  -15.359 0.5000000000
18919  -26.728  -59.114  -15.116 0.6000000238
18921  -27.644  -58.547  -15.901 0.6000000238
18931  -21.932  -58.749  -16.634 0.5000000000
18933  -27.747  -59.209  -16.252 0.6000000238
18957  -20.378  -59.007  -17.817 0.5000000000
18960  -27.783  -59.074  -17.640 0.6000000238
18961  -32.334  -58.686  -17.571 0.5000000000
18975  -26.781  -59.238  -18.643 0.5000000000
18994  -18.636  -58.672  -19.221 0.5000000000
18995  -19.397  -58.499  -19.379 0.5000000000
18998  -26.838  -58.503  -18.901 0.6000000238
18999  -29.595  -58.621  -19.976 0.6000000238
19001  -30.811  -59.014  -19.160 0.5000000000
19014  -18.914  -58.477  -20.067 0.5000000000
19017  -28.828  -58.713  -20.644 0.6999999881
19027  -23.702  -58.494  -22.268 0.5000000000
19036  -23.734  -58.472  -23.135 0.5000000000
19039  -26.894  -59.050  -22.065 0.6000000238
19773  -24.430  -58.289  -15.125 0.6000000238
19782  -23.273  -58.201  -16.046 0.5000000000
19784  -24.786  -57.873  -15.749 0.6999999881
19785  -25.585  -57.799  -15.694 0.6000000238
19786  -27.076  -58.534  -15.466 0.6000000238
19796  -22.278  -58.178  -16.901 0.6000000238
19797  -22.955  -57.911  -16.635 0.6000000238
19800  -28.217  -58.062  -16.777 0.6000000238
19821  -21.943  -57.857  -17.417 0.6000000238
19823  -28.123  -58.693  -17.108 0.6000000238
19838  -20.369  -58.179  -18.741 0.6000000238
19840  -21.581  -57.484  -17.906 0.6000000238
19841  -27.865  -57.747  -18.212 0.6000000238
19843  -31.745  -57.654  -18.146 0.4000000060
19857  -19.877  -58.219  -19.321 0.6000000238
19858  -20.522  -57.541  -18.982 0.6000000238
19862  -30.398  -57.788  -19.324 0.5000000000
19863  -30.720  -58.386  -18.989 0.5000000000
19879  -24.859  -57.609  -20.418 0.6000000238
19880  -25.561  -57.402  -19.919 0.6000000238
19881  -28.564  -58.100  -20.822 0.6000000238
19902  -24.244  -57.291  -21.330 0.6000000238
19920  -25.066  -57.581  -23.167 0.6000000238
20737  -18.561  -57.299  -14.135 0.5000000000
20765  -27.569  -57.253  -15.798 0.6000000238
20773  -23.268  -57.342  -16.884 0.6000000238
20774  -23.885  -57.176  -16.704 0.6000000238
20775  -24.504  -56.968  -16.524 0.6000000238
20776  -28.289  -57.367  -16.590 0.6000000238
20812  -21.843  -56.722  -18.019 0.6000000238
20832  -20.224  -57.052  -19.720 0.6999999881
20835  -27.052  -56.867  -18.941 0.6000000238
20836  -30.327  -57.078  -19.589 0.4000000060
20856  -29.458  -57.080  -20.377 0.6000000238
20874  -19.578  -57.125  -21.767 0.6000000238
20875  -24.236  -56.327  -22.921 0.5000000000
20877  -27.667  -56.811  -21.868 0.6000000238
20898  -19.070  -57.307  -22.105 0.5000000000
20899  -24.535  -56.168  -23.449 0.6000000238
21703  -20.245  -56.335  -14.979 0.4000000060
21705  -21.687  -56.002  -14.489 0.3000000119
21714  -18.480  -56.256  -15.855 0.5000000000
21715  -19.201  -56.151  -15.753 0.5000000000
21718  -26.399  -56.545  -15.829 0.6000000238
21719  -27.038  -56.801  -15.660 0.6000000238
21721  -28.314  -56.210  -16.021 0.6000000238
21731  -17.561  -55.645  -16.523 0.5000000000
21734  -24.035  -56.561  -16.888 0.5000000000
21737  -28.700  -56.269  -16.738 0.6000000238
21738  -28.949  -55.696  -16.620 0.6000000238
21748  -22.834  -56.155  -17.605 0.6000000238
21750  -28.595  -56.278  -17.630 0.5000000000
21765  -22.196  -55.831  -18.100 0.6000000238
21766  -27.542  -56.334  -18.764 0.5000000000
21768  -28.847  -55.675  -17.912 0.5000000000
21784  -26.174  -56.206  -19.754 0.5000000000
21785  -26.793  -56.266  -19.294 0.5000000000
21788  -31.158  -56.251  -19.432 0.4000000060
21803  -17.053  -56.038  -20.783 0.5000000000
21806  -25.708  -55.784  -20.424 0.5000000000
21808  -29.588  -56.417  -20.704 0.4000000060
21809  -30.237  -56.155  -20.390 0.4000000060
21817  -17.682  -56.887  -21.570 0.5000000000
21820  -19.953  -56.433  -22.162 0.6000000238
21821  -24.567  -55.859  -22.163 0.5000000000
21822  -25.212  -55.425  -21.436 0.5000000000
21824  -29.013  -56.035  -21.506 0.5000000000
21840  -19.111  -56.819  -22.349 0.6000000238
21844  -28.113  -55.863  -22.313 0.5000000000
21853  -24.681  -55.756  -23.436 0.5000000000
21854  -25.162  -55.795  -23.564 0.4000000060
22685  -23.122  -55.716  -11.297 0.3000000119
22692  -23.656  -55.449  -12.884 0.3000000119
22707  -20.262  -55.365  -15.884 0.5000000000
22708  -20.953  -55.107  -15.604 0.5000000000
22713  -28.170  -54.887  -15.412 0.6000000238
22724  -19.510  -55.545  -16.211 0.4000000060
22726  -24.140  -55.940  -16.943 0.5000000000
22729  -29.216  -55.131  -16.410 0.6000000238
22734  -13.634  -54.125  -18.306 0.5000000000
22736  -15.518  -54.525  -17.335 0.6000000238
22738  -17.835  -54.559  -17.260 0.5000000000
22747  -21.468  -55.476  -18.722 0.6000000238
22748  -21.991  -55.133  -18.519 0.6000000238
22762  -21.069  -55.232  -19.418 0.6999999881
22783  -20.868  -55.145  -20.320 0.6999999881
22787  -30.586  -55.621  -20.810 0.4000000060
22795  -19.368  -55.471  -22.562 0.6999999881
22796  -20.318  -55.701  -22.486 0.6000000238
22797  -20.832  -55.162  -21.571 0.6999999881
22801  -29.483  -55.518  -21.907 0.4000000060
22802  -30.284  -55.418  -21.576 0.4000000060
22817  -20.287  -55.385  -23.020 0.6000000238
22818  -20.740  -55.091  -22.835 0.6999999881
22819  -24.931  -55.405  -23.295 0.4000000060
22821  -27.116  -55.539  -23.296 0.5000000000
22841  -20.405  -55.163  -23.147 0.6999999881
22845  -27.039  -54.833  -23.910 0.5000000000
23754  -24.522  -54.188  -12.002 0.3000000119
23765  -24.353  -54.338  -13.345 0.3000000119
23769  -22.202  -54.718  -15.002 0.4000000060
23771  -24.194  -53.763  -14.050 0.3000000119
23778  -22.570  -53.657  -15.433 0.3000000119
23779  -26.841  -54.459  -15.484 0.6000000238
23792  -26.441  -53.948  -15.862 0.6000000238
23801  -17.354  -54.053  -17.534 0.5000000000
23803  -18.972  -54.347  -17.231 0.6000000238
23806  -23.588  -54.657  -17.587 0.6000000238
23807  -24.625  -54.751  -16.820 0.6000000238
23812  -14.125  -53.332  -19.098 0.6000000238
23814  -15.226  -53.148  -18.231 0.6000000238
23815  -22.183  -54.565  -18.692 0.6000000238
23817  -23.315  -54.082  -18.021 0.6000000238
23828  -21.877  -54.255  -19.307 0.6000000238
23840  -16.089  -54.112  -20.212 0.5000000000
23857  -20.010  -55.014  -23.005 0.6999999881
23859  -21.096  -54.434  -23.102 0.6999999881
23860  -21.538  -53.858  -23.365 0.6999999881
24776  -24.539  -53.618  -11.601 0.3000000119
24794  -25.266  -53.016  -12.518 0.3000000119
24818  -23.135  -53.477  -15.095 0.3000000119
24819  -23.585  -53.001  -15.069 0.3000000119
24822  -21.572  -53.750  -16.141 0.4000000060
24823  -22.797  -53.050  -15.658 0.4000000060
24824  -23.309  -52.544  -15.524 0.3000000119
24831  -20.500  -53.647  -16.920 0.5000000000
24845  -18.108  -53.574  -17.670 0.5000000000
24850  -24.663  -53.486  -17.429 0.6000000238
24858  -14.685  -52.457  -19.152 0.6000000238
24865  -24.342  -53.116  -17.941 0.6000000238
24874  -22.161  -53.648  -19.613 0.6000000238
24876  -23.312  -52.968  -18.860 0.6000000238
24892  -14.971  -52.476  -20.266 0.6999999881
24893  -15.581  -53.013  -20.666 0.6999999881
24896  -22.000  -53.498  -20.498 0.6000000238
24929  -21.896  -53.418  -22.877 0.6000000238
24944  -20.916  -53.884  -23.459 0.6000000238
24945  -21.417  -53.569  -23.508 0.6999999881
24946  -21.809  -53.211  -23.491 0.6000000238
25982  -22.831  -52.483  -15.944 0.3000000119
25999  -19.354  -53.144  -17.613 0.6000000238
26001  -21.249  -52.313  -17.224 0.5000000000
26009  -15.080  -51.978  -19.318 0.6000000238
26010  -15.788  -51.812  -18.950 0.6000000238
26014  -19.664  -51.896  -18.032 0.6000000238
26016  -24.647  -52.417  -18.229 0.5000000000
26025  -15.210  -51.515  -19.721 0.6000000238
26026  -23.049  -52.683  -19.549 0.6000000238
26028  -24.268  -52.044  -18.829 0.5000000000
26043  -16.292  -51.236  -21.037 0.6000000238
26044  -16.679  -52.135  -21.107 0.6000000238
26045  -22.313  -52.930  -20.916 0.6999999881
26046  -22.830  -52.497  -20.381 0.4000000060
26056  -22.232  -52.910  -22.084 0.6999999881
26057  -22.640  -52.401  -21.444 0.5000000000
26061  -20.931  -53.076  -23.336 0.6000000238
26063  -22.494  -52.425  -22.693 0.5000000000
27036  -22.324  -51.613  -16.856 0.4000000060
27037  -23.527  -51.335  -16.036 0.3000000119
27049  -21.718  -51.717  -17.262 0.4000000060
27059  -17.830  -51.029  -18.738 0.6000000238
27061  -20.314  -51.491  -18.035 0.6000000238
27075  -16.242  -50.513  -20.014 0.6000000238
27078  -24.577  -51.440  -19.128 0.5000000000
27097  -17.690  -50.908  -21.479 0.6000000238
27098  -18.823  -51.352  -21.421 0.6000000238
27116  -22.311  -51.811  -23.553 0.6000000238
28087  -23.080  -50.223  -16.829 0.3000000119
28099  -21.379  -50.270  -18.090 0.5000000000
28127  -24.873  -50.847  -19.423 0.5000000000
28135  -24.184  -50.893  -20.335 0.5000000000
28136  -24.645  -50.617  -20.055 0.5000000000
28137  -25.189  -50.260  -19.771 0.5000000000
28145  -23.878  -50.864  -21.018 0.5000000000
28151  -19.784  -49.897  -21.752 0.6000000238
28152  -20.951  -50.346  -22.132 0.6999999881
28155  -23.613  -50.807  -22.190 0.5000000000
28165  -22.190  -51.440  -23.525 0.6000000238
28166  -22.659  -51.336  -23.488 0.6000000238
29122  -23.564  -50.005  -16.462 0.3000000119
29151  -20.037  -49.716  -18.740 0.6999999881
29152  -20.540  -50.355  -18.383 0.6000000238
29166  -18.071  -49.533  -20.012 0.6000000238
29167  -18.981  -49.538  -19.288 0.6999999881
29178  -25.597  -49.738  -20.195 0.5000000000
29184  -18.009  -49.544  -21.443 0.6000000238
29186  -19.090  -48.968  -21.801 0.6999999881
29198  -24.077  -50.141  -22.353 0.5000000000
29209  -24.459  -49.295  -23.282 0.5000000000
30126  -23.455  -48.885  -17.073 0.3000000119
30142  -21.690  -48.890  -18.324 0.5000000000
30143  -22.352  -48.698  -17.992 0.5000000000
30155  -19.892  -48.574  -19.421 0.5000000000
30156  -20.699  -48.531  -19.078 0.5000000000
30166  -18.816  -48.540  -20.848 0.6999999881
30167  -19.471  -48.238  -20.193 0.6000000238
30176  -19.008  -48.468  -21.502 0.6000000238
30187  -20.157  -48.275  -22.073 0.6999999881
30200  -23.346  -49.184  -23.503 0.5000000000
31131  -21.315  -48.502  -18.726 0.5000000000
31144  -21.216  -48.046  -19.294 0.5000000000
31145  -22.090  -47.945  -19.130 0.4000000060
31158  -19.261  -48.156  -20.954 0.6000000238
31159  -19.844  -47.725  -20.588 0.6000000238
31173  -20.352  -47.159  -21.779 0.6000000238
31188  -21.117  -47.427  -22.735 0.6000000238
31189  -21.774  -47.643  -23.111 0.6000000238
31202  -23.388  -47.718  -23.749 0.5000000000
31203  -24.160  -47.908  -24.014 0.5000000000
32193  -23.312  -47.644  -19.652 0.4000000060
32194  -24.147  -47.679  -19.593 0.4000000060
32205  -23.773  -47.262  -20.215 0.4000000060
32206  -25.075  -47.073  -20.339 0.4000000060
32214  -21.514  -46.155  -21.813 0.5000000000
32224  -21.238  -46.327  -22.388 0.5000000000
32229  -21.385  -46.760  -22.958 0.5000000000
32241  -21.947  -46.335  -23.498 0.5000000000
32242  -22.604  -47.018  -23.743 0.5000000000
33285  -22.643  -45.209  -22.410 0.4000000060
33293  -22.112  -45.533  -23.539 0.5000000000
34466  -24.156  -44.654  -22.533 0.4000000060
34480  -22.565  -44.915  -23.497 0.4000000060
34495  -23.016  -44.777  -24.162 0.4000000060
35614  -24.425  -44.117  -24.378 0.4000000060
35615  -25.795  -43.393  -24.514 0.4000000060
35616  -26.513  -43.724  -24.359 0.4000000060
36830  -25.810  -42.661  -24.251 0.4000000060
37995  -25.941  -42.337  -23.890 0.4000000060
153878  -30.036  -65.653  -20.783 0.5000000000
154194  -35.896  -66.796  -19.927 0.4000000060
154334  -37.514  -63.550  -20.246 0.4000000060
154437  -23.501  -54.006  -14.511 0.3000000119
154711  -38.300  -68.346  -12.596 0.3000000119
154937  -23.347  -58.851  -14.882 0.5000000000
155209  -32.366  -70.104  -24.429 0.4000000060
155302  -24.703  -56.792  -23.440 0.6000000238
155352  -34.641  -68.424  -25.059 0.5000000000
155885  -38.509  -64.254  -21.377 0.4000000060
156428  -36.261  -64.377  -24.324 0.4000000060
156704  -28.404  -56.745  -16.455 0.6000000238
156807  -32.304  -70.890  -28.956 0.6000000238
157162  -32.147  -70.278  -28.361 0.5000000000
157264  -32.115  -70.214  -23.150 0.5000000000
157283  -32.157  -64.121  -21.504 0.5000000000
157310  -26.496  -57.119  -15.800 0.6000000238
157352  -27.416  -56.253  -22.481 0.6000000238
158415  -26.546  -53.335  -16.167 0.5000000000
158614  -27.215  -64.359  -24.213 0.6999999881
158861  -22.180  -53.402  -15.900 0.4000000060
159059  -31.072  -68.066  -28.532 0.5000000000
159095  -18.827  -55.408  -16.646 0.4000000060
159445  -25.253  -54.990  -16.369 0.6000000238
159950  -23.833  -57.823  -22.022 0.5000000000
160123  -23.884  -58.334  -23.390 0.6000000238
160541  -27.943  -55.694  -15.500 0.6000000238
160855  -27.371  -57.373  -21.814 0.6000000238
161742  -35.052  -64.370  -22.660 0.4000000060
161830  -21.305  -59.063  -16.929 0.6000000238
162558  -33.374  -64.966  -23.664 0.4000000060
162742  -18.693  -54.883  -21.722 0.6999999881
162745  -28.949  -61.450  -24.306 0.6000000238
163175  -19.603  -52.151  -21.708 0.6000000238
164662  -25.053  -47.989  -18.338 0.3000000119
164681  -30.767  -62.448  -21.931 0.5000000000
164776  -41.227  -69.231  -23.333 0.3000000119
165213  -16.923  -51.022  -19.076 0.6000000238
166203  -27.054  -55.957  -15.523 0.6000000238
166236  -34.646  -64.818  -28.311 0.6000000238
166608  -25.454  -61.926  -20.602 0.6999999881
166629  -26.241  -60.482  -15.231 0.6000000238
166720  -35.167  -63.401  -20.253 0.5000000000
166781  -35.809  -67.007  -21.742 0.4000000060
166854  -36.369  -66.812  -24.627 0.4000000060
166939  -25.710  -59.437  -14.256 0.6000000238
168069  -32.035  -62.813  -20.030 0.5000000000
168143  -29.438  -57.686  -20.178 0.6000000238
168165  -34.639  -68.002  -22.429 0.5000000000
168190  -26.214  -42.881  -24.448 0.4000000060
168654  -39.377  -65.190  -17.418 0.3000000119
169185  -38.141  -67.032  -24.380 0.3000000119
169359  -35.519  -67.061  -24.336 0.5000000000
169579  -34.609  -68.109  -23.766 0.5000000000
170232  -24.632  -54.058  -17.065 0.6000000238
170708  -39.628  -68.040  -23.770 0.3000000119
170976  -27.393  -60.010  -22.860 0.6000000238
171024  -30.143  -66.576  -19.811 0.5000000000
171068  -40.200  -67.912  -24.725 0.3000000119
171130  -22.124  -52.474  -23.478 0.5000000000
171867  -28.053  -64.438  -22.701 0.5000000000
171878  -32.270  -65.201  -24.404 0.5000000000
171927  -35.656  -67.027  -18.878 0.3000000119
171934  -30.107  -59.781  -20.482 0.5000000000
172265  -35.854  -69.246  -30.590 0.6999999881
172389  -13.125  -54.523  -18.083 0.5000000000
172575  -32.087  -68.886  -26.462 0.5000000000
172640  -22.609  -49.149  -23.029 0.5000000000
172842  -26.504  -62.457  -26.018 0.6000000238
172886  -29.509  -63.975  -18.389 0.5000000000
173076  -32.285  -69.438  -26.583 0.5000000000
173472  -27.223  -61.368  -25.952 0.6000000238
173605  -16.492  -54.783  -17.092 0.5000000000
174375  -33.787  -65.000  -25.545 0.5000000000
174767  -22.513  -45.007  -22.965 0.4000000060
175415  -33.865  -64.863  -23.647 0.4000000060
175535  -36.894  -67.428  -30.563 0.6999999881
175711  -25.829  -55.243  -15.993 0.6000000238
176233  -24.919  -60.953  -19.230 0.6999999881
176240  -18.966  -56.085  -22.338 0.5000000000
176274  -30.109  -65.923  -20.154 0.5000000000
176351  -32.213  -69.466  -24.469 0.4000000060
176375  -20.187  -57.967  -19.173 0.6000000238
176577  -23.053  -50.722  -23.324 0.5000000000
176611  -40.967  -67.970  -20.861 0.3000000119
176666  -34.543  -68.647  -23.984 0.5000000000
176722  -25.242  -52.931  -13.074 0.3000000119
176899  -38.008  -69.304  -12.370 0.3000000119
177061  -36.656  -66.984  -21.133 0.4000000060
177242  -30.378  -66.125  -28.841 0.6000000238
177258  -34.800  -70.111  -25.214 0.5000000000
177617  -28.894  -62.090  -24.991 0.5000000000
177764  -31.010  -61.044  -20.697 0.5000000000
178344  -15.485  -52.363  -20.710 0.6999999881
178388  -31.498  -63.324  -21.309 0.5000000000
178440  -16.563  -53.017  -17.956 0.5000000000
178481  -37.604  -65.659  -27.390 0.4000000060
178574  -20.131  -52.812  -22.618 0.6000000238
178754  -26.837  -58.015  -15.538 0.6000000238
178826  -36.488  -66.930  -23.361 0.4000000060
179317  -28.221  -58.188  -17.282 0.6000000238
179590  -35.423  -63.202  -19.925 0.5000000000
179753  -29.056  -64.078  -27.351 0.6000000238
179770  -24.149  -54.526  -17.229 0.5000000000
179807  -29.464  -63.942  -20.747 0.5000000000
180203  -24.863  -44.556  -22.110 0.4000000060
180380  -22.947  -51.453  -16.481 0.3000000119
180610  -38.731  -64.472  -21.929 0.4000000060
180687  -32.458  -60.194  -17.947 0.4000000060
180780  -35.491  -64.532  -25.657 0.4000000060
180903  -37.918  -67.215  -23.521 0.3000000119
180981  -28.569  -62.587  -20.190 0.5000000000
181459  -36.330  -66.792  -17.255 0.3000000119
181683  -20.290  -47.360  -20.682 0.5000000000
181851  -28.861  -60.175  -22.217 0.6000000238
182133  -23.378  -54.786  -11.104 0.3000000119
182601  -35.837  -71.138  -26.397 0.5000000000
183179  -27.412  -60.982  -25.485 0.6000000238
183321  -37.704  -66.281  -26.161 0.4000000060
183823  -18.989  -58.029  -21.261 0.5000000000
183869  -38.454  -64.483  -24.252 0.4000000060
183937  -28.681  -55.928  -16.263 0.6000000238
183961  -40.042  -65.754  -25.789 0.3000000119
184027  -39.212  -65.748  -14.189 0.3000000119
184149  -25.783  -56.418  -16.060 0.6000000238
184273  -23.824  -59.920  -23.803 0.6000000238
184776  -34.837  -70.506  -30.096 0.5000000000
184826  -30.771  -66.720  -29.090 0.6000000238
185116  -39.384  -66.538  -19.519 0.3000000119
185608  -25.436  -59.859  -24.296 0.6000000238
185703  -18.718  -58.892  -18.568 0.5000000000
