#!ascii label  , from subject sub-v2s13x29130_ses-1 vox2ras=TkReg
1982
161288  -40.433  -17.655  20.624 0.0000000000
85538  -53.808  -5.251  18.068 0.0000000000
82457  -44.540  -8.735  19.132 0.0000000000
50450  -15.690  -34.577  43.604 0.0000000000
73169  -34.635  -16.563  24.526 0.0000000000
57096  -26.930  -29.004  40.344 0.0000000000
58367  -35.935  -28.230  39.155 0.0000000000
65369  -38.722  -22.652  31.998 0.0000000000
185478  -39.831  -17.927  29.762 0.0000000000
57184  -19.904  -28.822  35.333 0.0000000000
179578  -22.572  -26.711  40.465 0.0000000000
163575  -23.198  -26.293  33.671 0.0000000000
58479  -32.000  -28.487  32.786 0.0000000000
60908  -36.371  -26.384  32.408 0.0000000000
74205  -41.849  -15.683  27.562 0.0000000000
73121  -46.611  -16.684  26.157 0.0000000000
85531  -47.287  -5.822  18.396 0.0000000000
76408  -42.977  -13.744  19.132 0.0000000000
85671  -52.291  -5.808  12.056 0.0000000000
180266  -11.746  -34.853  46.296 0.0000000000
162183  -38.434  -14.306  28.866 0.0000000000
73187  -36.642  -16.383  22.657 0.0000000000
57230  -27.513  -29.340  33.587 0.0000000000
170642  -31.497  -29.314  39.548 0.0000000000
78427  -48.680  -12.768  24.147 0.0000000000
92001  -59.038  -0.123  9.623 0.0000000000
64316  -37.579  -23.087  29.094 0.0000000000
67625  -38.351  -21.450  28.211 0.0000000000
181268  -21.449  -27.568  33.766 0.0000000000
60968  -34.462  -26.190  29.586 0.0000000000
63225  -36.258  -24.582  28.940 0.0000000000
63183  -38.027  -24.791  32.065 0.0000000000
72039  -41.349  -17.378  24.363 0.0000000000
74231  -44.491  -16.096  26.595 0.0000000000
72054  -43.458  -17.482  24.052 0.0000000000
85535  -50.715  -5.280  18.360 0.0000000000
86652  -50.462  -4.653  20.890 0.0000000000
86710  -56.189  -4.987  17.930 0.0000000000
50486  -12.748  -34.348  41.317 0.0000000000
49302  -14.057  -35.769  45.136 0.0000000000
72018  -37.463  -17.429  26.647 0.0000000000
73081  -38.724  -15.893  29.853 0.0000000000
74225  -36.135  -15.389  26.819 0.0000000000
75346  -37.183  -14.665  25.295 0.0000000000
75366  -34.930  -14.922  23.929 0.0000000000
167272  -24.863  -28.453  41.214 0.0000000000
169906  -24.474  -28.272  44.106 0.0000000000
57027  -27.226  -28.989  44.331 0.0000000000
57044  -28.600  -28.797  43.595 0.0000000000
60951  -25.331  -26.841  29.728 0.0000000000
58535  -27.417  -28.670  29.781 0.0000000000
166530  -34.346  -28.459  35.775 0.0000000000
57192  -31.650  -29.547  35.611 0.0000000000
57121  -33.799  -29.493  38.636 0.0000000000
57068  -33.179  -28.945  42.520 0.0000000000
186520  -16.312  -30.308  38.345 0.0000000000
58321  -17.064  -28.732  41.476 0.0000000000
58288  -16.794  -28.422  44.736 0.0000000000
79454  -44.173  -11.582  19.439 0.0000000000
77410  -45.508  -13.331  21.710 0.0000000000
80399  -47.053  -10.823  21.614 0.0000000000
93886  -60.580  1.625  9.469 0.0000000000
51517  -15.990  -33.703  47.144 0.0000000000
164897  -40.203  -21.794  34.553 0.0000000000
69876  -40.269  -19.236  33.583 0.0000000000
68746  -39.469  -20.303  31.094 0.0000000000
69946  -38.862  -19.304  27.366 0.0000000000
58376  -19.435  -28.314  38.045 0.0000000000
61941  -20.742  -26.352  41.108 0.0000000000
59674  -21.462  -26.885  37.915 0.0000000000
60838  -23.206  -27.056  37.593 0.0000000000
58393  -24.839  -28.186  37.154 0.0000000000
58557  -29.916  -28.435  29.088 0.0000000000
175777  -31.970  -27.429  29.007 0.0000000000
59754  -34.392  -27.389  32.782 0.0000000000
59717  -35.958  -27.223  35.491 0.0000000000
165859  -38.295  -25.976  35.451 0.0000000000
64222  -39.959  -24.257  34.684 0.0000000000
57181  -18.029  -29.552  35.218 0.0000000000
76280  -42.349  -13.924  30.303 0.0000000000
78335  -46.638  -11.685  33.216 0.0000000000
76300  -45.329  -14.079  29.376 0.0000000000
188027  -47.870  -14.378  28.548 0.0000000000
162696  -45.248  -6.599  18.884 0.0000000000
82434  -46.829  -8.425  21.175 0.0000000000
85504  -47.214  -5.558  20.967 0.0000000000
49261  -8.652  -35.579  50.538 0.0000000000
74341  -42.061  -16.046  19.912 0.0000000000
79483  -41.853  -11.380  16.418 0.0000000000
84563  -43.421  -6.684  16.815 0.0000000000
85594  -44.978  -6.113  15.809 0.0000000000
85597  -47.715  -6.193  15.364 0.0000000000
85600  -50.518  -5.943  15.641 0.0000000000
162521  -53.397  -5.772  15.461 0.0000000000
162802  -50.262  -6.195  12.527 0.0000000000
50410  -14.540  -34.096  47.977 0.0000000000
51490  -12.327  -33.656  49.375 0.0000000000
51480  -10.951  -33.862  50.337 0.0000000000
77258  -41.057  -13.276  34.693 0.0000000000
73050  -40.292  -16.697  32.801 0.0000000000
179664  -39.782  -14.785  31.747 0.0000000000
77320  -40.568  -13.131  31.228 0.0000000000
75276  -40.496  -14.481  27.989 0.0000000000
74265  -39.247  -15.766  24.737 0.0000000000
73209  -38.766  -17.047  22.330 0.0000000000
60751  -22.590  -26.844  43.617 0.0000000000
59752  -25.280  -27.809  33.097 0.0000000000
57150  -26.915  -29.234  37.342 0.0000000000
170640  -29.645  -29.506  32.944 0.0000000000
57167  -29.368  -29.746  36.280 0.0000000000
57099  -29.034  -29.198  39.935 0.0000000000
189704  -31.247  -28.661  43.112 0.0000000000
51584  -14.505  -33.758  40.154 0.0000000000
161227  -15.666  -31.930  39.335 0.0000000000
53728  -15.475  -31.916  42.608 0.0000000000
74314  -45.059  -15.539  22.281 0.0000000000
74270  -48.770  -15.567  24.946 0.0000000000
75318  -51.352  -14.954  26.353 0.0000000000
188845  -48.566  -10.328  24.539 0.0000000000
85629  -55.886  -5.682  14.802 0.0000000000
87839  -58.001  -3.982  13.982 0.0000000000
89872  -59.187  -1.966  12.780 0.0000000000
90960  -57.408  -1.852  9.693 0.0000000000
91977  -60.907  -0.058  12.423 0.0000000000
64358  -37.057  -23.168  27.516 0.0000000000
66492  -37.515  -22.251  27.110 0.0000000000
65466  -36.655  -22.635  25.679 0.0000000000
63245  -35.612  -24.785  27.904 0.0000000000
64336  -36.490  -23.940  27.796 0.0000000000
64315  -37.267  -23.740  29.564 0.0000000000
72068  -40.771  -17.746  22.523 0.0000000000
189565  -42.374  -17.684  24.097 0.0000000000
72088  -41.819  -17.683  22.082 0.0000000000
85536  -52.143  -5.298  18.089 0.0000000000
86685  -51.683  -4.960  19.690 0.0000000000
86687  -53.220  -5.026  19.291 0.0000000000
86689  -55.446  -4.824  19.190 0.0000000000
86709  -55.348  -5.125  17.910 0.0000000000
49334  -14.950  -35.090  42.569 0.0000000000
49325  -13.655  -35.582  43.036 0.0000000000
49311  -15.429  -35.362  44.681 0.0000000000
73133  -36.039  -16.564  25.904 0.0000000000
73102  -36.672  -15.923  27.232 0.0000000000
73132  -35.389  -16.045  25.635 0.0000000000
75329  -35.410  -15.034  25.554 0.0000000000
74277  -34.355  -15.124  24.157 0.0000000000
59612  -18.447  -27.351  42.614 0.0000000000
58337  -25.546  -28.666  40.756 0.0000000000
58327  -26.064  -28.709  42.136 0.0000000000
57042  -26.833  -28.674  42.652 0.0000000000
57028  -27.951  -28.953  44.085 0.0000000000
57063  -27.837  -28.931  41.746 0.0000000000
58396  -35.407  -28.378  37.078 0.0000000000
57156  -34.079  -29.304  37.368 0.0000000000
58381  -34.948  -28.986  38.307 0.0000000000
57105  -34.569  -29.001  39.995 0.0000000000
58346  -18.026  -28.497  39.849 0.0000000000
59627  -18.093  -27.938  41.442 0.0000000000
58301  -17.870  -27.667  43.009 0.0000000000
78292  -43.810  -12.145  35.141 0.0000000000
80442  -44.053  -10.092  18.856 0.0000000000
188361  -45.328  -11.172  20.500 0.0000000000
81430  -45.413  -9.638  20.030 0.0000000000
66413  -39.346  -22.327  33.247 0.0000000000
67568  -39.541  -20.704  32.752 0.0000000000
67579  -39.096  -21.357  31.298 0.0000000000
68801  -38.832  -20.001  27.578 0.0000000000
69972  -37.914  -19.342  25.747 0.0000000000
181367  -37.678  -18.625  25.800 0.0000000000
57148  -19.306  -28.816  36.592 0.0000000000
59673  -20.787  -27.362  38.123 0.0000000000
58407  -20.537  -28.217  36.404 0.0000000000
60868  -22.324  -26.596  34.404 0.0000000000
60856  -22.349  -26.646  36.060 0.0000000000
60858  -23.250  -26.668  35.963 0.0000000000
59689  -23.612  -27.207  37.128 0.0000000000
59713  -23.781  -26.979  35.597 0.0000000000
161935  -31.199  -27.520  27.853 0.0000000000
60937  -35.531  -26.316  31.058 0.0000000000
59785  -34.273  -26.977  31.160 0.0000000000
60907  -35.627  -26.784  32.546 0.0000000000
59740  -35.179  -27.224  33.923 0.0000000000
60892  -36.439  -26.668  33.840 0.0000000000
60862  -37.144  -26.658  35.852 0.0000000000
167789  -37.692  -26.131  33.995 0.0000000000
64269  -38.639  -23.487  32.294 0.0000000000
63172  -39.125  -24.654  33.480 0.0000000000
65345  -39.377  -23.157  33.381 0.0000000000
65330  -40.132  -22.949  34.575 0.0000000000
57182  -18.735  -29.325  35.064 0.0000000000
75262  -42.316  -14.863  29.248 0.0000000000
76282  -44.048  -13.873  30.143 0.0000000000
75280  -43.488  -15.201  28.599 0.0000000000
74232  -45.272  -15.986  26.550 0.0000000000
75301  -46.027  -14.997  27.632 0.0000000000
74211  -47.189  -15.546  27.557 0.0000000000
75286  -49.274  -15.048  28.614 0.0000000000
74212  -48.355  -16.266  27.441 0.0000000000
85530  -46.161  -6.127  18.676 0.0000000000
84539  -46.168  -6.178  19.903 0.0000000000
159931  -47.520  -5.402  19.941 0.0000000000
87746  -51.233  -4.074  23.105 0.0000000000
85566  -43.891  -6.314  16.199 0.0000000000
85615  -43.417  -5.824  15.264 0.0000000000
85619  -46.485  -6.086  14.613 0.0000000000
85638  -46.915  -5.935  13.731 0.0000000000
162526  -49.138  -6.167  15.104 0.0000000000
85640  -48.699  -6.306  13.740 0.0000000000
85622  -50.086  -6.458  14.187 0.0000000000
49299  -11.590  -35.141  44.474 0.0000000000
50416  -10.745  -34.417  46.769 0.0000000000
51494  -16.450  -34.057  48.889 0.0000000000
50411  -15.429  -34.140  47.964 0.0000000000
190224  -15.707  -34.282  49.200 0.0000000000
50401  -13.584  -34.225  49.682 0.0000000000
49266  -12.626  -35.042  49.670 0.0000000000
52584  -11.360  -33.791  49.919 0.0000000000
49265  -11.941  -35.557  49.579 0.0000000000
182832  -10.694  -36.047  49.848 0.0000000000
70960  -40.118  -18.561  31.964 0.0000000000
70950  -40.254  -18.232  32.717 0.0000000000
71965  -40.167  -17.439  31.505 0.0000000000
167079  -38.214  -15.420  29.590 0.0000000000
74169  -39.171  -15.237  30.832 0.0000000000
75247  -39.049  -14.898  30.479 0.0000000000
77303  -40.033  -13.841  31.669 0.0000000000
76277  -39.346  -13.772  29.680 0.0000000000
77350  -40.294  -13.408  29.682 0.0000000000
161783  -39.360  -13.908  28.366 0.0000000000
74280  -37.306  -15.616  23.964 0.0000000000
74247  -38.808  -15.253  25.318 0.0000000000
74281  -38.137  -15.858  24.014 0.0000000000
73172  -39.471  -16.501  23.542 0.0000000000
73207  -37.185  -16.887  21.994 0.0000000000
60778  -21.604  -26.251  41.078 0.0000000000
61926  -21.413  -26.066  42.419 0.0000000000
186325  -22.839  -27.112  42.407 0.0000000000
58511  -26.074  -28.039  31.209 0.0000000000
59782  -25.490  -27.564  31.627 0.0000000000
58442  -26.361  -28.877  34.005 0.0000000000
57185  -26.067  -28.904  35.414 0.0000000000
184898  -27.209  -29.352  35.286 0.0000000000
58515  -31.086  -28.350  30.758 0.0000000000
57288  -29.912  -28.843  31.107 0.0000000000
57255  -30.735  -29.179  32.690 0.0000000000
183710  -31.439  -29.654  37.251 0.0000000000
161307  -31.051  -29.732  36.671 0.0000000000
57136  -30.507  -29.482  38.081 0.0000000000
162649  -28.946  -29.414  37.909 0.0000000000
57100  -30.257  -29.191  40.278 0.0000000000
57065  -30.133  -28.917  42.162 0.0000000000
181390  -30.910  -29.018  41.404 0.0000000000
61971  -38.410  -26.325  38.561 0.0000000000
54886  -15.828  -31.501  38.807 0.0000000000
54865  -15.768  -31.322  40.667 0.0000000000
53765  -15.603  -32.026  40.988 0.0000000000
58267  -16.672  -28.124  46.643 0.0000000000
75395  -42.810  -14.869  20.039 0.0000000000
74312  -43.772  -15.723  21.505 0.0000000000
75383  -44.207  -14.520  21.305 0.0000000000
77390  -47.602  -13.435  23.274 0.0000000000
75368  -47.093  -14.520  23.133 0.0000000000
76353  -48.675  -14.190  24.220 0.0000000000
74253  -50.068  -15.538  25.997 0.0000000000
76344  -49.958  -14.102  25.111 0.0000000000
82418  -47.797  -8.049  22.762 0.0000000000
81395  -47.891  -9.567  22.828 0.0000000000
81365  -48.890  -9.474  24.893 0.0000000000
183391  -53.165  -6.164  13.752 0.0000000000
85628  -54.706  -5.781  15.012 0.0000000000
85659  -54.499  -5.802  13.116 0.0000000000
177493  -56.274  -4.897  12.701 0.0000000000
87859  -56.950  -3.965  12.113 0.0000000000
88812  -58.477  -3.239  13.688 0.0000000000
88840  -57.698  -2.864  11.395 0.0000000000
92013  -57.800  -0.041  8.573 0.0000000000
90986  -56.432  -1.010  8.737 0.0000000000
91990  -58.648  -0.849  9.795 0.0000000000
90952  -59.138  -1.297  11.402 0.0000000000
91992  -60.116  0.220  10.921 0.0000000000
92959  -60.701  0.873  10.595 0.0000000000
92968  -61.822  0.852  9.908 0.0000000000
189523  -38.344  -22.761  31.046 0.0000000000
66456  -38.572  -21.840  30.269 0.0000000000
181599  -38.108  -22.068  28.567 0.0000000000
66505  -37.814  -21.697  26.880 0.0000000000
58438  -20.547  -28.539  34.874 0.0000000000
62145  -34.429  -25.557  27.714 0.0000000000
62119  -35.320  -25.396  29.071 0.0000000000
62099  -36.361  -25.371  30.570 0.0000000000
62066  -37.506  -25.484  32.226 0.0000000000
63195  -37.262  -24.512  30.710 0.0000000000
64284  -37.765  -23.726  30.665 0.0000000000
74250  -41.668  -16.402  26.117 0.0000000000
74207  -43.349  -15.984  27.480 0.0000000000
73136  -42.660  -17.006  25.729 0.0000000000
73137  -43.731  -17.133  25.396 0.0000000000
165456  -44.878  -17.034  25.060 0.0000000000
85533  -49.142  -5.538  18.132 0.0000000000
166121  -48.381  -5.264  19.590 0.0000000000
180618  -50.503  -5.048  19.497 0.0000000000
86653  -51.419  -4.652  20.854 0.0000000000
86712  -57.698  -4.491  17.454 0.0000000000
49314  -12.542  -35.477  43.795 0.0000000000
49292  -12.707  -35.426  45.692 0.0000000000
72002  -38.953  -17.746  28.240 0.0000000000
71987  -39.633  -17.192  29.835 0.0000000000
73096  -37.939  -16.448  28.362 0.0000000000
74189  -37.630  -15.786  28.581 0.0000000000
75275  -37.337  -14.867  27.998 0.0000000000
76323  -37.854  -14.308  27.395 0.0000000000
75315  -36.737  -14.468  26.723 0.0000000000
74263  -35.878  -14.724  24.566 0.0000000000
74295  -36.122  -15.585  23.268 0.0000000000
58335  -23.749  -27.830  41.148 0.0000000000
59614  -23.369  -27.574  42.300 0.0000000000
58316  -24.701  -28.403  42.630 0.0000000000
58307  -25.879  -28.675  43.818 0.0000000000
57015  -28.535  -29.478  44.512 0.0000000000
59801  -26.401  -27.902  29.681 0.0000000000
57284  -27.128  -28.898  31.164 0.0000000000
162141  -33.240  -28.224  34.118 0.0000000000
57235  -32.059  -28.954  34.007 0.0000000000
57194  -33.011  -29.151  35.757 0.0000000000
57137  -32.907  -29.607  37.731 0.0000000000
57120  -32.747  -29.534  38.978 0.0000000000
192573  -32.036  -29.066  41.064 0.0000000000
171591  -33.132  -29.363  39.717 0.0000000000
55977  -16.986  -29.935  36.915 0.0000000000
171011  -16.874  -29.612  38.373 0.0000000000
57057  -16.663  -29.241  41.869 0.0000000000
57022  -16.545  -29.160  43.450 0.0000000000
169497  -16.986  -28.634  43.040 0.0000000000
77451  -43.664  -12.778  19.366 0.0000000000
164258  -44.576  -13.178  20.941 0.0000000000
77424  -44.933  -12.470  20.866 0.0000000000
78456  -46.090  -12.086  21.470 0.0000000000
78436  -47.703  -11.967  22.979 0.0000000000
86800  -52.270  -4.636  10.566 0.0000000000
86772  -53.879  -5.293  11.737 0.0000000000
86801  -53.012  -4.588  10.658 0.0000000000
174412  -57.860  0.516  8.125 0.0000000000
92967  -60.185  1.088  9.866 0.0000000000
93899  -59.219  1.306  8.407 0.0000000000
93910  -59.766  1.978  8.200 0.0000000000
52616  -15.821  -32.817  45.144 0.0000000000
163399  -15.823  -34.473  45.668 0.0000000000
68696  -41.039  -20.382  35.671 0.0000000000
182185  -40.115  -20.439  33.931 0.0000000000
162153  -39.751  -19.990  32.382 0.0000000000
69923  -39.933  -18.935  30.542 0.0000000000
68760  -39.159  -20.664  29.800 0.0000000000
69932  -39.335  -19.670  28.809 0.0000000000
170734  -39.343  -18.243  28.558 0.0000000000
72019  -38.176  -18.068  26.850 0.0000000000
72028  -37.214  -17.908  25.827 0.0000000000
182280  -19.147  -27.952  39.385 0.0000000000
60775  -19.858  -26.853  41.099 0.0000000000
59643  -20.350  -27.091  39.582 0.0000000000
60806  -21.203  -26.588  39.115 0.0000000000
60808  -22.124  -26.475  38.909 0.0000000000
183280  -21.397  -27.383  35.660 0.0000000000
60836  -22.343  -26.885  37.615 0.0000000000
60810  -22.971  -27.011  39.257 0.0000000000
59659  -23.693  -27.483  38.835 0.0000000000
58349  -24.800  -28.279  39.458 0.0000000000
182679  -26.118  -28.845  39.200 0.0000000000
58558  -30.731  -28.211  29.270 0.0000000000
58517  -32.382  -27.787  31.146 0.0000000000
59820  -33.191  -26.902  29.583 0.0000000000
59783  -32.852  -27.487  30.707 0.0000000000
181662  -33.262  -27.817  32.815 0.0000000000
58445  -34.241  -27.778  34.379 0.0000000000
59716  -35.330  -27.564  35.345 0.0000000000
59691  -35.918  -27.823  36.601 0.0000000000
59662  -37.017  -27.390  38.689 0.0000000000
60839  -37.131  -27.084  37.160 0.0000000000
62005  -37.991  -26.288  36.900 0.0000000000
171204  -38.805  -25.526  36.621 0.0000000000
62040  -38.249  -25.627  33.465 0.0000000000
163901  -39.345  -25.265  35.140 0.0000000000
63131  -39.323  -25.081  36.835 0.0000000000
64207  -40.479  -24.116  36.408 0.0000000000
163021  -18.114  -29.264  36.981 0.0000000000
77305  -43.107  -12.630  31.750 0.0000000000
77324  -44.166  -12.937  31.230 0.0000000000
77326  -46.026  -12.587  31.292 0.0000000000
77342  -47.247  -12.905  30.333 0.0000000000
75282  -45.114  -14.824  28.210 0.0000000000
76301  -46.220  -13.924  29.221 0.0000000000
83520  -44.695  -7.013  18.611 0.0000000000
82444  -45.926  -8.399  20.212 0.0000000000
166690  -45.915  -6.951  20.235 0.0000000000
84509  -47.051  -6.763  21.771 0.0000000000
84491  -48.009  -6.287  22.855 0.0000000000
86650  -48.606  -4.741  21.558 0.0000000000
85479  -48.707  -5.058  23.067 0.0000000000
72141  -40.114  -17.457  19.247 0.0000000000
72127  -41.481  -17.292  20.687 0.0000000000
73278  -40.586  -16.628  18.237 0.0000000000
74372  -41.453  -15.566  18.511 0.0000000000
76421  -42.098  -14.142  18.113 0.0000000000
77482  -42.512  -12.820  17.647 0.0000000000
78508  -43.106  -11.737  18.025 0.0000000000
80449  -43.237  -10.207  17.804 0.0000000000
183843  -43.308  -8.518  17.748 0.0000000000
83529  -43.737  -7.276  17.759 0.0000000000
84564  -43.970  -6.785  17.286 0.0000000000
85544  -44.968  -6.531  17.138 0.0000000000
85546  -46.331  -6.343  17.481 0.0000000000
85617  -44.831  -5.925  15.037 0.0000000000
170477  -46.460  -6.325  16.117 0.0000000000
186060  -47.402  -6.192  17.047 0.0000000000
85571  -48.858  -5.967  16.507 0.0000000000
85572  -50.043  -5.799  16.294 0.0000000000
85575  -52.387  -5.558  16.667 0.0000000000
183323  -53.689  -5.592  16.207 0.0000000000
162523  -51.797  -5.928  15.348 0.0000000000
160966  -51.687  -6.371  14.034 0.0000000000
85670  -51.572  -5.938  12.160 0.0000000000
86787  -51.234  -5.164  11.137 0.0000000000
50431  -15.468  -34.689  46.296 0.0000000000
50429  -13.837  -35.074  46.457 0.0000000000
50419  -13.288  -34.546  47.094 0.0000000000
50402  -14.434  -34.200  49.609 0.0000000000
51504  -13.199  -33.694  48.558 0.0000000000
51514  -11.872  -34.073  47.686 0.0000000000
51502  -11.404  -33.727  48.378 0.0000000000
52590  -10.476  -33.188  49.716 0.0000000000
52583  -9.885  -33.144  50.381 0.0000000000
49257  -10.063  -34.743  50.661 0.0000000000
78315  -41.857  -12.137  33.781 0.0000000000
179693  -40.461  -16.132  34.073 0.0000000000
73071  -39.701  -16.325  30.876 0.0000000000
74161  -40.106  -16.102  32.420 0.0000000000
76253  -40.455  -13.888  33.068 0.0000000000
77291  -40.845  -12.913  32.795 0.0000000000
78346  -42.000  -12.325  32.425 0.0000000000
166776  -41.888  -13.268  30.926 0.0000000000
75261  -41.476  -14.551  29.090 0.0000000000
74204  -41.076  -15.190  27.578 0.0000000000
76340  -38.671  -14.264  27.050 0.0000000000
74226  -40.041  -15.357  26.444 0.0000000000
174871  -40.624  -15.751  26.290 0.0000000000
73152  -40.454  -16.517  24.509 0.0000000000
72067  -39.891  -17.070  23.013 0.0000000000
72086  -39.654  -17.623  21.510 0.0000000000
73167  -33.892  -15.353  23.729 0.0000000000
74293  -34.386  -14.955  23.394 0.0000000000
74310  -34.923  -15.326  22.641 0.0000000000
73205  -35.544  -16.150  21.875 0.0000000000
73223  -36.080  -16.732  21.156 0.0000000000
72123  -37.196  -17.318  20.390 0.0000000000
72124  -38.461  -17.589  20.424 0.0000000000
162541  -38.696  -17.680  19.612 0.0000000000
59601  -23.824  -27.856  43.928 0.0000000000
162156  -23.669  -26.068  32.277 0.0000000000
60918  -24.438  -26.328  31.809 0.0000000000
59737  -24.398  -27.059  33.871 0.0000000000
58426  -24.929  -28.057  35.539 0.0000000000
57131  -26.227  -28.972  37.779 0.0000000000
163879  -26.825  -29.071  38.971 0.0000000000
187576  -28.679  -28.692  29.468 0.0000000000
57286  -28.220  -29.142  31.047 0.0000000000
57252  -28.301  -29.372  32.608 0.0000000000
57211  -30.828  -29.634  34.480 0.0000000000
161010  -29.560  -29.849  34.796 0.0000000000
57188  -28.526  -29.643  35.216 0.0000000000
161308  -28.136  -29.456  37.119 0.0000000000
57133  -28.012  -29.278  38.474 0.0000000000
57097  -27.637  -29.106  40.381 0.0000000000
161022  -28.628  -29.038  41.437 0.0000000000
165048  -29.824  -28.742  43.239 0.0000000000
51573  -14.097  -34.165  40.631 0.0000000000
51564  -15.151  -34.184  41.512 0.0000000000
53833  -15.333  -31.745  37.503 0.0000000000
52722  -14.270  -32.587  38.215 0.0000000000
52687  -15.299  -32.884  39.908 0.0000000000
183801  -15.573  -33.189  41.680 0.0000000000
52646  -15.601  -32.882  42.852 0.0000000000
53708  -15.571  -32.158  44.676 0.0000000000
58277  -16.359  -28.903  45.227 0.0000000000
73210  -43.016  -17.074  21.917 0.0000000000
73192  -44.636  -16.714  23.044 0.0000000000
73157  -46.115  -16.752  24.271 0.0000000000
75377  -46.020  -14.524  22.454 0.0000000000
74284  -46.974  -15.974  23.839 0.0000000000
73142  -47.898  -16.643  25.700 0.0000000000
73124  -48.987  -16.411  26.342 0.0000000000
81421  -46.993  -9.221  21.266 0.0000000000
190041  -47.760  -10.877  22.847 0.0000000000
78415  -48.913  -11.514  24.652 0.0000000000
85578  -55.320  -5.422  16.436 0.0000000000
85579  -56.172  -5.334  16.499 0.0000000000
188631  -57.400  -5.004  16.087 0.0000000000
85661  -55.745  -5.529  13.354 0.0000000000
86750  -57.029  -5.133  14.142 0.0000000000
87825  -58.312  -4.040  15.540 0.0000000000
191603  -59.063  -2.779  14.963 0.0000000000
89855  -59.668  -2.052  15.141 0.0000000000
89906  -57.016  -2.387  10.091 0.0000000000
89898  -58.659  -1.934  11.399 0.0000000000
90925  -59.600  -1.387  12.657 0.0000000000
93872  -61.533  0.926  10.672 0.0000000000
64374  -36.739  -23.311  26.943 0.0000000000
65452  -36.670  -23.007  26.295 0.0000000000
63275  -35.883  -24.110  26.773 0.0000000000
64357  -36.390  -23.789  27.145 0.0000000000
187259  -36.734  -23.552  27.479 0.0000000000
72087  -40.828  -17.769  21.905 0.0000000000
160986  -41.294  -17.869  22.399 0.0000000000
191484  -41.309  -17.775  21.816 0.0000000000
85537  -53.053  -5.287  18.063 0.0000000000
86697  -52.721  -5.169  18.750 0.0000000000
86698  -53.475  -5.162  18.659 0.0000000000
86688  -53.931  -5.030  19.175 0.0000000000
180617  -54.099  -5.133  18.604 0.0000000000
86700  -55.153  -5.025  18.551 0.0000000000
85539  -54.573  -5.164  18.111 0.0000000000
50463  -15.395  -34.931  43.017 0.0000000000
49327  -15.040  -35.369  43.129 0.0000000000
50443  -15.773  -34.814  44.387 0.0000000000
73150  -34.992  -16.319  25.101 0.0000000000
74262  -35.000  -15.471  25.249 0.0000000000
73149  -34.573  -15.704  24.698 0.0000000000
60755  -18.858  -26.728  42.980 0.0000000000
59619  -19.217  -27.221  41.477 0.0000000000
58351  -26.235  -28.850  40.470 0.0000000000
184791  -26.173  -28.766  41.246 0.0000000000
57062  -26.944  -28.789  41.781 0.0000000000
57043  -27.689  -28.747  42.841 0.0000000000
57083  -27.326  -28.980  41.017 0.0000000000
167876  -35.601  -28.462  38.108 0.0000000000
58395  -34.841  -28.963  37.584 0.0000000000
58366  -35.317  -28.738  38.835 0.0000000000
81448  -44.056  -9.243  18.719 0.0000000000
80433  -44.875  -9.854  19.714 0.0000000000
81440  -44.989  -9.168  19.626 0.0000000000
66423  -39.100  -22.093  32.455 0.0000000000
67567  -39.274  -21.291  32.109 0.0000000000
66432  -38.916  -21.957  31.697 0.0000000000
68822  -37.478  -20.409  25.208 0.0000000000
68823  -37.927  -20.166  25.763 0.0000000000
58423  -19.915  -28.671  36.103 0.0000000000
58424  -20.524  -28.391  35.672 0.0000000000
60883  -22.648  -26.412  33.624 0.0000000000
163551  -22.866  -26.426  34.832 0.0000000000
192395  -22.861  -26.409  34.187 0.0000000000
60869  -23.407  -26.495  35.127 0.0000000000
60884  -23.323  -26.370  34.358 0.0000000000
60922  -35.897  -26.376  31.766 0.0000000000
169337  -36.226  -26.642  33.070 0.0000000000
60893  -37.117  -26.340  33.674 0.0000000000
60909  -36.803  -26.346  33.067 0.0000000000
179099  -39.077  -23.526  32.920 0.0000000000
65357  -39.039  -22.863  32.693 0.0000000000
172153  -19.342  -29.088  34.995 0.0000000000
57183  -19.180  -29.050  35.742 0.0000000000
74190  -42.341  -15.576  28.137 0.0000000000
75263  -43.121  -14.875  29.215 0.0000000000
74191  -43.051  -15.688  28.133 0.0000000000
74233  -46.114  -16.096  26.663 0.0000000000
166076  -46.423  -15.519  27.288 0.0000000000
74234  -47.053  -16.310  26.932 0.0000000000
173363  -47.686  -16.122  27.360 0.0000000000
73105  -47.915  -16.590  26.930 0.0000000000
160328  -46.570  -6.100  18.191 0.0000000000
170795  -46.682  -5.895  18.770 0.0000000000
85521  -47.072  -5.694  19.246 0.0000000000
161340  -51.807  -3.857  23.871 0.0000000000
85592  -43.301  -6.098  15.846 0.0000000000
85639  -47.882  -6.114  13.952 0.0000000000
85653  -48.196  -6.007  13.162 0.0000000000
85654  -48.892  -6.156  13.011 0.0000000000
50436  -11.567  -35.152  45.143 0.0000000000
179826  -10.967  -34.865  45.377 0.0000000000
50425  -10.629  -34.645  45.986 0.0000000000
191945  -11.164  -34.693  46.342 0.0000000000
163365  -15.660  -34.068  48.845 0.0000000000
50405  -16.112  -34.440  49.229 0.0000000000
50399  -11.911  -34.580  49.941 0.0000000000
185101  -12.025  -36.381  49.169 0.0000000000
187702  -40.044  -18.211  30.560 0.0000000000
70969  -40.155  -18.047  31.357 0.0000000000
71976  -40.066  -17.533  30.920 0.0000000000
75260  -38.077  -14.868  29.156 0.0000000000
75254  -38.603  -14.928  29.849 0.0000000000
76292  -38.724  -14.361  29.453 0.0000000000
76276  -39.042  -14.374  30.137 0.0000000000
76293  -39.061  -13.928  28.933 0.0000000000
76310  -38.630  -14.117  28.332 0.0000000000
74296  -36.967  -15.989  23.310 0.0000000000
73170  -37.786  -16.263  23.391 0.0000000000
73188  -37.462  -16.658  22.728 0.0000000000
60779  -22.340  -26.630  41.236 0.0000000000
60768  -22.409  -26.709  42.119 0.0000000000
59620  -22.918  -27.136  41.774 0.0000000000
57250  -26.993  -29.059  32.648 0.0000000000
58478  -26.459  -28.661  32.308 0.0000000000
57229  -26.973  -29.147  33.396 0.0000000000
57208  -26.695  -29.138  34.843 0.0000000000
160657  -27.129  -29.238  34.097 0.0000000000
57274  -31.638  -28.479  32.144 0.0000000000
57273  -30.859  -28.839  32.057 0.0000000000
57256  -31.342  -28.897  32.706 0.0000000000
170641  -31.823  -29.560  38.279 0.0000000000
162647  -31.321  -29.577  37.888 0.0000000000
57118  -31.145  -29.418  38.724 0.0000000000
57117  -30.158  -29.315  38.854 0.0000000000
170643  -30.657  -29.235  39.532 0.0000000000
162651  -30.749  -29.126  40.766 0.0000000000
57101  -31.049  -29.199  40.210 0.0000000000
61983  -38.785  -25.837  38.184 0.0000000000
55911  -15.880  -30.386  42.604 0.0000000000
76398  -43.019  -14.189  19.682 0.0000000000
75396  -43.305  -14.482  20.388 0.0000000000
76387  -43.819  -14.149  20.777 0.0000000000
77391  -48.117  -13.059  23.591 0.0000000000
76361  -48.114  -13.818  23.691 0.0000000000
77384  -49.026  -13.496  24.390 0.0000000000
76354  -49.335  -14.123  24.711 0.0000000000
77385  -49.631  -13.463  24.825 0.0000000000
83444  -48.623  -7.533  23.927 0.0000000000
82404  -48.583  -8.341  23.984 0.0000000000
162332  -52.879  -5.980  12.482 0.0000000000
160810  -53.669  -5.997  13.066 0.0000000000
85672  -53.470  -5.695  12.203 0.0000000000
87873  -56.680  -3.719  11.464 0.0000000000
88826  -57.319  -3.415  11.755 0.0000000000
88839  -57.023  -3.198  11.083 0.0000000000
92965  -58.625  0.094  9.065 0.0000000000
92000  -58.212  -0.509  9.164 0.0000000000
91991  -59.412  -0.364  10.326 0.0000000000
92958  -59.809  0.419  10.146 0.0000000000
65412  -37.984  -22.752  29.741 0.0000000000
66468  -38.285  -22.102  29.578 0.0000000000
66483  -37.996  -22.469  29.054 0.0000000000
66523  -37.074  -22.083  25.816 0.0000000000
66504  -37.349  -22.138  26.489 0.0000000000
67651  -37.609  -21.468  26.102 0.0000000000
62154  -34.266  -25.350  26.631 0.0000000000
62132  -35.721  -24.910  28.635 0.0000000000
62131  -35.195  -25.230  28.387 0.0000000000
62120  -35.866  -25.054  29.273 0.0000000000
162134  -35.716  -25.516  29.876 0.0000000000
63209  -36.390  -24.833  29.774 0.0000000000
62085  -36.882  -25.039  30.890 0.0000000000
62100  -36.773  -24.809  30.406 0.0000000000
64301  -37.682  -23.369  29.987 0.0000000000
163214  -38.110  -23.033  30.617 0.0000000000
73134  -41.354  -16.672  25.461 0.0000000000
73116  -42.362  -16.609  26.278 0.0000000000
183425  -41.687  -17.200  24.989 0.0000000000
72053  -42.767  -17.632  23.788 0.0000000000
72030  -43.026  -17.315  25.251 0.0000000000
72041  -43.542  -17.377  24.751 0.0000000000
73154  -44.226  -17.197  24.895 0.0000000000
72042  -44.039  -17.323  24.323 0.0000000000
85534  -49.929  -5.387  18.209 0.0000000000
192525  -49.430  -5.332  18.670 0.0000000000
85523  -50.108  -5.214  18.968 0.0000000000
87776  -52.633  -4.415  21.204 0.0000000000
87761  -52.413  -4.211  21.930 0.0000000000
187185  -53.169  -4.198  21.714 0.0000000000
86702  -56.931  -4.582  18.417 0.0000000000
185931  -57.505  -4.422  18.132 0.0000000000
86711  -56.943  -4.849  17.634 0.0000000000
49310  -13.679  -35.879  44.392 0.0000000000
49315  -13.280  -35.747  43.728 0.0000000000
49309  -12.844  -35.718  44.427 0.0000000000
49308  -12.164  -35.430  44.416 0.0000000000
49301  -13.169  -35.762  45.099 0.0000000000
72008  -37.959  -17.355  27.338 0.0000000000
72001  -38.324  -17.206  27.980 0.0000000000
73104  -37.721  -16.744  27.814 0.0000000000
73095  -37.262  -15.967  27.941 0.0000000000
74203  -36.771  -15.256  27.597 0.0000000000
74188  -37.358  -15.361  28.322 0.0000000000
75295  -36.478  -14.921  27.041 0.0000000000
75296  -36.964  -14.692  27.388 0.0000000000
75314  -36.148  -14.872  26.460 0.0000000000
75357  -35.291  -14.812  24.347 0.0000000000
184943  -35.678  -14.625  25.199 0.0000000000
74278  -35.620  -14.989  23.887 0.0000000000
74279  -36.442  -15.250  23.918 0.0000000000
74294  -35.259  -15.132  23.296 0.0000000000
58336  -24.263  -28.137  40.749 0.0000000000
58325  -24.459  -28.307  41.893 0.0000000000
58318  -26.342  -28.637  43.105 0.0000000000
58317  -25.506  -28.588  42.834 0.0000000000
58296  -26.579  -28.978  44.522 0.0000000000
169480  -28.202  -29.313  44.573 0.0000000000
57029  -28.752  -29.084  44.312 0.0000000000
58534  -26.824  -28.435  30.057 0.0000000000
58513  -27.257  -28.809  30.480 0.0000000000
58428  -33.569  -28.645  35.270 0.0000000000
186954  -32.882  -28.905  35.127 0.0000000000
57138  -33.605  -29.550  37.897 0.0000000000
57155  -33.379  -29.497  37.222 0.0000000000
173919  -33.153  -29.628  38.407 0.0000000000
170688  -32.471  -29.608  38.302 0.0000000000
191093  -33.331  -29.519  39.020 0.0000000000
57086  -34.265  -29.118  41.489 0.0000000000
57128  -17.040  -29.658  37.627 0.0000000000
57079  -17.193  -28.916  40.745 0.0000000000
57078  -16.728  -29.332  41.129 0.0000000000
58310  -17.016  -28.659  42.236 0.0000000000
60747  -18.194  -26.851  44.229 0.0000000000
59604  -17.776  -27.507  43.864 0.0000000000
78479  -43.909  -12.139  19.339 0.0000000000
191823  -44.307  -12.314  20.041 0.0000000000
79440  -44.471  -11.606  19.862 0.0000000000
80413  -45.733  -10.778  20.616 0.0000000000
79431  -45.846  -11.424  20.963 0.0000000000
79420  -46.582  -11.433  21.500 0.0000000000
78447  -47.309  -12.077  22.485 0.0000000000
79421  -47.156  -11.486  22.016 0.0000000000
92988  -57.408  0.830  7.680 0.0000000000
92989  -58.295  1.018  7.896 0.0000000000
167078  -15.912  -32.700  45.988 0.0000000000
51495  -17.246  -33.555  48.627 0.0000000000
67540  -40.618  -21.523  35.031 0.0000000000
68695  -40.713  -20.757  35.046 0.0000000000
67548  -40.205  -21.071  34.378 0.0000000000
68719  -39.478  -20.566  32.092 0.0000000000
68732  -39.603  -20.095  31.652 0.0000000000
69900  -39.905  -19.372  31.809 0.0000000000
69913  -39.746  -19.596  30.976 0.0000000000
67612  -38.437  -21.616  29.027 0.0000000000
67601  -38.877  -21.244  30.017 0.0000000000
67626  -38.727  -20.926  28.661 0.0000000000
69939  -39.138  -19.437  28.067 0.0000000000
70993  -39.422  -18.908  28.602 0.0000000000
71003  -39.054  -18.605  27.893 0.0000000000
71012  -38.608  -18.675  27.126 0.0000000000
59657  -19.799  -27.620  39.165 0.0000000000
164167  -20.990  -27.491  37.440 0.0000000000
60807  -21.785  -26.439  38.958 0.0000000000
60823  -21.712  -26.573  38.439 0.0000000000
58425  -21.039  -27.912  35.281 0.0000000000
59712  -21.502  -27.291  35.058 0.0000000000
166720  -22.763  -26.652  36.393 0.0000000000
60845  -22.372  -26.769  36.853 0.0000000000
60825  -22.482  -26.761  37.947 0.0000000000
165654  -22.323  -26.578  38.533 0.0000000000
60826  -22.810  -26.890  38.395 0.0000000000
59645  -23.632  -27.551  39.670 0.0000000000
59690  -24.221  -27.747  37.531 0.0000000000
59676  -24.250  -27.861  38.297 0.0000000000
58363  -24.865  -28.259  38.654 0.0000000000
58364  -25.483  -28.603  38.993 0.0000000000
170709  -25.432  -28.584  38.284 0.0000000000
59835  -31.633  -27.493  28.492 0.0000000000
59834  -30.977  -27.864  28.566 0.0000000000
59818  -31.430  -27.785  29.119 0.0000000000
58540  -31.526  -28.051  30.268 0.0000000000
59803  -32.176  -27.737  30.462 0.0000000000
60979  -33.565  -26.246  28.453 0.0000000000
60978  -32.917  -26.519  28.085 0.0000000000
60967  -33.716  -26.427  29.197 0.0000000000
59769  -34.365  -27.230  32.009 0.0000000000
59805  -33.881  -26.935  30.531 0.0000000000
59768  -33.677  -27.436  31.674 0.0000000000
59767  -33.011  -27.612  31.392 0.0000000000
59753  -33.760  -27.565  32.426 0.0000000000
59738  -33.773  -27.690  33.171 0.0000000000
59739  -34.444  -27.517  33.645 0.0000000000
59728  -35.702  -27.167  34.936 0.0000000000
59727  -35.248  -27.326  34.627 0.0000000000
59705  -35.735  -27.613  35.930 0.0000000000
59706  -36.272  -27.330  36.172 0.0000000000
59692  -36.532  -27.450  36.910 0.0000000000
60849  -36.847  -27.022  36.396 0.0000000000
62028  -37.591  -26.307  35.049 0.0000000000
60850  -37.423  -26.677  36.638 0.0000000000
62017  -37.790  -26.347  36.064 0.0000000000
62006  -38.469  -25.877  37.133 0.0000000000
62018  -38.344  -25.960  36.354 0.0000000000
62054  -38.020  -25.388  32.752 0.0000000000
161619  -38.575  -24.920  32.953 0.0000000000
63161  -39.504  -24.507  34.074 0.0000000000
190731  -39.213  -24.935  33.898 0.0000000000
63152  -39.615  -24.823  34.671 0.0000000000
63141  -39.379  -25.208  35.954 0.0000000000
63142  -39.949  -24.700  36.138 0.0000000000
63132  -39.947  -24.622  37.047 0.0000000000
166209  -40.345  -24.055  35.458 0.0000000000
66393  -40.493  -22.329  34.994 0.0000000000
179185  -40.894  -22.624  35.700 0.0000000000
66394  -40.892  -21.943  35.515 0.0000000000
57161  -17.903  -29.548  36.139 0.0000000000
57130  -18.736  -28.545  38.340 0.0000000000
77337  -42.838  -13.462  30.798 0.0000000000
77323  -43.368  -13.013  31.263 0.0000000000
77338  -43.689  -13.470  30.711 0.0000000000
76283  -44.945  -13.766  30.083 0.0000000000
77339  -44.557  -13.374  30.675 0.0000000000
77340  -45.446  -13.206  30.617 0.0000000000
77341  -46.348  -13.016  30.458 0.0000000000
76284  -45.830  -13.585  29.931 0.0000000000
74208  -44.170  -15.790  27.286 0.0000000000
74192  -43.830  -15.523  27.972 0.0000000000
75281  -44.636  -15.256  27.746 0.0000000000
188092  -46.847  -14.487  28.196 0.0000000000
76313  -46.578  -14.197  28.593 0.0000000000
76302  -47.041  -13.779  29.114 0.0000000000
76286  -47.581  -13.317  29.714 0.0000000000
76303  -47.907  -13.844  29.117 0.0000000000
76304  -48.733  -13.783  29.378 0.0000000000
187739  -49.976  -14.534  29.020 0.0000000000
83509  -45.077  -7.229  19.284 0.0000000000
84538  -45.583  -6.688  19.565 0.0000000000
84540  -46.714  -5.874  20.513 0.0000000000
84525  -46.321  -6.516  20.660 0.0000000000
84526  -46.779  -6.167  21.171 0.0000000000
84510  -47.516  -6.506  22.340 0.0000000000
161857  -47.759  -5.742  22.336 0.0000000000
86668  -49.641  -4.835  20.460 0.0000000000
86681  -48.154  -5.078  20.413 0.0000000000
86651  -49.407  -4.586  21.294 0.0000000000
165090  -48.883  -4.702  22.733 0.0000000000
183344  -8.892  -34.133  51.119 0.0000000000
51478  -8.313  -33.721  51.082 0.0000000000
49254  -7.690  -34.805  51.098 0.0000000000
191040  -41.050  -15.098  17.215 0.0000000000
179351  -41.790  -14.850  18.304 0.0000000000
75432  -41.517  -14.584  17.526 0.0000000000
77481  -41.917  -13.402  17.135 0.0000000000
77493  -42.153  -12.561  16.994 0.0000000000
78494  -42.952  -12.380  18.047 0.0000000000
78521  -42.265  -11.747  16.953 0.0000000000
80458  -42.358  -10.120  16.926 0.0000000000
81454  -42.571  -9.332  17.117 0.0000000000
81455  -43.166  -9.332  17.674 0.0000000000
82513  -42.410  -8.584  17.016 0.0000000000
175736  -43.209  -7.807  17.555 0.0000000000
83528  -43.233  -7.081  17.249 0.0000000000
168199  -44.474  -6.204  16.091 0.0000000000
85567  -44.493  -6.453  16.587 0.0000000000
85568  -45.173  -6.368  16.523 0.0000000000
183962  -45.623  -6.473  17.293 0.0000000000
85569  -45.998  -6.406  16.729 0.0000000000
85595  -46.092  -6.204  15.396 0.0000000000
85596  -46.901  -6.209  15.397 0.0000000000
170846  -47.365  -6.257  16.236 0.0000000000
163672  -48.080  -6.093  16.801 0.0000000000
85598  -48.255  -6.117  15.993 0.0000000000
85599  -49.675  -5.991  15.689 0.0000000000
85574  -51.593  -5.622  16.551 0.0000000000
85601  -51.334  -5.805  15.877 0.0000000000
85602  -52.100  -5.716  15.983 0.0000000000
162524  -51.150  -5.975  15.302 0.0000000000
85642  -50.312  -6.470  13.314 0.0000000000
160967  -50.893  -6.444  14.099 0.0000000000
85656  -50.801  -6.323  12.844 0.0000000000
85657  -51.419  -6.264  12.759 0.0000000000
51523  -10.096  -34.236  46.545 0.0000000000
51524  -15.877  -34.079  46.396 0.0000000000
50421  -15.084  -34.511  47.147 0.0000000000
50420  -14.192  -34.543  47.164 0.0000000000
51516  -13.660  -34.011  47.906 0.0000000000
49268  -14.940  -34.706  49.707 0.0000000000
51485  -12.981  -33.944  49.520 0.0000000000
51486  -13.768  -34.021  49.509 0.0000000000
192162  -12.883  -33.694  49.091 0.0000000000
51515  -12.777  -34.018  47.804 0.0000000000
51503  -12.332  -33.678  48.602 0.0000000000
51489  -11.697  -33.591  49.159 0.0000000000
52591  -11.174  -33.506  49.646 0.0000000000
51483  -10.691  -33.486  50.164 0.0000000000
52578  -10.198  -33.634  50.568 0.0000000000
50393  -9.773  -34.024  50.930 0.0000000000
50394  -10.542  -34.141  50.655 0.0000000000
48113  -10.681  -36.826  49.569 0.0000000000
77247  -41.950  -13.055  35.723 0.0000000000
78290  -42.353  -12.445  35.263 0.0000000000
78299  -41.239  -12.660  34.167 0.0000000000
181145  -40.534  -19.714  34.563 0.0000000000
69857  -41.104  -19.576  35.726 0.0000000000
69866  -40.428  -19.208  34.281 0.0000000000
71951  -40.315  -17.409  32.775 0.0000000000
188643  -40.444  -18.022  34.039 0.0000000000
169758  -40.396  -16.934  33.565 0.0000000000
73039  -40.513  -16.773  34.355 0.0000000000
73091  -39.051  -16.677  29.405 0.0000000000
73083  -39.871  -16.996  30.539 0.0000000000
73082  -39.393  -16.462  30.153 0.0000000000
178067  -39.577  -15.137  31.341 0.0000000000
168894  -39.568  -15.620  31.192 0.0000000000
74160  -39.795  -15.390  31.970 0.0000000000
74152  -40.037  -15.325  32.861 0.0000000000
75234  -39.968  -14.747  32.490 0.0000000000
75220  -40.206  -14.694  33.249 0.0000000000
75219  -40.205  -14.225  32.850 0.0000000000
168420  -40.061  -13.483  30.962 0.0000000000
179620  -40.519  -13.283  32.416 0.0000000000
179671  -40.849  -12.899  31.986 0.0000000000
78330  -41.361  -12.459  32.530 0.0000000000
77321  -41.170  -12.945  31.309 0.0000000000
78363  -41.732  -12.641  31.761 0.0000000000
182709  -41.040  -13.233  30.724 0.0000000000
76311  -40.080  -13.946  28.479 0.0000000000
76295  -41.050  -13.856  29.600 0.0000000000
76312  -40.784  -14.261  28.681 0.0000000000
75277  -41.250  -14.845  28.350 0.0000000000
177015  -37.558  -14.294  26.522 0.0000000000
76339  -37.990  -14.235  26.995 0.0000000000
75316  -38.391  -14.452  26.454 0.0000000000
74248  -39.449  -15.297  25.895 0.0000000000
160153  -39.554  -15.607  25.302 0.0000000000
169826  -40.194  -15.779  25.705 0.0000000000
74267  -40.689  -16.297  25.203 0.0000000000
74266  -39.995  -16.009  24.933 0.0000000000
73190  -39.111  -16.837  22.909 0.0000000000
176782  -39.554  -17.308  22.279 0.0000000000
72085  -38.876  -17.363  21.709 0.0000000000
74292  -33.656  -15.181  23.064 0.0000000000
74308  -33.489  -15.015  22.288 0.0000000000
74327  -34.770  -15.650  21.860 0.0000000000
188948  -34.698  -15.814  21.339 0.0000000000
166946  -35.817  -16.825  20.420 0.0000000000
73224  -36.969  -17.061  21.152 0.0000000000
73243  -36.541  -17.071  20.431 0.0000000000
60776  -20.529  -26.588  40.762 0.0000000000
60766  -20.283  -26.442  41.468 0.0000000000
61933  -20.622  -26.120  41.760 0.0000000000
60750  -22.016  -26.473  43.371 0.0000000000
58305  -24.207  -28.232  43.253 0.0000000000
59608  -23.586  -27.745  43.123 0.0000000000
59766  -25.392  -27.699  32.360 0.0000000000
59765  -24.951  -27.043  32.071 0.0000000000
59751  -24.883  -27.199  32.777 0.0000000000
174659  -24.803  -27.335  33.378 0.0000000000
171339  -24.439  -27.332  34.519 0.0000000000
58440  -25.007  -27.951  34.764 0.0000000000
57164  -26.772  -29.228  36.505 0.0000000000
57163  -26.090  -28.946  36.215 0.0000000000
57149  -26.152  -28.973  37.031 0.0000000000
57132  -26.829  -29.144  38.158 0.0000000000
58537  -29.318  -28.670  29.638 0.0000000000
57272  -29.508  -29.136  31.724 0.0000000000
57287  -29.073  -29.036  31.020 0.0000000000
57253  -29.108  -29.356  32.400 0.0000000000
192154  -28.581  -29.316  32.126 0.0000000000
57232  -28.971  -29.557  33.298 0.0000000000
57212  -31.682  -29.378  34.737 0.0000000000
57168  -30.249  -29.824  36.252 0.0000000000
161013  -30.437  -29.869  35.593 0.0000000000
161014  -29.707  -29.875  35.545 0.0000000000
161011  -28.878  -29.713  34.666 0.0000000000
161015  -28.924  -29.752  35.730 0.0000000000
161016  -28.203  -29.590  35.815 0.0000000000
161019  -28.986  -29.558  36.937 0.0000000000
57116  -29.289  -29.269  39.017 0.0000000000
57134  -28.758  -29.329  38.434 0.0000000000
57115  -28.451  -29.238  39.110 0.0000000000
57114  -28.053  -29.176  39.780 0.0000000000
57098  -28.378  -29.151  40.537 0.0000000000
181404  -29.019  -29.147  40.760 0.0000000000
189561  -30.544  -28.971  41.709 0.0000000000
57046  -30.714  -28.684  43.342 0.0000000000
163617  -32.604  -28.958  41.740 0.0000000000
57067  -32.453  -28.850  42.718 0.0000000000
60827  -37.369  -27.074  37.959 0.0000000000
50488  -14.536  -34.516  41.231 0.0000000000
51574  -14.907  -33.948  40.801 0.0000000000
55967  -16.170  -30.632  37.762 0.0000000000
55975  -16.066  -30.713  36.757 0.0000000000
53816  -15.404  -31.966  38.121 0.0000000000
53815  -14.701  -32.135  37.631 0.0000000000
183221  -14.953  -32.383  38.268 0.0000000000
52706  -14.822  -32.715  38.757 0.0000000000
52707  -15.376  -32.538  39.342 0.0000000000
53745  -15.536  -31.979  41.781 0.0000000000
162719  -15.558  -32.686  41.348 0.0000000000
52655  -15.533  -32.621  42.079 0.0000000000
192532  -15.614  -33.247  42.189 0.0000000000
52639  -15.664  -32.860  43.705 0.0000000000
53715  -15.511  -32.131  43.446 0.0000000000
57009  -16.448  -29.056  44.307 0.0000000000
78320  -46.264  -11.761  34.095 0.0000000000
73245  -41.789  -16.709  20.246 0.0000000000
73226  -42.114  -16.998  20.947 0.0000000000
73227  -42.778  -16.681  21.242 0.0000000000
74313  -44.425  -15.764  21.992 0.0000000000
73212  -44.268  -16.481  22.428 0.0000000000
74297  -44.928  -16.152  22.572 0.0000000000
73176  -45.721  -16.626  23.721 0.0000000000
73194  -45.947  -16.208  23.239 0.0000000000
76377  -45.339  -14.190  21.922 0.0000000000
76378  -46.074  -13.734  22.207 0.0000000000
75359  -47.887  -15.264  24.062 0.0000000000
75358  -47.024  -15.240  23.381 0.0000000000
186653  -47.414  -15.456  23.817 0.0000000000
74268  -47.578  -15.917  24.269 0.0000000000
74251  -48.366  -16.251  25.232 0.0000000000
73143  -48.497  -16.501  25.844 0.0000000000
74252  -48.959  -16.069  25.575 0.0000000000
74254  -50.654  -15.133  26.046 0.0000000000
74236  -50.686  -15.560  26.664 0.0000000000
74237  -51.692  -15.152  26.979 0.0000000000
180171  -46.398  -8.113  20.686 0.0000000000
82433  -46.487  -8.866  20.728 0.0000000000
81378  -48.239  -9.680  23.650 0.0000000000
80389  -48.000  -10.278  23.196 0.0000000000
80381  -48.323  -10.436  23.994 0.0000000000
79396  -48.362  -11.300  23.977 0.0000000000
183901  -48.655  -10.795  24.617 0.0000000000
168768  -54.488  -5.505  16.354 0.0000000000
85604  -54.199  -5.699  15.610 0.0000000000
162388  -55.241  -5.793  14.475 0.0000000000
164953  -55.857  -5.579  15.646 0.0000000000
85630  -56.435  -5.545  15.112 0.0000000000
85606  -56.778  -5.345  15.783 0.0000000000
85673  -54.331  -5.609  12.446 0.0000000000
85674  -55.013  -5.328  12.381 0.0000000000
87838  -57.354  -4.592  13.540 0.0000000000
161431  -56.786  -5.069  13.511 0.0000000000
86751  -57.626  -4.657  14.325 0.0000000000
86739  -57.713  -4.758  15.053 0.0000000000
87831  -58.161  -4.069  14.750 0.0000000000
88798  -58.751  -3.357  15.233 0.0000000000
88804  -58.593  -3.353  14.468 0.0000000000
88813  -58.957  -2.417  13.390 0.0000000000
88805  -59.050  -2.631  14.299 0.0000000000
89862  -59.619  -1.916  14.194 0.0000000000
89856  -60.180  -1.360  14.897 0.0000000000
89873  -59.617  -1.658  13.378 0.0000000000
90974  -56.937  -1.459  9.176 0.0000000000
89919  -56.586  -2.040  9.541 0.0000000000
89907  -57.799  -2.117  10.360 0.0000000000
89897  -58.075  -2.301  11.062 0.0000000000
90953  -59.727  -0.755  11.761 0.0000000000
90941  -59.521  -1.202  12.062 0.0000000000
90942  -60.130  -0.649  12.455 0.0000000000
90912  -60.747  -0.756  13.901 0.0000000000
91945  -61.110  -0.507  13.651 0.0000000000
93878  -60.857  1.306  10.079 0.0000000000
93887  -61.043  1.472  9.925 0.0000000000
64337  -37.314  -23.116  28.229 0.0000000000
65442  -37.443  -22.652  27.628 0.0000000000
65453  -37.112  -22.733  26.872 0.0000000000
65467  -36.965  -22.522  26.224 0.0000000000
62155  -34.831  -24.989  26.865 0.0000000000
63263  -35.455  -24.643  27.171 0.0000000000
63264  -36.038  -24.296  27.481 0.0000000000
63246  -36.157  -24.437  28.186 0.0000000000
63226  -36.772  -24.162  29.257 0.0000000000
63247  -36.624  -24.036  28.486 0.0000000000
180379  -36.907  -23.573  28.036 0.0000000000
72051  -40.994  -17.452  23.754 0.0000000000
187386  -41.999  -17.597  24.399 0.0000000000
160988  -41.294  -17.789  23.163 0.0000000000
72052  -42.045  -17.731  23.627 0.0000000000
72070  -42.628  -17.616  23.096 0.0000000000
167777  -51.275  -5.343  17.814 0.0000000000
86696  -51.929  -5.138  18.922 0.0000000000
86686  -52.485  -5.000  19.449 0.0000000000
86674  -55.040  -4.750  19.671 0.0000000000
86675  -55.850  -4.432  20.075 0.0000000000
87801  -56.821  -4.112  20.002 0.0000000000
86701  -55.767  -4.921  18.580 0.0000000000
50474  -14.116  -34.936  41.774 0.0000000000
50473  -13.216  -34.911  41.943 0.0000000000
49326  -14.463  -35.546  42.886 0.0000000000
49317  -14.777  -35.640  43.527 0.0000000000
49303  -14.897  -35.560  45.199 0.0000000000
72017  -36.714  -17.040  26.212 0.0000000000
73115  -36.859  -16.647  26.807 0.0000000000
73114  -36.259  -16.182  26.589 0.0000000000
73113  -35.748  -15.768  26.180 0.0000000000
74224  -35.687  -15.198  26.155 0.0000000000
74246  -35.405  -15.476  25.767 0.0000000000
74261  -34.825  -15.024  24.575 0.0000000000
59605  -18.315  -27.135  43.400 0.0000000000
187388  -25.562  -28.656  41.460 0.0000000000
58326  -25.187  -28.547  42.012 0.0000000000
172060  -27.127  -28.704  43.483 0.0000000000
58411  -34.505  -28.834  36.678 0.0000000000
58410  -33.744  -28.987  36.135 0.0000000000
57139  -34.306  -29.304  38.112 0.0000000000
179871  -33.852  -29.289  39.482 0.0000000000
57122  -34.576  -29.111  38.991 0.0000000000
58338  -35.292  -28.795  40.443 0.0000000000
167329  -17.694  -28.598  40.441 0.0000000000
58333  -17.657  -28.438  41.097 0.0000000000
58322  -17.566  -28.309  41.858 0.0000000000
59617  -17.954  -27.781  42.211 0.0000000000
79466  -44.042  -10.974  19.037 0.0000000000
187316  -44.504  -11.072  19.681 0.0000000000
80432  -44.492  -10.368  19.449 0.0000000000
80412  -45.124  -10.544  20.091 0.0000000000
179364  -46.425  -10.628  21.033 0.0000000000
66414  -39.720  -21.778  33.922 0.0000000000
67560  -39.785  -20.918  33.548 0.0000000000
67559  -39.397  -21.505  33.023 0.0000000000
68731  -39.359  -20.755  31.518 0.0000000000
68800  -38.454  -20.541  27.115 0.0000000000
67636  -38.611  -20.735  27.879 0.0000000000
69945  -38.609  -19.845  26.898 0.0000000000
171785  -38.556  -19.265  26.802 0.0000000000
71022  -38.232  -18.827  26.376 0.0000000000
58392  -19.432  -28.551  37.337 0.0000000000
59672  -20.034  -27.801  38.430 0.0000000000
58406  -19.987  -28.413  36.851 0.0000000000
182330  -20.587  -28.010  37.027 0.0000000000
59687  -21.086  -27.660  36.740 0.0000000000
59723  -21.695  -27.127  34.351 0.0000000000
60867  -21.949  -26.864  34.952 0.0000000000
166703  -22.359  -26.597  35.258 0.0000000000
60857  -22.852  -26.533  35.606 0.0000000000
60846  -23.117  -26.800  36.728 0.0000000000
59675  -23.585  -27.328  37.938 0.0000000000
59703  -23.677  -27.083  36.357 0.0000000000
59714  -24.282  -27.574  35.967 0.0000000000
60954  -35.161  -26.159  30.270 0.0000000000
60953  -34.444  -26.611  30.376 0.0000000000
60936  -34.927  -26.598  30.898 0.0000000000
60921  -35.096  -26.791  31.680 0.0000000000
59770  -34.915  -27.083  32.412 0.0000000000
59755  -35.050  -27.147  33.126 0.0000000000
60874  -35.759  -26.997  34.295 0.0000000000
60875  -36.308  -26.860  34.845 0.0000000000
60861  -36.554  -26.941  35.680 0.0000000000
169131  -36.893  -26.645  35.173 0.0000000000
64255  -38.493  -24.270  32.353 0.0000000000
64256  -38.922  -24.157  32.881 0.0000000000
168913  -39.343  -23.950  33.460 0.0000000000
64240  -39.786  -23.603  34.112 0.0000000000
177332  -40.176  -23.607  34.790 0.0000000000
65346  -39.722  -22.680  33.949 0.0000000000
178034  -18.503  -29.357  35.713 0.0000000000
76297  -42.730  -14.413  29.745 0.0000000000
76281  -43.189  -13.964  30.237 0.0000000000
76298  -43.564  -14.320  29.630 0.0000000000
76299  -44.425  -14.194  29.512 0.0000000000
75300  -45.371  -15.091  27.610 0.0000000000
74210  -45.663  -15.437  27.098 0.0000000000
75302  -46.691  -14.928  27.797 0.0000000000
75284  -47.424  -14.812  28.102 0.0000000000
75268  -48.543  -14.337  28.844 0.0000000000
75285  -48.281  -14.985  28.344 0.0000000000
74194  -48.786  -15.757  27.984 0.0000000000
74213  -49.108  -16.261  27.425 0.0000000000
166299  -45.572  -6.417  18.480 0.0000000000
84549  -45.818  -6.244  19.145 0.0000000000
85520  -46.438  -5.948  19.292 0.0000000000
85513  -46.832  -5.753  19.903 0.0000000000
85514  -47.168  -5.543  20.431 0.0000000000
87774  -51.021  -4.413  21.580 0.0000000000
86642  -50.079  -4.408  21.832 0.0000000000
87759  -50.652  -4.234  22.439 0.0000000000
88793  -59.634  -2.318  16.621 0.0000000000
80457  -41.902  -10.594  16.395 0.0000000000
85565  -43.222  -6.404  16.326 0.0000000000
84574  -43.920  -6.561  16.667 0.0000000000
85593  -43.920  -6.029  15.744 0.0000000000
183337  -44.436  -5.991  15.600 0.0000000000
85620  -47.314  -6.139  14.615 0.0000000000
161118  -48.437  -6.151  15.253 0.0000000000
185538  -47.972  -6.197  14.734 0.0000000000
85621  -48.549  -6.306  14.519 0.0000000000
162525  -49.900  -6.208  14.984 0.0000000000
85623  -50.667  -6.227  14.851 0.0000000000
85641  -49.457  -6.475  13.534 0.0000000000
51512  -10.295  -33.982  47.304 0.0000000000
50412  -16.067  -33.844  48.035 0.0000000000
51506  -14.822  -33.990  48.837 0.0000000000
179170  -14.139  -34.648  49.747 0.0000000000
49267  -13.370  -34.739  49.701 0.0000000000
50400  -12.676  -34.287  49.786 0.0000000000
51484  -12.095  -33.957  49.741 0.0000000000
190548  -12.090  -34.142  49.941 0.0000000000
50395  -11.188  -34.365  50.329 0.0000000000
49258  -10.703  -34.744  50.445 0.0000000000
49264  -11.182  -35.253  50.014 0.0000000000
48114  -11.344  -36.187  49.512 0.0000000000
69886  -40.094  -19.157  32.703 0.0000000000
167282  -40.306  -18.614  33.290 0.0000000000
177647  -40.225  -17.767  32.045 0.0000000000
73061  -40.223  -16.928  32.030 0.0000000000
74176  -39.184  -15.753  30.523 0.0000000000
74175  -38.739  -15.354  30.209 0.0000000000
75248  -39.496  -14.839  31.069 0.0000000000
76262  -39.990  -14.261  32.126 0.0000000000
76270  -39.407  -14.406  30.792 0.0000000000
178601  -39.568  -13.904  30.428 0.0000000000
76278  -39.883  -13.453  30.095 0.0000000000
77336  -40.390  -13.235  30.453 0.0000000000
192267  -39.848  -13.500  29.600 0.0000000000
76294  -39.806  -13.692  29.101 0.0000000000
76325  -39.687  -14.119  27.803 0.0000000000
75332  -38.000  -14.674  25.779 0.0000000000
168038  -37.670  -15.259  24.576 0.0000000000
187626  -38.477  -15.544  24.627 0.0000000000
74282  -38.950  -16.023  24.090 0.0000000000
73171  -38.606  -16.394  23.470 0.0000000000
73189  -38.275  -16.758  22.824 0.0000000000
73208  -38.059  -17.065  22.026 0.0000000000
61942  -21.077  -26.286  41.064 0.0000000000
61934  -21.198  -26.112  41.726 0.0000000000
60767  -21.825  -26.310  41.859 0.0000000000
60759  -22.488  -26.799  42.842 0.0000000000
167243  -25.215  -28.660  44.400 0.0000000000
58295  -24.687  -28.439  45.083 0.0000000000
173368  -25.600  -27.459  30.871 0.0000000000
58495  -25.956  -28.144  31.956 0.0000000000
58477  -25.860  -28.261  32.713 0.0000000000
58459  -25.744  -28.368  33.527 0.0000000000
58441  -25.604  -28.434  34.339 0.0000000000
57207  -26.032  -28.816  34.738 0.0000000000
57186  -26.694  -29.196  35.702 0.0000000000
165050  -27.440  -29.389  36.764 0.0000000000
58514  -30.378  -28.581  30.560 0.0000000000
57301  -29.546  -28.791  30.375 0.0000000000
57289  -30.632  -28.640  31.277 0.0000000000
182246  -30.208  -28.941  31.718 0.0000000000
170822  -30.321  -29.454  33.091 0.0000000000
164318  -31.863  -29.644  36.817 0.0000000000
57170  -31.574  -29.644  36.242 0.0000000000
161017  -30.391  -29.699  36.924 0.0000000000
57153  -30.060  -29.558  37.487 0.0000000000
57152  -29.338  -29.502  37.490 0.0000000000
57135  -29.571  -29.401  38.184 0.0000000000
170644  -29.845  -29.213  39.622 0.0000000000
188526  -29.685  -29.200  40.107 0.0000000000
162652  -29.612  -29.173  40.592 0.0000000000
161020  -30.228  -29.086  41.156 0.0000000000
57066  -30.978  -28.860  42.309 0.0000000000
55945  -16.129  -30.358  39.519 0.0000000000
170764  -16.076  -30.657  38.639 0.0000000000
188696  -15.983  -30.915  39.176 0.0000000000
54876  -15.866  -31.225  39.722 0.0000000000
53781  -15.630  -32.098  40.076 0.0000000000
161860  -15.629  -31.385  41.471 0.0000000000
161926  -15.511  -31.443  42.101 0.0000000000
162698  -15.449  -31.427  43.325 0.0000000000
59596  -17.023  -27.713  45.252 0.0000000000
58278  -16.681  -28.285  45.668 0.0000000000
74358  -42.311  -15.339  19.677 0.0000000000
74328  -43.113  -15.808  20.968 0.0000000000
74343  -43.082  -15.099  20.555 0.0000000000
184198  -43.627  -14.971  21.002 0.0000000000
74329  -44.151  -15.168  21.523 0.0000000000
77398  -46.694  -13.387  22.547 0.0000000000
76369  -46.605  -14.137  22.692 0.0000000000
76370  -47.147  -13.804  22.960 0.0000000000
76352  -48.069  -14.564  23.853 0.0000000000
75347  -48.451  -15.021  24.387 0.0000000000
75334  -49.485  -15.378  25.355 0.0000000000
75348  -49.083  -14.835  24.739 0.0000000000
75335  -50.210  -14.805  25.512 0.0000000000
75336  -51.037  -14.616  25.795 0.0000000000
82425  -47.455  -8.159  22.185 0.0000000000
81409  -47.683  -8.807  22.470 0.0000000000
82403  -48.158  -8.787  23.311 0.0000000000
81379  -48.541  -9.151  24.158 0.0000000000
80382  -48.507  -9.877  24.418 0.0000000000
85626  -53.081  -6.015  14.595 0.0000000000
85627  -53.949  -5.865  14.833 0.0000000000
160964  -53.798  -6.029  14.006 0.0000000000
160963  -54.523  -5.894  14.253 0.0000000000
85644  -55.052  -5.775  13.658 0.0000000000
86776  -56.590  -4.481  12.444 0.0000000000
87845  -57.188  -4.240  12.782 0.0000000000
87846  -57.808  -3.808  13.217 0.0000000000
87860  -57.572  -3.591  12.477 0.0000000000
168403  -58.240  -3.079  12.902 0.0000000000
89871  -58.623  -2.447  12.506 0.0000000000
92012  -56.784  -0.351  8.388 0.0000000000
91999  -57.334  -0.798  8.856 0.0000000000
90975  -57.797  -1.200  9.394 0.0000000000
90961  -58.203  -1.509  10.051 0.0000000000
90962  -58.946  -1.084  10.553 0.0000000000
91983  -59.629  -0.571  11.109 0.0000000000
91984  -60.387  -0.095  11.717 0.0000000000
92949  -61.151  0.373  11.882 0.0000000000
94821  -60.859  2.073  9.153 0.0000000000
93888  -61.402  1.399  9.707 0.0000000000
93901  -61.498  1.638  9.266 0.0000000000
65385  -38.538  -22.451  31.339 0.0000000000
66444  -38.743  -21.888  30.997 0.0000000000
66493  -37.897  -22.015  27.729 0.0000000000
67635  -38.230  -21.261  27.378 0.0000000000
67652  -38.077  -21.039  26.642 0.0000000000
59735  -21.479  -27.707  33.022 0.0000000000
60899  -22.500  -26.427  32.898 0.0000000000
60900  -23.082  -26.240  32.984 0.0000000000
61008  -33.353  -25.964  27.048 0.0000000000
60995  -34.043  -25.849  28.055 0.0000000000
60980  -34.176  -25.947  28.793 0.0000000000
62146  -34.951  -25.176  27.660 0.0000000000
62130  -34.646  -25.572  28.338 0.0000000000
62118  -34.768  -25.720  29.017 0.0000000000
60969  -35.088  -25.805  29.564 0.0000000000
62084  -35.798  -25.867  30.596 0.0000000000
62064  -36.543  -25.984  31.781 0.0000000000
62052  -36.991  -25.994  32.360 0.0000000000
62065  -37.039  -25.628  31.792 0.0000000000
63182  -37.330  -25.036  31.436 0.0000000000
63210  -36.989  -24.328  30.015 0.0000000000
191236  -37.555  -24.112  30.726 0.0000000000
63196  -37.762  -24.258  31.202 0.0000000000
64285  -38.066  -23.642  31.125 0.0000000000
65368  -38.364  -23.149  31.451 0.0000000000
74228  -41.991  -16.080  26.857 0.0000000000
74206  -42.580  -15.924  27.535 0.0000000000
74229  -42.829  -16.286  26.885 0.0000000000
74230  -43.649  -16.276  26.774 0.0000000000
72029  -42.331  -17.382  25.134 0.0000000000
173963  -43.273  -16.989  25.760 0.0000000000
73118  -43.934  -16.696  26.054 0.0000000000
73119  -44.879  -16.561  25.863 0.0000000000
73120  -45.732  -16.515  25.994 0.0000000000
73139  -45.512  -16.872  25.273 0.0000000000
85532  -48.260  -5.681  18.227 0.0000000000
164375  -47.840  -5.514  19.043 0.0000000000
160661  -48.718  -5.435  18.823 0.0000000000
85522  -49.240  -5.213  19.284 0.0000000000
86669  -50.444  -4.898  20.070 0.0000000000
86684  -50.987  -4.975  19.711 0.0000000000
86670  -51.145  -4.836  20.250 0.0000000000
87760  -51.582  -4.222  22.199 0.0000000000
87747  -52.284  -3.993  22.900 0.0000000000
86691  -56.944  -4.292  19.194 0.0000000000
86703  -58.173  -3.786  18.211 0.0000000000
87814  -58.499  -3.598  17.439 0.0000000000
161156  -12.619  -35.073  42.554 0.0000000000
161084  -11.675  -34.856  43.317 0.0000000000
191519  -11.903  -35.343  44.800 0.0000000000
50437  -11.973  -35.205  45.681 0.0000000000
71997  -39.360  -17.578  29.050 0.0000000000
188710  -39.934  -17.574  30.319 0.0000000000
71996  -38.659  -16.957  28.672 0.0000000000
73090  -38.221  -16.058  29.090 0.0000000000
73103  -37.310  -16.680  27.296 0.0000000000
74183  -37.732  -15.404  28.973 0.0000000000
74182  -37.624  -14.999  28.602 0.0000000000
185819  -37.922  -14.499  28.372 0.0000000000
181293  -38.163  -14.254  27.811 0.0000000000
76322  -37.577  -14.486  27.677 0.0000000000
76338  -37.371  -14.355  27.149 0.0000000000
163431  -37.130  -14.376  26.050 0.0000000000
75330  -35.837  -14.687  25.795 0.0000000000
168445  -36.264  -14.557  25.216 0.0000000000
74264  -36.772  -14.919  24.584 0.0000000000
59630  -23.112  -27.228  40.971 0.0000000000
59621  -23.402  -27.566  41.594 0.0000000000
58324  -23.853  -27.970  41.783 0.0000000000
58315  -23.999  -28.098  42.476 0.0000000000
58306  -24.959  -28.491  43.469 0.0000000000
177225  -25.929  -28.951  44.697 0.0000000000
59800  -25.773  -27.393  30.094 0.0000000000
58533  -26.221  -27.975  30.448 0.0000000000
57268  -27.048  -28.977  31.892 0.0000000000
58461  -32.365  -28.489  33.420 0.0000000000
58462  -32.712  -28.529  34.048 0.0000000000
57213  -32.455  -28.924  34.649 0.0000000000
57171  -32.329  -29.485  36.184 0.0000000000
57173  -33.788  -29.254  36.791 0.0000000000
57172  -33.170  -29.375  36.528 0.0000000000
57154  -32.647  -29.566  37.017 0.0000000000
163066  -32.089  -29.615  37.606 0.0000000000
57119  -32.010  -29.494  38.904 0.0000000000
57102  -31.823  -29.196  40.321 0.0000000000
170689  -32.325  -29.363  39.673 0.0000000000
57103  -32.743  -29.133  40.668 0.0000000000
57085  -33.457  -28.961  41.615 0.0000000000
57104  -33.817  -29.098  40.572 0.0000000000
57069  -33.827  -29.170  42.240 0.0000000000
55976  -16.585  -30.219  37.272 0.0000000000
55968  -16.574  -30.066  38.055 0.0000000000
55957  -16.473  -29.970  38.814 0.0000000000
172195  -16.608  -29.640  39.640 0.0000000000
55923  -16.271  -29.740  41.489 0.0000000000
57056  -16.186  -29.715  42.225 0.0000000000
57039  -16.615  -29.201  42.644 0.0000000000
167093  -16.892  -28.543  43.860 0.0000000000
58311  -17.481  -28.209  42.636 0.0000000000
58300  -17.381  -28.098  43.445 0.0000000000
59603  -17.198  -27.890  44.306 0.0000000000
76409  -43.411  -13.466  19.533 0.0000000000
76399  -43.574  -13.800  20.161 0.0000000000
77435  -43.851  -13.119  19.962 0.0000000000
77436  -44.332  -12.721  20.348 0.0000000000
77425  -45.535  -12.628  21.409 0.0000000000
168840  -45.144  -11.740  20.655 0.0000000000
187266  -45.500  -12.065  21.073 0.0000000000
77411  -46.242  -12.852  21.964 0.0000000000
77412  -46.986  -12.718  22.453 0.0000000000
77399  -47.586  -12.660  23.023 0.0000000000
78437  -48.149  -12.170  23.581 0.0000000000
85687  -52.473  -5.455  11.575 0.0000000000
85688  -53.152  -5.398  11.615 0.0000000000
86789  -52.731  -5.033  11.126 0.0000000000
86790  -53.443  -4.948  11.183 0.0000000000
86802  -53.649  -4.533  10.733 0.0000000000
92978  -57.104  0.295  8.031 0.0000000000
92966  -59.375  0.536  9.400 0.0000000000
92979  -58.704  0.626  8.640 0.0000000000
93885  -59.688  1.164  9.127 0.0000000000
93900  -59.973  1.716  8.865 0.0000000000
183815  -58.843  1.526  7.738 0.0000000000
93911  -60.623  2.134  8.812 0.0000000000
51537  -15.887  -34.102  44.196 0.0000000000
51531  -15.941  -34.303  44.956 0.0000000000
52610  -15.967  -33.659  45.648 0.0000000000
51507  -16.684  -33.556  48.413 0.0000000000
68702  -40.420  -20.302  34.507 0.0000000000
164535  -40.270  -19.823  34.028 0.0000000000
68709  -39.967  -20.031  33.276 0.0000000000
169687  -40.017  -18.786  31.201 0.0000000000
166183  -39.866  -18.666  29.884 0.0000000000
67590  -38.951  -21.351  30.631 0.0000000000
191446  -39.136  -20.886  30.345 0.0000000000
69912  -39.422  -20.248  30.401 0.0000000000
68788  -38.997  -20.208  28.334 0.0000000000
163194  -39.420  -19.935  29.585 0.0000000000
69922  -39.712  -19.420  30.114 0.0000000000
70980  -39.630  -18.403  29.167 0.0000000000
71002  -38.554  -17.947  27.550 0.0000000000
71021  -37.792  -18.186  26.287 0.0000000000
72027  -36.459  -17.405  25.523 0.0000000000
72037  -35.733  -16.886  25.287 0.0000000000
59629  -19.404  -27.390  40.749 0.0000000000
60791  -20.100  -27.030  40.364 0.0000000000
60792  -20.837  -26.636  40.002 0.0000000000
59658  -20.598  -27.209  38.817 0.0000000000
60777  -21.069  -26.437  40.488 0.0000000000
60793  -21.427  -26.393  39.680 0.0000000000
164942  -21.882  -26.364  39.521 0.0000000000
60794  -22.410  -26.519  39.661 0.0000000000
59701  -21.029  -27.802  36.006 0.0000000000
59688  -21.629  -27.050  37.164 0.0000000000
60855  -21.853  -26.914  35.687 0.0000000000
60844  -22.004  -26.903  36.571 0.0000000000
60835  -21.978  -26.863  37.852 0.0000000000
60824  -22.144  -26.670  38.372 0.0000000000
60809  -22.395  -26.505  38.956 0.0000000000
59644  -23.056  -27.113  40.082 0.0000000000
59631  -23.683  -27.658  40.443 0.0000000000
59632  -24.237  -28.015  40.011 0.0000000000
59660  -24.348  -27.978  38.928 0.0000000000
161145  -24.874  -28.426  40.340 0.0000000000
58350  -25.643  -28.673  39.850 0.0000000000
58365  -26.498  -28.940  39.735 0.0000000000
59833  -30.488  -27.944  28.037 0.0000000000
58576  -30.369  -28.178  28.641 0.0000000000
58539  -30.873  -28.317  30.061 0.0000000000
58516  -31.744  -28.083  30.942 0.0000000000
58498  -31.977  -28.111  31.599 0.0000000000
59836  -32.300  -27.015  28.487 0.0000000000
59819  -32.518  -27.168  29.269 0.0000000000
60952  -33.844  -26.693  29.917 0.0000000000
59804  -33.331  -27.119  30.278 0.0000000000
166632  -32.675  -27.354  29.995 0.0000000000
182610  -32.538  -27.847  31.713 0.0000000000
58480  -32.676  -28.115  32.819 0.0000000000
58481  -33.102  -28.095  33.470 0.0000000000
58444  -33.673  -28.200  34.542 0.0000000000
160735  -34.216  -28.110  35.033 0.0000000000
59726  -34.768  -27.502  34.285 0.0000000000
59715  -34.769  -27.692  34.857 0.0000000000
58429  -34.777  -27.980  35.425 0.0000000000
58412  -35.161  -28.107  36.108 0.0000000000
59677  -36.132  -27.926  37.464 0.0000000000
59661  -36.361  -27.869  38.391 0.0000000000
59678  -36.758  -27.459  37.758 0.0000000000
60840  -37.697  -26.666  37.410 0.0000000000
61993  -38.269  -26.219  37.709 0.0000000000
188789  -38.608  -25.858  37.612 0.0000000000
61994  -38.882  -25.484  37.473 0.0000000000
62053  -37.535  -25.952  33.062 0.0000000000
62029  -38.425  -25.773  34.411 0.0000000000
63160  -38.854  -25.235  33.737 0.0000000000
63151  -39.192  -25.223  34.372 0.0000000000
62030  -38.852  -25.624  34.997 0.0000000000
62019  -38.841  -25.638  35.762 0.0000000000
65314  -40.481  -23.154  35.227 0.0000000000
64208  -40.806  -23.428  35.959 0.0000000000
55985  -17.162  -29.877  36.263 0.0000000000
57146  -17.480  -29.611  36.915 0.0000000000
185292  -17.671  -29.349  37.527 0.0000000000
162044  -18.248  -28.959  37.794 0.0000000000
58347  -18.722  -28.055  39.900 0.0000000000
78349  -44.039  -11.998  32.493 0.0000000000
77325  -45.032  -12.799  31.248 0.0000000000
78351  -46.316  -11.962  32.192 0.0000000000
77309  -46.791  -12.226  31.672 0.0000000000
175006  -44.304  -14.996  28.417 0.0000000000
75265  -44.801  -14.490  28.843 0.0000000000
180082  -45.724  -14.744  28.007 0.0000000000
75266  -45.730  -14.382  28.596 0.0000000000
76285  -46.711  -13.385  29.742 0.0000000000
77343  -48.175  -12.843  30.363 0.0000000000
187261  -49.354  -14.144  29.217 0.0000000000
83508  -44.574  -7.803  18.936 0.0000000000
82458  -45.161  -8.254  19.606 0.0000000000
83492  -45.579  -7.524  19.924 0.0000000000
191090  -46.637  -7.775  21.078 0.0000000000
83476  -46.284  -7.367  20.724 0.0000000000
83464  -47.037  -7.776  21.640 0.0000000000
83465  -47.423  -7.420  22.288 0.0000000000
83453  -47.853  -7.191  22.866 0.0000000000
85515  -47.595  -5.233  20.728 0.0000000000
85505  -47.721  -5.192  21.346 0.0000000000
86641  -49.165  -4.493  22.211 0.0000000000
86640  -48.514  -4.803  22.109 0.0000000000
85491  -48.019  -5.170  22.012 0.0000000000
85478  -48.196  -5.421  22.705 0.0000000000
52577  -9.118  -33.108  50.499 0.0000000000
72126  -39.941  -17.644  20.001 0.0000000000
184202  -40.941  -17.456  20.477 0.0000000000
72142  -40.589  -17.437  19.863 0.0000000000
73262  -40.751  -16.966  19.118 0.0000000000
73263  -41.428  -16.494  19.516 0.0000000000
74356  -41.135  -16.272  18.750 0.0000000000
181477  -41.731  -15.818  19.218 0.0000000000
74357  -42.049  -15.117  19.012 0.0000000000
75418  -42.444  -14.330  18.918 0.0000000000
76422  -42.668  -13.629  18.552 0.0000000000
189202  -41.878  -13.946  17.532 0.0000000000
183415  -42.334  -13.479  17.886 0.0000000000
77450  -43.219  -13.151  18.917 0.0000000000
77467  -42.872  -12.956  18.295 0.0000000000
77468  -43.426  -12.279  18.682 0.0000000000
79465  -43.554  -11.372  18.507 0.0000000000
79484  -42.347  -10.955  16.909 0.0000000000
79473  -43.211  -10.969  17.892 0.0000000000
80441  -43.640  -10.576  18.385 0.0000000000
81447  -43.642  -9.745  18.259 0.0000000000
82474  -43.643  -8.892  18.165 0.0000000000
82493  -42.860  -8.536  17.373 0.0000000000
82475  -44.088  -8.355  18.551 0.0000000000
83519  -44.171  -7.512  18.307 0.0000000000
83530  -44.360  -6.916  17.974 0.0000000000
84556  -44.972  -6.652  18.239 0.0000000000
84575  -44.429  -6.604  17.027 0.0000000000
84565  -44.685  -6.674  17.578 0.0000000000
85545  -45.297  -6.544  17.809 0.0000000000
85529  -45.938  -6.372  18.010 0.0000000000
85547  -47.021  -6.133  17.629 0.0000000000
85616  -44.077  -5.804  15.172 0.0000000000
174351  -45.429  -6.114  15.427 0.0000000000
176466  -45.669  -6.292  16.017 0.0000000000
85570  -46.758  -6.340  16.896 0.0000000000
85548  -47.796  -5.964  17.585 0.0000000000
85549  -48.778  -5.819  17.372 0.0000000000
85550  -49.692  -5.588  17.517 0.0000000000
170703  -48.977  -6.030  15.802 0.0000000000
172639  -49.524  -5.787  16.816 0.0000000000
85551  -50.484  -5.440  17.654 0.0000000000
170682  -51.046  -5.519  17.104 0.0000000000
85552  -51.860  -5.460  17.265 0.0000000000
85553  -52.683  -5.420  17.378 0.0000000000
85554  -53.469  -5.361  17.453 0.0000000000
85576  -53.182  -5.506  16.787 0.0000000000
85603  -52.890  -5.654  16.080 0.0000000000
162522  -52.578  -5.860  15.377 0.0000000000
85624  -51.405  -6.186  14.751 0.0000000000
85625  -52.176  -6.098  14.695 0.0000000000
160965  -52.472  -6.265  13.932 0.0000000000
85658  -52.154  -6.167  12.623 0.0000000000
85685  -50.934  -5.648  11.709 0.0000000000
85686  -51.755  -5.551  11.607 0.0000000000
50438  -15.736  -34.906  45.096 0.0000000000
49304  -15.419  -35.247  45.279 0.0000000000
49295  -15.120  -35.224  45.806 0.0000000000
50430  -14.693  -34.970  46.463 0.0000000000
49294  -14.367  -35.479  45.847 0.0000000000
50428  -12.995  -35.080  46.357 0.0000000000
50418  -12.335  -34.613  46.907 0.0000000000
49269  -15.759  -34.796  49.559 0.0000000000
51493  -15.001  -34.118  49.358 0.0000000000
51492  -14.241  -33.954  49.335 0.0000000000
51505  -13.985  -33.823  48.701 0.0000000000
50417  -11.455  -34.498  46.916 0.0000000000
51513  -11.030  -34.064  47.522 0.0000000000
51488  -10.935  -33.438  49.045 0.0000000000
51479  -9.264  -33.500  50.803 0.0000000000
49256  -9.240  -34.781  50.876 0.0000000000
49263  -10.359  -35.451  50.235 0.0000000000
49262  -9.541  -35.551  50.386 0.0000000000
78291  -43.150  -12.252  35.302 0.0000000000
78301  -42.774  -11.960  34.727 0.0000000000
69848  -41.517  -19.400  36.615 0.0000000000
171303  -40.408  -18.546  33.957 0.0000000000
73072  -40.055  -16.909  31.232 0.0000000000
73060  -39.951  -16.213  31.608 0.0000000000
167034  -40.294  -16.082  33.235 0.0000000000
74142  -40.320  -15.335  33.674 0.0000000000
176253  -40.778  -14.192  34.593 0.0000000000
77274  -40.653  -13.575  33.595 0.0000000000
77289  -40.268  -13.771  32.450 0.0000000000
77290  -40.569  -13.441  32.973 0.0000000000
77275  -40.847  -13.027  33.501 0.0000000000
78314  -41.261  -12.484  33.311 0.0000000000
78331  -41.910  -12.178  33.042 0.0000000000
78347  -42.542  -12.438  32.057 0.0000000000
183676  -40.818  -13.402  30.150 0.0000000000
76279  -41.537  -13.691  30.247 0.0000000000
76296  -41.916  -14.294  29.739 0.0000000000
75278  -41.979  -15.122  28.617 0.0000000000
75299  -41.720  -15.302  28.047 0.0000000000
76324  -38.864  -14.108  27.703 0.0000000000
75297  -39.311  -14.348  27.250 0.0000000000
75333  -38.806  -14.875  25.983 0.0000000000
75317  -39.260  -14.767  26.595 0.0000000000
75298  -40.077  -14.823  27.214 0.0000000000
74227  -40.718  -15.492  26.869 0.0000000000
171237  -41.366  -15.698  27.084 0.0000000000
74249  -40.977  -16.109  25.870 0.0000000000
73153  -41.061  -16.888  24.812 0.0000000000
73151  -39.755  -16.234  24.233 0.0000000000
73173  -40.293  -16.880  23.757 0.0000000000
181516  -40.594  -17.484  23.116 0.0000000000
160987  -40.251  -17.672  22.020 0.0000000000
72105  -39.788  -17.700  20.778 0.0000000000
169576  -34.198  -16.688  24.000 0.0000000000
74309  -34.159  -15.048  22.534 0.0000000000
74311  -35.806  -15.927  22.616 0.0000000000
73222  -35.248  -16.311  21.086 0.0000000000
73206  -36.365  -16.609  21.923 0.0000000000
73225  -37.639  -17.220  21.433 0.0000000000
161149  -36.942  -17.325  19.734 0.0000000000
72102  -37.723  -17.402  20.748 0.0000000000
72103  -38.289  -17.407  21.213 0.0000000000
72104  -39.042  -17.598  20.961 0.0000000000
72125  -39.233  -17.697  20.188 0.0000000000
60765  -19.647  -26.671  41.834 0.0000000000
60757  -20.074  -26.192  42.205 0.0000000000
61925  -20.880  -25.948  42.283 0.0000000000
59613  -22.996  -27.265  43.020 0.0000000000
163555  -22.950  -26.216  32.296 0.0000000000
60885  -23.795  -26.535  33.766 0.0000000000
59724  -23.830  -26.717  34.437 0.0000000000
59725  -24.399  -27.483  35.210 0.0000000000
58408  -24.853  -28.126  36.348 0.0000000000
58427  -25.517  -28.498  35.109 0.0000000000
58394  -25.456  -28.613  36.718 0.0000000000
58379  -25.523  -28.645  37.572 0.0000000000
181783  -25.837  -28.780  38.036 0.0000000000
58380  -26.114  -28.871  38.489 0.0000000000
58536  -28.056  -28.736  29.619 0.0000000000
57300  -28.637  -28.910  30.199 0.0000000000
57299  -27.844  -28.972  30.314 0.0000000000
57270  -28.187  -29.270  31.853 0.0000000000
179206  -27.613  -29.220  32.235 0.0000000000
57231  -28.112  -29.466  33.424 0.0000000000
180430  -31.699  -28.921  33.340 0.0000000000
177521  -31.019  -29.278  33.237 0.0000000000
57234  -30.576  -29.595  33.751 0.0000000000
57191  -30.977  -29.674  35.228 0.0000000000
57190  -30.262  -29.829  34.989 0.0000000000
57233  -29.807  -29.649  33.578 0.0000000000
162645  -29.305  -29.745  34.108 0.0000000000
162646  -28.543  -29.610  34.031 0.0000000000
57209  -27.809  -29.473  34.078 0.0000000000
57187  -27.827  -29.502  35.263 0.0000000000
162336  -27.427  -29.428  35.957 0.0000000000
57151  -28.746  -29.462  37.480 0.0000000000
163478  -28.352  -29.385  37.886 0.0000000000
163102  -27.574  -29.318  37.830 0.0000000000
186748  -27.365  -29.209  38.502 0.0000000000
57113  -27.251  -29.101  39.692 0.0000000000
182996  -27.954  -29.063  41.007 0.0000000000
161023  -28.516  -28.852  42.502 0.0000000000
57045  -29.125  -28.748  43.167 0.0000000000
161021  -29.474  -29.089  41.375 0.0000000000
57064  -29.272  -28.911  42.287 0.0000000000
57030  -29.438  -28.784  44.081 0.0000000000
162650  -31.363  -29.097  40.901 0.0000000000
57084  -31.711  -28.953  41.830 0.0000000000
165954  -31.738  -28.729  42.935 0.0000000000
50487  -13.656  -34.551  41.205 0.0000000000
50475  -14.796  -34.773  41.911 0.0000000000
177596  -15.590  -34.336  42.951 0.0000000000
54898  -15.826  -31.354  37.967 0.0000000000
172529  -14.782  -33.080  39.332 0.0000000000
52686  -14.822  -33.348  39.826 0.0000000000
52669  -15.474  -32.768  40.610 0.0000000000
52668  -15.178  -33.387  40.376 0.0000000000
51565  -15.462  -33.752  41.866 0.0000000000
51556  -15.604  -33.755  42.572 0.0000000000
51546  -15.724  -33.721  43.413 0.0000000000
179776  -15.809  -33.416  44.085 0.0000000000
52628  -15.732  -32.825  44.403 0.0000000000
58266  -16.267  -28.720  46.248 0.0000000000
72107  -41.686  -17.519  21.394 0.0000000000
72089  -42.491  -17.513  22.359 0.0000000000
72090  -43.195  -17.316  22.631 0.0000000000
73228  -43.408  -16.423  21.602 0.0000000000
73211  -43.645  -16.811  22.221 0.0000000000
72055  -44.174  -17.173  23.657 0.0000000000
73175  -45.011  -16.845  23.709 0.0000000000
73156  -45.421  -16.954  24.446 0.0000000000
73140  -46.246  -16.815  25.406 0.0000000000
76388  -44.348  -13.840  21.099 0.0000000000
75375  -44.763  -14.918  21.826 0.0000000000
75376  -45.486  -15.030  22.311 0.0000000000
183131  -46.033  -15.185  22.711 0.0000000000
74283  -46.392  -15.672  23.192 0.0000000000
73177  -46.337  -16.330  23.714 0.0000000000
73158  -47.120  -16.478  24.564 0.0000000000
73122  -47.472  -16.738  26.284 0.0000000000
73123  -48.232  -16.653  26.372 0.0000000000
73106  -48.664  -16.582  26.935 0.0000000000
73097  -49.768  -16.168  27.276 0.0000000000
173204  -49.497  -15.967  25.933 0.0000000000
162094  -50.310  -15.924  27.113 0.0000000000
177322  -45.532  -8.949  19.950 0.0000000000
81420  -46.526  -9.688  20.844 0.0000000000
80414  -47.039  -10.049  21.373 0.0000000000
81408  -47.451  -9.561  21.975 0.0000000000
81394  -47.649  -10.267  22.472 0.0000000000
80388  -47.439  -10.898  22.196 0.0000000000
79408  -47.932  -11.437  23.234 0.0000000000
78426  -48.625  -11.987  24.216 0.0000000000
78416  -49.149  -12.271  24.644 0.0000000000
173246  -49.264  -12.937  24.615 0.0000000000
77376  -50.292  -13.456  25.250 0.0000000000
85577  -53.962  -5.397  16.914 0.0000000000
85556  -54.783  -5.272  17.193 0.0000000000
85557  -55.678  -5.207  17.183 0.0000000000
85605  -54.984  -5.642  15.714 0.0000000000
86719  -56.385  -5.129  17.192 0.0000000000
164674  -57.038  -5.053  16.749 0.0000000000
86720  -57.860  -4.537  16.641 0.0000000000
85660  -55.064  -5.574  12.925 0.0000000000
85645  -55.829  -5.666  14.061 0.0000000000
86760  -55.675  -5.182  12.687 0.0000000000
86749  -56.384  -5.413  13.763 0.0000000000
85646  -56.472  -5.530  14.448 0.0000000000
86738  -57.044  -5.264  14.938 0.0000000000
86728  -57.870  -4.624  15.849 0.0000000000
87818  -58.445  -3.855  16.414 0.0000000000
87826  -58.940  -3.179  16.084 0.0000000000
173015  -59.355  -2.553  15.711 0.0000000000
89847  -59.993  -1.787  16.147 0.0000000000
168875  -60.319  -1.458  15.637 0.0000000000
88851  -56.674  -2.914  10.470 0.0000000000
89896  -57.404  -2.682  10.703 0.0000000000
89885  -58.368  -2.415  11.751 0.0000000000
89886  -59.021  -1.812  12.078 0.0000000000
90951  -58.529  -1.752  10.768 0.0000000000
90926  -60.168  -0.977  13.275 0.0000000000
93879  -61.232  1.155  10.460 0.0000000000
178275  -61.500  1.140  10.212 0.0000000000
49255  -8.365  -34.880  51.027 0.0000000000
49293  -13.521  -35.554  45.795 0.0000000000
49300  -12.312  -35.515  45.049 0.0000000000
49316  -14.097  -35.796  43.632 0.0000000000
49324  -12.928  -35.406  43.138 0.0000000000
50392  -8.145  -34.329  51.191 0.0000000000
50396  -11.609  -34.061  50.081 0.0000000000
50403  -15.305  -34.374  49.466 0.0000000000
50426  -11.321  -34.932  45.800 0.0000000000
50427  -12.337  -35.050  46.182 0.0000000000
50442  -11.874  -35.152  43.846 0.0000000000
50461  -13.258  -35.277  42.593 0.0000000000
50462  -13.873  -35.267  42.403 0.0000000000
50476  -15.330  -34.460  42.307 0.0000000000
51491  -13.513  -33.810  49.183 0.0000000000
51572  -13.205  -34.062  40.647 0.0000000000
51575  -15.406  -33.458  41.133 0.0000000000
52585  -11.755  -33.695  49.582 0.0000000000
53799  -15.422  -32.242  38.741 0.0000000000
57082  -26.711  -28.891  40.956 0.0000000000
57165  -27.953  -29.502  36.397 0.0000000000
57166  -28.594  -29.606  36.371 0.0000000000
57169  -30.996  -29.783  35.932 0.0000000000
57189  -29.128  -29.787  35.190 0.0000000000
57193  -32.335  -29.251  35.343 0.0000000000
57210  -30.063  -29.780  34.281 0.0000000000
57251  -27.569  -29.303  32.978 0.0000000000
57254  -30.044  -29.239  32.379 0.0000000000
57269  -27.624  -29.156  31.489 0.0000000000
57271  -28.761  -29.227  31.697 0.0000000000
57285  -27.605  -29.060  30.871 0.0000000000
58377  -20.198  -28.021  37.621 0.0000000000
58378  -24.856  -28.223  37.924 0.0000000000
58409  -25.479  -28.561  35.890 0.0000000000
58443  -33.084  -28.565  34.620 0.0000000000
58458  -25.048  -27.777  33.924 0.0000000000
58460  -26.396  -28.758  33.099 0.0000000000
58463  -33.723  -27.878  33.892 0.0000000000
58496  -26.544  -28.579  31.549 0.0000000000
58497  -31.320  -28.402  31.460 0.0000000000
58499  -33.030  -27.765  32.160 0.0000000000
58512  -26.669  -28.510  30.802 0.0000000000
58538  -30.145  -28.533  29.817 0.0000000000
58559  -31.303  -28.022  29.693 0.0000000000
59587  -16.916  -27.708  46.115 0.0000000000
59646  -24.144  -27.883  39.383 0.0000000000
59702  -21.508  -27.212  36.295 0.0000000000
59704  -24.218  -27.663  36.751 0.0000000000
59784  -33.518  -27.293  30.951 0.0000000000
59802  -31.946  -27.652  29.686 0.0000000000
60758  -21.960  -26.415  42.601 0.0000000000
60764  -18.984  -26.942  42.198 0.0000000000
60828  -37.906  -26.673  38.200 0.0000000000
60837  -22.646  -26.780  37.163 0.0000000000
60876  -37.003  -26.498  34.420 0.0000000000
60891  -35.728  -26.906  33.478 0.0000000000
60938  -36.155  -25.914  31.174 0.0000000000
60966  -33.026  -26.677  28.856 0.0000000000
61954  -21.473  -26.322  40.320 0.0000000000
63153  -39.836  -24.764  35.301 0.0000000000
64268  -38.260  -23.960  31.717 0.0000000000
64300  -37.422  -23.960  30.292 0.0000000000
65399  -38.414  -22.393  30.752 0.0000000000
65443  -37.735  -22.582  28.376 0.0000000000
66403  -40.050  -22.305  34.409 0.0000000000
66455  -38.265  -22.418  30.195 0.0000000000
66469  -38.589  -21.570  29.665 0.0000000000
67613  -38.827  -21.087  29.382 0.0000000000
68745  -39.243  -20.832  30.880 0.0000000000
68772  -39.104  -20.427  29.089 0.0000000000
68811  -38.266  -20.354  26.439 0.0000000000
69958  -38.350  -19.635  26.287 0.0000000000
70944  -40.379  -17.893  33.512 0.0000000000
72040  -42.765  -17.573  24.521 0.0000000000
72069  -41.893  -17.758  22.815 0.0000000000
72071  -43.370  -17.440  23.340 0.0000000000
72106  -40.998  -17.655  21.200 0.0000000000
72108  -42.341  -17.293  21.636 0.0000000000
73107  -49.279  -16.435  26.930 0.0000000000
73117  -43.096  -16.674  26.273 0.0000000000
73135  -42.011  -16.946  25.644 0.0000000000
73138  -44.360  -16.958  25.486 0.0000000000
73141  -47.099  -16.775  25.419 0.0000000000
73155  -44.657  -17.132  24.328 0.0000000000
73159  -47.735  -16.418  24.930 0.0000000000
73174  -40.831  -17.049  24.244 0.0000000000
73178  -46.648  -16.542  24.217 0.0000000000
73191  -43.902  -17.036  22.886 0.0000000000
73193  -45.351  -16.419  23.132 0.0000000000
73244  -41.159  -17.051  19.971 0.0000000000
73246  -42.436  -16.304  20.593 0.0000000000
74193  -47.940  -15.569  27.814 0.0000000000
74209  -44.953  -15.500  27.078 0.0000000000
74235  -49.792  -16.051  26.605 0.0000000000
74269  -48.146  -15.750  24.617 0.0000000000
74298  -45.621  -15.759  22.764 0.0000000000
74342  -42.638  -15.556  20.302 0.0000000000
74371  -40.932  -15.988  18.003 0.0000000000
75264  -43.943  -14.692  29.056 0.0000000000
75267  -47.270  -14.203  28.571 0.0000000000
75279  -42.720  -15.253  28.672 0.0000000000
75283  -46.276  -14.595  28.119 0.0000000000
75331  -36.463  -14.469  25.947 0.0000000000
75345  -35.260  -14.818  24.928 0.0000000000
75349  -49.624  -14.656  25.062 0.0000000000
75367  -46.546  -14.885  22.913 0.0000000000
75405  -42.527  -14.743  19.491 0.0000000000
75417  -41.244  -15.311  17.800 0.0000000000
76239  -40.515  -14.140  33.636 0.0000000000
76360  -47.584  -14.159  23.419 0.0000000000
76362  -48.523  -13.468  23.991 0.0000000000
76389  -44.899  -13.621  21.419 0.0000000000
76400  -44.060  -13.455  20.564 0.0000000000
77249  -43.445  -12.823  35.503 0.0000000000
77257  -40.786  -13.684  34.307 0.0000000000
77259  -41.601  -12.814  35.010 0.0000000000
77304  -40.333  -13.392  31.815 0.0000000000
77306  -43.756  -12.514  31.784 0.0000000000
77322  -42.583  -12.905  31.395 0.0000000000
77452  -44.054  -12.512  19.800 0.0000000000
78300  -42.001  -12.224  34.540 0.0000000000
78446  -46.751  -12.108  21.972 0.0000000000
78468  -44.602  -12.026  20.249 0.0000000000
78469  -44.852  -11.359  20.172 0.0000000000
78480  -44.250  -12.023  19.784 0.0000000000
78507  -42.648  -12.099  17.529 0.0000000000
79407  -47.544  -11.467  22.611 0.0000000000
79472  -42.745  -11.338  17.440 0.0000000000
80424  -45.912  -10.084  20.472 0.0000000000
80448  -42.809  -10.589  17.375 0.0000000000
81431  -46.019  -9.272  20.337 0.0000000000
81439  -44.492  -9.585  19.256 0.0000000000
82424  -47.277  -8.671  21.761 0.0000000000
83443  -48.209  -7.830  23.388 0.0000000000
83477  -46.624  -7.053  21.205 0.0000000000
83493  -46.027  -7.698  20.367 0.0000000000
84481  -48.296  -6.938  23.422 0.0000000000
84492  -48.535  -5.929  23.417 0.0000000000
85490  -47.366  -5.753  21.713 0.0000000000
85492  -48.443  -4.922  22.514 0.0000000000
85555  -54.128  -5.296  17.540 0.0000000000
85573  -50.804  -5.707  16.404 0.0000000000
85643  -54.327  -5.942  13.591 0.0000000000
86649  -48.187  -4.971  21.621 0.0000000000
86654  -52.148  -4.630  20.730 0.0000000000
86666  -48.128  -5.005  21.119 0.0000000000
86667  -48.751  -4.819  20.837 0.0000000000
86673  -54.387  -4.846  19.717 0.0000000000
86682  -48.982  -5.041  20.041 0.0000000000
86683  -49.827  -5.052  19.707 0.0000000000
86699  -54.665  -5.006  19.002 0.0000000000
86727  -57.380  -5.068  15.521 0.0000000000
86761  -56.291  -5.193  13.160 0.0000000000
86762  -56.765  -4.780  13.013 0.0000000000
86775  -55.980  -4.695  12.232 0.0000000000
86788  -51.993  -5.098  11.098 0.0000000000
86791  -54.223  -4.740  11.184 0.0000000000
87775  -51.877  -4.415  21.392 0.0000000000
88827  -57.965  -2.985  12.125 0.0000000000
89863  -60.154  -1.223  14.077 0.0000000000
91963  -60.782  -0.463  13.111 0.0000000000
94822  -61.240  1.837  9.317 0.0000000000
160147  -32.313  -28.132  32.210 0.0000000000
160160  -40.461  -13.751  29.081 0.0000000000
160723  -41.222  -15.932  26.519 0.0000000000
160961  -52.731  -6.226  13.170 0.0000000000
160962  -51.950  -6.402  13.294 0.0000000000
160968  -49.291  -6.402  14.340 0.0000000000
160985  -40.336  -17.741  21.353 0.0000000000
161012  -28.170  -29.565  34.655 0.0000000000
161018  -29.737  -29.637  36.890 0.0000000000
161322  -51.176  -6.472  13.374 0.0000000000
162039  -60.817  0.536  11.314 0.0000000000
162267  -39.618  -19.153  29.333 0.0000000000
162335  -27.464  -29.394  34.696 0.0000000000
162375  -37.802  -17.512  19.845 0.0000000000
162648  -30.804  -29.629  37.373 0.0000000000
164117  -37.092  -23.608  28.766 0.0000000000
164186  -48.062  -10.859  23.452 0.0000000000
164343  -48.967  -7.239  24.347 0.0000000000
164488  -39.773  -14.359  31.425 0.0000000000
164860  -31.334  -29.353  33.911 0.0000000000
165298  -40.864  -13.213  34.075 0.0000000000
165466  -34.492  -25.376  27.229 0.0000000000
165705  -40.794  -20.001  35.054 0.0000000000
165736  -15.914  -33.541  44.738 0.0000000000
167418  -14.675  -35.754  44.333 0.0000000000
167720  -15.555  -34.940  45.621 0.0000000000
167822  -46.547  -16.756  24.779 0.0000000000
169483  -53.699  -4.890  19.790 0.0000000000
169551  -45.960  -16.858  24.828 0.0000000000
170425  -44.683  -14.202  21.531 0.0000000000
170683  -50.268  -5.622  16.962 0.0000000000
170998  -15.552  -32.294  44.075 0.0000000000
171689  -24.221  -28.187  41.349 0.0000000000
171708  -53.013  -4.853  19.929 0.0000000000
171827  -22.002  -26.409  40.359 0.0000000000
173066  -40.682  -16.994  34.833 0.0000000000
173323  -27.644  -29.194  39.078 0.0000000000
174589  -42.830  -9.935  17.377 0.0000000000
174861  -47.358  -10.321  21.875 0.0000000000
177176  -47.522  -14.868  23.599 0.0000000000
177226  -51.428  -5.228  18.453 0.0000000000
177268  -41.536  -17.626  23.865 0.0000000000
177745  -43.682  -8.038  18.012 0.0000000000
179596  -36.729  -25.508  31.267 0.0000000000
180160  -47.219  -13.199  22.831 0.0000000000
181567  -52.860  -5.686  11.976 0.0000000000
182123  -21.829  -26.965  37.163 0.0000000000
182971  -41.548  -14.081  17.072 0.0000000000
183100  -42.432  -11.861  34.122 0.0000000000
184593  -21.221  -26.767  38.474 0.0000000000
186024  -15.387  -35.325  43.777 0.0000000000
186141  -23.932  -26.942  34.975 0.0000000000
186549  -14.464  -35.181  42.277 0.0000000000
187668  -45.064  -13.035  21.278 0.0000000000
188039  -38.050  -15.054  25.083 0.0000000000
188260  -27.506  -29.357  37.269 0.0000000000
188666  -26.646  -28.747  43.840 0.0000000000
188882  -49.428  -5.903  16.231 0.0000000000
189299  -40.613  -18.711  34.540 0.0000000000
189365  -34.970  -25.480  28.709 0.0000000000
189545  -37.288  -18.445  25.465 0.0000000000
189967  -40.939  -14.106  29.124 0.0000000000
190093  -58.279  1.352  7.521 0.0000000000
190307  -38.189  -22.084  29.047 0.0000000000
190407  -40.230  -17.524  22.577 0.0000000000
190599  -22.172  -26.432  39.207 0.0000000000
190706  -55.341  -5.720  15.135 0.0000000000
191070  -43.829  -11.670  19.001 0.0000000000
191110  -43.917  -16.253  21.943 0.0000000000
192149  -57.356  -4.994  14.603 0.0000000000
192210  -38.300  -14.230  27.377 0.0000000000
192707  -39.779  -13.998  31.055 0.0000000000
