#!ascii label  , from subject sub-v2s13x29130_ses-1 vox2ras=TkReg
1222
29130  -39.416  -52.305  -45.674 0.5000000000
30285  -37.576  -51.164  -44.684 0.8000000119
31513  -35.560  -49.710  -44.042 0.8000000119
30271  -37.042  -50.498  -44.283 0.8000000119
30272  -37.886  -50.507  -44.300 0.8000000119
26933  -39.577  -53.765  -45.668 0.5000000000
29120  -38.787  -51.882  -45.292 0.5000000000
30287  -39.075  -50.981  -45.006 0.6000000238
32748  -33.971  -49.157  -42.871 0.6999999881
31501  -36.256  -49.675  -43.323 0.6999999881
30273  -38.641  -50.411  -44.406 0.8000000119
30288  -39.868  -50.792  -45.286 0.6999999881
26935  -41.069  -53.587  -45.426 0.6000000238
28027  -40.567  -52.908  -45.859 0.5000000000
29132  -40.805  -51.968  -45.927 0.6000000238
30235  -31.901  -49.911  -41.525 0.6999999881
30300  -40.317  -51.322  -45.814 0.6000000238
30302  -41.872  -50.995  -45.833 0.6000000238
32731  -33.698  -49.056  -41.974 0.6999999881
32747  -33.215  -49.255  -42.702 0.6999999881
31502  -37.051  -49.614  -43.142 0.6999999881
30289  -40.677  -50.588  -45.577 0.6000000238
31543  -42.216  -50.232  -45.812 0.6000000238
31517  -39.003  -49.752  -43.960 0.8000000119
31531  -40.268  -50.111  -44.891 0.8000000119
31532  -41.091  -49.887  -45.302 0.6999999881
28000  -42.018  -53.409  -44.849 0.4000000060
29134  -42.393  -51.830  -45.388 0.6000000238
31467  -32.376  -49.466  -41.133 0.6999999881
30304  -42.946  -50.251  -45.468 0.6000000238
32713  -33.570  -48.934  -41.100 0.6999999881
32732  -34.452  -49.073  -42.135 0.6999999881
176688  -35.965  -49.382  -42.604 0.6999999881
31503  -37.795  -49.422  -43.205 0.6999999881
32764  -39.404  -49.148  -43.459 0.6000000238
32774  -41.531  -49.208  -44.910 0.6999999881
33945  -42.668  -48.124  -45.098 0.5000000000
32752  -37.368  -49.098  -42.515 0.6000000238
32765  -40.346  -48.932  -43.608 0.6000000238
32767  -41.838  -48.361  -44.446 0.6000000238
33936  -41.053  -48.331  -43.581 0.6000000238
33937  -42.358  -47.540  -44.499 0.5000000000
28002  -43.632  -52.664  -44.107 0.4000000060
28001  -42.866  -52.818  -44.622 0.5000000000
31465  -30.932  -50.044  -40.616 0.6999999881
29122  -43.210  -51.918  -44.792 0.6000000238
31536  -44.357  -50.286  -44.330 0.6000000238
32714  -34.859  -48.909  -41.359 0.6999999881
32777  -43.711  -49.455  -45.076 0.6000000238
32735  -36.893  -48.829  -41.925 0.6999999881
181964  -43.802  -48.799  -45.074 0.5000000000
33947  -43.629  -48.110  -45.131 0.6000000238
32736  -37.562  -48.517  -42.015 0.6999999881
32755  -39.690  -48.558  -43.026 0.6000000238
35139  -42.935  -47.470  -44.965 0.5000000000
164706  -44.722  -47.133  -44.381 0.5000000000
33929  -40.870  -47.803  -43.134 0.5000000000
32745  -27.653  -48.864  -42.876 0.6000000238
33913  -28.325  -48.485  -42.088 0.6000000238
29073  -44.366  -52.475  -42.747 0.5000000000
29097  -44.647  -51.983  -43.228 0.5000000000
32710  -29.483  -49.478  -40.832 0.6999999881
31463  -29.681  -50.230  -40.926 0.6999999881
29123  -43.996  -52.041  -44.091 0.5000000000
30274  -44.910  -51.099  -43.495 0.5000000000
31505  -46.062  -50.351  -42.487 0.4000000060
31449  -32.161  -49.271  -40.368 0.6999999881
31520  -45.119  -50.288  -43.652 0.5000000000
32712  -32.881  -49.070  -40.731 0.6999999881
33897  -35.140  -48.550  -40.752 0.6999999881
32769  -46.004  -49.418  -43.184 0.5000000000
33915  -36.401  -48.528  -41.394 0.6999999881
33917  -38.203  -48.085  -42.003 0.6000000238
33938  -45.006  -48.166  -44.306 0.5000000000
33927  -39.264  -48.178  -42.588 0.6000000238
33939  -45.676  -47.697  -43.845 0.5000000000
33918  -39.569  -47.557  -42.405 0.5000000000
35123  -40.918  -47.059  -42.992 0.5000000000
172366  -42.095  -46.914  -44.127 0.5000000000
36341  -44.096  -46.356  -44.544 0.5000000000
36340  -43.288  -46.459  -44.921 0.5000000000
163802  -45.369  -45.661  -43.749 0.3000000119
32722  -46.233  -49.314  -40.815 0.3000000119
32773  -26.299  -48.656  -44.628 0.6000000238
184666  -27.890  -48.495  -42.657 0.6000000238
30221  -45.819  -50.629  -41.642 0.4000000060
31492  -46.115  -50.378  -41.740 0.4000000060
32692  -30.472  -48.862  -39.834 0.6000000238
32756  -46.543  -49.629  -42.230 0.5000000000
32694  -31.949  -48.933  -39.761 0.6999999881
32695  -33.442  -48.727  -40.297 0.6999999881
33930  -46.418  -48.473  -43.146 0.5000000000
170206  -35.892  -48.261  -40.849 0.5000000000
33940  -46.428  -47.296  -43.330 0.5000000000
168881  -37.607  -47.999  -41.688 0.5000000000
35124  -47.101  -46.857  -42.923 0.4000000060
35131  -45.669  -46.590  -43.749 0.3000000119
179519  -46.912  -46.351  -42.658 0.4000000060
36331  -42.891  -45.841  -44.664 0.5000000000
36333  -44.611  -45.500  -44.134 0.4000000060
33943  -26.357  -47.805  -44.619 0.6000000238
33924  -27.501  -48.157  -43.201 0.6000000238
33914  -28.878  -47.989  -41.503 0.6000000238
178068  -29.405  -47.875  -40.853 0.6000000238
33876  -31.002  -48.281  -39.428 0.6000000238
33908  -47.396  -48.678  -41.007 0.3000000119
32757  -46.919  -48.723  -42.303 0.4000000060
32682  -32.419  -48.390  -39.388 0.6000000238
33920  -48.079  -47.812  -41.588 0.3000000119
33877  -33.194  -48.335  -39.613 0.6000000238
164063  -35.394  -47.996  -40.336 0.6999999881
35107  -48.829  -46.921  -41.292 0.3000000119
33931  -47.077  -47.726  -42.748 0.3000000119
33878  -34.701  -48.209  -40.153 0.6000000238
36290  -48.714  -46.242  -40.740 0.3000000119
35116  -47.869  -47.090  -42.399 0.3000000119
35104  -36.448  -47.072  -40.579 0.5000000000
186518  -36.000  -47.635  -40.466 0.5000000000
33900  -37.311  -47.649  -41.304 0.5000000000
36303  -46.957  -46.054  -41.537 0.3000000119
36304  -48.282  -46.425  -41.616 0.3000000119
35115  -39.534  -46.724  -42.217 0.5000000000
36330  -41.156  -46.167  -43.300 0.5000000000
36313  -46.538  -46.026  -42.354 0.3000000119
36312  -39.692  -45.956  -42.286 0.5000000000
37462  -45.067  -44.895  -43.658 0.4000000060
37450  -45.592  -45.414  -43.302 0.3000000119
33944  -26.863  -47.307  -44.226 0.5000000000
33935  -27.718  -47.474  -43.193 0.6000000238
35111  -28.378  -47.718  -42.220 0.5000000000
32681  -31.691  -48.404  -39.303 0.6000000238
35064  -31.438  -47.769  -39.070 0.5000000000
36273  -49.131  -45.941  -40.113 0.3000000119
33861  -33.694  -47.746  -39.301 0.6000000238
37405  -47.857  -45.488  -39.595 0.3000000119
37422  -48.057  -45.819  -40.286 0.3000000119
183517  -34.384  -47.780  -39.602 0.6000000238
35106  -37.570  -47.038  -41.287 0.5000000000
37448  -40.683  -45.578  -43.065 0.5000000000
178680  -43.260  -45.052  -44.351 0.4000000060
37460  -42.727  -44.573  -44.125 0.4000000060
35128  -27.767  -46.879  -43.525 0.5000000000
35112  -28.763  -47.128  -42.067 0.5000000000
35102  -29.256  -47.183  -41.278 0.5000000000
35103  -29.808  -47.324  -40.455 0.5000000000
35087  -30.393  -47.081  -39.830 0.5000000000
163726  -50.374  -43.321  -38.719 0.3000000119
38500  -50.170  -44.773  -38.912 0.3000000119
35067  -33.214  -47.186  -38.976 0.6000000238
35089  -34.626  -47.097  -39.394 0.6000000238
36287  -36.235  -46.386  -40.299 0.5000000000
36311  -39.114  -46.092  -41.926 0.5000000000
37449  -45.217  -44.742  -43.095 0.4000000060
38564  -44.146  -43.749  -42.970 0.4000000060
36319  -28.724  -46.443  -42.712 0.5000000000
188012  -30.064  -46.023  -40.918 0.5000000000
36297  -30.121  -46.520  -40.382 0.5000000000
40767  -50.431  -43.127  -38.157 0.4000000060
171671  -50.254  -42.496  -38.819 0.4000000060
36269  -32.215  -46.500  -39.028 0.5000000000
36271  -33.446  -46.436  -38.962 0.5000000000
40778  -50.006  -42.548  -39.070 0.4000000060
38499  -48.864  -44.522  -38.775 0.3000000119
37400  -33.224  -45.695  -39.071 0.4000000060
38514  -47.846  -45.004  -38.930 0.3000000119
36285  -35.004  -46.350  -39.434 0.5000000000
179545  -36.526  -45.694  -40.447 0.4000000060
37431  -37.307  -45.794  -40.895 0.4000000060
38574  -43.112  -43.709  -43.759 0.4000000060
37436  -29.521  -45.552  -42.355 0.5000000000
36309  -29.811  -45.835  -41.600 0.5000000000
36298  -30.550  -45.841  -40.432 0.5000000000
41984  -49.943  -41.900  -38.199 0.4000000060
36284  -31.786  -46.055  -39.339 0.5000000000
37412  -31.694  -45.468  -39.799 0.4000000060
41994  -49.297  -41.557  -39.537 0.4000000060
166267  -49.049  -42.811  -39.061 0.4000000060
38508  -33.057  -44.994  -39.483 0.4000000060
37415  -34.525  -45.736  -39.288 0.4000000060
39606  -48.175  -43.722  -38.414 0.4000000060
37417  -35.959  -45.307  -40.165 0.4000000060
38537  -37.562  -44.930  -41.248 0.4000000060
38548  -38.858  -44.689  -42.288 0.4000000060
38563  -40.586  -44.882  -43.247 0.4000000060
38562  -39.892  -44.539  -43.021 0.4000000060
39675  -43.033  -43.075  -43.343 0.4000000060
38549  -44.102  -43.836  -42.220 0.4000000060
39658  -43.612  -43.334  -42.542 0.4000000060
37446  -29.680  -44.875  -42.612 0.5000000000
37437  -30.110  -45.152  -42.079 0.4000000060
183096  -48.508  -40.470  -38.658 0.4000000060
43170  -49.011  -40.854  -38.909 0.4000000060
37428  -30.922  -45.174  -40.958 0.5000000000
37413  -32.260  -44.750  -40.005 0.4000000060
38523  -34.626  -44.998  -39.698 0.4000000060
41993  -48.493  -41.868  -39.358 0.4000000060
38525  -36.105  -44.791  -40.412 0.4000000060
37430  -36.783  -44.981  -40.753 0.4000000060
37418  -44.211  -45.048  -40.189 0.3000000119
160349  -41.552  -43.488  -43.692 0.4000000060
38543  -30.283  -44.388  -42.242 0.4000000060
38532  -31.261  -44.485  -41.355 0.5000000000
38533  -31.882  -44.235  -41.003 0.4000000060
44418  -48.524  -40.649  -39.745 0.4000000060
39621  -33.277  -43.786  -40.495 0.4000000060
38522  -33.795  -44.468  -39.868 0.4000000060
39622  -34.000  -43.847  -40.334 0.4000000060
39623  -34.740  -44.153  -40.231 0.4000000060
38535  -35.657  -44.209  -40.551 0.4000000060
39636  -36.955  -44.163  -41.363 0.4000000060
38547  -38.320  -44.271  -42.204 0.4000000060
39669  -39.689  -43.805  -43.208 0.4000000060
39639  -43.427  -43.622  -41.768 0.4000000060
40831  -42.592  -42.659  -43.155 0.4000000060
39671  -43.109  -42.933  -42.841 0.4000000060
38544  -30.958  -44.142  -41.843 0.4000000060
39630  -32.184  -43.608  -41.438 0.4000000060
39631  -32.728  -43.498  -41.200 0.4000000060
39633  -34.378  -43.462  -40.718 0.4000000060
39635  -36.115  -43.730  -41.118 0.4000000060
39655  -37.394  -43.544  -42.077 0.4000000060
38527  -43.548  -44.739  -39.829 0.4000000060
39667  -38.399  -43.277  -42.879 0.4000000060
39668  -39.015  -43.532  -43.031 0.4000000060
39673  -39.446  -43.136  -43.369 0.4000000060
176529  -41.005  -42.989  -43.524 0.4000000060
160103  -41.906  -42.635  -43.409 0.4000000060
39650  -32.013  -43.340  -41.692 0.4000000060
39652  -33.217  -42.704  -41.635 0.4000000060
40798  -33.885  -43.019  -41.155 0.4000000060
40800  -35.178  -42.762  -41.480 0.4000000060
39634  -35.219  -43.441  -40.932 0.4000000060
40818  -36.367  -42.556  -42.155 0.4000000060
39654  -36.632  -43.303  -41.787 0.4000000060
40824  -38.189  -42.595  -43.105 0.4000000060
40828  -39.421  -42.329  -43.503 0.4000000060
39638  -42.727  -43.427  -41.285 0.3000000119
40826  -41.931  -42.195  -42.876 0.4000000060
40821  -42.552  -42.551  -42.558 0.4000000060
40813  -32.130  -43.010  -41.731 0.4000000060
40814  -32.725  -42.578  -41.716 0.4000000060
42036  -33.022  -42.006  -41.694 0.4000000060
40815  -33.969  -42.430  -41.612 0.4000000060
40816  -34.719  -42.298  -41.727 0.4000000060
40823  -37.564  -42.349  -42.906 0.4000000060
40827  -38.641  -42.150  -43.486 0.4000000060
38511  -43.758  -44.606  -38.906 0.4000000060
38526  -42.790  -44.354  -39.731 0.3000000119
40829  -40.393  -41.999  -43.427 0.4000000060
40803  -42.278  -42.703  -41.725 0.5000000000
39637  -42.006  -43.282  -40.812 0.4000000060
42048  -41.205  -41.576  -42.923 0.5000000000
43208  -33.334  -41.255  -41.585 0.4000000060
181741  -33.907  -40.869  -41.833 0.4000000060
175254  -34.367  -41.249  -41.982 0.4000000060
43210  -35.160  -40.945  -42.338 0.4000000060
42038  -34.916  -41.680  -41.982 0.4000000060
42051  -39.809  -41.484  -43.525 0.4000000060
163864  -41.669  -42.172  -41.749 0.5000000000
43202  -33.021  -40.854  -41.073 0.4000000060
188136  -34.028  -40.229  -41.955 0.4000000060
44446  -35.046  -40.068  -42.710 0.4000000060
42042  -41.117  -41.391  -42.450 0.4000000060
40802  -41.050  -42.312  -40.991 0.5000000000
44438  -33.110  -39.937  -40.917 0.4000000060
181469  -33.876  -39.614  -41.943 0.4000000060
180033  -34.668  -39.429  -42.710 0.4000000060
42027  -40.385  -41.614  -41.180 0.5000000000
48098  -33.038  -37.640  -41.506 0.4000000060
45623  -33.099  -39.010  -40.902 0.4000000060
169327  -33.304  -38.479  -41.479 0.4000000060
45628  -33.724  -38.848  -41.958 0.4000000060
45631  -34.014  -38.492  -42.432 0.4000000060
46884  -35.107  -38.234  -43.340 0.5000000000
46877  -32.939  -38.147  -40.951 0.4000000060
36320  -40.334  -46.258  -42.668 0.5000000000
37458  -41.284  -45.307  -43.603 0.5000000000
38565  -44.667  -44.245  -43.375 0.4000000060
28025  -38.965  -52.945  -45.537 0.5000000000
162178  -34.962  -49.678  -44.697 0.8000000119
31511  -33.724  -49.319  -44.339 0.8000000119
31510  -33.158  -49.393  -43.715 0.6999999881
25914  -39.476  -54.269  -45.301 0.5000000000
167815  -32.033  -50.073  -43.068 0.6999999881
25900  -40.894  -54.504  -44.441 0.5000000000
189786  -30.768  -50.812  -41.839 0.6999999881
163560  -43.432  -53.253  -43.688 0.4000000060
25901  -41.433  -54.094  -44.650 0.4000000060
30217  -30.706  -50.651  -41.264 0.6999999881
32728  -28.501  -49.289  -41.856 0.6999999881
27954  -43.892  -52.894  -42.739 0.4000000060
29061  -44.743  -51.736  -42.123 0.4000000060
32759  -26.763  -48.973  -43.953 0.6000000238
191491  -45.658  -49.629  -40.985 0.4000000060
35136  -25.791  -47.534  -45.064 0.6000000238
35137  -26.356  -47.138  -44.592 0.5000000000
35138  -26.852  -46.776  -44.322 0.5000000000
36328  -28.225  -46.367  -43.285 0.5000000000
173311  -28.164  -45.740  -43.454 0.4000000060
38559  -29.591  -44.234  -42.610 0.4000000060
39647  -29.279  -43.631  -42.315 0.4000000060
164547  -30.647  -43.885  -42.002 0.4000000060
40811  -30.550  -43.422  -41.695 0.4000000060
40797  -31.811  -42.719  -41.501 0.4000000060
42024  -32.158  -42.055  -41.197 0.4000000060
43201  -32.488  -41.332  -40.652 0.4000000060
43190  -32.660  -40.487  -40.334 0.4000000060
44427  -32.783  -39.581  -40.221 0.4000000060
186563  -32.737  -37.315  -40.939 0.4000000060
30284  -36.266  -50.659  -44.607 0.8000000119
31515  -37.459  -49.974  -43.767 0.8000000119
28028  -41.371  -52.708  -45.645 0.5000000000
32762  -34.210  -49.253  -43.797 0.6999999881
32734  -36.156  -49.050  -41.960 0.6999999881
30303  -42.684  -51.010  -45.488 0.6000000238
31534  -42.560  -49.508  -45.598 0.6999999881
31518  -39.847  -49.606  -44.150 0.6999999881
32775  -42.286  -48.907  -45.363 0.6000000238
31447  -30.800  -49.538  -40.039 0.6999999881
32778  -44.421  -49.409  -44.499 0.5000000000
33895  -29.372  -48.628  -40.830 0.6000000238
30241  -45.258  -51.033  -41.860 0.5000000000
30257  -45.249  -51.394  -42.683 0.5000000000
186762  -46.508  -49.908  -41.461 0.3000000119
186179  -42.040  -45.982  -44.091 0.5000000000
33875  -30.350  -47.905  -39.797 0.6000000238
36301  -37.803  -46.366  -41.264 0.5000000000
38572  -41.286  -44.451  -43.707 0.4000000060
37439  -38.699  -45.467  -41.801 0.4000000060
38550  -44.666  -44.258  -42.693 0.4000000060
39670  -40.553  -43.953  -43.449 0.4000000060
39656  -38.054  -43.710  -42.414 0.4000000060
40812  -31.421  -43.253  -41.633 0.4000000060
189227  -40.561  -42.626  -43.457 0.4000000060
45632  -34.582  -38.807  -42.831 0.4000000060
16593  -32.275  -62.131  -51.296 0.4000000060
18916  -33.442  -60.686  -51.528 0.4000000060
19923  -33.984  -59.077  -51.126 0.4000000060
20958  -34.631  -58.264  -51.445 0.4000000060
18906  -32.923  -60.050  -50.316 0.4000000060
20957  -33.625  -58.463  -50.814 0.4000000060
21944  -34.316  -57.575  -51.151 0.4000000060
22919  -34.146  -56.654  -50.987 0.4000000060
23945  -35.457  -55.736  -49.567 0.5000000000
19905  -32.653  -59.403  -49.914 0.4000000060
21938  -33.254  -57.574  -50.669 0.4000000060
22911  -33.322  -56.801  -50.732 0.5000000000
175143  -34.648  -55.704  -50.696 0.5000000000
25015  -34.745  -54.463  -49.921 0.6000000238
19904  -32.187  -59.606  -49.293 0.4000000060
20940  -32.318  -58.943  -49.595 0.4000000060
21937  -32.532  -57.738  -50.058 0.4000000060
25012  -35.052  -54.884  -49.683 0.5000000000
26913  -42.203  -53.975  -43.948 0.3000000119
27953  -43.324  -53.348  -42.762 0.4000000060
30240  -44.237  -51.088  -41.838 0.3000000119
23942  -34.910  -55.274  -48.980 0.5000000000
26911  -36.658  -53.626  -43.543 0.5000000000
160737  -39.559  -55.095  -44.186 0.4000000060
162112  -31.150  -58.167  -48.016 0.4000000060
179404  -32.642  -56.017  -50.500 0.5000000000
23949  -34.290  -54.999  -50.569 0.5000000000
20929  -31.437  -59.090  -48.130 0.4000000060
20950  -32.187  -58.290  -49.527 0.4000000060
25006  -33.901  -54.045  -48.390 0.6000000238
24999  -33.116  -54.713  -47.327 0.6000000238
25932  -32.442  -53.473  -46.458 0.6999999881
26912  -37.320  -53.626  -44.184 0.5000000000
24987  -32.306  -54.554  -46.079 0.6999999881
27969  -32.491  -52.706  -43.334 0.6999999881
26910  -35.895  -53.074  -43.235 0.6999999881
26918  -32.102  -53.186  -44.656 0.6999999881
27971  -33.831  -52.137  -43.473 0.6999999881
23947  -32.267  -55.453  -50.401 0.5000000000
23948  -33.215  -55.175  -50.673 0.6000000238
25952  -34.481  -53.794  -49.699 0.6000000238
26954  -33.463  -52.336  -48.346 0.6000000238
21929  -31.370  -57.406  -48.660 0.4000000060
22901  -31.555  -56.571  -49.206 0.5000000000
25949  -32.834  -53.579  -50.149 0.6000000238
25947  -34.406  -53.675  -49.271 0.6000000238
25941  -32.980  -53.126  -47.425 0.6000000238
28023  -32.503  -52.593  -45.540 0.6000000238
31491  -45.364  -50.222  -41.306 0.3000000119
25942  -33.386  -53.493  -47.946 0.6000000238
171324  -32.491  -52.559  -44.813 0.6999999881
27975  -36.790  -52.929  -44.085 0.6000000238
26920  -38.792  -53.866  -45.222 0.5000000000
23939  -30.126  -55.485  -48.173 0.6000000238
25005  -30.563  -55.283  -48.793 0.6000000238
25945  -31.117  -53.686  -49.351 0.6999999881
26958  -32.089  -53.263  -49.796 0.6000000238
26959  -33.240  -52.556  -49.684 0.6000000238
28040  -32.999  -51.781  -47.198 0.6000000238
22900  -31.042  -56.662  -48.455 0.5000000000
25010  -31.892  -54.778  -50.184 0.6000000238
27996  -32.900  -51.981  -45.408 0.6000000238
29094  -35.468  -51.814  -44.228 0.6999999881
29113  -33.547  -51.811  -44.255 0.6999999881
27999  -38.216  -53.031  -45.120 0.6000000238
27974  -36.108  -52.455  -43.983 0.6999999881
25004  -29.927  -54.735  -48.459 0.6000000238
26956  -30.839  -53.195  -48.683 0.6999999881
28044  -31.659  -52.083  -48.506 0.6999999881
175675  -32.088  -52.519  -49.368 0.6999999881
28045  -33.215  -51.827  -48.769 0.6000000238
181892  -38.355  -52.433  -45.203 0.5000000000
177345  -33.286  -51.077  -46.113 0.6999999881
29114  -33.947  -51.096  -45.030 0.6999999881
27997  -36.729  -52.200  -44.478 0.6000000238
30305  -31.971  -50.406  -46.441 0.6999999881
31541  -33.388  -49.877  -45.853 0.6999999881
161531  -31.039  -51.869  -47.727 0.6999999881
182713  -32.573  -50.332  -46.832 0.6000000238
30307  -32.917  -50.322  -46.661 0.5000000000
29144  -32.452  -51.301  -48.632 0.6999999881
29142  -32.697  -51.074  -47.992 0.6000000238
29129  -33.681  -50.634  -45.802 0.6999999881
29117  -36.514  -51.456  -44.573 0.5000000000
28041  -32.909  -51.078  -47.453 0.6000000238
29115  -34.640  -50.904  -45.014 0.6999999881
29095  -36.138  -51.777  -44.437 0.6000000238
173993  -32.614  -49.836  -45.677 0.6999999881
31527  -33.737  -49.597  -45.233 0.6999999881
31525  -32.591  -49.754  -44.854 0.6999999881
165114  -35.236  -50.550  -45.058 0.6000000238
164842  -35.093  -50.040  -45.072 0.6999999881
25898  -39.126  -54.627  -44.789 0.5000000000
30282  -34.632  -50.142  -45.367 0.6000000238
19922  -33.613  -59.959  -51.074 0.4000000060
185452  -35.128  -56.176  -50.829 0.4000000060
19894  -31.785  -59.775  -48.589 0.4000000060
22909  -32.071  -56.356  -49.988 0.4000000060
21919  -31.694  -58.224  -48.786 0.4000000060
27951  -34.282  -52.533  -42.741 0.6999999881
27973  -35.439  -52.453  -43.574 0.6999999881
25950  -34.171  -52.998  -49.547 0.6000000238
28043  -33.038  -51.524  -48.102 0.6000000238
23943  -31.076  -55.909  -48.999 0.6999999881
25948  -31.479  -54.196  -49.797 0.6000000238
26957  -32.721  -51.713  -48.956 0.6000000238
30309  -32.152  -50.595  -47.189 0.6999999881
29138  -32.945  -50.679  -46.812 0.6000000238
30306  -32.670  -50.070  -46.310 0.6000000238
26952  -30.270  -52.937  -47.890 0.5000000000
22894  -30.006  -56.230  -47.514 0.4000000060
24998  -29.578  -55.230  -47.797 0.5000000000
28042  -30.101  -52.513  -47.219 0.6000000238
21903  -30.096  -57.703  -46.677 0.4000000060
22882  -29.484  -56.509  -46.773 0.5000000000
23931  -29.258  -55.684  -47.186 0.5000000000
25003  -29.304  -54.547  -47.912 0.5000000000
26949  -29.128  -53.200  -47.337 0.5000000000
28038  -28.847  -52.899  -46.655 0.5000000000
25943  -29.553  -54.162  -48.070 0.5000000000
29139  -30.790  -51.678  -46.996 0.6000000238
29127  -31.164  -50.923  -46.035 0.5000000000
28039  -29.917  -52.329  -46.515 0.5000000000
29112  -30.982  -51.007  -45.249 0.6999999881
27994  -29.740  -52.047  -45.106 0.6000000238
29091  -30.573  -51.267  -43.730 0.6000000238
22861  -29.094  -56.963  -45.395 0.5000000000
23922  -28.982  -56.015  -46.486 0.5000000000
25939  -27.918  -53.945  -47.361 0.5000000000
26948  -28.199  -53.417  -47.101 0.5000000000
25940  -28.668  -54.112  -47.668 0.5000000000
30280  -31.994  -50.093  -44.960 0.6000000238
28021  -29.295  -52.472  -45.783 0.6000000238
29110  -29.373  -52.057  -44.211 0.5000000000
29072  -30.869  -50.967  -43.212 0.6000000238
23911  -28.813  -56.279  -45.727 0.5000000000
24985  -27.980  -54.911  -46.740 0.5000000000
25930  -26.957  -53.967  -46.933 0.5000000000
180490  -27.429  -53.672  -47.023 0.5000000000
28020  -28.321  -52.698  -45.754 0.5000000000
30270  -31.990  -50.128  -44.015 0.6000000238
29071  -30.191  -51.389  -42.740 0.6000000238
22860  -28.682  -56.546  -44.960 0.5000000000
24975  -27.838  -55.214  -45.901 0.5000000000
24974  -27.150  -54.812  -45.653 0.5000000000
25928  -25.590  -53.828  -46.351 0.5000000000
26946  -25.158  -53.381  -46.463 0.6000000238
25929  -26.318  -53.879  -46.634 0.4000000060
190637  -24.399  -52.550  -46.727 0.4000000060
28035  -25.796  -53.333  -46.528 0.5000000000
168297  -26.299  -52.929  -46.422 0.5000000000
28036  -26.813  -53.438  -46.655 0.4000000060
29125  -23.800  -52.315  -46.753 0.4000000060
30277  -25.775  -51.008  -45.500 0.5000000000
174395  -26.801  -51.946  -44.844 0.5000000000
30294  -24.328  -50.874  -46.615 0.4000000060
27967  -27.796  -52.110  -44.116 0.6000000238
29089  -28.982  -51.918  -43.395 0.6000000238
29054  -29.676  -51.439  -42.166 0.6000000238
30216  -29.951  -50.750  -41.242 0.6000000238
29109  -26.092  -51.758  -45.569 0.5000000000
192578  -25.275  -50.282  -45.914 0.5000000000
30268  -26.514  -50.766  -44.468 0.5000000000
29086  -26.749  -51.430  -44.468 0.5000000000
31539  -24.328  -49.926  -46.459 0.4000000060
31523  -25.414  -49.559  -45.656 0.5000000000
177387  -27.119  -50.848  -43.722 0.6000000238
29087  -27.488  -51.600  -43.766 0.6000000238
30231  -28.789  -50.696  -41.892 0.6000000238
30278  -26.070  -50.103  -44.947 0.5000000000
191185  -24.346  -47.886  -45.895 0.3000000119
33951  -24.136  -48.421  -46.117 0.4000000060
32781  -24.701  -49.077  -46.062 0.4000000060
32772  -25.615  -48.852  -45.371 0.5000000000
31499  -27.708  -49.691  -42.822 0.5000000000
31482  -28.340  -49.907  -42.114 0.6000000238
38557  -28.503  -44.692  -43.055 0.3000000119
37456  -27.544  -45.661  -43.709 0.3000000119
36327  -27.067  -46.238  -44.065 0.4000000060
36339  -26.352  -46.473  -44.429 0.4000000060
39646  -28.484  -43.459  -42.221 0.3000000119
174544  -29.971  -42.951  -41.208 0.3000000119
40810  -29.662  -43.300  -41.777 0.3000000119
40789  -30.811  -42.469  -40.417 0.3000000119
42023  -31.489  -42.374  -40.787 0.3000000119
42011  -31.873  -41.737  -40.259 0.3000000119
42001  -31.546  -41.469  -39.418 0.3000000119
44410  -31.794  -40.043  -38.860 0.3000000119
45612  -32.489  -39.181  -39.576 0.3000000119
33942  -25.764  -48.183  -45.180 0.5000000000
39665  -28.753  -44.101  -42.728 0.3000000119
30295  -31.558  -50.566  -45.754 0.5000000000
24997  -28.909  -54.840  -47.513 0.5000000000
27992  -28.007  -52.420  -44.820 0.5000000000
29070  -28.628  -51.582  -42.785 0.6000000238
25880  -38.014  -54.855  -43.959 0.3000000119
27949  -32.868  -52.654  -42.624 0.6000000238
27952  -35.083  -52.744  -42.867 0.6000000238
167677  -41.408  -52.349  -42.032 0.3000000119
25849  -41.216  -54.427  -42.413 0.3000000119
25865  -40.831  -54.772  -42.763 0.3000000119
26901  -42.327  -54.033  -42.895 0.3000000119
24936  -39.514  -55.254  -42.623 0.3000000119
25883  -40.937  -54.738  -43.581 0.3000000119
25884  -41.591  -54.384  -43.801 0.3000000119
27930  -33.880  -52.773  -42.030 0.6000000238
26899  -35.464  -53.470  -42.378 0.5000000000
27932  -40.769  -53.072  -41.992 0.3000000119
27933  -41.917  -53.264  -42.173 0.3000000119
26886  -42.240  -53.789  -42.501 0.3000000119
27934  -43.452  -52.904  -42.312 0.3000000119
24951  -39.086  -55.346  -43.307 0.3000000119
24949  -37.687  -55.139  -43.413 0.3000000119
25878  -36.788  -54.359  -43.096 0.4000000060
22895  -30.621  -56.691  -47.851 0.4000000060
30237  -40.872  -50.483  -41.728 0.3000000119
165401  -42.455  -51.155  -41.922 0.3000000119
29059  -43.213  -52.049  -41.951 0.3000000119
21932  -36.964  -57.884  -49.812 0.5000000000
21931  -36.645  -58.004  -49.170 0.5000000000
18917  -34.402  -59.461  -51.773 0.4000000060
20969  -35.354  -58.473  -51.890 0.4000000060
21947  -36.971  -57.718  -50.488 0.4000000060
20952  -37.273  -58.581  -50.310 0.5000000000
23924  -33.482  -56.439  -46.657 0.5000000000
22886  -34.842  -56.996  -47.813 0.5000000000
22913  -36.548  -57.094  -50.106 0.5000000000
22897  -36.249  -57.488  -48.929 0.5000000000
22921  -36.269  -57.057  -50.828 0.4000000060
24948  -31.809  -55.371  -43.712 0.6000000238
23912  -32.247  -55.797  -44.993 0.6000000238
23923  -32.950  -56.013  -46.202 0.5000000000
22920  -35.248  -56.810  -51.110 0.3000000119
23946  -36.020  -56.479  -49.841 0.4000000060
161570  -35.292  -56.326  -48.654 0.5000000000
25877  -31.652  -54.805  -43.296 0.6000000238
24976  -32.130  -55.028  -45.268 0.6000000238
166570  -32.845  -55.378  -46.554 0.6000000238
23941  -34.304  -55.409  -48.202 0.4000000060
23933  -33.876  -55.940  -47.477 0.5000000000
26879  -32.165  -53.253  -42.010 0.6000000238
24932  -37.069  -55.403  -42.497 0.3000000119
25847  -35.029  -53.951  -41.474 0.4000000060
184303  -31.852  -53.832  -44.061 0.6000000238
25000  -33.759  -55.084  -47.851 0.4000000060
23882  -37.952  -55.826  -42.091 0.3000000119
24918  -39.616  -55.069  -42.106 0.3000000119
25862  -36.552  -54.833  -42.517 0.3000000119
26882  -34.238  -53.232  -41.558 0.5000000000
178728  -31.902  -53.974  -44.758 0.6000000238
26897  -32.020  -53.302  -42.825 0.6000000238
179521  -31.800  -54.578  -44.039 0.6000000238
189241  -36.252  -54.976  -42.021 0.3000000119
24931  -31.575  -55.375  -42.974 0.5000000000
24930  -31.272  -55.421  -42.256 0.5000000000
190870  -31.877  -53.673  -41.772 0.5000000000
25829  -31.345  -54.600  -40.883 0.4000000060
25846  -31.619  -54.106  -41.504 0.5000000000
23880  -31.240  -56.188  -42.072 0.5000000000
23891  -31.796  -56.040  -43.314 0.5000000000
24912  -31.094  -55.639  -41.523 0.4000000060
25816  -31.512  -54.658  -40.116 0.4000000060
25830  -31.919  -54.025  -40.609 0.4000000060
26880  -32.752  -53.101  -41.440 0.5000000000
22872  -33.148  -56.771  -45.852 0.5000000000
23901  -32.110  -56.080  -44.144 0.5000000000
26868  -34.038  -53.670  -40.953 0.4000000060
13265  -32.738  -65.294  -53.328 0.3000000119
12333  -32.507  -65.661  -53.056 0.3000000119
13255  -33.667  -65.490  -52.331 0.3000000119
14283  -34.473  -64.634  -51.721 0.3000000119
191594  -34.708  -64.980  -51.083 0.4000000060
14290  -33.829  -64.790  -52.704 0.3000000119
14301  -34.139  -63.738  -53.187 0.3000000119
14270  -34.317  -64.010  -49.555 0.4000000060
15436  -34.212  -63.707  -50.133 0.4000000060
168899  -34.480  -63.766  -51.493 0.3000000119
15469  -34.697  -63.186  -53.015 0.3000000119
15412  -33.910  -63.464  -47.989 0.4000000060
16557  -33.748  -62.708  -47.902 0.4000000060
16580  -34.252  -62.680  -50.066 0.4000000060
164219  -34.769  -62.904  -51.744 0.4000000060
16620  -35.279  -62.291  -53.342 0.4000000060
16608  -35.145  -62.565  -52.628 0.4000000060
16495  -33.383  -62.565  -44.372 0.3000000119
169751  -33.661  -62.917  -46.765 0.4000000060
17696  -33.587  -62.095  -46.453 0.4000000060
17725  -33.846  -61.873  -47.832 0.4000000060
17726  -34.292  -61.314  -48.461 0.4000000060
17748  -35.488  -61.088  -50.134 0.4000000060
17761  -35.782  -61.329  -51.045 0.4000000060
168901  -32.686  -61.058  -43.197 0.3000000119
17679  -33.361  -61.763  -45.099 0.4000000060
168176  -33.750  -60.599  -45.788 0.4000000060
18852  -33.776  -61.072  -46.440 0.4000000060
18871  -34.145  -60.634  -47.053 0.4000000060
18872  -34.637  -60.152  -47.593 0.4000000060
18886  -34.835  -60.410  -48.384 0.4000000060
18887  -35.720  -59.878  -49.029 0.4000000060
18899  -36.223  -60.261  -49.906 0.4000000060
17774  -36.326  -61.126  -51.770 0.4000000060
18814  -32.851  -60.135  -43.518 0.4000000060
187366  -33.682  -60.259  -45.255 0.4000000060
168691  -34.835  -59.076  -46.935 0.4000000060
19880  -35.282  -58.939  -47.635 0.4000000060
18908  -36.867  -60.050  -50.619 0.4000000060
192871  -36.626  -60.740  -51.967 0.4000000060
19843  -33.668  -59.613  -45.007 0.4000000060
19861  -34.433  -59.307  -46.221 0.4000000060
20896  -34.621  -58.697  -46.632 0.4000000060
20914  -35.573  -58.487  -47.918 0.4000000060
19914  -37.164  -59.401  -50.340 0.4000000060
20941  -36.471  -58.487  -48.871 0.4000000060
21875  -33.016  -58.249  -44.192 0.4000000060
21884  -33.766  -58.120  -45.612 0.4000000060
22873  -33.797  -57.346  -46.298 0.4000000060
191875  -31.719  -57.319  -42.416 0.4000000060
21876  -33.435  -58.306  -44.885 0.4000000060
22853  -32.688  -57.068  -44.535 0.4000000060
24895  -31.011  -55.730  -40.766 0.3000000119
25817  -32.105  -54.360  -39.831 0.3000000119
21905  -35.403  -58.105  -47.787 0.4000000060
22843  -32.592  -57.456  -43.953 0.4000000060
25819  -33.454  -54.300  -39.961 0.3000000119
22863  -33.351  -57.480  -45.451 0.4000000060
16579  -34.017  -63.319  -49.332 0.4000000060
16568  -34.040  -62.469  -49.165 0.4000000060
17737  -34.300  -61.695  -49.001 0.4000000060
17760  -34.883  -61.782  -50.396 0.4000000060
16494  -33.166  -62.013  -44.444 0.4000000060
179270  -33.500  -62.298  -45.666 0.4000000060
178420  -32.877  -61.884  -43.224 0.3000000119
18885  -34.194  -60.967  -47.756 0.4000000060
170992  -32.604  -60.334  -42.834 0.3000000119
172764  -32.992  -60.723  -44.008 0.4000000060
18836  -33.462  -60.953  -45.189 0.4000000060
19878  -34.176  -60.124  -46.397 0.4000000060
19833  -33.035  -59.422  -43.794 0.4000000060
20895  -34.158  -58.733  -45.950 0.4000000060
19906  -36.644  -59.483  -49.620 0.4000000060
21893  -34.834  -58.180  -47.113 0.4000000060
21867  -32.131  -57.497  -43.051 0.4000000060
15369  -34.778  -63.691  -45.497 0.3000000119
14245  -36.655  -64.662  -48.633 0.3000000119
13225  -35.896  -65.285  -49.596 0.3000000119
14244  -35.517  -64.484  -48.514 0.3000000119
14224  -34.388  -63.921  -46.946 0.3000000119
14255  -34.998  -64.778  -49.731 0.3000000119
14243  -34.410  -64.132  -48.565 0.3000000119
169704  -34.016  -63.385  -45.489 0.3000000119
15399  -33.925  -63.477  -47.159 0.3000000119
162292  -33.650  -62.949  -45.556 0.3000000119
19821  -32.354  -59.231  -42.429 0.3000000119
20851  -32.503  -58.749  -42.949 0.3000000119
21856  -31.904  -57.887  -42.372 0.3000000119
23867  -31.056  -56.498  -41.198 0.3000000119
15348  -33.662  -62.962  -44.304 0.3000000119
20862  -32.891  -58.839  -43.669 0.3000000119
12272  -35.949  -65.608  -49.792 0.3000000119
12317  -33.122  -65.589  -52.669 0.3000000119
13211  -36.261  -64.976  -49.027 0.3000000119
13212  -36.610  -64.961  -48.797 0.3000000119
13264  -32.096  -65.439  -53.710 0.3000000119
13266  -33.340  -65.122  -53.011 0.3000000119
14211  -34.510  -63.822  -46.208 0.3000000119
14212  -35.365  -63.917  -46.354 0.3000000119
14235  -34.364  -64.052  -47.750 0.3000000119
14236  -35.039  -64.317  -47.581 0.3000000119
14254  -34.490  -64.203  -49.167 0.4000000060
14278  -34.503  -64.151  -50.937 0.4000000060
14291  -34.235  -64.274  -52.479 0.3000000119
14300  -33.614  -64.239  -53.437 0.3000000119
15329  -33.930  -63.052  -43.830 0.3000000119
15368  -33.655  -63.002  -44.877 0.3000000119
15385  -33.909  -63.345  -46.303 0.3000000119
15421  -34.048  -63.691  -48.816 0.4000000060
15450  -34.417  -63.293  -50.853 0.4000000060
15460  -34.539  -63.585  -52.254 0.4000000060
15477  -34.737  -62.799  -53.697 0.4000000060
16479  -33.092  -62.201  -43.830 0.3000000119
16480  -33.418  -62.648  -43.799 0.3000000119
16511  -33.442  -62.478  -44.988 0.4000000060
16528  -33.612  -62.781  -46.137 0.4000000060
16543  -33.683  -62.398  -47.239 0.4000000060
16567  -33.845  -63.027  -48.583 0.4000000060
16594  -34.852  -62.286  -51.039 0.4000000060
16595  -35.641  -61.904  -51.970 0.4000000060
17647  -32.767  -61.566  -42.552 0.3000000119
17668  -33.168  -61.259  -44.546 0.4000000060
17680  -33.542  -61.471  -45.774 0.4000000060
17711  -33.808  -61.518  -47.134 0.4000000060
17736  -33.925  -62.212  -48.476 0.4000000060
17747  -34.565  -61.724  -49.673 0.4000000060
17759  -32.925  -61.358  -51.473 0.4000000060
17787  -36.059  -61.105  -53.208 0.4000000060
18803  -32.546  -60.875  -42.362 0.3000000119
18827  -33.394  -60.420  -44.694 0.4000000060
18896  -32.019  -60.437  -49.023 0.4000000060
18898  -34.996  -60.851  -49.255 0.4000000060
18907  -36.311  -60.655  -50.600 0.4000000060
18918  -36.733  -60.570  -51.301 0.4000000060
18919  -37.137  -59.903  -51.103 0.4000000060
19822  -32.686  -59.508  -43.045 0.3000000119
19842  -33.233  -59.857  -44.238 0.4000000060
19860  -33.967  -59.835  -45.699 0.4000000060
19879  -34.900  -59.491  -47.291 0.4000000060
19895  -35.394  -59.485  -48.136 0.4000000060
19913  -33.257  -59.247  -50.509 0.4000000060
19924  -34.634  -58.855  -51.684 0.4000000060
19925  -37.284  -59.227  -50.937 0.5000000000
20850  -32.074  -58.618  -42.220 0.3000000119
20873  -33.341  -58.991  -44.430 0.4000000060
20884  -33.758  -58.824  -45.247 0.4000000060
20913  -35.094  -58.598  -47.319 0.4000000060
20930  -35.870  -58.712  -48.337 0.4000000060
20939  -31.937  -58.982  -48.982 0.4000000060
20942  -36.930  -58.686  -49.539 0.4000000060
20951  -32.787  -58.531  -50.139 0.4000000060
20959  -35.978  -57.971  -51.700 0.4000000060
21857  -32.258  -58.185  -42.820 0.3000000119
21868  -32.597  -58.165  -43.442 0.4000000060
21883  -33.025  -57.659  -44.763 0.4000000060
21890  -29.435  -57.431  -45.751 0.5000000000
21892  -34.297  -58.137  -46.409 0.4000000060
21904  -30.638  -57.964  -47.283 0.4000000060
21918  -30.888  -57.355  -47.907 0.4000000060
21920  -36.055  -58.098  -48.474 0.4000000060
21930  -31.986  -57.357  -49.518 0.4000000060
21945  -35.480  -57.437  -51.403 0.4000000060
21946  -36.493  -57.601  -51.151 0.4000000060
22823  -31.558  -57.562  -41.938 0.3000000119
22832  -31.343  -56.965  -41.945 0.4000000060
22842  -32.112  -56.758  -43.572 0.5000000000
22850  -28.572  -56.819  -44.217 0.5000000000
22852  -32.408  -56.771  -44.182 0.4000000060
22862  -32.889  -56.958  -45.114 0.4000000060
22870  -29.241  -56.743  -46.084 0.5000000000
22871  -29.663  -57.214  -46.361 0.5000000000
22874  -34.502  -57.558  -47.047 0.4000000060
22883  -29.921  -56.980  -46.915 0.4000000060
22884  -30.381  -57.165  -47.324 0.4000000060
22885  -34.124  -56.771  -47.222 0.5000000000
22896  -35.631  -57.343  -48.317 0.5000000000
22902  -35.942  -56.735  -49.166 0.5000000000
22903  -36.486  -57.274  -49.510 0.5000000000
22910  -32.670  -56.870  -50.362 0.5000000000
22912  -35.935  -56.432  -50.499 0.3000000119
23881  -31.486  -55.942  -42.687 0.5000000000
23902  -32.511  -56.486  -44.718 0.5000000000
23910  -28.292  -55.873  -45.342 0.5000000000
23913  -32.700  -56.250  -45.428 0.6000000238
23921  -28.433  -55.602  -46.193 0.5000000000
23932  -33.240  -55.642  -47.031 0.6000000238
23934  -34.548  -56.125  -48.039 0.5000000000
23940  -30.604  -56.042  -48.259 0.6000000238
23944  -31.596  -55.734  -49.774 0.5000000000
23950  -35.507  -55.813  -50.254 0.5000000000
24877  -31.302  -55.185  -39.820 0.3000000119
24915  -37.356  -55.802  -42.113 0.3000000119
24933  -37.706  -55.575  -42.780 0.3000000119
24934  -38.406  -55.563  -42.691 0.3000000119
24935  -38.914  -55.459  -42.563 0.3000000119
24950  -38.281  -55.327  -43.395 0.3000000119
24965  -31.981  -55.276  -44.490 0.6000000238
24977  -32.510  -55.451  -45.835 0.6000000238
24984  -27.376  -54.554  -46.567 0.5000000000
24986  -28.620  -55.252  -46.935 0.5000000000
24988  -32.646  -54.882  -46.516 0.6999999881
24996  -28.234  -54.459  -47.278 0.5000000000
25007  -34.424  -54.577  -48.764 0.6000000238
25008  -30.657  -54.540  -49.185 0.6000000238
25009  -31.118  -55.098  -49.532 0.6999999881
25011  -34.776  -54.312  -49.450 0.6000000238
25013  -32.969  -54.442  -50.488 0.6000000238
25014  -34.059  -54.287  -50.378 0.5000000000
25016  -35.123  -55.107  -50.097 0.5000000000
25818  -32.778  -54.282  -39.791 0.3000000119
25831  -34.047  -54.344  -40.367 0.3000000119
25845  -31.244  -54.840  -41.701 0.4000000060
25850  -41.828  -54.180  -42.591 0.3000000119
25861  -31.445  -54.662  -42.541 0.5000000000
25863  -37.178  -54.994  -43.011 0.3000000119
25864  -40.158  -54.969  -42.407 0.3000000119
25866  -41.638  -54.454  -43.007 0.3000000119
25879  -37.334  -54.439  -43.664 0.3000000119
25881  -38.748  -55.060  -44.094 0.4000000060
25882  -40.099  -55.110  -43.314 0.3000000119
25895  -31.954  -54.644  -44.792 0.6000000238
25896  -37.788  -54.238  -44.263 0.5000000000
25897  -38.391  -54.417  -44.561 0.5000000000
25899  -39.835  -54.662  -44.881 0.5000000000
25911  -26.286  -54.336  -45.875 0.5000000000
25912  -26.790  -54.263  -46.460 0.5000000000
25913  -32.063  -54.191  -45.479 0.6000000238
25915  -40.046  -54.219  -45.373 0.5000000000
25916  -40.685  -54.185  -45.200 0.5000000000
25931  -27.600  -54.171  -47.085 0.5000000000
25933  -32.701  -54.082  -46.953 0.6999999881
25938  -27.382  -53.828  -47.112 0.5000000000
25944  -30.286  -54.081  -48.701 0.6000000238
25946  -33.968  -53.004  -48.914 0.6000000238
25951  -33.912  -53.657  -50.112 0.6000000238
26853  -32.464  -53.916  -40.199 0.4000000060
26854  -32.999  -53.821  -40.312 0.4000000060
26866  -32.575  -53.557  -40.740 0.4000000060
26867  -33.234  -53.378  -40.819 0.4000000060
26881  -33.533  -53.018  -41.407 0.5000000000
26885  -41.484  -53.907  -42.211 0.3000000119
26887  -42.782  -53.679  -42.764 0.3000000119
26898  -34.679  -53.057  -42.108 0.5000000000
26900  -36.227  -53.916  -42.773 0.5000000000
26902  -42.918  -53.725  -43.255 0.3000000119
26909  -32.021  -53.303  -43.695 0.6000000238
26919  -37.988  -53.672  -44.714 0.6000000238
26921  -42.773  -53.557  -44.044 0.4000000060
26932  -32.165  -53.327  -45.550 0.6999999881
26934  -40.291  -53.727  -45.734 0.5000000000
26947  -26.647  -53.705  -46.777 0.4000000060
26950  -32.659  -52.569  -46.407 0.6000000238
26951  -28.156  -53.731  -47.347 0.5000000000
26953  -32.993  -52.391  -47.351 0.6000000238
26955  -30.007  -53.682  -48.213 0.5000000000
26960  -33.635  -52.365  -49.099 0.6000000238
27928  -32.647  -52.872  -42.094 0.6000000238
27929  -33.160  -52.710  -41.983 0.6000000238
27948  -32.402  -52.896  -42.536 0.6000000238
27950  -33.485  -52.495  -42.668 0.6000000238
27966  -27.250  -51.889  -44.322 0.5000000000
27968  -28.506  -52.188  -44.076 0.6000000238
27970  -33.144  -52.322  -43.405 0.6999999881
27972  -34.720  -52.134  -43.625 0.6999999881
27976  -43.625  -53.282  -43.104 0.4000000060
27990  -26.503  -52.353  -45.678 0.5000000000
27991  -27.298  -52.259  -44.835 0.5000000000
27993  -28.857  -52.413  -44.899 0.5000000000
27995  -32.332  -52.766  -44.160 0.6999999881
27998  -37.469  -52.809  -44.659 0.6000000238
28017  -24.741  -53.047  -46.595 0.6000000238
28018  -25.429  -52.519  -46.484 0.5000000000
28019  -27.273  -52.756  -45.868 0.4000000060
28022  -30.040  -51.993  -45.841 0.5000000000
28024  -32.967  -51.660  -46.476 0.6999999881
28026  -39.813  -53.035  -45.830 0.5000000000
28029  -42.059  -52.516  -45.328 0.5000000000
28034  -24.013  -52.742  -46.643 0.4000000060
28037  -27.776  -53.222  -46.626 0.5000000000
29053  -29.071  -51.338  -42.224 0.6000000238
29057  -40.898  -51.377  -41.914 0.3000000119
29058  -41.993  -51.704  -41.981 0.3000000119
29069  -27.884  -51.220  -43.006 0.6000000238
29074  -44.750  -51.941  -42.476 0.5000000000
29088  -28.192  -51.824  -43.448 0.6000000238
29090  -29.807  -51.744  -43.490 0.6000000238
29092  -34.197  -51.578  -44.271 0.6999999881
29093  -34.832  -51.545  -44.380 0.6999999881
29096  -44.060  -52.781  -43.338 0.4000000060
29108  -24.681  -51.776  -46.584 0.4000000060
29111  -30.271  -51.547  -44.522 0.6000000238
29116  -35.807  -51.100  -44.731 0.6999999881
29118  -37.306  -51.878  -44.738 0.5000000000
29119  -38.019  -51.832  -44.975 0.5000000000
29121  -39.564  -51.544  -45.571 0.6000000238
29126  -30.493  -51.512  -45.510 0.6999999881
29128  -33.401  -51.476  -45.162 0.6999999881
29131  -40.050  -52.157  -45.854 0.5000000000
29133  -41.571  -51.806  -45.806 0.6000000238
29136  -30.658  -51.540  -46.281 0.5000000000
29137  -31.387  -50.935  -46.774 0.6000000238
29140  -31.619  -51.070  -47.506 0.6999999881
29141  -32.344  -50.814  -47.870 0.6999999881
29143  -31.981  -51.229  -48.189 0.6999999881
29145  -32.816  -51.363  -48.515 0.6000000238
30232  -29.494  -51.091  -41.697 0.6000000238
30233  -30.220  -51.084  -41.845 0.6000000238
30234  -31.388  -50.430  -42.039 0.6999999881
30253  -27.566  -50.476  -43.083 0.6000000238
30254  -28.118  -50.559  -42.521 0.6000000238
30255  -30.811  -50.911  -42.432 0.6000000238
30256  -31.420  -50.549  -43.139 0.6999999881
30258  -45.707  -50.981  -42.103 0.4000000060
30269  -31.315  -50.645  -44.086 0.6000000238
30275  -45.631  -50.791  -42.820 0.4000000060
30279  -31.480  -50.559  -45.075 0.6000000238
30281  -34.164  -50.344  -45.588 0.6999999881
30283  -35.649  -50.437  -44.921 0.6000000238
30286  -38.317  -51.119  -44.799 0.8000000119
30290  -43.498  -51.124  -44.894 0.6000000238
30291  -44.264  -51.204  -44.187 0.6000000238
30296  -32.054  -50.115  -45.779 0.5000000000
30297  -33.283  -50.312  -46.394 0.6000000238
30298  -33.527  -50.096  -45.949 0.5000000000
30299  -33.904  -49.937  -45.536 0.6999999881
30301  -41.094  -51.122  -45.937 0.6000000238
30308  -33.146  -50.073  -46.261 0.5000000000
30310  -32.660  -50.709  -47.239 0.6000000238
31448  -31.461  -49.516  -40.116 0.6999999881
31464  -30.205  -49.802  -40.455 0.6999999881
31466  -31.677  -49.790  -40.732 0.6999999881
31471  -46.151  -50.070  -41.273 0.4000000060
31483  -28.992  -49.913  -41.434 0.6000000238
31484  -31.320  -50.229  -41.158 0.6999999881
31485  -32.561  -49.563  -42.030 0.6999999881
31490  -44.354  -50.283  -41.607 0.3000000119
31500  -32.096  -49.915  -42.306 0.6999999881
31504  -38.600  -49.302  -43.284 0.6000000238
31507  -26.484  -49.482  -44.353 0.6000000238
31508  -27.060  -49.793  -43.610 0.5000000000
31509  -32.608  -49.734  -43.903 0.6999999881
31512  -34.319  -49.428  -44.657 0.6999999881
31514  -36.267  -50.056  -44.143 0.8000000119
31516  -38.212  -49.886  -43.829 0.8000000119
31519  -40.712  -49.453  -44.459 0.6999999881
31524  -25.994  -49.310  -44.949 0.6000000238
31526  -33.132  -49.685  -45.508 0.6999999881
31528  -34.405  -49.762  -45.170 0.6999999881
31529  -35.617  -50.045  -44.631 0.6999999881
31530  -39.433  -50.259  -44.606 0.8000000119
31533  -41.872  -49.664  -45.580 0.6999999881
31535  -43.641  -50.295  -44.923 0.6000000238
31540  -33.042  -49.918  -46.006 0.6000000238
31542  -41.469  -50.365  -45.828 0.6000000238
32693  -31.249  -49.016  -39.652 0.6000000238
32696  -34.272  -48.682  -40.662 0.6999999881
32711  -29.941  -49.097  -40.355 0.6000000238
32729  -28.894  -48.974  -41.385 0.6000000238
32730  -33.042  -49.196  -41.615 0.6999999881
32733  -35.326  -49.182  -42.206 0.6999999881
32741  -46.694  -49.446  -41.090 0.4000000060
32742  -46.957  -49.271  -41.531 0.5000000000
32746  -28.066  -49.118  -42.407 0.6000000238
32749  -34.706  -49.313  -43.026 0.6999999881
32750  -35.438  -49.496  -43.184 0.6999999881
32751  -36.630  -49.339  -42.515 0.6999999881
32753  -38.183  -48.798  -42.576 0.6000000238
32754  -38.972  -48.726  -42.865 0.6000000238
32760  -27.242  -48.919  -43.387 0.6000000238
32761  -33.638  -49.243  -43.511 0.6999999881
32763  -34.852  -49.471  -43.960 0.8000000119
32766  -41.122  -48.886  -44.121 0.6000000238
32768  -45.200  -49.214  -43.950 0.5000000000
32776  -43.088  -48.714  -45.450 0.6000000238
33859  -32.108  -47.826  -39.044 0.6000000238
33860  -32.860  -47.815  -39.121 0.6000000238
33896  -29.858  -48.286  -40.317 0.6000000238
33898  -35.646  -48.809  -41.376 0.6999999881
33899  -36.620  -47.818  -40.968 0.5000000000
33901  -37.895  -47.536  -41.590 0.5000000000
33909  -48.107  -48.050  -40.804 0.3000000119
33910  -48.657  -47.513  -40.729 0.3000000119
33916  -37.072  -48.230  -41.531 0.6999999881
33919  -47.434  -48.266  -41.953 0.4000000060
33921  -48.494  -47.460  -41.246 0.3000000119
33925  -27.980  -47.902  -42.703 0.6000000238
33926  -38.702  -48.331  -42.419 0.6000000238
33928  -40.356  -48.249  -43.075 0.5000000000
33933  -26.887  -48.149  -43.949 0.6000000238
33934  -27.331  -47.428  -43.709 0.6000000238
33946  -43.168  -47.775  -45.235 0.5000000000
33948  -44.224  -47.817  -44.768 0.6000000238
33952  -25.066  -47.875  -45.628 0.3000000119
35065  -31.826  -47.200  -38.991 0.5000000000
35066  -32.504  -47.221  -38.935 0.5000000000
35068  -33.916  -47.066  -39.118 0.6000000238
35088  -30.921  -46.815  -39.439 0.5000000000
35090  -35.323  -46.966  -39.756 0.6000000238
35091  -35.881  -46.974  -40.178 0.5000000000
35105  -37.029  -47.117  -40.943 0.5000000000
35113  -38.157  -46.913  -41.554 0.5000000000
35114  -38.806  -46.802  -41.823 0.5000000000
35117  -48.454  -46.978  -41.839 0.3000000119
35121  -28.216  -47.128  -42.842 0.6000000238
35122  -40.141  -47.057  -42.550 0.5000000000
35127  -27.298  -46.789  -43.996 0.5000000000
35129  -41.605  -47.577  -43.651 0.5000000000
35130  -42.755  -46.728  -44.698 0.5000000000
35132  -46.429  -46.569  -43.275 0.4000000060
35140  -43.152  -47.116  -45.067 0.5000000000
35141  -43.611  -47.229  -44.965 0.5000000000
35143  -24.354  -47.434  -45.657 0.3000000119
35144  -25.177  -47.290  -45.353 0.3000000119
36268  -31.493  -46.624  -39.161 0.5000000000
36270  -32.805  -46.174  -39.010 0.4000000060
36272  -34.256  -46.409  -39.122 0.5000000000
36282  -30.586  -46.455  -39.913 0.5000000000
36283  -31.147  -46.095  -39.723 0.5000000000
36286  -35.652  -46.347  -39.884 0.4000000060
36289  -47.479  -46.001  -40.782 0.3000000119
36291  -49.264  -46.540  -40.408 0.3000000119
36296  -29.665  -46.519  -41.052 0.5000000000
36299  -36.833  -46.442  -40.669 0.5000000000
36300  -37.317  -46.565  -40.991 0.5000000000
36305  -48.884  -46.610  -41.119 0.3000000119
36308  -29.251  -46.357  -41.959 0.5000000000
36310  -38.449  -46.211  -41.579 0.5000000000
36314  -47.544  -46.375  -42.297 0.3000000119
36315  -48.214  -46.643  -42.153 0.3000000119
36316  -48.647  -46.689  -41.680 0.3000000119
36321  -46.213  -45.993  -42.932 0.3000000119
36322  -46.691  -46.439  -42.936 0.4000000060
36323  -47.511  -46.615  -42.611 0.3000000119
36329  -28.699  -45.830  -43.110 0.5000000000
36332  -43.718  -45.636  -44.517 0.5000000000
36334  -46.014  -46.039  -43.333 0.3000000119
37399  -32.400  -45.612  -39.265 0.4000000060
37401  -33.869  -45.890  -39.067 0.4000000060
37414  -33.859  -45.289  -39.346 0.4000000060
37416  -35.332  -45.607  -39.731 0.4000000060
37427  -30.328  -45.453  -41.271 0.5000000000
37429  -31.517  -44.925  -40.548 0.4000000060
37432  -38.041  -45.596  -41.359 0.4000000060
37438  -30.699  -44.792  -41.753 0.5000000000
37440  -39.328  -45.392  -42.226 0.4000000060
37441  -39.991  -45.361  -42.714 0.5000000000
37442  -45.131  -45.000  -42.141 0.4000000060
37443  -45.738  -45.494  -42.667 0.3000000119
37445  -29.113  -45.336  -42.825 0.5000000000
37447  -39.447  -44.836  -42.635 0.4000000060
37455  -26.789  -45.545  -43.885 0.3000000119
37457  -28.609  -45.241  -43.141 0.4000000060
37459  -41.968  -44.962  -44.023 0.5000000000
37461  -44.203  -44.710  -43.966 0.4000000060
38515  -49.603  -45.198  -39.261 0.3000000119
38521  -32.970  -44.378  -40.026 0.4000000060
38524  -35.410  -44.819  -40.074 0.4000000060
38534  -32.544  -44.012  -40.654 0.4000000060
38536  -36.343  -44.377  -40.817 0.4000000060
38538  -38.227  -44.863  -41.757 0.4000000060
38539  -43.159  -44.248  -40.772 0.4000000060
38540  -43.936  -44.748  -40.794 0.4000000060
38541  -44.402  -44.591  -41.712 0.4000000060
38545  -31.594  -43.797  -41.607 0.4000000060
38546  -37.752  -44.256  -41.857 0.4000000060
38558  -29.070  -44.734  -42.872 0.4000000060
38560  -38.637  -43.942  -42.642 0.4000000060
38561  -39.244  -44.216  -42.818 0.4000000060
38571  -27.997  -45.051  -43.372 0.3000000119
38573  -42.156  -44.034  -43.936 0.4000000060
38575  -43.960  -43.917  -43.553 0.4000000060
39607  -49.996  -43.630  -38.807 0.4000000060
39608  -50.340  -44.257  -38.600 0.3000000119
39626  -42.395  -43.927  -40.337 0.4000000060
39632  -33.209  -43.225  -41.241 0.4000000060
39648  -30.051  -43.787  -42.212 0.4000000060
39649  -31.153  -43.658  -41.753 0.4000000060
39651  -32.544  -43.119  -41.739 0.4000000060
39653  -35.833  -43.012  -41.586 0.4000000060
39657  -43.037  -42.965  -42.123 0.4000000060
39666  -37.777  -43.054  -42.679 0.4000000060
39672  -43.582  -43.336  -43.201 0.4000000060
39674  -40.175  -43.261  -43.436 0.4000000060
40785  -49.761  -41.990  -39.279 0.4000000060
40795  -30.122  -42.598  -40.573 0.3000000119
40796  -30.887  -42.870  -41.188 0.3000000119
40799  -34.577  -42.874  -41.249 0.4000000060
40817  -35.522  -42.263  -41.996 0.4000000060
40819  -37.116  -42.811  -42.397 0.4000000060
40820  -42.070  -42.203  -42.300 0.4000000060
40822  -36.885  -42.112  -42.673 0.4000000060
40825  -38.802  -42.860  -43.266 0.4000000060
40830  -41.258  -42.097  -43.317 0.4000000060
41995  -50.019  -41.984  -38.875 0.4000000060
42010  -31.192  -42.038  -39.941 0.3000000119
42025  -32.783  -41.707  -41.397 0.4000000060
42028  -41.114  -41.688  -41.821 0.5000000000
42029  -41.593  -41.781  -42.407 0.5000000000
42035  -32.437  -42.387  -41.697 0.4000000060
42037  -33.684  -41.613  -41.753 0.4000000060
42039  -35.568  -41.566  -42.274 0.4000000060
42041  -40.678  -41.140  -42.094 0.4000000060
42046  -38.028  -41.897  -43.371 0.4000000060
42047  -40.567  -41.235  -43.278 0.4000000060
43145  -49.364  -41.422  -37.621 0.4000000060
43158  -48.862  -40.879  -37.826 0.4000000060
43159  -49.586  -41.394  -38.618 0.4000000060
43171  -49.490  -41.586  -39.388 0.4000000060
43178  -31.719  -40.720  -39.060 0.3000000119
43185  -48.921  -41.241  -39.690 0.4000000060
43189  -32.118  -41.005  -39.814 0.3000000119
43209  -34.484  -40.524  -42.151 0.4000000060
43213  -40.708  -41.114  -42.753 0.4000000060
44391  -47.797  -40.088  -37.969 0.4000000060
44426  -32.284  -40.106  -39.495 0.4000000060
44442  -33.566  -40.302  -41.518 0.4000000060
44443  -34.164  -39.177  -42.394 0.4000000060
45613  -32.815  -38.702  -40.256 0.4000000060
45627  -33.475  -39.343  -41.454 0.4000000060
46870  -32.665  -37.879  -40.315 0.4000000060
46880  -33.532  -38.066  -41.984 0.4000000060
161148  -36.278  -59.044  -48.896 0.4000000060
162446  -42.475  -43.137  -43.646 0.4000000060
162777  -43.151  -49.576  -45.445 0.6000000238
162858  -31.069  -55.661  -40.033 0.3000000119
163387  -33.963  -48.293  -39.906 0.6999999881
163569  -36.928  -51.147  -44.599 0.8000000119
163676  -35.030  -47.612  -39.838 0.6000000238
164103  -27.689  -46.270  -43.704 0.5000000000
165072  -44.907  -46.206  -44.148 0.5000000000
165076  -33.171  -49.476  -44.674 0.6999999881
165299  -29.217  -53.684  -47.745 0.5000000000
165731  -39.109  -41.675  -43.641 0.4000000060
166090  -50.210  -42.467  -37.956 0.4000000060
166107  -44.386  -48.562  -44.704 0.5000000000
166158  -32.870  -52.204  -44.329 0.6999999881
166326  -40.598  -54.669  -42.225 0.3000000119
166713  -29.282  -57.566  -45.188 0.5000000000
167854  -28.863  -43.105  -41.776 0.3000000119
167857  -37.869  -52.399  -44.968 0.6000000238
168597  -32.109  -53.533  -41.307 0.5000000000
168916  -34.491  -59.987  -46.992 0.4000000060
169109  -32.635  -49.656  -42.968 0.6999999881
169507  -33.395  -42.210  -41.787 0.4000000060
169689  -25.144  -48.466  -45.703 0.4000000060
169901  -34.148  -41.895  -41.831 0.4000000060
170398  -40.303  -54.843  -44.279 0.4000000060
170404  -42.539  -45.298  -44.334 0.4000000060
170449  -43.149  -44.445  -39.104 0.3000000119
170461  -42.521  -52.671  -42.092 0.3000000119
171056  -38.502  -47.427  -41.839 0.5000000000
171099  -38.873  -47.815  -42.211 0.5000000000
171208  -31.660  -56.679  -42.738 0.5000000000
171872  -34.066  -60.182  -52.092 0.4000000060
172878  -33.490  -56.034  -50.763 0.5000000000
172945  -29.082  -45.890  -42.660 0.5000000000
173121  -30.870  -47.519  -39.373 0.6000000238
173306  -39.822  -48.045  -42.739 0.6000000238
173349  -40.306  -47.661  -42.730 0.5000000000
173619  -35.303  -64.703  -49.168 0.3000000119
173686  -34.393  -38.208  -42.822 0.4000000060
173853  -36.823  -49.975  -43.727 0.8000000119
174787  -25.660  -46.921  -44.887 0.4000000060
175017  -29.369  -50.585  -41.380 0.6000000238
175309  -41.593  -46.766  -43.578 0.5000000000
175548  -35.028  -57.691  -47.624 0.4000000060
175738  -42.796  -53.367  -42.409 0.3000000119
176577  -35.231  -51.176  -44.758 0.6999999881
176763  -33.150  -62.356  -43.312 0.3000000119
177659  -45.198  -51.449  -42.227 0.5000000000
177693  -36.279  -61.225  -52.415 0.4000000060
178568  -31.710  -54.045  -43.240 0.6000000238
179262  -29.394  -51.660  -42.732 0.6000000238
179321  -42.198  -54.163  -43.324 0.3000000119
179504  -31.690  -43.407  -41.668 0.4000000060
180399  -45.730  -48.612  -43.774 0.5000000000
180715  -49.017  -45.459  -39.603 0.3000000119
181262  -31.677  -53.886  -42.276 0.5000000000
181934  -30.349  -49.387  -40.092 0.6000000238
182271  -39.968  -42.721  -43.470 0.4000000060
182561  -45.683  -50.064  -43.244 0.5000000000
182799  -49.589  -42.163  -39.482 0.4000000060
183010  -39.047  -47.287  -42.079 0.5000000000
183533  -34.605  -59.554  -46.725 0.4000000060
183634  -32.827  -46.703  -38.929 0.5000000000
184148  -35.912  -54.359  -42.092 0.4000000060
184213  -34.356  -39.841  -42.320 0.4000000060
184436  -30.303  -50.389  -40.828 0.6999999881
184732  -31.140  -45.484  -40.256 0.5000000000
185430  -32.680  -48.805  -39.993 0.6999999881
185440  -25.893  -53.574  -46.519 0.5000000000
185953  -43.485  -44.365  -43.976 0.4000000060
186156  -30.919  -51.011  -44.516 0.6999999881
186367  -36.354  -53.014  -43.704 0.6999999881
186426  -28.484  -51.112  -42.445 0.6000000238
186427  -43.786  -44.267  -41.440 0.4000000060
186443  -31.292  -47.192  -39.132 0.5000000000
186494  -34.165  -48.907  -41.422 0.6999999881
186769  -33.159  -52.036  -49.247 0.6000000238
186796  -31.164  -55.130  -40.424 0.4000000060
186860  -41.692  -42.657  -41.145 0.5000000000
187265  -33.731  -63.029  -47.388 0.4000000060
187402  -32.941  -61.563  -43.862 0.4000000060
187795  -32.529  -51.056  -48.336 0.6999999881
187937  -40.363  -54.531  -44.914 0.5000000000
187953  -26.628  -50.215  -44.151 0.5000000000
188204  -36.840  -59.771  -50.176 0.4000000060
188375  -29.500  -52.803  -46.919 0.5000000000
188748  -33.409  -57.920  -45.172 0.4000000060
188800  -40.950  -41.617  -43.260 0.4000000060
189258  -36.369  -45.184  -40.441 0.4000000060
189541  -34.170  -47.446  -39.317 0.6000000238
189567  -33.763  -43.470  -40.757 0.4000000060
190387  -31.133  -55.176  -41.062 0.4000000060
191597  -35.960  -45.848  -40.071 0.4000000060
191731  -30.029  -58.136  -46.303 0.4000000060
191845  -45.350  -50.993  -43.144 0.5000000000
192218  -34.044  -59.240  -45.607 0.4000000060
192392  -35.541  -47.443  -40.100 0.5000000000
192492  -31.459  -54.373  -42.018 0.5000000000
