#!ascii label  , from subject sub-v2s13x29130_ses-1 vox2ras=TkReg
1892
126723  44.886  33.985  -5.581 0.0000000000
132445  48.691  40.540  -7.347 0.0000000000
123901  55.782  31.070  5.460 0.0000000000
125857  40.602  33.813  -2.266 0.0000000000
123950  46.268  31.559  1.282 0.0000000000
192099  44.396  36.989  -13.656 0.0000000000
138858  51.461  47.332  2.804 0.0000000000
136454  46.424  45.741  -3.045 0.0000000000
120482  55.194  28.486  14.105 0.0000000000
116960  52.132  24.352  9.795 0.0000000000
124990  49.106  33.412  -9.370 0.0000000000
123988  52.265  32.273  -1.966 0.0000000000
127534  54.151  36.018  -3.720 0.0000000000
128239  53.299  36.183  5.386 0.0000000000
139805  46.812  49.314  -8.805 0.0000000000
132475  49.628  40.627  -11.828 0.0000000000
122197  49.574  30.470  7.214 0.0000000000
126716  42.860  33.865  -4.510 0.0000000000
124886  43.666  33.265  0.007 0.0000000000
125852  45.708  33.405  -2.140 0.0000000000
170010  46.233  37.209  -8.848 0.0000000000
186705  44.352  38.134  -5.235 0.0000000000
139697  47.784  49.521  4.140 0.0000000000
176357  54.501  25.512  16.417 0.0000000000
114921  54.994  22.791  13.272 0.0000000000
172170  55.903  20.653  13.527 0.0000000000
141272  52.013  49.881  -10.605 0.0000000000
128371  48.951  36.804  -8.914 0.0000000000
126737  51.723  33.777  -6.603 0.0000000000
128347  49.176  36.709  -5.347 0.0000000000
130799  47.725  38.647  1.599 0.0000000000
129912  52.394  39.080  1.430 0.0000000000
184419  50.334  36.030  4.596 0.0000000000
125723  51.947  34.010  8.848 0.0000000000
135640  50.100  44.828  -5.859 0.0000000000
134866  48.129  43.802  -8.123 0.0000000000
131745  52.263  40.252  -9.188 0.0000000000
128397  51.144  36.493  -12.483 0.0000000000
123140  54.970  31.242  0.205 0.0000000000
169652  51.798  31.137  2.608 0.0000000000
160104  53.127  31.009  5.442 0.0000000000
122244  44.292  30.286  3.369 0.0000000000
181120  45.518  28.806  6.311 0.0000000000
132497  47.246  40.710  -14.465 0.0000000000
172696  43.985  40.025  -11.468 0.0000000000
135604  51.833  44.772  -2.192 0.0000000000
132417  47.601  40.995  -4.220 0.0000000000
138892  40.917  48.417  1.025 0.0000000000
137327  43.027  45.810  -3.152 0.0000000000
180306  48.674  47.476  -0.458 0.0000000000
122999  55.835  30.376  9.942 0.0000000000
121345  54.051  28.747  9.999 0.0000000000
117986  54.587  26.321  11.758 0.0000000000
114960  54.597  22.475  9.135 0.0000000000
126740  47.475  33.992  -7.459 0.0000000000
180392  48.138  32.264  -4.131 0.0000000000
123170  51.087  31.305  -6.030 0.0000000000
124929  54.498  32.659  -4.155 0.0000000000
125807  53.682  33.835  0.095 0.0000000000
129132  51.332  37.375  -2.720 0.0000000000
128307  53.348  37.113  0.492 0.0000000000
166071  54.422  34.244  5.595 0.0000000000
124743  54.149  33.237  10.465 0.0000000000
121297  53.479  29.551  14.031 0.0000000000
141214  50.381  51.426  -6.885 0.0000000000
166847  50.010  47.929  -10.983 0.0000000000
135705  47.707  44.737  -11.331 0.0000000000
134076  50.314  42.714  -14.643 0.0000000000
129242  48.669  37.602  -14.551 0.0000000000
127619  47.218  35.351  -12.260 0.0000000000
124880  48.834  32.882  -0.552 0.0000000000
164379  48.546  30.962  4.102 0.0000000000
118944  47.243  26.717  7.173 0.0000000000
119722  50.753  27.142  9.582 0.0000000000
170564  44.036  33.659  -5.328 0.0000000000
124908  43.535  32.705  -3.389 0.0000000000
124936  44.359  32.222  -4.869 0.0000000000
128354  46.164  36.175  -6.378 0.0000000000
129996  45.194  37.999  -6.677 0.0000000000
127554  45.131  35.790  -5.016 0.0000000000
128341  43.776  36.089  -3.730 0.0000000000
114884  53.669  23.317  17.118 0.0000000000
114907  54.367  22.757  15.765 0.0000000000
112746  54.548  20.758  14.448 0.0000000000
118024  44.475  25.105  5.724 0.0000000000
177865  48.479  38.500  -8.088 0.0000000000
129171  48.673  36.965  -7.108 0.0000000000
130899  47.722  38.793  -6.501 0.0000000000
129894  48.066  38.167  2.798 0.0000000000
129893  49.917  38.157  2.930 0.0000000000
134012  50.440  43.013  -6.633 0.0000000000
134011  50.503  43.239  -6.868 0.0000000000
131738  50.439  40.421  -7.972 0.0000000000
130933  49.842  38.691  -9.286 0.0000000000
123920  55.649  31.194  2.916 0.0000000000
164138  54.678  30.875  3.441 0.0000000000
123048  55.313  30.827  5.001 0.0000000000
125825  39.961  33.773  -1.318 0.0000000000
125808  41.742  33.363  0.082 0.0000000000
124867  45.176  32.562  0.394 0.0000000000
123933  44.069  31.547  1.784 0.0000000000
123098  45.392  30.676  3.006 0.0000000000
121382  44.890  29.344  5.074 0.0000000000
123075  46.232  30.551  3.855 0.0000000000
130966  45.962  38.783  -13.337 0.0000000000
132491  45.747  40.948  -12.734 0.0000000000
130959  43.906  38.807  -12.724 0.0000000000
128319  41.234  35.689  -2.122 0.0000000000
126696  39.974  34.621  -1.845 0.0000000000
138074  51.969  46.425  0.241 0.0000000000
135593  51.352  43.928  -0.890 0.0000000000
137274  50.975  46.036  1.299 0.0000000000
139707  49.882  48.691  3.957 0.0000000000
138871  48.205  48.474  2.411 0.0000000000
138883  50.117  48.079  1.753 0.0000000000
138098  50.641  47.116  -0.853 0.0000000000
122147  55.710  29.792  11.343 0.0000000000
120529  55.722  28.520  10.859 0.0000000000
119683  55.470  27.331  12.744 0.0000000000
113830  56.211  21.400  12.387 0.0000000000
114950  54.451  22.518  11.673 0.0000000000
113881  56.684  21.840  9.564 0.0000000000
125909  48.384  33.273  -8.457 0.0000000000
124042  48.467  32.020  -6.768 0.0000000000
124974  49.715  32.435  -8.158 0.0000000000
126721  53.281  34.029  -5.042 0.0000000000
124952  54.119  32.352  -5.970 0.0000000000
126712  54.221  34.376  -3.917 0.0000000000
125832  54.239  33.011  -2.063 0.0000000000
177228  54.027  35.362  -2.249 0.0000000000
131693  48.123  40.285  -3.012 0.0000000000
130865  48.854  38.726  -3.738 0.0000000000
129954  49.820  37.828  -2.247 0.0000000000
129062  52.552  37.637  3.181 0.0000000000
172810  53.298  38.721  0.726 0.0000000000
128293  53.121  37.019  2.559 0.0000000000
126667  53.827  35.129  3.149 0.0000000000
127469  54.152  35.524  5.644 0.0000000000
125739  54.371  33.741  8.015 0.0000000000
126615  53.883  34.875  7.847 0.0000000000
123852  51.650  32.144  11.334 0.0000000000
123842  52.878  31.945  12.125 0.0000000000
141234  49.307  50.649  -7.196 0.0000000000
140586  50.811  49.150  -9.057 0.0000000000
139826  48.684  48.842  -10.077 0.0000000000
136440  44.752  45.772  -2.786 0.0000000000
136488  44.096  45.210  -5.122 0.0000000000
135630  45.547  44.773  -5.147 0.0000000000
133236  49.197  42.075  -10.064 0.0000000000
134892  47.525  43.583  -10.061 0.0000000000
134051  48.385  42.523  -11.537 0.0000000000
134916  49.281  43.307  -12.972 0.0000000000
166829  49.883  41.465  -13.963 0.0000000000
131803  49.609  40.511  -15.450 0.0000000000
130972  50.194  39.049  -13.866 0.0000000000
126783  49.555  34.334  -11.159 0.0000000000
191497  48.910  35.248  -13.140 0.0000000000
192080  48.589  34.054  -10.792 0.0000000000
127580  47.535  35.119  -9.247 0.0000000000
124930  50.202  32.503  -3.724 0.0000000000
159720  48.578  33.401  -2.048 0.0000000000
124879  50.447  32.760  -0.804 0.0000000000
123051  50.402  31.134  5.254 0.0000000000
123093  49.977  31.113  3.718 0.0000000000
123044  49.028  30.868  5.793 0.0000000000
122200  47.376  29.859  6.677 0.0000000000
174148  48.104  29.017  7.654 0.0000000000
119717  52.874  26.869  10.725 0.0000000000
121352  52.564  29.288  9.557 0.0000000000
117993  51.374  25.675  9.719 0.0000000000
126702  41.233  33.883  -3.233 0.0000000000
125840  42.225  33.294  -1.682 0.0000000000
125855  42.300  33.034  -2.723 0.0000000000
125838  44.289  33.437  -1.581 0.0000000000
174312  46.246  32.953  -0.283 0.0000000000
129213  44.416  36.396  -11.287 0.0000000000
164514  42.589  35.436  -3.231 0.0000000000
119641  54.969  27.192  15.794 0.0000000000
117933  55.357  26.155  14.307 0.0000000000
115817  54.951  24.271  14.478 0.0000000000
113813  55.594  21.646  13.848 0.0000000000
190253  49.866  34.728  -9.601 0.0000000000
124981  50.376  33.095  -8.188 0.0000000000
127572  49.844  35.133  -7.970 0.0000000000
127560  50.805  35.138  -5.803 0.0000000000
128344  51.514  35.889  -4.379 0.0000000000
129934  47.734  38.269  0.019 0.0000000000
129111  49.315  37.570  -0.550 0.0000000000
130797  49.912  38.467  1.704 0.0000000000
129891  51.473  38.550  3.016 0.0000000000
128258  51.922  36.395  4.771 0.0000000000
161544  52.529  34.751  7.377 0.0000000000
126631  51.011  34.502  6.743 0.0000000000
125724  50.497  33.603  8.794 0.0000000000
123868  50.314  32.298  10.698 0.0000000000
139796  45.358  48.905  -7.909 0.0000000000
136453  47.890  45.652  -3.557 0.0000000000
183308  47.017  44.700  -5.499 0.0000000000
135661  49.748  44.175  -7.105 0.0000000000
134034  50.995  42.446  -8.755 0.0000000000
131764  51.160  40.298  -10.551 0.0000000000
130956  51.124  38.194  -12.296 0.0000000000
130034  51.487  38.417  -11.128 0.0000000000
129200  49.894  37.165  -10.931 0.0000000000
177338  53.713  31.486  -1.116 0.0000000000
123959  51.661  31.799  0.200 0.0000000000
175868  53.483  30.986  1.354 0.0000000000
123068  52.623  31.164  3.998 0.0000000000
169933  51.587  31.025  6.617 0.0000000000
115890  53.490  23.564  7.160 0.0000000000
115883  51.739  24.251  8.290 0.0000000000
123102  42.069  30.747  3.091 0.0000000000
124851  42.794  32.812  0.922 0.0000000000
123121  43.058  31.208  2.456 0.0000000000
122232  43.173  29.751  3.801 0.0000000000
120572  43.799  28.715  5.128 0.0000000000
120566  44.491  28.141  6.091 0.0000000000
118016  45.334  26.289  6.507 0.0000000000
134085  46.812  42.346  -14.402 0.0000000000
165503  45.513  42.427  -12.875 0.0000000000
169252  49.830  43.399  -5.379 0.0000000000
133190  47.496  41.539  -5.495 0.0000000000
134829  50.247  43.427  -2.815 0.0000000000
133982  49.232  42.827  -2.407 0.0000000000
133963  48.099  42.607  -1.663 0.0000000000
132395  46.918  41.116  -1.552 0.0000000000
131649  46.175  39.709  -0.217 0.0000000000
138082  41.920  47.242  -0.451 0.0000000000
138104  44.067  46.796  -0.946 0.0000000000
191946  45.488  46.866  -0.965 0.0000000000
137301  47.822  46.758  -1.748 0.0000000000
137311  49.611  46.503  -2.276 0.0000000000
136450  50.855  45.605  -3.173 0.0000000000
123887  55.812  30.884  7.109 0.0000000000
122183  55.490  30.289  7.710 0.0000000000
191610  55.445  29.227  9.508 0.0000000000
119715  54.610  27.808  10.717 0.0000000000
117988  53.244  25.530  11.138 0.0000000000
178868  54.515  24.410  12.552 0.0000000000
184882  53.564  23.640  11.256 0.0000000000
114955  52.978  23.157  9.946 0.0000000000
126731  46.307  34.069  -6.339 0.0000000000
124020  46.032  31.867  -5.395 0.0000000000
124029  47.247  31.965  -5.979 0.0000000000
167975  49.057  31.702  -5.070 0.0000000000
124002  51.939  31.735  -4.109 0.0000000000
124039  52.095  32.049  -7.059 0.0000000000
124014  53.372  31.343  -5.064 0.0000000000
123993  53.199  31.860  -3.018 0.0000000000
123978  54.235  32.105  -1.879 0.0000000000
124861  55.064  31.882  0.227 0.0000000000
180313  55.007  32.789  2.381 0.0000000000
129980  47.959  38.497  -4.999 0.0000000000
129150  50.562  37.165  -3.849 0.0000000000
129139  53.148  37.461  -3.247 0.0000000000
129109  51.513  37.601  -0.462 0.0000000000
129119  53.660  38.189  -1.525 0.0000000000
176043  54.316  37.051  -2.020 0.0000000000
126684  53.250  34.894  0.473 0.0000000000
125781  54.563  33.496  2.955 0.0000000000
124814  55.130  32.678  4.784 0.0000000000
124797  54.704  33.029  7.066 0.0000000000
123883  55.012  32.008  9.699 0.0000000000
122971  54.983  30.690  12.829 0.0000000000
125700  52.950  33.695  10.332 0.0000000000
122973  54.049  31.722  12.711 0.0000000000
121295  54.582  29.524  14.322 0.0000000000
119625  54.473  27.395  15.845 0.0000000000
141964  51.022  51.264  -8.986 0.0000000000
139824  52.307  48.618  -9.735 0.0000000000
189477  51.405  46.511  -12.373 0.0000000000
179171  46.526  44.332  -7.776 0.0000000000
138209  46.845  47.069  -10.318 0.0000000000
138221  48.420  47.239  -11.332 0.0000000000
137440  50.333  45.457  -12.704 0.0000000000
134925  50.478  43.823  -14.644 0.0000000000
133286  49.360  41.676  -16.041 0.0000000000
130981  47.989  39.660  -14.771 0.0000000000
167728  46.494  37.504  -13.899 0.0000000000
128425  50.329  36.545  -14.570 0.0000000000
166299  48.347  36.285  -13.988 0.0000000000
128407  45.880  35.809  -12.992 0.0000000000
128391  46.364  36.531  -10.511 0.0000000000
128366  46.864  35.954  -7.885 0.0000000000
176497  46.579  33.033  -3.066 0.0000000000
124896  47.308  33.264  -1.065 0.0000000000
184070  47.651  31.674  1.148 0.0000000000
123945  50.361  31.714  1.024 0.0000000000
123132  48.680  31.282  1.800 0.0000000000
123116  47.601  31.004  2.563 0.0000000000
122212  46.855  30.301  5.247 0.0000000000
120563  46.511  28.274  7.040 0.0000000000
180931  53.347  30.327  8.180 0.0000000000
122186  51.756  30.320  8.335 0.0000000000
180988  50.039  28.798  8.926 0.0000000000
116967  50.694  25.151  8.003 0.0000000000
120553  49.147  28.134  8.454 0.0000000000
111756  54.029  20.282  12.765 0.0000000000
162239  55.296  20.036  11.009 0.0000000000
125877  43.671  32.825  -5.341 0.0000000000
125876  44.367  32.957  -5.703 0.0000000000
127562  45.975  35.490  -5.948 0.0000000000
128355  45.804  36.349  -5.899 0.0000000000
127553  45.381  35.065  -5.424 0.0000000000
164258  44.664  34.777  -5.002 0.0000000000
167807  54.108  21.751  15.769 0.0000000000
131740  48.363  39.776  -7.500 0.0000000000
130911  48.273  38.984  -7.653 0.0000000000
131732  47.943  40.085  -6.955 0.0000000000
183743  49.287  42.402  -6.447 0.0000000000
133206  50.827  41.743  -7.343 0.0000000000
132444  49.885  40.922  -7.552 0.0000000000
131748  49.594  39.664  -8.356 0.0000000000
123906  55.796  31.193  3.913 0.0000000000
123065  55.688  31.051  4.461 0.0000000000
123047  55.716  30.993  5.224 0.0000000000
172446  40.561  33.638  -1.559 0.0000000000
125809  40.909  33.417  -0.027 0.0000000000
125824  41.170  33.459  -0.793 0.0000000000
123966  45.756  32.019  0.826 0.0000000000
123951  45.526  31.531  1.399 0.0000000000
123135  46.008  31.172  1.835 0.0000000000
123076  45.638  30.450  3.636 0.0000000000
123117  46.448  31.001  2.359 0.0000000000
130059  45.522  38.053  -13.671 0.0000000000
130967  45.141  38.497  -13.318 0.0000000000
130968  44.275  38.248  -13.368 0.0000000000
126703  40.690  34.114  -2.763 0.0000000000
127521  40.607  34.776  -2.300 0.0000000000
126695  40.315  34.215  -2.329 0.0000000000
125843  39.526  34.124  -1.615 0.0000000000
138051  51.738  46.810  1.810 0.0000000000
137273  51.650  46.384  1.395 0.0000000000
137256  51.308  46.588  2.709 0.0000000000
138859  51.053  47.834  3.379 0.0000000000
138870  50.259  48.236  2.640 0.0000000000
138869  51.044  47.862  2.339 0.0000000000
138056  51.145  47.535  0.851 0.0000000000
121312  55.476  29.178  12.601 0.0000000000
120496  55.600  28.477  12.377 0.0000000000
175140  55.472  28.029  13.162 0.0000000000
113863  56.477  21.643  10.427 0.0000000000
125915  48.576  33.504  -9.149 0.0000000000
124975  48.695  32.751  -8.101 0.0000000000
124983  49.289  32.811  -8.583 0.0000000000
126714  53.671  34.685  -4.460 0.0000000000
126713  53.985  34.299  -4.341 0.0000000000
127540  54.117  35.154  -3.944 0.0000000000
126701  54.280  34.370  -3.342 0.0000000000
127526  54.222  35.380  -2.992 0.0000000000
130854  48.408  39.514  -2.648 0.0000000000
130853  48.797  38.870  -2.541 0.0000000000
129955  48.996  38.308  -1.905 0.0000000000
128273  53.009  36.724  4.205 0.0000000000
129061  52.937  37.340  2.898 0.0000000000
128272  53.443  36.459  4.025 0.0000000000
127482  53.858  35.993  4.436 0.0000000000
127470  53.835  35.988  5.215 0.0000000000
126628  54.009  35.156  7.119 0.0000000000
127434  53.855  35.530  6.717 0.0000000000
122984  51.359  31.496  11.548 0.0000000000
140556  47.330  49.960  -8.243 0.0000000000
141235  48.084  50.557  -7.314 0.0000000000
140555  48.427  50.112  -8.172 0.0000000000
140571  48.841  49.692  -8.853 0.0000000000
139815  48.151  49.187  -9.539 0.0000000000
136439  45.712  45.909  -2.688 0.0000000000
166738  44.952  45.202  -4.097 0.0000000000
192520  45.899  45.009  -4.568 0.0000000000
161361  49.287  41.489  -10.703 0.0000000000
133245  48.706  41.918  -11.212 0.0000000000
132476  49.117  41.299  -11.535 0.0000000000
186863  48.843  41.978  -12.174 0.0000000000
132481  49.653  40.469  -12.665 0.0000000000
131789  49.928  40.029  -14.228 0.0000000000
131784  50.084  39.619  -13.091 0.0000000000
126769  49.446  33.898  -10.595 0.0000000000
126784  49.162  34.127  -11.122 0.0000000000
125932  48.960  33.821  -10.443 0.0000000000
126759  48.264  33.897  -9.507 0.0000000000
124915  51.232  32.651  -2.777 0.0000000000
124902  50.702  32.914  -2.219 0.0000000000
124892  50.960  32.807  -1.543 0.0000000000
164381  50.425  31.053  6.063 0.0000000000
123043  49.775  30.979  5.921 0.0000000000
123030  49.269  30.744  6.535 0.0000000000
122198  48.821  30.277  7.036 0.0000000000
122189  49.124  29.896  7.654 0.0000000000
118916  52.302  26.240  10.532 0.0000000000
119718  52.065  27.004  10.372 0.0000000000
116956  51.741  25.019  9.756 0.0000000000
126707  42.096  33.496  -4.073 0.0000000000
125863  41.580  33.229  -3.283 0.0000000000
124910  42.214  32.954  -4.042 0.0000000000
173405  44.402  32.727  -3.301 0.0000000000
125853  44.614  33.224  -2.420 0.0000000000
125837  45.282  33.482  -1.515 0.0000000000
125819  45.805  33.342  -0.787 0.0000000000
125836  46.142  33.466  -1.403 0.0000000000
174561  45.360  37.391  -9.903 0.0000000000
162540  44.695  37.397  -9.970 0.0000000000
129192  45.244  37.737  -9.370 0.0000000000
160779  44.797  37.975  -5.719 0.0000000000
130912  44.659  38.429  -6.797 0.0000000000
127545  43.473  35.031  -4.083 0.0000000000
168522  43.195  35.548  -3.551 0.0000000000
127535  42.628  34.630  -3.867 0.0000000000
127536  41.801  34.385  -3.498 0.0000000000
117907  54.886  26.074  16.238 0.0000000000
117920  55.188  25.959  15.348 0.0000000000
116891  54.703  24.801  15.985 0.0000000000
112745  55.234  20.933  14.506 0.0000000000
113803  55.224  21.439  14.711 0.0000000000
112744  55.726  20.896  13.881 0.0000000000
113829  56.700  20.753  12.618 0.0000000000
111767  56.338  20.301  12.342 0.0000000000
141273  50.880  50.748  -10.724 0.0000000000
185999  49.673  51.187  -11.377 0.0000000000
127585  49.646  35.499  -9.581 0.0000000000
127578  49.816  35.098  -8.884 0.0000000000
127573  49.345  35.824  -8.192 0.0000000000
128353  49.043  36.533  -6.081 0.0000000000
128359  49.430  35.903  -6.503 0.0000000000
128352  49.581  36.101  -5.716 0.0000000000
127551  51.091  35.424  -5.059 0.0000000000
128345  50.565  36.072  -4.671 0.0000000000
129916  48.254  38.155  0.869 0.0000000000
175861  49.114  37.880  0.624 0.0000000000
129915  49.081  38.213  1.401 0.0000000000
128276  50.044  36.979  3.909 0.0000000000
129892  50.695  38.344  3.029 0.0000000000
129052  50.973  37.430  3.806 0.0000000000
128274  51.482  36.833  4.224 0.0000000000
128259  51.043  36.215  4.666 0.0000000000
179714  51.656  35.379  5.685 0.0000000000
127449  50.876  35.146  5.579 0.0000000000
186054  50.307  34.306  6.855 0.0000000000
125725  49.746  33.433  8.671 0.0000000000
124766  50.308  33.023  9.947 0.0000000000
170854  49.577  32.931  9.781 0.0000000000
136471  48.708  45.454  -4.229 0.0000000000
136485  48.404  45.232  -4.887 0.0000000000
135652  49.963  44.429  -6.492 0.0000000000
132442  51.982  41.383  -8.133 0.0000000000
134026  51.297  42.521  -7.983 0.0000000000
133215  52.150  41.448  -8.688 0.0000000000
132460  51.308  41.074  -9.957 0.0000000000
132468  52.099  40.418  -9.837 0.0000000000
131771  51.883  39.303  -10.847 0.0000000000
130931  52.179  39.175  -10.216 0.0000000000
130025  49.244  38.019  -9.460 0.0000000000
130036  49.481  37.613  -10.198 0.0000000000
129201  49.340  36.789  -10.268 0.0000000000
128380  49.616  35.814  -10.302 0.0000000000
123141  54.217  31.078  0.141 0.0000000000
123142  53.247  31.159  0.292 0.0000000000
183668  54.394  30.902  1.369 0.0000000000
123049  54.094  30.901  4.849 0.0000000000
161742  53.351  31.053  3.380 0.0000000000
160102  52.870  31.119  4.693 0.0000000000
160103  52.063  31.151  5.226 0.0000000000
123041  52.242  31.069  6.007 0.0000000000
189248  41.595  31.304  2.867 0.0000000000
123122  42.245  31.303  2.626 0.0000000000
125822  43.016  33.439  -0.753 0.0000000000
124869  42.702  33.265  0.168 0.0000000000
166842  43.371  32.926  0.573 0.0000000000
123120  44.472  30.875  2.550 0.0000000000
170221  43.880  31.098  2.353 0.0000000000
123099  44.067  30.664  2.881 0.0000000000
122245  43.497  30.308  3.268 0.0000000000
122231  43.891  29.908  3.810 0.0000000000
121384  43.428  28.930  4.674 0.0000000000
121401  44.189  29.624  4.221 0.0000000000
121381  45.484  29.548  5.333 0.0000000000
121379  44.433  28.792  5.518 0.0000000000
120568  44.946  28.609  6.029 0.0000000000
119747  44.771  27.491  6.469 0.0000000000
119746  45.452  27.550  6.707 0.0000000000
133275  48.144  41.968  -15.799 0.0000000000
133266  47.064  41.551  -14.480 0.0000000000
132483  45.247  40.500  -12.144 0.0000000000
133260  45.658  41.712  -12.813 0.0000000000
133253  44.894  41.368  -11.800 0.0000000000
133247  43.914  41.413  -10.740 0.0000000000
134835  51.242  44.326  -3.284 0.0000000000
133995  49.512  43.376  -4.379 0.0000000000
134828  51.129  43.844  -2.855 0.0000000000
134807  50.589  43.532  -1.467 0.0000000000
133976  48.991  42.779  -1.882 0.0000000000
133964  47.011  42.660  -1.575 0.0000000000
131664  46.473  40.119  -0.969 0.0000000000
138083  40.945  47.298  -0.796 0.0000000000
183696  41.907  47.635  0.232 0.0000000000
138064  43.244  47.447  0.194 0.0000000000
138079  44.491  47.182  -0.228 0.0000000000
138103  44.858  46.839  -0.923 0.0000000000
188839  48.396  48.156  1.471 0.0000000000
138059  47.978  47.674  0.099 0.0000000000
138077  47.604  47.348  -0.528 0.0000000000
138100  48.233  47.135  -1.124 0.0000000000
137312  48.499  46.434  -2.322 0.0000000000
138099  49.384  47.216  -1.051 0.0000000000
137309  51.672  45.928  -1.818 0.0000000000
136438  51.227  45.773  -2.558 0.0000000000
136449  51.459  45.142  -2.973 0.0000000000
134844  50.906  44.417  -4.260 0.0000000000
123885  55.726  31.100  7.810 0.0000000000
122170  55.865  30.019  8.545 0.0000000000
122165  55.933  29.844  9.121 0.0000000000
118906  54.889  26.925  11.555 0.0000000000
120541  55.273  28.381  10.506 0.0000000000
118907  54.211  26.496  11.389 0.0000000000
118914  53.628  26.697  11.048 0.0000000000
117987  54.037  25.741  11.582 0.0000000000
116903  54.884  24.042  13.822 0.0000000000
117946  55.236  25.517  13.475 0.0000000000
115837  54.702  23.808  13.181 0.0000000000
114953  54.322  22.402  10.889 0.0000000000
115865  54.101  23.267  11.797 0.0000000000
114954  53.544  22.848  10.356 0.0000000000
115869  53.084  23.534  10.616 0.0000000000
114961  53.500  22.815  9.456 0.0000000000
114973  53.881  22.862  8.520 0.0000000000
114972  55.157  22.729  8.212 0.0000000000
126741  46.914  34.254  -6.820 0.0000000000
124966  46.903  32.919  -6.600 0.0000000000
124965  47.554  32.855  -6.981 0.0000000000
124026  49.781  31.574  -6.398 0.0000000000
124027  48.916  31.651  -6.054 0.0000000000
124017  49.732  31.490  -5.608 0.0000000000
159148  50.425  31.859  -4.492 0.0000000000
124016  51.295  31.569  -4.679 0.0000000000
125893  51.352  33.519  -7.214 0.0000000000
124971  51.783  32.450  -7.254 0.0000000000
124963  52.773  32.243  -6.886 0.0000000000
123999  54.449  32.372  -4.900 0.0000000000
124025  53.979  31.952  -6.064 0.0000000000
124000  54.012  31.688  -4.645 0.0000000000
124001  53.462  31.537  -4.268 0.0000000000
123992  53.930  31.779  -3.652 0.0000000000
184826  54.095  31.981  -2.140 0.0000000000
123985  54.328  32.185  -2.733 0.0000000000
125818  53.710  33.750  -0.835 0.0000000000
125817  54.257  32.791  -1.176 0.0000000000
125799  54.480  32.942  0.624 0.0000000000
124838  55.347  32.217  1.808 0.0000000000
125791  54.584  33.116  1.600 0.0000000000
133185  47.607  41.589  -4.668 0.0000000000
131724  47.319  39.806  -5.671 0.0000000000
131715  47.374  40.076  -4.869 0.0000000000
129142  50.185  37.659  -3.551 0.0000000000
129968  49.567  37.982  -3.782 0.0000000000
129141  50.982  37.348  -3.398 0.0000000000
129149  51.487  37.067  -3.735 0.0000000000
129140  51.971  37.291  -3.319 0.0000000000
129099  50.545  37.557  0.112 0.0000000000
129110  50.189  37.338  -0.661 0.0000000000
129098  51.501  38.038  0.262 0.0000000000
129089  53.398  38.037  0.999 0.0000000000
129944  53.593  38.388  -0.709 0.0000000000
129107  53.781  38.243  -0.636 0.0000000000
161219  54.261  37.750  -1.798 0.0000000000
128311  53.825  37.442  -0.487 0.0000000000
127513  53.590  36.121  -0.809 0.0000000000
173609  53.215  36.010  0.009 0.0000000000
126664  54.362  34.359  4.348 0.0000000000
179117  54.082  34.288  2.678 0.0000000000
126666  54.250  34.335  3.467 0.0000000000
125776  54.699  33.432  3.698 0.0000000000
167967  54.670  33.431  5.379 0.0000000000
179966  55.043  32.432  6.283 0.0000000000
162005  54.658  33.178  6.325 0.0000000000
125720  54.128  33.935  8.805 0.0000000000
168090  54.486  33.105  9.072 0.0000000000
123867  54.601  32.528  10.500 0.0000000000
122983  54.992  31.379  11.743 0.0000000000
123849  54.660  32.117  11.294 0.0000000000
126608  52.221  34.377  8.107 0.0000000000
125722  52.901  34.327  8.752 0.0000000000
125711  52.622  33.926  9.535 0.0000000000
122974  53.328  31.445  12.731 0.0000000000
123850  53.271  32.562  11.807 0.0000000000
122965  53.456  30.763  13.324 0.0000000000
122131  54.244  30.578  13.666 0.0000000000
122114  54.187  29.934  14.100 0.0000000000
120466  54.624  28.186  15.320 0.0000000000
141910  49.838  51.782  -6.471 0.0000000000
142621  47.806  52.767  -7.093 0.0000000000
142620  48.757  52.660  -7.093 0.0000000000
141953  51.086  51.372  -8.056 0.0000000000
139825  51.239  48.661  -9.625 0.0000000000
140585  51.878  49.223  -9.127 0.0000000000
139838  51.580  48.077  -10.329 0.0000000000
139075  51.937  47.242  -11.442 0.0000000000
139076  50.970  47.046  -11.610 0.0000000000
135654  47.319  44.357  -6.879 0.0000000000
184778  46.614  44.314  -7.253 0.0000000000
134867  47.272  44.156  -7.619 0.0000000000
178760  47.338  44.261  -10.628 0.0000000000
135685  46.551  44.653  -9.391 0.0000000000
136536  46.878  45.668  -10.500 0.0000000000
137419  47.332  46.138  -10.988 0.0000000000
138222  47.490  47.011  -10.893 0.0000000000
136544  47.722  45.582  -11.393 0.0000000000
134065  49.959  42.963  -13.731 0.0000000000
135727  49.484  44.098  -12.943 0.0000000000
134915  50.092  43.732  -13.594 0.0000000000
135742  50.464  44.170  -14.050 0.0000000000
134075  50.452  43.259  -14.894 0.0000000000
134098  49.846  42.655  -15.942 0.0000000000
132508  49.763  41.704  -15.750 0.0000000000
130979  49.589  38.816  -14.858 0.0000000000
131797  49.306  39.850  -15.280 0.0000000000
130066  48.076  38.361  -14.497 0.0000000000
130067  47.164  38.175  -14.032 0.0000000000
183225  47.773  37.656  -14.267 0.0000000000
129219  51.569  36.877  -12.863 0.0000000000
130058  51.360  37.339  -13.630 0.0000000000
128413  51.244  36.219  -13.743 0.0000000000
184226  48.515  35.040  -12.657 0.0000000000
127631  48.880  35.690  -13.751 0.0000000000
128415  47.291  35.772  -13.436 0.0000000000
128416  46.282  36.113  -13.548 0.0000000000
127611  46.460  35.634  -12.434 0.0000000000
128399  45.811  35.953  -12.071 0.0000000000
127610  46.837  35.669  -11.611 0.0000000000
126749  47.644  34.384  -8.190 0.0000000000
128372  47.164  35.595  -8.603 0.0000000000
127574  47.229  35.188  -8.001 0.0000000000
172181  46.809  35.027  -6.867 0.0000000000
124007  46.674  31.901  -4.625 0.0000000000
124008  45.875  31.902  -4.725 0.0000000000
124933  47.382  32.364  -3.933 0.0000000000
163961  48.706  33.172  -1.229 0.0000000000
124895  47.948  33.376  -1.505 0.0000000000
124881  48.029  32.991  -0.634 0.0000000000
124864  47.686  32.593  0.113 0.0000000000
124863  48.537  32.582  0.042 0.0000000000
191424  52.099  31.262  1.186 0.0000000000
123129  51.325  31.547  0.968 0.0000000000
123130  50.663  31.392  1.619 0.0000000000
123094  49.094  31.043  3.456 0.0000000000
123114  49.592  31.102  2.841 0.0000000000
123115  48.868  31.053  2.677 0.0000000000
179817  48.268  31.103  2.259 0.0000000000
123095  48.237  30.977  3.165 0.0000000000
123054  47.275  30.679  4.618 0.0000000000
123053  48.036  30.828  4.798 0.0000000000
121364  47.537  28.866  7.414 0.0000000000
121371  47.011  29.094  7.001 0.0000000000
119744  46.806  27.514  7.231 0.0000000000
118945  46.469  26.804  6.939 0.0000000000
118014  46.836  26.118  6.642 0.0000000000
122166  54.541  29.790  8.801 0.0000000000
173784  54.833  30.381  7.453 0.0000000000
190530  53.613  30.055  8.612 0.0000000000
120546  51.889  28.596  9.802 0.0000000000
122168  52.366  29.788  9.145 0.0000000000
121354  51.100  28.770  9.457 0.0000000000
122175  51.194  29.920  8.692 0.0000000000
120548  50.460  28.415  9.249 0.0000000000
115899  52.188  23.952  6.615 0.0000000000
116966  51.230  24.856  8.503 0.0000000000
116978  51.560  24.213  6.913 0.0000000000
125870  42.722  32.991  -4.598 0.0000000000
125869  43.247  32.785  -4.979 0.0000000000
124923  43.694  32.387  -4.319 0.0000000000
124922  44.795  32.410  -3.815 0.0000000000
129178  46.140  37.121  -7.325 0.0000000000
129179  45.700  37.738  -7.714 0.0000000000
129165  45.940  36.914  -6.492 0.0000000000
129166  45.370  37.575  -6.189 0.0000000000
129160  44.639  37.532  -5.004 0.0000000000
128340  44.258  36.973  -4.188 0.0000000000
127544  44.389  35.660  -4.375 0.0000000000
126715  43.767  34.352  -4.724 0.0000000000
115793  53.987  23.879  16.959 0.0000000000
115804  54.449  23.813  16.157 0.0000000000
114896  54.032  23.115  16.620 0.0000000000
112730  54.628  21.246  15.205 0.0000000000
112767  55.395  20.636  14.009 0.0000000000
175365  48.854  37.611  -8.852 0.0000000000
129181  48.785  37.099  -8.250 0.0000000000
129177  48.565  37.333  -7.599 0.0000000000
129172  48.319  37.490  -6.916 0.0000000000
129164  48.204  37.566  -6.155 0.0000000000
130787  47.821  38.580  2.312 0.0000000000
169437  48.678  38.325  2.407 0.0000000000
176118  48.876  38.125  2.763 0.0000000000
128260  49.814  36.247  4.321 0.0000000000
135639  50.611  44.420  -5.687 0.0000000000
134859  50.464  43.964  -6.641 0.0000000000
133196  51.090  42.510  -7.316 0.0000000000
132443  51.276  41.218  -7.720 0.0000000000
132451  51.731  40.631  -8.222 0.0000000000
131757  51.818  39.509  -9.028 0.0000000000
130922  50.541  39.249  -8.912 0.0000000000
130923  49.395  39.069  -8.754 0.0000000000
123108  55.441  31.125  2.132 0.0000000000
123109  54.880  30.888  2.019 0.0000000000
162527  55.311  30.976  2.755 0.0000000000
123066  55.033  30.865  4.240 0.0000000000
123040  54.428  30.792  5.559 0.0000000000
124885  44.588  33.125  -0.100 0.0000000000
124868  44.194  32.647  0.596 0.0000000000
123967  44.952  32.006  0.981 0.0000000000
123137  44.605  31.150  2.106 0.0000000000
175964  44.719  30.617  2.950 0.0000000000
122230  44.544  29.992  3.913 0.0000000000
122229  45.176  30.084  4.095 0.0000000000
122228  45.835  30.214  4.319 0.0000000000
122213  46.058  29.996  5.142 0.0000000000
131791  46.786  40.188  -13.771 0.0000000000
132498  46.662  41.057  -13.843 0.0000000000
131785  46.217  39.677  -13.211 0.0000000000
131779  45.223  39.687  -12.426 0.0000000000
130949  43.546  39.275  -12.043 0.0000000000
128320  41.156  36.563  -1.749 0.0000000000
162103  40.542  35.712  -1.589 0.0000000000
126697  39.251  34.661  -1.356 0.0000000000
125826  39.303  33.839  -1.117 0.0000000000
137297  52.039  45.951  -0.950 0.0000000000
135592  51.841  44.326  -1.452 0.0000000000
137289  52.107  45.598  0.276 0.0000000000
136415  51.762  45.621  0.628 0.0000000000
163423  48.816  49.175  4.028 0.0000000000
138861  48.527  48.828  3.171 0.0000000000
161609  49.372  48.488  2.934 0.0000000000
138884  48.996  48.267  1.991 0.0000000000
138058  49.158  47.763  0.326 0.0000000000
138076  49.938  47.481  -0.308 0.0000000000
138057  50.395  47.656  0.349 0.0000000000
138097  51.670  46.681  -0.557 0.0000000000
122160  55.906  29.756  10.472 0.0000000000
121331  55.864  29.131  10.627 0.0000000000
121322  55.761  28.963  11.618 0.0000000000
120512  55.636  28.167  11.534 0.0000000000
118881  55.014  26.492  12.114 0.0000000000
113831  55.539  21.942  12.957 0.0000000000
114936  54.737  22.681  12.433 0.0000000000
113850  55.278  22.002  11.542 0.0000000000
113864  55.291  21.989  10.661 0.0000000000
113882  55.437  22.072  9.770 0.0000000000
125903  47.924  33.640  -8.010 0.0000000000
124052  48.870  32.230  -7.516 0.0000000000
162568  49.995  31.829  -7.121 0.0000000000
126728  52.904  33.628  -5.730 0.0000000000
125882  53.318  32.892  -6.266 0.0000000000
125875  53.647  33.249  -5.683 0.0000000000
125868  54.157  33.271  -4.935 0.0000000000
125861  54.401  33.444  -3.699 0.0000000000
124914  54.495  32.625  -3.292 0.0000000000
125848  54.345  33.301  -2.923 0.0000000000
125849  54.010  34.239  -2.393 0.0000000000
126694  53.667  34.732  -1.454 0.0000000000
132412  47.879  40.698  -3.648 0.0000000000
131714  47.863  39.676  -4.181 0.0000000000
130859  48.272  39.644  -3.392 0.0000000000
129962  49.756  38.036  -3.129 0.0000000000
159277  50.727  37.387  -2.077 0.0000000000
129903  52.336  39.066  2.034 0.0000000000
129930  53.038  38.956  0.633 0.0000000000
129901  53.181  38.513  1.548 0.0000000000
161355  53.168  37.568  1.816 0.0000000000
187647  53.115  36.620  2.092 0.0000000000
127500  53.138  35.822  1.790 0.0000000000
127495  53.371  35.993  2.738 0.0000000000
127487  54.068  35.250  3.992 0.0000000000
126662  54.354  34.802  5.210 0.0000000000
125755  54.407  34.017  6.674 0.0000000000
191571  54.227  34.854  6.835 0.0000000000
126606  54.046  34.422  8.195 0.0000000000
125721  53.787  34.080  9.235 0.0000000000
166802  51.762  33.134  10.669 0.0000000000
124745  52.479  33.333  10.822 0.0000000000
123843  52.073  31.725  11.811 0.0000000000
122975  52.397  31.268  12.312 0.0000000000
141201  48.400  51.411  -5.984 0.0000000000
141216  48.975  51.095  -6.401 0.0000000000
141233  50.427  50.749  -7.189 0.0000000000
141232  51.016  50.762  -7.572 0.0000000000
140554  49.764  50.126  -7.922 0.0000000000
140587  49.333  49.264  -9.387 0.0000000000
139839  49.639  48.454  -10.470 0.0000000000
136441  43.879  45.715  -2.949 0.0000000000
136457  43.594  45.510  -3.721 0.0000000000
136474  44.179  45.240  -4.301 0.0000000000
135631  44.882  44.860  -5.528 0.0000000000
134028  49.035  43.054  -9.025 0.0000000000
134876  47.490  43.739  -8.691 0.0000000000
134883  48.076  43.201  -9.548 0.0000000000
159396  48.054  43.017  -11.080 0.0000000000
134909  48.019  43.630  -11.488 0.0000000000
135713  48.157  44.321  -11.807 0.0000000000
134058  48.681  42.864  -12.304 0.0000000000
134066  49.270  42.515  -13.027 0.0000000000
133257  49.903  42.215  -13.870 0.0000000000
132502  49.838  41.137  -15.397 0.0000000000
132496  49.959  41.113  -14.735 0.0000000000
178164  49.875  39.564  -14.553 0.0000000000
130073  50.318  37.797  -14.629 0.0000000000
128398  50.249  35.923  -11.961 0.0000000000
127615  50.942  35.869  -13.241 0.0000000000
126795  49.487  34.680  -11.929 0.0000000000
126796  48.902  34.587  -11.938 0.0000000000
126786  47.665  34.987  -11.506 0.0000000000
127598  47.382  35.323  -10.949 0.0000000000
126771  47.975  34.578  -10.697 0.0000000000
126753  47.881  34.420  -9.026 0.0000000000
124931  49.327  32.613  -3.759 0.0000000000
124919  48.134  32.880  -3.406 0.0000000000
124917  49.681  32.951  -3.085 0.0000000000
124894  49.370  33.301  -1.779 0.0000000000
189393  49.895  32.725  -0.465 0.0000000000
123070  51.335  31.199  4.125 0.0000000000
172366  51.067  31.153  2.986 0.0000000000
123071  50.627  31.171  4.363 0.0000000000
164380  49.557  31.026  5.138 0.0000000000
123052  48.799  30.936  4.972 0.0000000000
123045  48.287  30.743  5.630 0.0000000000
122206  48.532  30.588  6.387 0.0000000000
121370  47.732  29.490  7.210 0.0000000000
120558  47.805  28.262  7.658 0.0000000000
120542  53.772  28.119  10.402 0.0000000000
121346  52.945  28.594  10.058 0.0000000000
188735  52.336  28.170  10.115 0.0000000000
120544  51.865  27.763  10.109 0.0000000000
118920  50.921  26.369  9.596 0.0000000000
125856  41.132  33.588  -2.733 0.0000000000
125841  41.245  33.387  -1.823 0.0000000000
172426  41.632  33.237  -2.519 0.0000000000
125839  43.252  33.366  -1.621 0.0000000000
124909  42.583  32.784  -3.512 0.0000000000
125854  43.448  33.100  -2.486 0.0000000000
125821  43.988  33.449  -0.789 0.0000000000
124884  45.456  33.025  -0.204 0.0000000000
124866  46.009  32.561  0.263 0.0000000000
123965  46.535  32.035  0.699 0.0000000000
128409  44.273  36.187  -12.655 0.0000000000
129221  43.657  36.556  -12.478 0.0000000000
129205  43.252  36.862  -10.464 0.0000000000
130012  45.058  38.227  -8.087 0.0000000000
129153  43.667  36.887  -3.575 0.0000000000
129143  43.265  37.171  -3.311 0.0000000000
127528  41.990  35.334  -2.928 0.0000000000
127529  41.260  34.821  -2.818 0.0000000000
171566  48.986  49.462  4.802 0.0000000000
139696  50.026  48.856  5.062 0.0000000000
139695  50.529  48.296  4.762 0.0000000000
119656  55.147  27.496  15.127 0.0000000000
118860  55.386  26.925  14.230 0.0000000000
118851  55.247  26.762  15.173 0.0000000000
184189  55.239  25.480  14.396 0.0000000000
164821  54.845  23.306  13.761 0.0000000000
185324  54.660  23.282  15.326 0.0000000000
114914  55.026  22.467  14.229 0.0000000000
113812  56.101  21.044  13.213 0.0000000000
113848  57.038  20.859  11.934 0.0000000000
126758  49.842  34.123  -9.967 0.0000000000
125908  49.923  33.528  -8.785 0.0000000000
179157  49.947  34.173  -9.292 0.0000000000
125902  50.432  33.760  -8.154 0.0000000000
126738  51.048  34.222  -6.881 0.0000000000
127566  49.348  35.812  -7.351 0.0000000000
127564  50.603  34.865  -6.533 0.0000000000
126730  51.302  34.507  -6.217 0.0000000000
127559  51.605  34.790  -5.507 0.0000000000
127549  52.986  34.933  -4.576 0.0000000000
127542  53.558  35.673  -4.184 0.0000000000
130841  47.972  39.118  -1.505 0.0000000000
129946  48.798  37.923  -0.965 0.0000000000
129933  48.650  37.784  -0.075 0.0000000000
129932  49.972  37.857  0.649 0.0000000000
129914  50.435  38.377  1.287 0.0000000000
130785  50.216  38.586  2.238 0.0000000000
130784  50.983  38.895  2.358 0.0000000000
130768  51.665  38.986  2.494 0.0000000000
129063  52.046  38.216  3.118 0.0000000000
129035  52.331  36.854  4.249 0.0000000000
128257  52.791  36.499  4.826 0.0000000000
127447  53.101  35.892  5.922 0.0000000000
127436  52.348  35.337  6.151 0.0000000000
126630  51.906  34.759  6.714 0.0000000000
160633  51.562  34.420  7.414 0.0000000000
126617  50.674  34.177  7.435 0.0000000000
170606  51.194  33.719  8.959 0.0000000000
124765  51.144  33.206  10.202 0.0000000000
123853  50.859  31.911  11.110 0.0000000000
122985  50.673  31.249  11.353 0.0000000000
139806  46.033  49.032  -8.482 0.0000000000
137326  47.223  45.893  -2.975 0.0000000000
136473  46.573  45.193  -4.221 0.0000000000
136472  47.606  45.354  -4.197 0.0000000000
135642  47.768  44.602  -6.146 0.0000000000
167388  49.379  43.901  -7.640 0.0000000000
134865  50.222  43.687  -7.297 0.0000000000
134027  50.300  42.905  -8.453 0.0000000000
134875  49.537  43.458  -8.183 0.0000000000
134035  49.685  42.575  -9.261 0.0000000000
132469  50.215  41.054  -10.500 0.0000000000
131772  50.457  40.009  -11.344 0.0000000000
130957  50.778  39.031  -12.252 0.0000000000
130948  51.086  39.284  -11.623 0.0000000000
130042  51.167  38.005  -11.885 0.0000000000
129210  51.198  37.241  -12.266 0.0000000000
130932  51.573  38.995  -9.635 0.0000000000
130035  50.574  37.985  -10.780 0.0000000000
129211  50.424  36.800  -11.718 0.0000000000
188554  49.903  35.457  -11.546 0.0000000000
169183  49.814  34.832  -10.197 0.0000000000
123980  53.154  31.838  -1.608 0.0000000000
123981  52.175  32.128  -1.263 0.0000000000
123958  52.621  31.506  -0.127 0.0000000000
123143  52.302  31.429  0.594 0.0000000000
123111  52.607  31.086  1.760 0.0000000000
170130  54.220  30.912  2.676 0.0000000000
169834  52.949  31.067  2.631 0.0000000000
123069  51.912  31.192  3.896 0.0000000000
123050  51.250  31.199  4.883 0.0000000000
123042  51.223  31.130  5.817 0.0000000000
123017  50.372  30.686  7.332 0.0000000000
114974  52.651  23.380  8.623 0.0000000000
179203  51.686  24.559  9.125 0.0000000000
115882  52.354  23.728  8.070 0.0000000000
122247  41.877  30.156  3.530 0.0000000000
125823  42.043  33.388  -0.763 0.0000000000
159568  42.090  33.004  0.785 0.0000000000
184352  42.267  32.662  1.286 0.0000000000
124850  43.474  32.478  1.054 0.0000000000
123953  42.824  32.285  1.516 0.0000000000
123935  42.480  31.814  2.117 0.0000000000
123101  42.852  30.736  2.934 0.0000000000
122246  42.653  30.180  3.402 0.0000000000
121403  42.954  29.181  4.238 0.0000000000
121385  42.790  28.640  4.688 0.0000000000
121383  44.150  29.206  4.749 0.0000000000
118950  44.514  26.605  6.396 0.0000000000
133267  46.474  41.858  -13.854 0.0000000000
134077  46.233  42.626  -13.839 0.0000000000
130053  43.084  37.380  -12.428 0.0000000000
130950  42.818  38.978  -11.854 0.0000000000
133198  48.678  41.731  -6.669 0.0000000000
132427  47.731  41.267  -6.244 0.0000000000
133189  48.214  42.049  -6.032 0.0000000000
133996  48.704  42.851  -4.845 0.0000000000
133990  48.635  42.686  -3.866 0.0000000000
134819  50.925  43.602  -2.132 0.0000000000
133989  49.337  43.055  -3.274 0.0000000000
186157  48.212  42.019  -3.537 0.0000000000
133174  48.171  41.515  -2.977 0.0000000000
133168  48.212  41.645  -2.300 0.0000000000
132407  47.548  40.538  -1.767 0.0000000000
131663  47.133  39.929  -1.307 0.0000000000
130824  47.220  38.843  -0.336 0.0000000000
129935  47.110  38.800  0.365 0.0000000000
137306  42.852  46.370  -1.742 0.0000000000
138065  42.537  47.509  0.191 0.0000000000
138081  42.840  47.138  -0.415 0.0000000000
137305  43.691  46.386  -1.616 0.0000000000
137304  44.513  46.436  -1.518 0.0000000000
137315  45.050  46.169  -2.087 0.0000000000
171069  45.892  46.343  -1.945 0.0000000000
138862  47.560  48.680  2.691 0.0000000000
138061  46.044  47.392  0.037 0.0000000000
180351  46.524  46.922  -1.095 0.0000000000
137325  48.169  46.037  -2.944 0.0000000000
136452  48.958  45.759  -3.557 0.0000000000
136470  49.878  45.489  -4.197 0.0000000000
137299  50.066  46.850  -1.608 0.0000000000
137323  50.314  46.106  -2.811 0.0000000000
173473  50.555  45.155  -4.690 0.0000000000
135627  50.731  44.418  -5.142 0.0000000000
134004  50.365  43.455  -6.061 0.0000000000
123892  55.809  30.986  6.150 0.0000000000
123038  55.757  30.841  5.914 0.0000000000
123011  55.816  30.523  7.426 0.0000000000
122171  55.471  29.963  8.344 0.0000000000
121351  54.528  29.274  9.452 0.0000000000
120540  55.701  28.822  10.291 0.0000000000
121344  55.171  28.838  9.954 0.0000000000
119716  53.674  27.389  10.753 0.0000000000
118915  53.012  26.157  10.925 0.0000000000
115867  52.636  24.252  10.459 0.0000000000
118868  55.386  26.380  13.405 0.0000000000
117960  55.142  26.014  12.681 0.0000000000
117961  54.665  25.820  12.109 0.0000000000
115850  54.440  23.537  12.523 0.0000000000
115851  53.961  24.145  11.778 0.0000000000
116931  54.266  25.033  11.993 0.0000000000
115866  53.231  24.212  11.060 0.0000000000
115870  52.559  23.681  9.885 0.0000000000
178322  53.116  23.072  8.790 0.0000000000
126732  45.745  34.296  -5.916 0.0000000000
125885  45.119  33.176  -5.972 0.0000000000
125884  45.876  33.353  -6.191 0.0000000000
124030  46.435  32.102  -5.936 0.0000000000
124018  47.667  31.655  -5.428 0.0000000000
124043  47.737  32.268  -6.588 0.0000000000
185608  48.349  31.636  -5.491 0.0000000000
124005  48.845  32.165  -4.301 0.0000000000
124004  49.609  32.088  -4.378 0.0000000000
124003  51.058  32.086  -3.943 0.0000000000
123995  51.653  32.199  -3.377 0.0000000000
124973  50.351  32.537  -8.009 0.0000000000
124049  51.088  32.212  -7.451 0.0000000000
123178  51.481  31.472  -6.587 0.0000000000
124038  53.396  32.007  -6.643 0.0000000000
123168  53.019  31.602  -6.500 0.0000000000
123162  51.623  31.191  -5.453 0.0000000000
124015  52.274  31.293  -4.872 0.0000000000
164620  52.742  31.789  -3.598 0.0000000000
123994  52.201  32.249  -2.742 0.0000000000
183547  53.760  31.837  -2.054 0.0000000000
123979  54.058  31.735  -1.539 0.0000000000
123957  54.914  31.505  -0.205 0.0000000000
124890  54.399  32.215  -1.551 0.0000000000
124877  54.631  31.985  -0.659 0.0000000000
190642  55.275  31.420  0.410 0.0000000000
124848  55.609  31.556  1.610 0.0000000000
124837  55.644  31.683  2.452 0.0000000000
124825  55.819  31.577  3.423 0.0000000000
132436  47.500  40.404  -6.368 0.0000000000
129986  47.886  38.239  -5.886 0.0000000000
129158  48.241  37.718  -5.369 0.0000000000
166007  48.479  38.609  -4.253 0.0000000000
129152  48.598  38.001  -4.659 0.0000000000
129156  49.465  37.028  -4.689 0.0000000000
128338  50.993  36.590  -4.111 0.0000000000
128337  52.043  36.655  -3.993 0.0000000000
128335  53.855  36.422  -3.843 0.0000000000
129123  49.516  37.654  -1.311 0.0000000000
129121  51.010  37.312  -1.275 0.0000000000
160038  51.660  37.376  -1.945 0.0000000000
129945  53.297  38.664  -0.145 0.0000000000
129108  52.964  38.310  -0.811 0.0000000000
129131  52.422  37.530  -2.644 0.0000000000
129130  53.553  37.938  -2.448 0.0000000000
129138  53.990  37.623  -2.947 0.0000000000
128325  54.265  36.310  -3.230 0.0000000000
127520  53.988  36.042  -1.637 0.0000000000
190562  53.557  35.396  -1.060 0.0000000000
125800  53.810  33.945  1.039 0.0000000000
126680  53.381  34.909  1.405 0.0000000000
125792  53.931  34.130  1.899 0.0000000000
188526  54.402  33.584  2.309 0.0000000000
124817  55.315  32.486  3.933 0.0000000000
124813  55.716  31.625  5.088 0.0000000000
124796  55.516  31.744  6.558 0.0000000000
124790  55.408  31.808  7.333 0.0000000000
123882  55.480  31.349  8.787 0.0000000000
124791  54.767  32.840  7.849 0.0000000000
173940  54.902  32.362  9.159 0.0000000000
180789  55.504  31.109  9.524 0.0000000000
123848  55.222  31.215  10.874 0.0000000000
163116  55.250  30.654  12.044 0.0000000000
183196  55.190  29.646  13.216 0.0000000000
126629  53.539  35.171  7.227 0.0000000000
126602  53.366  34.160  9.189 0.0000000000
125699  53.686  33.617  10.402 0.0000000000
124734  52.857  32.964  11.315 0.0000000000
124733  53.599  33.015  11.354 0.0000000000
163772  54.013  32.582  11.794 0.0000000000
123840  54.356  31.960  12.165 0.0000000000
122130  54.875  30.299  13.427 0.0000000000
121276  54.911  29.084  14.420 0.0000000000
120465  54.930  28.323  14.990 0.0000000000
119624  54.767  27.059  16.127 0.0000000000
118837  54.471  26.655  16.272 0.0000000000
117895  54.035  25.245  16.753 0.0000000000
141260  51.856  50.263  -9.645 0.0000000000
140552  51.465  50.290  -8.053 0.0000000000
140568  51.811  49.933  -8.791 0.0000000000
140598  52.492  48.765  -10.241 0.0000000000
139850  52.486  48.179  -10.934 0.0000000000
138229  51.995  47.152  -11.763 0.0000000000
191901  50.988  45.608  -13.740 0.0000000000
139807  45.331  48.203  -8.400 0.0000000000
139817  46.422  48.633  -9.115 0.0000000000
187885  46.194  44.615  -5.540 0.0000000000
135644  45.670  44.608  -6.009 0.0000000000
135684  46.934  44.061  -8.974 0.0000000000
139055  46.528  47.525  -9.852 0.0000000000
139042  46.833  48.241  -9.713 0.0000000000
139827  47.656  48.604  -10.045 0.0000000000
139066  48.004  47.687  -10.897 0.0000000000
138220  49.647  47.373  -11.536 0.0000000000
137431  48.555  45.922  -11.977 0.0000000000
137430  49.584  46.071  -12.328 0.0000000000
138231  50.192  46.671  -12.028 0.0000000000
137429  50.967  46.112  -12.429 0.0000000000
136569  51.005  45.542  -13.399 0.0000000000
136589  50.555  44.692  -14.601 0.0000000000
134955  50.017  43.273  -15.757 0.0000000000
173081  48.434  41.344  -15.895 0.0000000000
181277  49.502  41.156  -15.789 0.0000000000
132503  48.477  40.731  -15.649 0.0000000000
131799  47.917  40.342  -15.006 0.0000000000
130974  46.802  39.136  -13.746 0.0000000000
130068  46.277  38.147  -13.711 0.0000000000
129225  45.646  37.325  -13.886 0.0000000000
130971  50.769  38.136  -13.721 0.0000000000
130064  50.861  37.554  -14.189 0.0000000000
129241  49.558  37.026  -14.598 0.0000000000
127630  49.970  35.767  -13.971 0.0000000000
168955  49.476  36.286  -14.277 0.0000000000
129231  48.769  36.836  -14.311 0.0000000000
128422  47.269  36.334  -13.835 0.0000000000
159530  45.652  36.555  -13.807 0.0000000000
128418  44.600  36.391  -13.336 0.0000000000
128400  44.775  36.095  -12.024 0.0000000000
129212  45.571  36.522  -11.133 0.0000000000
128382  46.464  36.759  -9.574 0.0000000000
183557  46.905  36.171  -10.061 0.0000000000
128381  47.065  35.938  -9.351 0.0000000000
128373  46.696  36.510  -8.574 0.0000000000
128361  46.456  36.302  -7.106 0.0000000000
168459  46.477  35.593  -6.635 0.0000000000
124009  45.094  32.094  -5.388 0.0000000000
124935  45.357  32.110  -4.320 0.0000000000
124906  46.183  33.262  -2.636 0.0000000000
192125  47.941  33.248  -2.944 0.0000000000
124905  46.962  33.393  -2.501 0.0000000000
125851  46.521  33.500  -1.972 0.0000000000
124883  46.613  33.204  -0.784 0.0000000000
124865  46.823  32.603  0.105 0.0000000000
123949  47.014  31.598  1.208 0.0000000000
123974  51.072  32.285  -0.261 0.0000000000
123975  50.266  32.481  -0.073 0.0000000000
123961  49.922  32.104  0.483 0.0000000000
179819  50.007  31.225  2.141 0.0000000000
123946  49.587  31.740  1.067 0.0000000000
123962  49.077  32.107  0.560 0.0000000000
123948  48.176  31.498  1.395 0.0000000000
123133  47.582  31.221  1.756 0.0000000000
179816  47.063  31.060  2.239 0.0000000000
123074  46.922  30.765  3.738 0.0000000000
122227  46.526  30.454  4.490 0.0000000000
122209  46.520  29.936  5.783 0.0000000000
122208  47.126  30.136  5.997 0.0000000000
121376  46.661  29.655  6.417 0.0000000000
120564  45.822  28.235  6.717 0.0000000000
118946  45.763  26.869  6.775 0.0000000000
123025  55.587  30.610  6.340 0.0000000000
123013  54.480  30.646  6.856 0.0000000000
123014  53.018  30.832  7.086 0.0000000000
122185  52.531  30.601  7.878 0.0000000000
123015  51.992  30.879  7.236 0.0000000000
176040  51.631  30.664  7.790 0.0000000000
122187  50.922  30.388  8.015 0.0000000000
122188  49.968  30.039  7.951 0.0000000000
117998  51.270  25.182  9.213 0.0000000000
117994  50.932  25.701  9.297 0.0000000000
118926  50.414  26.002  9.064 0.0000000000
116975  50.693  24.942  7.330 0.0000000000
118000  50.221  25.713  8.350 0.0000000000
118921  50.286  26.738  9.231 0.0000000000
120552  49.776  28.051  8.884 0.0000000000
121357  49.520  28.772  8.613 0.0000000000
121362  49.370  29.372  8.209 0.0000000000
179952  48.507  28.333  8.040 0.0000000000
119738  48.118  27.522  7.792 0.0000000000
178940  54.621  20.476  13.637 0.0000000000
185115  54.827  20.185  12.455 0.0000000000
111768  55.241  20.074  11.877 0.0000000000
174021  55.635  20.245  12.610 0.0000000000
111753  56.712  20.599  12.564 0.0000000000
111754  56.176  20.503  12.979 0.0000000000
111755  55.269  20.383  13.184 0.0000000000
111769  54.072  20.105  11.904 0.0000000000
111811  55.333  20.131  10.193 0.0000000000
112766  56.257  20.706  13.119 0.0000000000
112789  57.027  20.617  12.128 0.0000000000
112812  57.352  20.610  11.373 0.0000000000
113785  54.012  22.317  16.166 0.0000000000
113849  56.367  21.476  11.386 0.0000000000
113865  54.332  22.360  10.031 0.0000000000
113899  55.796  22.201  8.920 0.0000000000
114885  53.521  22.680  16.910 0.0000000000
114951  53.741  23.034  11.101 0.0000000000
114962  52.756  23.260  9.312 0.0000000000
114979  53.151  23.289  7.967 0.0000000000
115794  53.529  23.792  17.157 0.0000000000
115818  54.795  24.092  15.229 0.0000000000
115829  54.808  23.401  14.519 0.0000000000
115891  52.679  23.755  7.298 0.0000000000
115892  51.941  24.049  7.435 0.0000000000
116880  54.920  25.503  15.899 0.0000000000
116881  54.233  24.683  16.672 0.0000000000
116890  55.049  24.984  15.033 0.0000000000
116902  55.086  24.826  14.029 0.0000000000
116915  54.900  24.650  13.255 0.0000000000
116930  54.821  25.238  12.638 0.0000000000
116952  53.577  24.901  11.414 0.0000000000
116953  52.862  24.872  10.873 0.0000000000
116955  52.267  24.921  10.325 0.0000000000
116974  51.266  24.579  7.586 0.0000000000
116979  51.017  24.545  6.833 0.0000000000
117908  54.454  26.078  16.458 0.0000000000
117909  53.848  25.861  16.535 0.0000000000
117989  52.564  25.542  10.689 0.0000000000
117990  51.931  25.596  10.210 0.0000000000
117999  50.770  25.423  8.751 0.0000000000
118835  55.037  26.750  15.843 0.0000000000
118836  54.715  26.560  16.289 0.0000000000
118880  55.329  26.715  12.680 0.0000000000
118905  55.294  27.110  12.082 0.0000000000
118908  53.627  26.117  11.231 0.0000000000
118919  51.613  26.327  10.098 0.0000000000
118947  45.150  26.955  6.624 0.0000000000
119642  54.844  27.664  15.740 0.0000000000
119643  54.099  28.043  15.280 0.0000000000
119668  55.443  27.077  13.373 0.0000000000
119705  55.313  27.557  11.550 0.0000000000
119706  54.941  27.481  11.183 0.0000000000
119707  54.351  27.138  11.118 0.0000000000
119721  51.338  27.095  9.952 0.0000000000
119723  50.311  27.571  9.293 0.0000000000
119737  48.817  27.342  8.156 0.0000000000
119739  47.468  27.530  7.507 0.0000000000
119745  46.132  27.536  6.947 0.0000000000
120530  55.310  27.975  11.026 0.0000000000
120543  52.759  27.713  10.414 0.0000000000
120547  51.065  27.927  9.683 0.0000000000
120551  50.674  29.248  8.985 0.0000000000
120559  47.164  28.268  7.364 0.0000000000
120565  45.146  28.164  6.428 0.0000000000
121277  54.607  28.889  14.779 0.0000000000
121294  54.912  29.680  13.921 0.0000000000
121296  54.218  29.337  14.512 0.0000000000
121343  55.892  29.350  9.773 0.0000000000
121350  55.589  29.541  8.986 0.0000000000
121353  51.625  29.428  9.261 0.0000000000
121356  49.996  29.360  8.552 0.0000000000
121363  48.739  29.211  7.914 0.0000000000
121372  46.224  28.960  6.629 0.0000000000
121377  45.945  29.446  5.936 0.0000000000
121378  45.202  29.092  5.716 0.0000000000
121402  43.633  29.412  4.229 0.0000000000
122113  54.563  30.030  13.934 0.0000000000
122137  55.369  29.912  12.457 0.0000000000
122138  52.638  30.712  12.846 0.0000000000
122167  53.318  29.732  9.198 0.0000000000
122172  54.460  30.177  8.098 0.0000000000
122173  52.629  30.143  8.629 0.0000000000
122174  51.871  29.966  8.841 0.0000000000
122176  50.530  29.828  8.467 0.0000000000
122182  55.774  30.264  8.044 0.0000000000
122184  53.751  30.534  7.610 0.0000000000
122190  48.402  29.728  7.442 0.0000000000
122199  48.099  30.077  6.859 0.0000000000
122207  47.821  30.365  6.199 0.0000000000
122211  47.564  30.554  5.436 0.0000000000
122214  45.349  29.828  4.747 0.0000000000
122215  44.712  29.684  4.466 0.0000000000
122243  44.978  30.323  3.471 0.0000000000
122963  54.590  30.868  13.193 0.0000000000
122964  54.088  31.216  13.149 0.0000000000
122972  54.670  31.315  12.646 0.0000000000
122976  51.179  30.828  11.781 0.0000000000
122982  55.520  30.523  11.055 0.0000000000
123006  55.933  30.407  8.936 0.0000000000
123007  55.917  30.463  8.180 0.0000000000
123012  55.553  30.505  7.051 0.0000000000
123016  51.173  30.869  7.308 0.0000000000
123024  55.805  30.695  6.638 0.0000000000
123026  53.431  30.906  6.258 0.0000000000
123027  52.383  30.980  6.643 0.0000000000
123028  50.774  30.986  6.643 0.0000000000
123029  50.010  30.870  6.643 0.0000000000
123039  55.511  30.731  5.679 0.0000000000
123067  53.726  30.991  4.107 0.0000000000
123072  49.327  31.061  4.317 0.0000000000
123073  47.752  30.882  3.946 0.0000000000
123091  55.571  31.031  3.617 0.0000000000
123092  50.818  31.160  3.604 0.0000000000
123096  46.955  30.918  2.869 0.0000000000
123097  46.194  30.764  3.122 0.0000000000
123100  43.486  30.794  2.786 0.0000000000
123110  53.762  30.919  1.951 0.0000000000
123112  50.886  31.184  2.330 0.0000000000
123113  50.387  31.113  2.925 0.0000000000
123118  45.734  30.923  2.439 0.0000000000
123119  45.046  30.882  2.484 0.0000000000
123125  55.333  31.267  0.843 0.0000000000
123126  55.168  31.048  1.434 0.0000000000
123127  53.835  30.961  0.790 0.0000000000
123128  52.897  31.129  0.977 0.0000000000
123131  49.378  31.397  1.640 0.0000000000
123134  46.732  31.225  1.759 0.0000000000
123136  45.297  31.154  1.951 0.0000000000
123147  54.555  31.331  -0.443 0.0000000000
123160  53.579  31.521  -5.971 0.0000000000
123161  52.687  31.224  -5.724 0.0000000000
123163  50.591  31.404  -5.294 0.0000000000
123167  53.667  31.883  -6.420 0.0000000000
123169  52.024  31.266  -6.255 0.0000000000
123171  50.664  31.588  -6.643 0.0000000000
123176  52.819  31.917  -6.810 0.0000000000
123177  52.211  31.666  -6.786 0.0000000000
123841  53.680  32.119  12.301 0.0000000000
123851  52.459  32.363  11.599 0.0000000000
123866  55.133  31.584  10.318 0.0000000000
123903  55.811  31.162  4.721 0.0000000000
123932  55.606  31.262  2.122 0.0000000000
123934  43.324  31.653  1.967 0.0000000000
123944  55.479  31.288  1.517 0.0000000000
123947  48.839  31.665  1.192 0.0000000000
123952  44.790  31.525  1.566 0.0000000000
123956  55.541  31.492  0.890 0.0000000000
123960  50.759  31.985  0.406 0.0000000000
123963  48.180  32.012  0.715 0.0000000000
123964  47.317  32.083  0.656 0.0000000000
123971  54.199  31.468  -0.959 0.0000000000
123972  53.706  31.248  -0.502 0.0000000000
123973  51.950  31.979  -0.527 0.0000000000
123986  53.892  31.884  -2.723 0.0000000000
123987  53.107  31.954  -2.364 0.0000000000
123991  54.458  32.164  -3.536 0.0000000000
124006  47.488  31.875  -4.705 0.0000000000
124012  54.236  32.167  -5.521 0.0000000000
124013  54.011  31.727  -5.439 0.0000000000
124019  46.879  31.736  -5.365 0.0000000000
124028  48.040  31.845  -6.051 0.0000000000
124037  53.834  32.135  -6.416 0.0000000000
124040  51.406  31.823  -6.996 0.0000000000
124041  49.230  31.840  -6.949 0.0000000000
124050  50.203  32.145  -7.684 0.0000000000
124051  49.523  32.076  -7.656 0.0000000000
124732  54.167  32.881  11.105 0.0000000000
124735  52.050  32.781  11.116 0.0000000000
124736  51.175  32.602  10.804 0.0000000000
124744  53.261  33.409  10.908 0.0000000000
124746  49.848  32.645  10.327 0.0000000000
124764  54.507  32.870  9.800 0.0000000000
124780  55.022  32.264  8.350 0.0000000000
124806  55.669  31.619  5.833 0.0000000000
124807  55.023  32.654  5.655 0.0000000000
124816  55.811  31.589  4.275 0.0000000000
124826  55.262  32.528  3.138 0.0000000000
124849  55.251  32.138  1.089 0.0000000000
124862  49.433  32.599  -0.108 0.0000000000
124878  51.367  32.500  -0.979 0.0000000000
124882  47.199  32.934  -0.418 0.0000000000
124891  51.632  32.549  -1.582 0.0000000000
124893  50.158  33.060  -1.590 0.0000000000
124900  54.395  32.470  -2.455 0.0000000000
124901  51.482  32.646  -2.147 0.0000000000
124903  49.937  33.135  -2.345 0.0000000000
124904  49.177  33.288  -2.547 0.0000000000
124907  45.295  33.036  -2.886 0.0000000000
124916  50.454  32.851  -2.921 0.0000000000
124918  48.914  32.999  -3.231 0.0000000000
124920  47.339  33.035  -3.144 0.0000000000
124921  45.810  32.749  -3.367 0.0000000000
124924  42.856  32.694  -4.226 0.0000000000
124932  48.685  32.617  -3.761 0.0000000000
124934  46.447  32.437  -3.829 0.0000000000
124937  43.620  32.507  -5.047 0.0000000000
124938  43.164  32.641  -4.744 0.0000000000
124943  54.273  32.609  -5.352 0.0000000000
124944  45.596  32.275  -5.897 0.0000000000
124945  44.878  32.518  -5.862 0.0000000000
124946  44.214  32.468  -5.463 0.0000000000
124953  53.877  32.559  -6.202 0.0000000000
124954  46.983  32.436  -6.394 0.0000000000
124955  46.211  32.664  -6.262 0.0000000000
124956  45.444  32.701  -6.083 0.0000000000
124962  53.509  32.301  -6.612 0.0000000000
124964  48.226  32.513  -7.296 0.0000000000
124972  50.967  32.719  -7.641 0.0000000000
124976  48.096  33.056  -7.715 0.0000000000
124982  49.824  32.909  -8.492 0.0000000000
124984  48.856  33.154  -8.791 0.0000000000
124989  49.500  33.207  -9.016 0.0000000000
125701  52.071  33.547  10.225 0.0000000000
125709  54.058  33.644  9.706 0.0000000000
125710  53.485  33.910  9.771 0.0000000000
125712  51.606  33.663  9.549 0.0000000000
125713  50.769  33.426  9.485 0.0000000000
125714  50.040  33.251  9.319 0.0000000000
125740  51.175  33.998  8.215 0.0000000000
125741  50.215  33.781  8.073 0.0000000000
125765  54.528  33.705  5.976 0.0000000000
125773  54.551  33.818  4.930 0.0000000000
125806  54.357  32.792  -0.290 0.0000000000
125820  44.922  33.403  -0.797 0.0000000000
125833  53.915  33.676  -1.596 0.0000000000
125834  47.234  33.518  -1.787 0.0000000000
125835  46.778  33.428  -1.375 0.0000000000
125842  40.079  33.993  -1.934 0.0000000000
125844  39.015  34.135  -1.366 0.0000000000
125850  47.788  33.431  -2.401 0.0000000000
125862  41.821  33.150  -3.800 0.0000000000
125867  54.273  33.473  -4.343 0.0000000000
125874  54.031  32.920  -5.594 0.0000000000
125878  43.248  33.288  -5.043 0.0000000000
125883  52.517  33.321  -6.374 0.0000000000
125891  52.923  32.648  -6.668 0.0000000000
125892  52.083  32.932  -6.943 0.0000000000
125894  47.181  33.459  -6.969 0.0000000000
125895  46.575  33.425  -6.524 0.0000000000
125900  51.425  32.935  -7.372 0.0000000000
125901  50.906  33.301  -7.732 0.0000000000
125904  47.663  33.395  -7.427 0.0000000000
125914  49.600  33.695  -9.576 0.0000000000
125922  49.293  33.660  -10.045 0.0000000000
125923  48.744  33.684  -9.813 0.0000000000
126607  53.695  34.443  8.608 0.0000000000
126614  54.212  34.451  7.463 0.0000000000
126616  53.254  34.703  8.028 0.0000000000
126646  54.365  34.622  6.258 0.0000000000
126647  51.354  34.857  6.115 0.0000000000
126677  53.597  35.017  2.285 0.0000000000
126708  41.643  33.532  -3.643 0.0000000000
126720  53.822  33.691  -4.979 0.0000000000
126722  52.476  34.406  -5.235 0.0000000000
126729  52.067  34.046  -5.914 0.0000000000
126739  50.527  34.548  -7.134 0.0000000000
126746  50.786  33.970  -7.511 0.0000000000
126747  50.294  34.485  -7.738 0.0000000000
126748  48.133  33.804  -8.750 0.0000000000
126752  50.100  34.348  -8.517 0.0000000000
126760  47.926  34.517  -9.813 0.0000000000
126768  49.729  34.151  -10.567 0.0000000000
126770  48.376  33.980  -10.215 0.0000000000
126785  48.422  34.403  -11.361 0.0000000000
126797  48.077  34.930  -12.070 0.0000000000
127435  53.294  35.566  6.512 0.0000000000
127445  54.136  35.353  6.416 0.0000000000
127446  53.743  35.799  6.017 0.0000000000
127448  52.399  35.999  5.433 0.0000000000
127471  51.399  35.755  5.180 0.0000000000
127472  50.544  35.601  5.038 0.0000000000
127481  54.165  35.429  4.835 0.0000000000
127488  53.700  35.950  3.654 0.0000000000
127507  53.008  35.880  0.883 0.0000000000
127527  54.299  36.327  -2.516 0.0000000000
127533  54.284  35.335  -3.603 0.0000000000
127541  53.952  35.456  -4.070 0.0000000000
127543  52.660  35.901  -4.218 0.0000000000
127550  52.026  35.183  -4.788 0.0000000000
127552  50.242  35.708  -5.354 0.0000000000
127561  50.048  35.471  -6.127 0.0000000000
127565  49.971  35.180  -7.033 0.0000000000
127567  47.181  34.741  -7.435 0.0000000000
127568  46.866  35.483  -7.322 0.0000000000
127579  49.280  36.011  -8.919 0.0000000000
127586  49.239  36.422  -9.576 0.0000000000
127587  47.400  35.387  -10.123 0.0000000000
127597  49.761  34.960  -11.029 0.0000000000
127609  49.845  35.102  -12.000 0.0000000000
127616  50.135  35.318  -12.799 0.0000000000
127617  49.382  34.885  -12.640 0.0000000000
127618  47.640  35.361  -12.824 0.0000000000
127620  46.758  35.668  -12.979 0.0000000000
127625  48.151  35.478  -13.300 0.0000000000
127629  50.704  35.966  -14.054 0.0000000000
128256  53.435  36.349  4.710 0.0000000000
128275  50.612  36.617  4.236 0.0000000000
128284  53.306  36.634  3.319 0.0000000000
128300  53.087  36.837  1.346 0.0000000000
128318  54.134  37.166  -1.334 0.0000000000
128326  54.282  37.306  -2.634 0.0000000000
128331  54.141  36.930  -3.368 0.0000000000
128332  53.795  37.171  -3.475 0.0000000000
128336  53.102  36.827  -3.844 0.0000000000
128339  50.136  36.736  -4.355 0.0000000000
128346  49.820  36.376  -5.012 0.0000000000
128348  45.422  36.507  -5.390 0.0000000000
128349  44.949  36.669  -4.825 0.0000000000
128360  48.988  36.456  -6.854 0.0000000000
128365  48.929  36.547  -7.666 0.0000000000
128390  46.927  35.967  -10.756 0.0000000000
128401  44.039  36.250  -11.991 0.0000000000
128405  51.371  36.394  -13.144 0.0000000000
128406  50.705  35.844  -12.713 0.0000000000
128408  45.026  35.950  -12.810 0.0000000000
128414  47.934  35.861  -13.701 0.0000000000
128417  45.346  36.208  -13.459 0.0000000000
128420  50.906  36.358  -14.280 0.0000000000
128421  50.341  36.139  -14.340 0.0000000000
129049  53.069  37.003  3.586 0.0000000000
129050  52.629  37.127  3.765 0.0000000000
129051  51.955  37.466  3.689 0.0000000000
129064  49.337  37.664  3.207 0.0000000000
129065  48.475  37.632  3.083 0.0000000000
129077  53.003  37.920  2.257 0.0000000000
129078  52.772  38.042  2.655 0.0000000000
129096  53.604  38.238  0.116 0.0000000000
129097  52.598  38.547  0.099 0.0000000000
129100  49.557  37.520  0.015 0.0000000000
129118  53.946  38.141  -1.325 0.0000000000
129120  52.793  37.856  -1.804 0.0000000000
129122  50.216  37.399  -1.501 0.0000000000
129129  54.073  37.965  -2.147 0.0000000000
129133  50.431  37.564  -2.887 0.0000000000
129148  52.385  37.121  -3.658 0.0000000000
129151  49.832  37.409  -4.082 0.0000000000
129157  48.844  37.341  -5.005 0.0000000000
129159  45.185  37.243  -5.476 0.0000000000
129163  48.621  37.010  -6.470 0.0000000000
129182  46.208  37.220  -8.123 0.0000000000
129183  45.708  37.764  -8.616 0.0000000000
129190  49.077  37.238  -9.539 0.0000000000
129191  45.878  37.432  -9.426 0.0000000000
129193  43.860  37.293  -9.949 0.0000000000
129194  43.097  37.241  -9.839 0.0000000000
129202  45.834  37.086  -10.221 0.0000000000
129203  45.037  37.000  -10.522 0.0000000000
129204  44.050  36.795  -10.593 0.0000000000
129220  44.010  36.724  -13.193 0.0000000000
129224  51.650  36.759  -13.551 0.0000000000
129226  44.989  36.823  -13.822 0.0000000000
129230  51.309  36.664  -14.131 0.0000000000
129232  47.961  36.958  -14.160 0.0000000000
129233  47.146  37.189  -14.025 0.0000000000
129234  46.348  36.739  -13.919 0.0000000000
129239  50.871  36.705  -14.483 0.0000000000
129240  50.360  37.122  -14.657 0.0000000000
129880  51.499  37.979  3.403 0.0000000000
129881  50.977  38.047  3.362 0.0000000000
129882  50.216  37.727  3.428 0.0000000000
129890  52.475  38.384  2.764 0.0000000000
129902  52.755  38.686  2.192 0.0000000000
129911  52.922  38.997  1.419 0.0000000000
129913  51.427  38.870  1.391 0.0000000000
129917  47.516  38.493  0.805 0.0000000000
129929  53.426  38.573  -0.064 0.0000000000
129931  50.963  38.206  0.764 0.0000000000
129956  48.337  38.495  -1.312 0.0000000000
129963  49.250  38.426  -2.760 0.0000000000
129969  49.237  38.431  -3.440 0.0000000000
129975  49.019  38.265  -4.033 0.0000000000
129987  44.959  38.117  -6.288 0.0000000000
129988  44.550  38.400  -6.178 0.0000000000
129995  48.016  38.127  -6.675 0.0000000000
129999  48.244  38.118  -7.472 0.0000000000
130000  45.175  38.124  -7.273 0.0000000000
130001  44.641  38.464  -7.486 0.0000000000
130010  48.956  38.432  -8.706 0.0000000000
130011  48.571  37.854  -8.186 0.0000000000
130024  50.251  38.317  -10.010 0.0000000000
130026  45.046  38.031  -8.826 0.0000000000
130043  50.910  37.662  -11.511 0.0000000000
130051  51.323  37.454  -12.558 0.0000000000
130052  43.556  37.996  -13.112 0.0000000000
130060  44.752  37.629  -13.800 0.0000000000
130061  44.009  37.464  -13.528 0.0000000000
130062  43.591  37.186  -13.032 0.0000000000
130065  50.085  38.593  -14.423 0.0000000000
130072  50.953  37.096  -14.432 0.0000000000
130074  49.634  37.819  -14.728 0.0000000000
130769  51.059  38.780  2.758 0.0000000000
130770  50.445  38.574  2.675 0.0000000000
130771  49.621  38.343  2.564 0.0000000000
130772  47.936  38.413  2.559 0.0000000000
130783  51.643  39.110  1.955 0.0000000000
130786  49.339  38.380  2.075 0.0000000000
130796  50.783  38.853  1.841 0.0000000000
130798  48.481  38.415  1.834 0.0000000000
130823  47.691  38.671  -0.820 0.0000000000
130825  46.733  39.139  -0.085 0.0000000000
130840  48.473  38.991  -2.010 0.0000000000
130858  48.771  38.973  -3.190 0.0000000000
130866  48.423  39.140  -3.844 0.0000000000
130875  47.595  39.303  -4.948 0.0000000000
130886  47.544  38.988  -5.732 0.0000000000
130900  47.497  39.554  -6.429 0.0000000000
130924  48.832  39.046  -8.255 0.0000000000
130939  51.726  38.594  -10.437 0.0000000000
130947  51.501  38.693  -11.449 0.0000000000
130958  44.785  39.027  -12.770 0.0000000000
130960  43.129  38.529  -12.545 0.0000000000
130964  51.183  37.789  -13.020 0.0000000000
130965  50.712  38.648  -13.021 0.0000000000
130973  47.608  39.060  -14.355 0.0000000000
130980  48.390  39.121  -14.868 0.0000000000
131648  46.885  39.405  -0.712 0.0000000000
131662  47.734  39.766  -1.669 0.0000000000
131680  48.033  40.105  -2.269 0.0000000000
131704  47.561  40.391  -4.201 0.0000000000
131739  49.161  40.147  -7.796 0.0000000000
131746  52.138  40.066  -8.828 0.0000000000
131747  51.151  39.900  -8.519 0.0000000000
131749  48.763  39.530  -7.924 0.0000000000
131755  52.243  40.161  -9.531 0.0000000000
131756  52.208  39.704  -9.521 0.0000000000
131763  52.240  39.764  -10.006 0.0000000000
131778  50.150  39.866  -12.115 0.0000000000
131780  44.503  39.650  -12.102 0.0000000000
131786  45.747  40.108  -12.706 0.0000000000
131790  47.381  39.863  -14.340 0.0000000000
131796  49.661  39.677  -14.967 0.0000000000
131798  48.644  39.913  -15.329 0.0000000000
131804  49.130  40.596  -15.631 0.0000000000
131805  48.970  41.221  -15.917 0.0000000000
132396  46.273  40.849  -1.193 0.0000000000
132406  48.093  40.908  -2.445 0.0000000000
132422  47.362  40.867  -4.823 0.0000000000
132428  47.277  40.669  -5.616 0.0000000000
132434  49.356  41.346  -7.129 0.0000000000
132435  48.199  40.908  -6.826 0.0000000000
132450  52.199  40.769  -8.682 0.0000000000
132459  52.226  40.876  -9.291 0.0000000000
132482  49.260  41.168  -12.378 0.0000000000
132484  44.661  40.466  -11.627 0.0000000000
132489  49.609  41.069  -13.187 0.0000000000
132490  46.142  41.395  -13.273 0.0000000000
132504  47.803  41.229  -15.253 0.0000000000
133158  46.963  41.848  -1.636 0.0000000000
133184  48.003  42.256  -5.236 0.0000000000
133197  50.249  42.154  -6.915 0.0000000000
133205  51.591  41.959  -7.739 0.0000000000
133216  51.779  42.012  -8.378 0.0000000000
133226  51.486  41.812  -9.216 0.0000000000
133227  50.300  42.164  -9.458 0.0000000000
133235  50.217  41.627  -10.002 0.0000000000
133252  45.230  41.994  -12.341 0.0000000000
133258  49.429  41.731  -13.129 0.0000000000
133259  45.980  42.140  -13.311 0.0000000000
133265  50.143  41.961  -14.700 0.0000000000
133274  50.029  42.247  -15.656 0.0000000000
133276  47.387  42.082  -15.087 0.0000000000
133300  49.636  42.131  -16.057 0.0000000000
133977  48.495  42.268  -2.151 0.0000000000
133983  48.546  42.267  -2.863 0.0000000000
134005  49.185  42.845  -5.823 0.0000000000
134018  50.675  43.004  -7.630 0.0000000000
134036  48.608  42.657  -9.789 0.0000000000
134043  48.399  42.392  -10.660 0.0000000000
134806  51.414  43.794  -1.615 0.0000000000
134820  49.925  43.221  -1.950 0.0000000000
134827  51.573  44.151  -2.337 0.0000000000
134836  50.779  43.952  -3.776 0.0000000000
134837  50.369  43.771  -4.412 0.0000000000
134845  50.722  44.063  -4.836 0.0000000000
134846  50.437  43.753  -5.177 0.0000000000
134854  50.662  43.975  -5.675 0.0000000000
134884  47.491  43.637  -9.295 0.0000000000
134891  47.986  43.039  -10.309 0.0000000000
134901  47.710  43.574  -10.796 0.0000000000
134908  48.609  43.722  -12.271 0.0000000000
134926  50.393  43.451  -14.299 0.0000000000
134940  50.426  43.510  -15.239 0.0000000000
135582  52.018  44.588  -0.605 0.0000000000
135611  51.547  44.654  -2.892 0.0000000000
135619  51.179  44.768  -3.665 0.0000000000
135620  45.359  45.046  -4.539 0.0000000000
135628  48.101  44.930  -5.496 0.0000000000
135629  46.400  44.841  -4.947 0.0000000000
135641  49.022  44.781  -6.082 0.0000000000
135643  46.626  44.495  -6.124 0.0000000000
135651  50.570  44.193  -6.166 0.0000000000
135653  48.786  44.474  -6.754 0.0000000000
135662  48.447  44.185  -7.426 0.0000000000
135663  46.034  44.507  -7.309 0.0000000000
135673  47.063  44.070  -8.267 0.0000000000
135695  47.073  44.134  -9.759 0.0000000000
135712  48.871  44.586  -12.398 0.0000000000
135726  50.368  44.460  -13.413 0.0000000000
135741  50.598  44.470  -14.326 0.0000000000
135756  50.445  44.140  -14.907 0.0000000000
136428  52.047  44.973  0.044 0.0000000000
136429  51.257  44.867  0.184 0.0000000000
136435  52.098  45.094  -1.327 0.0000000000
136437  51.746  45.324  -2.171 0.0000000000
136451  50.075  45.784  -3.474 0.0000000000
136455  45.365  45.479  -3.382 0.0000000000
136456  44.432  45.428  -3.522 0.0000000000
136469  50.860  45.231  -3.890 0.0000000000
136475  43.463  45.453  -4.494 0.0000000000
136483  50.866  44.822  -4.575 0.0000000000
136484  50.608  44.899  -5.283 0.0000000000
136486  47.324  45.033  -4.847 0.0000000000
136487  44.799  45.024  -4.811 0.0000000000
136556  49.170  45.354  -12.426 0.0000000000
136557  48.306  45.106  -11.938 0.0000000000
136570  50.678  45.140  -13.192 0.0000000000
136571  49.851  44.819  -12.872 0.0000000000
136578  50.770  45.140  -14.044 0.0000000000
136579  50.686  44.861  -13.754 0.0000000000
137255  51.498  46.808  2.907 0.0000000000
137263  51.582  46.658  2.267 0.0000000000
137264  51.188  46.371  2.107 0.0000000000
137298  51.169  46.565  -1.358 0.0000000000
137300  48.902  46.877  -1.723 0.0000000000
137302  46.773  46.597  -1.718 0.0000000000
137303  45.289  46.538  -1.443 0.0000000000
137310  50.683  46.359  -2.112 0.0000000000
137313  47.479  46.297  -2.349 0.0000000000
137314  46.576  46.121  -2.443 0.0000000000
137316  44.189  46.085  -2.217 0.0000000000
137317  43.339  46.051  -2.364 0.0000000000
137324  49.261  46.144  -2.918 0.0000000000
137408  46.902  46.471  -10.518 0.0000000000
137418  48.025  46.455  -11.438 0.0000000000
137438  51.284  46.208  -12.787 0.0000000000
137439  50.973  45.701  -12.907 0.0000000000
137450  51.171  46.063  -13.503 0.0000000000
138041  51.295  47.123  3.659 0.0000000000
138046  51.634  46.940  2.392 0.0000000000
138055  51.832  46.782  0.994 0.0000000000
138063  43.915  47.452  0.268 0.0000000000
138066  41.217  47.633  -0.052 0.0000000000
138075  51.264  47.259  0.058 0.0000000000
138080  43.636  47.127  -0.349 0.0000000000
138101  47.247  47.003  -1.138 0.0000000000
138102  46.004  47.034  -0.714 0.0000000000
138105  43.249  46.761  -1.028 0.0000000000
138106  42.403  46.788  -1.138 0.0000000000
138199  45.879  47.173  -9.339 0.0000000000
138230  51.483  46.775  -12.010 0.0000000000
138232  48.970  46.679  -11.847 0.0000000000
138242  51.590  46.850  -12.293 0.0000000000
138853  50.736  48.117  4.160 0.0000000000
138860  50.386  48.359  3.439 0.0000000000
138868  51.492  47.353  2.039 0.0000000000
138872  47.099  48.380  2.050 0.0000000000
138882  51.008  47.763  1.515 0.0000000000
138899  50.176  47.901  0.953 0.0000000000
138901  47.440  47.840  0.648 0.0000000000
138907  41.480  47.977  0.619 0.0000000000
139032  45.789  48.360  -8.787 0.0000000000
139043  46.120  47.942  -9.296 0.0000000000
139053  48.273  48.276  -10.566 0.0000000000
139054  47.320  47.803  -10.377 0.0000000000
139063  52.280  47.699  -10.810 0.0000000000
139064  51.201  47.491  -11.079 0.0000000000
139065  48.885  47.903  -11.047 0.0000000000
139074  52.224  47.552  -11.380 0.0000000000
139677  49.607  49.393  5.728 0.0000000000
139718  46.851  48.704  2.626 0.0000000000
139816  47.206  48.917  -9.406 0.0000000000
139837  52.449  48.198  -10.324 0.0000000000
140553  50.953  50.185  -7.831 0.0000000000
140557  46.551  49.690  -8.224 0.0000000000
140569  51.385  49.779  -8.488 0.0000000000
140570  50.241  49.628  -8.531 0.0000000000
140572  47.724  49.539  -8.916 0.0000000000
140584  52.239  49.335  -9.532 0.0000000000
141199  49.903  51.528  -6.529 0.0000000000
141200  49.439  51.500  -6.355 0.0000000000
141215  49.866  51.200  -6.603 0.0000000000
141217  47.891  50.931  -6.235 0.0000000000
141231  51.273  50.822  -7.847 0.0000000000
141249  51.460  50.667  -8.396 0.0000000000
141261  50.985  51.041  -9.868 0.0000000000
141932  50.124  52.060  -6.698 0.0000000000
141941  50.987  51.257  -7.467 0.0000000000
141942  50.498  51.932  -7.403 0.0000000000
142605  49.520  52.220  -6.509 0.0000000000
142606  48.629  52.291  -6.377 0.0000000000
142619  49.693  52.485  -7.146 0.0000000000
159158  52.193  38.831  2.660 0.0000000000
160101  51.969  31.214  4.479 0.0000000000
160445  55.328  27.734  14.106 0.0000000000
161098  47.903  41.442  -3.783 0.0000000000
161422  45.712  45.223  -4.047 0.0000000000
161475  46.963  45.513  -3.557 0.0000000000
161527  47.966  40.152  -3.680 0.0000000000
161692  52.198  45.262  -0.348 0.0000000000
161740  51.518  31.178  3.444 0.0000000000
161741  52.305  31.153  3.345 0.0000000000
162181  54.703  22.442  14.980 0.0000000000
162304  49.733  45.260  -5.037 0.0000000000
162583  47.422  39.296  -1.143 0.0000000000
162602  49.841  40.826  -11.105 0.0000000000
162763  50.331  42.837  -15.418 0.0000000000
163067  49.196  37.666  -4.357 0.0000000000
163132  49.834  40.592  -13.718 0.0000000000
163371  48.941  38.509  -14.825 0.0000000000
163390  46.161  45.444  -3.543 0.0000000000
163470  51.957  37.551  -1.236 0.0000000000
163608  45.590  36.950  -5.868 0.0000000000
163622  48.222  43.441  -8.828 0.0000000000
163691  41.777  35.738  -2.489 0.0000000000
163999  49.532  32.978  -0.918 0.0000000000
164040  53.647  30.243  13.783 0.0000000000
164042  54.509  33.224  8.441 0.0000000000
164073  51.358  36.994  -14.020 0.0000000000
164150  49.808  48.901  -9.795 0.0000000000
164387  47.494  30.922  3.252 0.0000000000
164568  48.028  42.216  -4.335 0.0000000000
164706  46.247  44.459  -6.724 0.0000000000
164765  54.556  21.833  15.454 0.0000000000
165143  49.206  32.412  -8.060 0.0000000000
165262  55.312  28.975  13.448 0.0000000000
165345  46.507  36.641  -7.783 0.0000000000
165593  48.437  33.329  -2.786 0.0000000000
166216  46.237  40.573  -13.225 0.0000000000
166296  48.656  37.124  -5.718 0.0000000000
166332  44.304  40.929  -11.221 0.0000000000
166425  54.796  30.681  6.130 0.0000000000
166464  50.550  32.740  10.403 0.0000000000
166618  51.958  46.055  0.753 0.0000000000
166725  47.755  44.090  -11.202 0.0000000000
166793  48.214  38.167  -0.618 0.0000000000
167672  54.372  31.777  -0.974 0.0000000000
167709  52.118  45.981  -0.232 0.0000000000
167952  46.864  44.836  -10.178 0.0000000000
167968  51.520  31.219  1.737 0.0000000000
168256  46.335  36.191  -11.222 0.0000000000
168769  50.518  43.712  -6.221 0.0000000000
169164  45.566  35.870  -5.500 0.0000000000
169365  45.378  41.321  -12.341 0.0000000000
169409  52.729  35.146  6.814 0.0000000000
169537  50.056  41.796  -15.316 0.0000000000
169656  47.956  38.648  -7.086 0.0000000000
170215  55.236  22.123  12.223 0.0000000000
170607  48.239  31.803  -4.852 0.0000000000
170844  45.562  39.278  -12.871 0.0000000000
171509  54.750  31.001  0.764 0.0000000000
171587  45.624  37.600  -6.924 0.0000000000
172863  48.038  39.033  -4.430 0.0000000000
172963  49.016  39.287  -15.061 0.0000000000
173160  47.877  39.297  -7.049 0.0000000000
174028  52.901  31.620  -0.863 0.0000000000
175329  47.240  45.098  -10.866 0.0000000000
175461  50.668  31.912  -7.215 0.0000000000
175520  49.805  40.393  -14.980 0.0000000000
175606  46.400  34.833  -6.358 0.0000000000
175657  52.097  38.795  0.808 0.0000000000
175796  49.022  36.455  -8.370 0.0000000000
177327  43.176  36.370  -3.200 0.0000000000
177517  53.438  29.172  9.676 0.0000000000
178605  41.687  29.680  3.879 0.0000000000
179267  49.015  28.788  8.313 0.0000000000
179789  45.984  46.732  -1.320 0.0000000000
179818  49.214  31.182  2.211 0.0000000000
180150  46.722  32.917  -0.344 0.0000000000
180284  50.058  43.523  -3.725 0.0000000000
180305  46.713  47.201  -0.561 0.0000000000
180343  54.377  32.063  -4.315 0.0000000000
180439  40.507  33.540  -0.831 0.0000000000
180780  49.982  31.121  4.557 0.0000000000
180839  52.202  23.838  9.032 0.0000000000
181084  50.338  31.429  -5.980 0.0000000000
181513  49.989  31.490  1.502 0.0000000000
181882  54.341  35.013  5.854 0.0000000000
181945  53.370  34.934  -0.505 0.0000000000
182063  54.608  28.360  10.300 0.0000000000
182174  49.873  31.679  -4.974 0.0000000000
182356  49.793  27.156  8.868 0.0000000000
182474  49.887  51.133  -10.654 0.0000000000
182495  50.247  42.326  -15.223 0.0000000000
182682  55.443  27.518  13.313 0.0000000000
182695  47.518  34.923  -8.615 0.0000000000
182767  54.109  37.895  -1.134 0.0000000000
183170  46.849  40.510  -1.386 0.0000000000
183338  51.677  44.462  -0.286 0.0000000000
183500  41.995  32.971  -3.592 0.0000000000
183601  44.173  32.027  1.228 0.0000000000
183637  51.960  38.872  -10.730 0.0000000000
184157  50.915  32.516  -3.340 0.0000000000
184174  49.790  36.140  -11.086 0.0000000000
184262  48.977  48.040  1.159 0.0000000000
184505  50.588  35.659  -13.553 0.0000000000
184771  49.441  33.119  9.178 0.0000000000
184774  54.355  32.835  -4.790 0.0000000000
184847  51.524  47.259  1.431 0.0000000000
184948  49.682  35.356  -13.321 0.0000000000
185216  54.250  31.994  -4.961 0.0000000000
185409  50.542  43.721  -5.813 0.0000000000
185674  50.476  48.071  5.332 0.0000000000
186048  47.088  42.718  -14.901 0.0000000000
186137  51.573  50.663  -9.094 0.0000000000
186337  44.491  47.542  0.419 0.0000000000
186684  48.039  40.963  -3.139 0.0000000000
187033  55.552  27.741  12.181 0.0000000000
187286  48.240  43.122  -11.751 0.0000000000
187297  52.767  31.458  -4.356 0.0000000000
188120  47.292  39.040  -0.746 0.0000000000
188188  43.551  32.017  1.486 0.0000000000
189222  49.184  33.152  -8.968 0.0000000000
189269  47.266  45.610  -10.952 0.0000000000
189301  45.923  45.638  -3.154 0.0000000000
189363  53.406  36.254  -4.036 0.0000000000
189376  51.517  37.132  -13.104 0.0000000000
189396  48.255  47.883  0.657 0.0000000000
189573  49.112  45.104  -5.527 0.0000000000
189605  48.167  31.247  1.788 0.0000000000
189907  54.204  32.023  -3.153 0.0000000000
190088  48.812  41.949  -10.653 0.0000000000
190388  49.574  33.866  -10.197 0.0000000000
191106  45.593  48.620  -8.419 0.0000000000
191259  54.755  33.367  4.332 0.0000000000
191449  49.651  38.119  1.153 0.0000000000
191606  48.759  31.139  2.229 0.0000000000
192071  55.811  31.065  6.716 0.0000000000
192376  53.831  33.326  10.900 0.0000000000
192377  43.540  47.718  0.641 0.0000000000
