#!ascii label  , from subject sub-v2s13x29132_ses-1 vox2ras=TkReg
611
99481  -25.055  -1.384  -41.300 0.0000000000
94619  -23.033  -4.599  -37.893 0.0000000000
94645  -30.357  -5.005  -40.905 0.0000000000
199890  -26.942  -9.624  -38.930 0.0000000000
117347  -26.045  11.393  -45.482 0.0000000000
112420  -29.031  8.678  -42.656 0.0000000000
171594  -21.951  2.328  -39.999 0.0000000000
84678  -25.601  -12.803  -35.993 0.0000000000
91037  -25.530  -7.521  -38.430 0.0000000000
89640  -24.358  -8.756  -36.956 0.0000000000
116174  -27.609  10.866  -43.638 0.0000000000
172778  -24.768  6.285  -42.676 0.0000000000
100642  -19.505  -0.317  -36.594 0.0000000000
103285  -16.932  1.810  -35.450 0.0000000000
102057  -22.877  0.280  -40.343 0.0000000000
189988  -26.756  2.414  -42.903 0.0000000000
103393  -29.076  0.918  -43.248 0.0000000000
100716  -30.331  0.019  -41.770 0.0000000000
98192  -20.397  -2.499  -36.559 0.0000000000
97124  -23.206  -2.740  -38.962 0.0000000000
97158  -28.429  -3.498  -42.094 0.0000000000
94643  -26.528  -5.104  -40.327 0.0000000000
91051  -28.584  -7.300  -39.254 0.0000000000
88417  -29.141  -9.019  -37.971 0.0000000000
107008  -21.634  4.506  -38.317 0.0000000000
107090  -25.699  4.151  -42.661 0.0000000000
110156  -30.316  6.534  -41.542 0.0000000000
87186  -23.246  -10.260  -34.837 0.0000000000
87210  -24.918  -10.448  -35.953 0.0000000000
91015  -23.275  -7.470  -36.551 0.0000000000
89623  -22.754  -8.649  -35.408 0.0000000000
179044  -25.373  7.415  -43.573 0.0000000000
109154  -22.816  6.130  -41.852 0.0000000000
100687  -22.227  -0.668  -39.070 0.0000000000
102027  -21.532  0.085  -38.198 0.0000000000
100712  -24.069  -0.451  -41.033 0.0000000000
102089  -26.104  -0.018  -42.168 0.0000000000
100725  -27.181  -0.809  -42.832 0.0000000000
102094  -30.147  0.875  -43.097 0.0000000000
182983  -27.282  -1.332  -42.692 0.0000000000
97076  -20.846  -3.144  -36.738 0.0000000000
98215  -21.597  -2.443  -37.807 0.0000000000
97114  -22.882  -3.263  -38.385 0.0000000000
95908  -25.414  -4.056  -40.100 0.0000000000
94626  -24.821  -4.989  -39.138 0.0000000000
89657  -26.378  -8.799  -38.896 0.0000000000
89670  -26.921  -7.960  -39.539 0.0000000000
88443  -28.231  -10.063  -42.376 0.0000000000
89671  -29.500  -8.331  -39.495 0.0000000000
88429  -28.492  -10.314  -39.167 0.0000000000
116185  -25.139  10.177  -46.369 0.0000000000
201651  -24.593  10.530  -46.482 0.0000000000
117357  -24.748  11.145  -46.976 0.0000000000
119687  -24.872  13.033  -47.112 0.0000000000
118522  -26.987  12.798  -44.610 0.0000000000
114975  -28.550  9.929  -42.900 0.0000000000
104504  -20.170  2.112  -37.059 0.0000000000
184691  -20.208  2.971  -37.085 0.0000000000
105847  -21.741  2.964  -39.455 0.0000000000
107071  -22.757  3.904  -41.671 0.0000000000
197613  -22.948  2.697  -41.607 0.0000000000
107094  -29.887  3.474  -42.563 0.0000000000
195643  -28.773  4.683  -43.092 0.0000000000
109140  -30.810  6.064  -41.283 0.0000000000
95931  -29.633  -4.849  -43.100 0.0000000000
191119  -29.509  -2.607  -41.860 0.0000000000
84660  -23.820  -12.099  -34.424 0.0000000000
84676  -24.258  -11.381  -34.929 0.0000000000
87209  -24.269  -10.117  -35.815 0.0000000000
86014  -25.675  -11.247  -35.772 0.0000000000
93404  -22.463  -5.482  -37.130 0.0000000000
93415  -24.252  -5.616  -38.232 0.0000000000
92274  -24.131  -7.023  -37.432 0.0000000000
198066  -24.819  -8.317  -37.500 0.0000000000
180203  -25.302  -8.923  -37.676 0.0000000000
189160  -25.685  9.575  -45.160 0.0000000000
198596  -27.182  11.023  -44.133 0.0000000000
113751  -26.809  9.559  -44.369 0.0000000000
112432  -27.217  8.495  -43.812 0.0000000000
174041  -27.528  7.352  -43.567 0.0000000000
100629  -17.378  -0.041  -35.397 0.0000000000
101993  -17.664  0.938  -35.874 0.0000000000
103299  -20.038  1.231  -36.993 0.0000000000
103356  -22.395  0.947  -40.164 0.0000000000
181499  -24.064  1.816  -42.097 0.0000000000
103376  -24.705  1.239  -42.131 0.0000000000
103406  -27.848  1.474  -43.197 0.0000000000
105894  -30.638  3.024  -42.494 0.0000000000
104579  -31.509  1.902  -42.742 0.0000000000
81935  -26.332  -14.365  -35.467 0.0000000000
83243  -25.967  -13.528  -37.524 0.0000000000
99416  -19.127  -1.139  -36.110 0.0000000000
99452  -21.479  -1.281  -38.013 0.0000000000
98253  -23.997  -1.836  -40.206 0.0000000000
188137  -27.301  -2.102  -42.341 0.0000000000
97143  -25.779  -2.844  -40.930 0.0000000000
95918  -27.489  -4.215  -41.453 0.0000000000
94657  -28.111  -5.579  -41.211 0.0000000000
93428  -25.960  -6.344  -39.268 0.0000000000
93442  -27.152  -6.422  -40.094 0.0000000000
93444  -28.917  -6.303  -40.048 0.0000000000
92298  -29.217  -6.829  -38.453 0.0000000000
181641  -29.367  -7.306  -37.817 0.0000000000
118513  -27.946  13.162  -43.220 0.0000000000
107070  -22.381  4.629  -41.304 0.0000000000
109174  -25.980  5.459  -43.165 0.0000000000
186678  -27.660  6.262  -43.546 0.0000000000
105911  -26.719  3.158  -42.868 0.0000000000
108161  -28.158  4.959  -43.451 0.0000000000
111238  -29.413  7.394  -42.217 0.0000000000
185489  -28.860  -1.928  -42.043 0.0000000000
100705  -30.664  -0.160  -40.782 0.0000000000
88341  -22.789  -9.649  -34.668 0.0000000000
88364  -23.786  -9.643  -35.712 0.0000000000
88385  -24.622  -9.453  -36.718 0.0000000000
87233  -25.712  -9.924  -37.062 0.0000000000
86015  -26.092  -11.913  -36.332 0.0000000000
87211  -26.876  -10.237  -35.807 0.0000000000
87235  -27.095  -9.870  -37.140 0.0000000000
109136  -22.085  6.034  -40.980 0.0000000000
181015  -24.340  -1.154  -40.972 0.0000000000
181333  -23.249  -0.661  -40.246 0.0000000000
99489  -24.585  -0.843  -41.325 0.0000000000
100723  -25.851  -0.669  -42.179 0.0000000000
99501  -26.256  -1.077  -42.468 0.0000000000
100726  -27.959  -0.904  -42.899 0.0000000000
177463  -26.385  -1.363  -42.385 0.0000000000
95872  -21.986  -4.217  -37.271 0.0000000000
95871  -21.316  -3.801  -36.938 0.0000000000
185766  -21.934  -3.581  -37.438 0.0000000000
97099  -21.470  -3.071  -37.380 0.0000000000
95885  -23.322  -4.064  -38.397 0.0000000000
95886  -23.949  -4.449  -38.686 0.0000000000
94621  -24.352  -5.002  -38.699 0.0000000000
88415  -26.535  -9.477  -39.564 0.0000000000
88442  -26.131  -9.843  -41.441 0.0000000000
87260  -27.217  -10.755  -40.605 0.0000000000
87261  -27.942  -11.197  -40.743 0.0000000000
87244  -27.642  -10.028  -38.783 0.0000000000
116186  -25.711  10.530  -45.678 0.0000000000
116195  -25.224  10.556  -46.689 0.0000000000
117358  -25.624  11.733  -46.175 0.0000000000
118533  -25.232  12.248  -46.806 0.0000000000
118521  -26.319  12.879  -45.566 0.0000000000
113731  -29.032  9.500  -42.533 0.0000000000
114976  -28.993  10.295  -42.415 0.0000000000
114959  -29.471  9.916  -41.941 0.0000000000
176067  -29.472  9.067  -42.012 0.0000000000
104512  -20.827  2.243  -37.432 0.0000000000
183949  -19.484  2.994  -36.594 0.0000000000
105834  -21.178  3.294  -37.690 0.0000000000
105835  -21.565  2.916  -38.509 0.0000000000
105865  -21.951  3.075  -40.208 0.0000000000
195054  -22.163  2.534  -40.548 0.0000000000
108133  -30.795  4.521  -41.600 0.0000000000
108132  -30.193  5.015  -42.029 0.0000000000
94660  -30.127  -5.012  -42.057 0.0000000000
95932  -29.950  -4.594  -42.669 0.0000000000
95920  -30.313  -4.461  -41.603 0.0000000000
83221  -25.194  -12.984  -34.767 0.0000000000
84661  -24.311  -12.709  -34.205 0.0000000000
84677  -24.783  -12.204  -34.776 0.0000000000
84690  -25.320  -11.818  -35.422 0.0000000000
86013  -24.869  -11.013  -35.445 0.0000000000
93389  -22.687  -6.051  -36.959 0.0000000000
92273  -23.084  -6.235  -37.073 0.0000000000
92263  -22.764  -6.697  -36.641 0.0000000000
89639  -23.770  -8.270  -36.536 0.0000000000
91025  -23.913  -7.547  -37.046 0.0000000000
89648  -24.280  -8.103  -37.107 0.0000000000
113749  -25.772  9.046  -44.755 0.0000000000
113750  -26.211  9.185  -44.821 0.0000000000
112430  -25.625  8.439  -44.297 0.0000000000
110188  -25.085  6.858  -43.105 0.0000000000
111267  -26.031  7.387  -44.114 0.0000000000
110201  -25.839  6.791  -43.685 0.0000000000
111268  -27.108  7.788  -43.936 0.0000000000
187244  -26.585  6.839  -43.981 0.0000000000
100641  -18.942  -0.289  -36.298 0.0000000000
101994  -18.428  0.223  -36.194 0.0000000000
102048  -22.018  0.434  -39.287 0.0000000000
102014  -21.050  0.338  -37.583 0.0000000000
193809  -21.824  0.860  -39.063 0.0000000000
179677  -21.597  1.326  -38.726 0.0000000000
102077  -23.409  0.881  -41.110 0.0000000000
103392  -28.289  0.774  -43.017 0.0000000000
103391  -26.891  1.133  -42.618 0.0000000000
103407  -28.535  1.480  -43.305 0.0000000000
104598  -29.277  2.169  -43.198 0.0000000000
190820  -30.779  1.831  -43.481 0.0000000000
105895  -31.216  2.638  -42.195 0.0000000000
104600  -31.176  1.792  -43.303 0.0000000000
102080  -30.019  0.207  -42.576 0.0000000000
103367  -31.358  1.330  -41.773 0.0000000000
102068  -30.934  0.629  -41.250 0.0000000000
81936  -26.711  -14.481  -35.628 0.0000000000
99399  -18.851  -2.292  -35.513 0.0000000000
99398  -18.391  -1.561  -35.488 0.0000000000
99400  -19.679  -2.056  -36.097 0.0000000000
97113  -22.624  -2.480  -38.516 0.0000000000
98233  -21.251  -1.921  -37.693 0.0000000000
98242  -22.366  -1.797  -38.594 0.0000000000
98252  -23.486  -1.641  -39.823 0.0000000000
98244  -23.638  -2.286  -39.556 0.0000000000
97142  -24.995  -2.545  -40.428 0.0000000000
97134  -24.252  -2.699  -39.927 0.0000000000
94642  -25.719  -4.868  -39.914 0.0000000000
95917  -26.687  -4.371  -40.844 0.0000000000
94656  -27.390  -4.991  -41.049 0.0000000000
94644  -27.243  -5.693  -40.571 0.0000000000
92284  -25.139  -6.887  -38.327 0.0000000000
93417  -25.199  -6.299  -38.663 0.0000000000
92294  -25.652  -6.774  -38.846 0.0000000000
91062  -28.010  -7.908  -40.418 0.0000000000
92296  -27.104  -7.068  -39.402 0.0000000000
92297  -28.304  -7.136  -39.305 0.0000000000
93443  -28.061  -6.730  -39.803 0.0000000000
93429  -28.870  -6.865  -39.152 0.0000000000
187716  -29.051  -7.146  -38.794 0.0000000000
89658  -29.522  -8.609  -38.623 0.0000000000
91039  -29.411  -7.761  -38.577 0.0000000000
195192  -29.634  -8.021  -38.060 0.0000000000
91027  -29.617  -7.911  -37.541 0.0000000000
117336  -27.440  11.642  -43.911 0.0000000000
116175  -28.023  11.522  -43.214 0.0000000000
103276  -16.362  1.817  -34.961 0.0000000000
107007  -21.207  4.596  -37.620 0.0000000000
107035  -21.935  4.446  -40.151 0.0000000000
197253  -22.108  4.333  -40.795 0.0000000000
107089  -24.922  4.111  -42.533 0.0000000000
108144  -24.174  4.399  -42.183 0.0000000000
108146  -25.502  4.825  -42.685 0.0000000000
169764  -27.024  6.090  -43.888 0.0000000000
109188  -26.870  5.305  -43.634 0.0000000000
104595  -25.456  2.221  -42.775 0.0000000000
202837  -24.739  2.553  -42.702 0.0000000000
105910  -25.969  2.844  -42.852 0.0000000000
196422  -29.837  5.666  -42.222 0.0000000000
199554  -28.366  4.431  -43.317 0.0000000000
109176  -29.304  6.039  -42.566 0.0000000000
109175  -28.749  6.151  -43.021 0.0000000000
110174  -29.853  6.991  -41.826 0.0000000000
111223  -30.354  7.276  -41.329 0.0000000000
98275  -27.782  -2.778  -42.400 0.0000000000
98288  -27.772  -2.302  -42.335 0.0000000000
98276  -28.408  -3.098  -42.137 0.0000000000
182384  -29.761  -1.710  -41.495 0.0000000000
85997  -23.068  -10.763  -34.589 0.0000000000
87185  -22.661  -10.302  -34.345 0.0000000000
88363  -23.203  -9.257  -35.353 0.0000000000
88342  -23.379  -9.813  -35.172 0.0000000000
87222  -24.648  -9.951  -36.285 0.0000000000
87223  -25.217  -10.055  -36.596 0.0000000000
88386  -25.238  -9.494  -37.196 0.0000000000
87225  -26.931  -10.046  -36.490 0.0000000000
91014  -22.535  -7.428  -36.037 0.0000000000
89638  -23.020  -8.107  -35.974 0.0000000000
89624  -23.413  -8.763  -35.880 0.0000000000
111254  -24.600  7.519  -42.944 0.0000000000
110172  -23.272  6.979  -42.454 0.0000000000
198029  -23.218  6.474  -42.206 0.0000000000
109155  -23.647  5.868  -42.045 0.0000000000
100671  -21.752  -0.645  -38.412 0.0000000000
197561  -20.772  -0.170  -37.248 0.0000000000
100688  -22.740  -0.641  -39.705 0.0000000000
100695  -22.845  -0.175  -40.090 0.0000000000
100704  -23.673  -0.259  -40.773 0.0000000000
102067  -23.942  0.196  -41.169 0.0000000000
100713  -24.588  -0.266  -41.469 0.0000000000
102091  -27.803  -0.044  -42.829 0.0000000000
103394  -29.915  1.269  -43.332 0.0000000000
102092  -28.595  0.007  -43.063 0.0000000000
170060  -28.768  -0.543  -42.911 0.0000000000
99492  -28.984  -1.068  -42.493 0.0000000000
97075  -20.106  -3.424  -36.051 0.0000000000
98214  -21.074  -2.500  -37.244 0.0000000000
97100  -22.162  -3.003  -37.926 0.0000000000
97115  -23.373  -3.406  -38.831 0.0000000000
97135  -24.832  -3.363  -40.028 0.0000000000
95896  -23.830  -3.828  -39.010 0.0000000000
95898  -25.073  -4.619  -39.594 0.0000000000
94627  -25.322  -5.306  -39.394 0.0000000000
91038  -25.907  -8.189  -38.553 0.0000000000
91048  -26.012  -7.518  -38.886 0.0000000000
89669  -26.529  -8.997  -40.009 0.0000000000
89683  -27.037  -8.441  -41.112 0.0000000000
89684  -28.529  -8.503  -41.217 0.0000000000
91063  -29.115  -8.001  -40.110 0.0000000000
88444  -28.837  -9.459  -41.438 0.0000000000
88430  -29.155  -10.012  -39.641 0.0000000000
173165  -29.122  -9.529  -38.860 0.0000000000
114996  -24.853  9.937  -45.238 0.0000000000
116194  -24.880  10.525  -46.715 0.0000000000
119666  -27.038  13.624  -44.505 0.0000000000
114990  -28.061  10.353  -43.240 0.0000000000
179303  -28.458  11.314  -42.729 0.0000000000
116162  -28.517  10.649  -42.780 0.0000000000
105814  -18.206  3.730  -35.644 0.0000000000
105816  -19.510  3.836  -36.665 0.0000000000
181197  -20.415  3.715  -37.174 0.0000000000
176138  -21.715  3.751  -38.883 0.0000000000
168057  -21.993  3.745  -40.530 0.0000000000
105877  -22.225  3.132  -40.845 0.0000000000
105878  -22.623  3.204  -41.409 0.0000000000
181690  -24.767  3.441  -42.693 0.0000000000
105927  -27.989  2.585  -43.014 0.0000000000
183113  -28.181  3.371  -43.041 0.0000000000
108149  -29.286  4.222  -42.754 0.0000000000
109158  -30.301  5.815  -41.773 0.0000000000
196100  -29.077  -4.053  -42.201 0.0000000000
98277  -28.874  -2.957  -42.117 0.0000000000
97160  -29.487  -3.675  -42.131 0.0000000000
202492  -29.962  -2.782  -41.112 0.0000000000
85979  -23.251  -11.430  -34.486 0.0000000000
85998  -23.659  -10.786  -34.916 0.0000000000
87208  -23.780  -10.220  -35.302 0.0000000000
86012  -24.294  -10.645  -35.374 0.0000000000
94608  -21.985  -4.881  -37.031 0.0000000000
94610  -23.116  -5.301  -37.585 0.0000000000
94620  -23.675  -4.946  -38.174 0.0000000000
192270  -23.707  -5.612  -37.808 0.0000000000
92282  -24.066  -6.285  -37.702 0.0000000000
92283  -24.613  -6.931  -37.843 0.0000000000
91026  -24.486  -7.583  -37.467 0.0000000000
91036  -25.013  -7.582  -37.934 0.0000000000
89655  -25.390  -8.239  -38.052 0.0000000000
89656  -25.825  -8.836  -38.195 0.0000000000
88414  -26.439  -9.223  -38.467 0.0000000000
114988  -24.564  9.970  -44.190 0.0000000000
113748  -25.244  9.525  -44.805 0.0000000000
114998  -25.550  9.905  -45.606 0.0000000000
117348  -26.880  11.986  -44.629 0.0000000000
173916  -26.215  10.293  -45.110 0.0000000000
114999  -26.912  10.387  -44.383 0.0000000000
114989  -27.463  10.031  -43.737 0.0000000000
199010  -25.661  7.848  -44.073 0.0000000000
113741  -26.690  8.839  -44.326 0.0000000000
113742  -27.337  9.250  -43.743 0.0000000000
112433  -27.853  8.840  -43.302 0.0000000000
111269  -27.726  8.059  -43.395 0.0000000000
112419  -28.510  8.347  -43.107 0.0000000000
102005  -19.774  0.432  -36.840 0.0000000000
103298  -19.317  1.151  -36.652 0.0000000000
103296  -18.084  1.806  -36.102 0.0000000000
104503  -19.478  2.045  -36.648 0.0000000000
103320  -21.248  1.729  -37.940 0.0000000000
104540  -21.724  2.041  -39.241 0.0000000000
104565  -22.369  1.720  -40.515 0.0000000000
103366  -22.942  1.581  -41.068 0.0000000000
184802  -26.181  1.615  -42.718 0.0000000000
102088  -25.446  0.637  -42.099 0.0000000000
197706  -27.323  1.493  -42.966 0.0000000000
104614  -27.405  1.988  -43.127 0.0000000000
105912  -29.581  2.700  -42.923 0.0000000000
107074  -30.867  3.591  -41.717 0.0000000000
105879  -31.456  3.198  -41.368 0.0000000000
102095  -30.960  1.494  -43.113 0.0000000000
183592  -30.107  -5.445  -40.263 0.0000000000
83222  -25.836  -13.626  -36.059 0.0000000000
83232  -25.919  -13.551  -37.202 0.0000000000
100630  -17.799  -0.876  -35.429 0.0000000000
183698  -19.908  -1.035  -36.664 0.0000000000
99417  -20.449  -1.607  -36.794 0.0000000000
99432  -20.990  -1.365  -37.399 0.0000000000
191270  -20.664  -0.820  -37.039 0.0000000000
99463  -22.596  -1.208  -39.138 0.0000000000
99464  -23.114  -1.175  -39.767 0.0000000000
98261  -24.033  -1.279  -40.634 0.0000000000
98273  -25.884  -1.668  -41.806 0.0000000000
98263  -25.427  -2.057  -41.116 0.0000000000
98264  -26.203  -2.359  -41.661 0.0000000000
97157  -27.455  -3.388  -41.838 0.0000000000
197918  -26.079  -3.714  -40.737 0.0000000000
183384  -26.808  -3.767  -41.273 0.0000000000
95929  -28.203  -4.022  -41.922 0.0000000000
95919  -28.470  -4.859  -41.854 0.0000000000
94658  -29.165  -5.434  -42.030 0.0000000000
94659  -29.805  -5.360  -42.009 0.0000000000
93416  -24.886  -5.639  -38.794 0.0000000000
93427  -25.518  -5.992  -39.099 0.0000000000
94628  -25.987  -5.707  -39.708 0.0000000000
92295  -26.216  -6.954  -39.215 0.0000000000
93441  -26.439  -6.433  -39.633 0.0000000000
93454  -27.797  -6.143  -40.535 0.0000000000
93455  -28.580  -6.036  -40.823 0.0000000000
93456  -29.347  -5.687  -41.108 0.0000000000
93445  -29.588  -5.846  -40.184 0.0000000000
93430  -29.221  -6.278  -39.138 0.0000000000
91052  -29.278  -7.674  -39.122 0.0000000000
176499  -27.455  13.336  -43.840 0.0000000000
118505  -28.461  12.733  -42.662 0.0000000000
108113  -22.050  5.127  -40.684 0.0000000000
108129  -22.613  5.370  -41.536 0.0000000000
109172  -24.412  5.709  -42.310 0.0000000000
173239  -22.987  4.614  -41.722 0.0000000000
200421  -23.571  4.665  -41.966 0.0000000000
169277  -25.180  5.582  -42.700 0.0000000000
109187  -26.339  6.125  -43.658 0.0000000000
110203  -27.794  6.870  -43.407 0.0000000000
111256  -28.987  7.829  -42.747 0.0000000000
104578  -23.480  2.471  -41.971 0.0000000000
105908  -24.411  3.059  -42.665 0.0000000000
107091  -26.200  3.702  -42.730 0.0000000000
190328  -27.206  3.474  -42.970 0.0000000000
107107  -27.384  4.070  -43.253 0.0000000000
108159  -27.003  4.546  -43.345 0.0000000000
109190  -28.195  5.808  -43.348 0.0000000000
110190  -28.962  6.874  -42.778 0.0000000000
112406  -29.438  8.220  -42.102 0.0000000000
112407  -29.994  8.647  -41.451 0.0000000000
99503  -27.392  -1.755  -42.429 0.0000000000
99504  -28.265  -1.309  -42.487 0.0000000000
203194  -29.343  -1.918  -41.923 0.0000000000
99493  -29.488  -1.390  -42.100 0.0000000000
89607  -22.537  -9.076  -34.903 0.0000000000
88384  -23.950  -9.143  -36.309 0.0000000000
88365  -24.258  -9.669  -36.187 0.0000000000
88400  -25.918  -9.466  -37.649 0.0000000000
84691  -25.843  -12.665  -36.815 0.0000000000
171890  -25.930  -10.662  -36.088 0.0000000000
201725  -26.745  -10.520  -35.565 0.0000000000
87224  -26.124  -10.312  -36.497 0.0000000000
87234  -26.390  -9.961  -37.117 0.0000000000
88401  -26.866  -9.660  -37.877 0.0000000000
88402  -27.736  -9.731  -37.634 0.0000000000
81961  -25.999  -13.605  -37.868 0.0000000000
84692  -26.179  -13.000  -37.228 0.0000000000
86062  -27.782  -11.422  -41.503 0.0000000000
86070  -27.797  -11.454  -41.919 0.0000000000
87250  -26.021  -9.972  -40.636 0.0000000000
87251  -26.962  -10.197  -39.753 0.0000000000
87252  -27.825  -10.961  -39.718 0.0000000000
87253  -28.621  -10.554  -40.107 0.0000000000
87262  -28.546  -10.431  -41.185 0.0000000000
87270  -26.392  -10.255  -41.217 0.0000000000
87271  -27.302  -10.860  -41.275 0.0000000000
87272  -27.604  -11.132  -41.747 0.0000000000
87281  -27.196  -10.556  -41.663 0.0000000000
88399  -24.835  -9.024  -37.267 0.0000000000
88435  -29.374  -9.938  -40.446 0.0000000000
88453  -26.710  -9.921  -42.010 0.0000000000
88454  -27.717  -10.491  -42.478 0.0000000000
89682  -26.388  -9.431  -41.422 0.0000000000
89685  -29.322  -8.899  -40.444 0.0000000000
89693  -26.645  -9.502  -41.988 0.0000000000
89694  -27.212  -8.976  -42.307 0.0000000000
89695  -28.107  -9.073  -42.322 0.0000000000
89703  -27.288  -9.611  -42.521 0.0000000000
89704  -27.886  -9.630  -42.814 0.0000000000
91049  -26.358  -8.180  -39.065 0.0000000000
91050  -27.506  -7.276  -39.358 0.0000000000
91070  -27.748  -8.503  -41.713 0.0000000000
93388  -22.156  -6.067  -36.540 0.0000000000
93405  -22.965  -5.793  -37.233 0.0000000000
93406  -23.427  -5.974  -37.399 0.0000000000
93457  -29.992  -5.456  -41.176 0.0000000000
94609  -22.539  -4.728  -37.455 0.0000000000
94671  -29.437  -5.122  -43.013 0.0000000000
94672  -29.712  -5.061  -42.881 0.0000000000
95873  -22.577  -3.908  -37.792 0.0000000000
95897  -24.461  -4.356  -39.180 0.0000000000
95907  -24.802  -4.017  -39.703 0.0000000000
95909  -26.063  -4.428  -40.368 0.0000000000
95930  -29.005  -4.331  -42.285 0.0000000000
97125  -23.748  -3.083  -39.311 0.0000000000
97126  -24.250  -3.591  -39.591 0.0000000000
97144  -26.528  -3.121  -41.431 0.0000000000
97145  -29.927  -3.620  -41.761 0.0000000000
97156  -26.997  -2.584  -42.081 0.0000000000
97159  -29.131  -4.059  -42.220 0.0000000000
98234  -21.768  -1.834  -38.174 0.0000000000
98243  -23.024  -1.884  -39.167 0.0000000000
98262  -24.578  -1.747  -40.728 0.0000000000
98265  -29.936  -2.143  -41.044 0.0000000000
98274  -26.636  -1.878  -42.217 0.0000000000
98289  -28.197  -2.128  -42.179 0.0000000000
99453  -22.027  -1.238  -38.567 0.0000000000
99473  -23.611  -1.172  -40.296 0.0000000000
99480  -23.818  -0.751  -40.753 0.0000000000
99482  -30.077  -0.855  -41.306 0.0000000000
99490  -25.595  -1.100  -41.932 0.0000000000
99491  -26.920  -1.565  -42.549 0.0000000000
99502  -26.725  -1.200  -42.676 0.0000000000
100631  -18.447  -0.596  -35.925 0.0000000000
100643  -20.176  -0.243  -36.944 0.0000000000
100670  -21.178  -0.560  -37.695 0.0000000000
100694  -22.347  -0.147  -39.542 0.0000000000
100703  -23.326  -0.238  -40.475 0.0000000000
100714  -25.172  -0.646  -41.773 0.0000000000
100715  -29.769  -0.604  -42.364 0.0000000000
100724  -26.505  -0.733  -42.569 0.0000000000
100727  -29.445  -0.131  -42.854 0.0000000000
102004  -19.115  0.364  -36.497 0.0000000000
102006  -20.502  0.473  -37.156 0.0000000000
102028  -21.930  -0.087  -38.898 0.0000000000
102056  -22.384  0.356  -39.887 0.0000000000
102066  -23.335  0.216  -40.706 0.0000000000
102078  -24.649  0.460  -41.739 0.0000000000
102079  -25.310  -0.090  -41.882 0.0000000000
102081  -30.708  0.923  -42.349 0.0000000000
102090  -26.950  0.123  -42.471 0.0000000000
102093  -29.340  0.375  -43.104 0.0000000000
103286  -17.508  1.901  -35.773 0.0000000000
103297  -18.567  1.042  -36.351 0.0000000000
103309  -20.819  1.282  -37.418 0.0000000000
103321  -21.708  0.582  -38.715 0.0000000000
103342  -21.962  1.067  -39.499 0.0000000000
103375  -23.470  1.632  -41.587 0.0000000000
103377  -31.386  1.670  -42.794 0.0000000000
103388  -24.723  1.970  -42.514 0.0000000000
103389  -25.428  1.432  -42.510 0.0000000000
103390  -26.227  0.813  -42.337 0.0000000000
103408  -29.471  1.621  -43.389 0.0000000000
103409  -30.339  1.696  -43.520 0.0000000000
104522  -21.249  2.523  -37.833 0.0000000000
104523  -21.459  2.105  -38.435 0.0000000000
104557  -22.035  1.596  -39.913 0.0000000000
104566  -22.607  2.413  -41.065 0.0000000000
104577  -23.061  2.141  -41.483 0.0000000000
104580  -31.693  2.292  -41.741 0.0000000000
104594  -24.141  2.517  -42.461 0.0000000000
104596  -26.244  2.176  -42.842 0.0000000000
104597  -28.622  2.024  -43.256 0.0000000000
104599  -29.989  2.006  -43.385 0.0000000000
104613  -26.812  1.816  -42.935 0.0000000000
105815  -18.702  3.923  -36.171 0.0000000000
105825  -20.837  2.921  -37.427 0.0000000000
105892  -23.115  3.249  -41.942 0.0000000000
105893  -23.744  3.175  -42.368 0.0000000000
105909  -25.092  2.934  -42.814 0.0000000000
105913  -30.449  2.411  -43.096 0.0000000000
105914  -31.075  2.062  -43.081 0.0000000000
105926  -27.353  2.714  -42.921 0.0000000000
106996  -20.499  4.481  -37.064 0.0000000000
107018  -21.804  4.619  -39.187 0.0000000000
107053  -22.294  3.815  -41.142 0.0000000000
107054  -31.332  4.074  -41.211 0.0000000000
107072  -23.427  3.946  -42.189 0.0000000000
107073  -30.316  4.065  -42.080 0.0000000000
107088  -24.161  3.678  -42.576 0.0000000000
107092  -28.630  3.886  -43.066 0.0000000000
107093  -29.215  3.425  -42.823 0.0000000000
107106  -26.820  3.936  -43.045 0.0000000000
107108  -27.996  4.152  -43.358 0.0000000000
108090  -21.910  5.208  -39.794 0.0000000000
108128  -22.263  5.432  -41.214 0.0000000000
108130  -23.305  5.311  -41.796 0.0000000000
108131  -29.450  5.095  -42.609 0.0000000000
108145  -24.721  4.948  -42.372 0.0000000000
108147  -26.330  4.581  -42.981 0.0000000000
108148  -28.787  5.461  -43.029 0.0000000000
108150  -29.829  4.435  -42.420 0.0000000000
108160  -27.508  4.767  -43.553 0.0000000000
109119  -21.944  5.827  -40.349 0.0000000000
109156  -23.951  6.397  -42.326 0.0000000000
109157  -29.835  6.294  -42.022 0.0000000000
109159  -30.837  5.342  -41.542 0.0000000000
109171  -24.021  5.136  -42.003 0.0000000000
109173  -25.539  6.184  -43.224 0.0000000000
109189  -27.536  5.497  -43.701 0.0000000000
110173  -29.467  6.719  -42.274 0.0000000000
110187  -24.310  6.977  -42.528 0.0000000000
110189  -28.295  6.565  -43.203 0.0000000000
110202  -27.238  6.744  -43.812 0.0000000000
111239  -29.873  7.757  -41.648 0.0000000000
111255  -28.293  7.422  -43.156 0.0000000000
111278  -26.102  7.949  -44.426 0.0000000000
112390  -31.071  8.326  -40.666 0.0000000000
112431  -26.599  8.153  -44.327 0.0000000000
112440  -26.168  8.544  -44.627 0.0000000000
113722  -29.986  9.520  -41.502 0.0000000000
113730  -28.566  9.152  -43.023 0.0000000000
113740  -25.301  9.024  -44.276 0.0000000000
113743  -27.992  9.614  -43.307 0.0000000000
114997  -25.218  9.812  -45.771 0.0000000000
116163  -28.902  11.057  -42.327 0.0000000000
116187  -26.647  11.068  -44.730 0.0000000000
117325  -28.428  11.981  -42.716 0.0000000000
117337  -27.978  12.285  -43.254 0.0000000000
118512  -27.470  12.558  -43.884 0.0000000000
170151  -21.846  3.753  -39.756 0.0000000000
171662  -26.580  -7.492  -39.202 0.0000000000
172700  -18.822  2.939  -36.182 0.0000000000
173350  -27.576  0.834  -42.708 0.0000000000
175460  -21.351  0.888  -38.071 0.0000000000
176663  -24.711  -6.267  -38.257 0.0000000000
180240  -24.014  1.032  -41.656 0.0000000000
180645  -21.462  3.828  -38.063 0.0000000000
181622  -26.424  12.208  -45.285 0.0000000000
181929  -22.869  0.873  -40.652 0.0000000000
183373  -25.439  3.520  -42.710 0.0000000000
184577  -26.639  -5.872  -40.084 0.0000000000
184987  -27.962  1.925  -43.333 0.0000000000
186482  -27.724  -1.611  -42.413 0.0000000000
186697  -20.855  -1.973  -37.141 0.0000000000
187204  -29.411  -7.444  -37.072 0.0000000000
189557  -26.217  9.749  -45.018 0.0000000000
189617  -27.687  3.410  -43.054 0.0000000000
190102  -29.359  -9.241  -39.602 0.0000000000
190919  -30.675  1.666  -43.459 0.0000000000
194346  -26.560  7.543  -44.203 0.0000000000
194508  -28.734  2.825  -42.866 0.0000000000
197302  -22.087  -2.307  -38.193 0.0000000000
198575  -27.015  7.228  -44.023 0.0000000000
198834  -25.406  -3.299  -40.422 0.0000000000
199031  -23.526  -6.756  -37.124 0.0000000000
200422  -27.660  2.226  -43.149 0.0000000000
200753  -24.430  -2.195  -40.335 0.0000000000
202011  -28.468  -1.570  -42.198 0.0000000000
202297  -23.604  -9.208  -35.812 0.0000000000
202502  -28.136  10.950  -43.107 0.0000000000
