#!ascii label  , from subject sub-v2s13x29132_ses-1 vox2ras=TkReg
1087
171767  20.611  -16.335  42.126 0.0000000000
67975  30.988  -19.571  43.791 0.0000000000
99648  33.412  2.643  26.017 0.0000000000
82591  29.067  -10.544  32.199 0.0000000000
77038  31.229  -14.049  39.936 0.0000000000
107072  48.598  8.440  21.615 0.0000000000
95620  34.454  -0.847  27.990 0.0000000000
89971  31.132  -4.579  26.595 0.0000000000
72082  16.456  -17.396  42.906 0.0000000000
69380  25.870  -19.069  43.104 0.0000000000
68039  26.848  -19.970  39.654 0.0000000000
72144  23.086  -16.969  38.978 0.0000000000
104812  40.070  5.811  21.058 0.0000000000
70684  23.681  -19.089  46.009 0.0000000000
172027  20.223  -17.061  46.800 0.0000000000
170222  39.091  5.005  26.636 0.0000000000
70689  15.488  -17.915  46.812 0.0000000000
67932  11.598  -20.508  47.374 0.0000000000
86370  31.756  -7.370  30.551 0.0000000000
81094  30.221  -11.490  37.235 0.0000000000
171010  28.907  -15.482  36.806 0.0000000000
72159  29.193  -18.340  37.431 0.0000000000
93254  35.500  -2.588  27.913 0.0000000000
92195  33.513  -2.469  26.461 0.0000000000
91087  33.219  -4.068  27.826 0.0000000000
95588  36.154  -0.167  29.819 0.0000000000
73417  19.302  -16.465  40.481 0.0000000000
175657  17.343  -17.251  40.523 0.0000000000
73380  19.020  -16.581  42.321 0.0000000000
72078  23.572  -17.447  42.776 0.0000000000
70766  24.483  -17.668  40.811 0.0000000000
73414  22.084  -16.535  40.864 0.0000000000
73455  20.103  -16.503  38.707 0.0000000000
100945  34.180  2.985  22.689 0.0000000000
100860  35.104  3.290  28.624 0.0000000000
186026  35.992  3.937  26.156 0.0000000000
173913  36.866  4.339  23.258 0.0000000000
186335  19.332  -17.165  48.695 0.0000000000
72001  17.826  -17.512  47.196 0.0000000000
193104  17.384  -18.004  48.943 0.0000000000
73265  13.580  -16.074  52.459 0.0000000000
71973  13.436  -17.605  49.214 0.0000000000
70640  10.593  -18.846  49.437 0.0000000000
64912  10.082  -21.601  50.456 0.0000000000
67859  9.762  -20.197  53.200 0.0000000000
81092  31.888  -11.007  37.586 0.0000000000
200149  30.730  -12.710  38.688 0.0000000000
77068  29.263  -13.708  37.467 0.0000000000
74698  29.696  -14.782  38.504 0.0000000000
69466  24.977  -19.387  37.775 0.0000000000
69430  28.589  -19.892  38.482 0.0000000000
70824  26.997  -19.277  36.452 0.0000000000
70847  27.509  -18.498  36.123 0.0000000000
174227  30.361  -9.372  30.898 0.0000000000
86389  29.414  -7.989  28.693 0.0000000000
171375  28.757  -10.179  29.554 0.0000000000
113066  52.812  12.243  22.270 0.0000000000
108305  51.530  8.493  20.923 0.0000000000
98257  33.623  0.989  28.069 0.0000000000
94402  32.472  -1.225  26.147 0.0000000000
98215  35.512  1.389  29.930 0.0000000000
199224  28.156  -20.345  43.595 0.0000000000
66531  28.660  -20.696  41.686 0.0000000000
68022  26.370  -19.317  40.950 0.0000000000
70780  24.801  -18.380  39.710 0.0000000000
72178  23.422  -17.677  37.347 0.0000000000
105927  41.975  6.301  24.814 0.0000000000
174944  41.896  8.636  23.431 0.0000000000
108299  43.756  8.861  21.524 0.0000000000
107098  45.922  8.406  19.826 0.0000000000
169617  22.509  -17.501  44.230 0.0000000000
178458  20.675  -16.973  44.514 0.0000000000
169541  21.783  -17.595  45.766 0.0000000000
69359  24.404  -19.057  44.825 0.0000000000
103533  39.538  4.876  23.652 0.0000000000
72046  18.254  -17.038  44.959 0.0000000000
70717  15.592  -17.837  44.570 0.0000000000
67955  13.293  -19.563  45.038 0.0000000000
172229  15.366  -17.832  49.342 0.0000000000
69325  13.121  -18.961  47.064 0.0000000000
66380  10.209  -21.315  56.774 0.0000000000
200475  33.280  -5.360  29.840 0.0000000000
82577  30.886  -9.948  32.595 0.0000000000
196620  31.457  -10.311  35.026 0.0000000000
81139  29.580  -10.674  34.977 0.0000000000
78292  28.716  -12.583  36.107 0.0000000000
170958  28.779  -14.176  35.972 0.0000000000
73502  28.578  -16.209  34.829 0.0000000000
69403  30.555  -19.985  40.403 0.0000000000
198858  30.935  -17.962  39.246 0.0000000000
73450  29.920  -16.322  39.067 0.0000000000
192612  29.048  -16.646  37.563 0.0000000000
73490  28.348  -16.973  36.194 0.0000000000
88807  30.931  -5.699  28.352 0.0000000000
88823  29.371  -6.196  26.598 0.0000000000
92167  35.684  -3.089  28.566 0.0000000000
194777  34.783  -3.409  27.615 0.0000000000
91085  34.809  -3.844  28.186 0.0000000000
182673  36.102  -1.981  29.050 0.0000000000
73395  20.195  -16.286  41.441 0.0000000000
73396  19.324  -16.440  41.382 0.0000000000
174101  19.816  -16.425  42.192 0.0000000000
73376  22.136  -16.708  42.167 0.0000000000
73393  22.464  -16.782  41.513 0.0000000000
192208  21.743  -16.478  41.478 0.0000000000
74672  20.480  -16.193  40.748 0.0000000000
100921  33.872  3.085  24.703 0.0000000000
191686  34.600  3.210  27.573 0.0000000000
102145  35.802  3.986  27.604 0.0000000000
100903  34.660  3.529  26.095 0.0000000000
100931  35.122  3.630  24.420 0.0000000000
74591  11.489  -16.113  52.562 0.0000000000
73288  11.376  -16.664  50.934 0.0000000000
190514  10.313  -17.842  50.965 0.0000000000
67893  10.362  -20.064  50.210 0.0000000000
69281  9.855  -19.231  51.564 0.0000000000
64909  10.262  -21.519  51.729 0.0000000000
78260  31.278  -12.394  38.971 0.0000000000
77047  31.048  -13.044  39.112 0.0000000000
77057  30.055  -14.071  38.629 0.0000000000
75863  30.193  -14.657  39.167 0.0000000000
67974  31.465  -19.758  43.132 0.0000000000
70826  24.420  -18.882  37.316 0.0000000000
69465  25.753  -19.706  37.374 0.0000000000
173151  25.017  -18.997  36.600 0.0000000000
70849  25.747  -18.770  36.046 0.0000000000
82590  29.764  -10.113  31.753 0.0000000000
83983  29.408  -9.729  30.082 0.0000000000
108283  47.138  8.966  22.355 0.0000000000
108268  48.595  8.937  23.598 0.0000000000
108280  49.248  8.617  22.885 0.0000000000
108291  51.086  8.646  22.543 0.0000000000
107077  50.021  8.277  21.076 0.0000000000
96897  33.914  0.016  28.116 0.0000000000
96911  32.795  0.472  27.020 0.0000000000
94388  33.738  -1.286  26.985 0.0000000000
91106  32.327  -3.647  26.289 0.0000000000
92197  32.301  -3.074  25.883 0.0000000000
91113  31.770  -3.617  25.729 0.0000000000
95604  35.769  -0.784  29.308 0.0000000000
96879  35.111  0.378  29.397 0.0000000000
98232  34.568  1.706  29.108 0.0000000000
183654  16.701  -17.472  41.592 0.0000000000
70743  15.365  -18.138  42.253 0.0000000000
67991  26.788  -19.764  42.973 0.0000000000
68006  26.985  -19.881  42.082 0.0000000000
69392  26.003  -18.888  42.236 0.0000000000
72127  23.896  -17.379  40.181 0.0000000000
194546  24.503  -17.859  40.097 0.0000000000
72143  23.567  -17.517  38.787 0.0000000000
70793  23.967  -18.155  38.521 0.0000000000
72161  23.166  -17.146  38.347 0.0000000000
187936  22.282  -16.516  37.693 0.0000000000
78303  28.338  -12.806  34.468 0.0000000000
104792  41.330  6.052  23.409 0.0000000000
189217  41.498  7.710  24.742 0.0000000000
181519  41.493  6.951  22.538 0.0000000000
107101  42.904  7.709  20.352 0.0000000000
198984  43.943  7.941  19.386 0.0000000000
198026  44.999  8.841  20.668 0.0000000000
70715  23.350  -18.462  45.093 0.0000000000
193762  22.265  -17.768  45.320 0.0000000000
70685  23.118  -18.425  46.295 0.0000000000
69349  24.230  -19.327  45.162 0.0000000000
70729  23.293  -17.958  44.334 0.0000000000
194623  41.063  5.100  25.387 0.0000000000
179644  39.114  4.729  24.426 0.0000000000
102206  36.878  4.475  21.542 0.0000000000
202418  20.433  -17.103  45.596 0.0000000000
72045  19.211  -16.973  44.739 0.0000000000
172979  18.924  -17.120  45.359 0.0000000000
199717  16.688  -17.629  46.843 0.0000000000
70687  16.894  -17.492  46.228 0.0000000000
194846  15.771  -17.806  46.101 0.0000000000
197088  14.502  -18.409  44.575 0.0000000000
70705  14.198  -18.410  45.995 0.0000000000
70606  15.097  -17.567  50.505 0.0000000000
70657  12.044  -18.577  48.153 0.0000000000
70655  13.421  -18.081  48.012 0.0000000000
69326  12.700  -19.795  47.477 0.0000000000
67943  12.832  -20.047  46.272 0.0000000000
83933  31.716  -9.551  32.604 0.0000000000
81093  31.075  -11.164  37.399 0.0000000000
82508  31.335  -10.572  36.076 0.0000000000
81125  30.522  -10.684  35.930 0.0000000000
82526  30.334  -10.490  35.209 0.0000000000
81126  29.783  -10.905  35.676 0.0000000000
81127  29.125  -11.243  35.359 0.0000000000
79632  29.053  -12.048  36.239 0.0000000000
177704  29.217  -14.386  37.488 0.0000000000
77079  28.884  -13.572  36.690 0.0000000000
75883  28.883  -14.873  36.396 0.0000000000
75892  28.761  -14.939  35.578 0.0000000000
74721  28.711  -15.520  36.039 0.0000000000
68019  28.123  -20.438  40.311 0.0000000000
68017  29.647  -20.431  40.677 0.0000000000
68036  28.948  -20.278  39.614 0.0000000000
198167  28.912  -19.542  38.120 0.0000000000
70791  29.964  -19.019  38.584 0.0000000000
194127  30.016  -18.245  38.381 0.0000000000
72126  30.534  -17.408  39.094 0.0000000000
72142  30.111  -17.528  38.644 0.0000000000
73468  29.531  -16.144  38.523 0.0000000000
72158  29.120  -17.362  37.506 0.0000000000
72211  26.993  -17.702  34.994 0.0000000000
72194  28.122  -17.773  36.267 0.0000000000
88774  32.260  -6.109  29.880 0.0000000000
88790  31.878  -5.814  29.302 0.0000000000
87589  30.933  -6.761  29.431 0.0000000000
85237  28.887  -8.505  28.209 0.0000000000
86401  29.332  -7.352  28.138 0.0000000000
113082  50.528  11.854  20.845 0.0000000000
94380  35.067  -1.640  27.915 0.0000000000
93262  34.064  -2.008  26.862 0.0000000000
195974  34.586  -2.245  27.165 0.0000000000
92187  33.569  -3.243  26.826 0.0000000000
203590  32.075  -4.338  27.298 0.0000000000
94356  37.073  -1.081  29.764 0.0000000000
94368  35.976  -1.465  29.101 0.0000000000
73438  17.995  -16.972  40.245 0.0000000000
73419  17.861  -16.894  41.111 0.0000000000
73382  17.571  -16.875  42.696 0.0000000000
194780  24.602  -17.844  42.835 0.0000000000
70741  24.929  -17.949  42.297 0.0000000000
72097  23.677  -17.348  41.934 0.0000000000
72115  23.225  -17.005  40.623 0.0000000000
73433  22.517  -16.634  40.253 0.0000000000
73453  21.478  -16.276  38.671 0.0000000000
171350  21.371  -16.291  39.421 0.0000000000
73435  20.060  -16.340  39.443 0.0000000000
104824  39.532  5.710  20.161 0.0000000000
70666  23.709  -18.785  46.806 0.0000000000
187045  36.389  4.167  28.662 0.0000000000
102123  37.089  4.550  27.570 0.0000000000
102166  37.213  4.198  25.554 0.0000000000
102177  37.797  4.445  24.499 0.0000000000
204666  36.123  4.015  24.064 0.0000000000
102199  35.563  3.775  22.812 0.0000000000
72000  19.826  -16.987  47.498 0.0000000000
72016  19.272  -17.234  46.902 0.0000000000
71986  18.514  -17.488  47.994 0.0000000000
70650  17.397  -17.873  48.203 0.0000000000
170408  16.262  -17.876  47.961 0.0000000000
71938  14.235  -17.445  50.499 0.0000000000
73286  13.114  -16.653  50.794 0.0000000000
71975  11.579  -17.739  49.042 0.0000000000
67902  11.281  -20.019  48.536 0.0000000000
66432  10.582  -21.038  49.190 0.0000000000
81077  31.401  -11.415  38.130 0.0000000000
79618  30.270  -11.986  37.867 0.0000000000
79619  29.638  -12.307  37.415 0.0000000000
187047  29.828  -13.521  38.117 0.0000000000
77058  29.529  -14.219  38.032 0.0000000000
75868  29.304  -14.855  37.842 0.0000000000
69432  26.283  -19.954  38.565 0.0000000000
68056  27.884  -20.146  38.789 0.0000000000
69449  26.415  -19.970  37.788 0.0000000000
69448  27.276  -19.920  37.492 0.0000000000
70806  28.037  -19.515  37.211 0.0000000000
70822  28.594  -18.846  36.906 0.0000000000
70823  27.853  -19.128  36.560 0.0000000000
70870  26.431  -18.231  35.528 0.0000000000
85208  30.709  -8.425  30.422 0.0000000000
86387  30.734  -7.419  29.753 0.0000000000
85209  30.199  -8.477  29.925 0.0000000000
84002  29.167  -9.321  29.305 0.0000000000
110656  52.913  10.160  23.492 0.0000000000
109510  52.673  9.411  22.050 0.0000000000
194984  33.161  1.817  27.152 0.0000000000
98302  32.288  1.782  25.210 0.0000000000
191605  32.420  0.863  26.504 0.0000000000
94401  33.064  -1.779  26.208 0.0000000000
93280  31.985  -2.234  25.697 0.0000000000
181809  37.273  1.022  30.891 0.0000000000
98202  36.752  1.730  30.944 0.0000000000
99581  35.818  2.645  30.273 0.0000000000
100827  35.342  2.704  29.719 0.0000000000
99626  34.275  2.233  28.549 0.0000000000
66489  29.658  -20.041  43.901 0.0000000000
173552  30.686  -19.901  43.147 0.0000000000
66517  28.591  -20.554  42.954 0.0000000000
68020  27.443  -20.242  41.217 0.0000000000
69418  26.477  -19.630  40.176 0.0000000000
69406  25.551  -18.474  40.911 0.0000000000
69419  25.411  -18.719  40.067 0.0000000000
187285  25.788  -19.364  39.661 0.0000000000
69451  24.954  -19.314  38.535 0.0000000000
70808  23.874  -18.293  37.766 0.0000000000
72196  23.369  -17.841  36.559 0.0000000000
109458  42.064  9.901  24.218 0.0000000000
107074  42.136  7.593  21.637 0.0000000000
193142  42.426  8.700  22.668 0.0000000000
109480  43.131  9.948  23.313 0.0000000000
109496  44.349  9.653  22.589 0.0000000000
108297  46.215  8.939  21.464 0.0000000000
107081  47.552  8.415  20.771 0.0000000000
107094  48.702  8.164  20.410 0.0000000000
73377  21.786  -16.730  42.833 0.0000000000
73365  20.674  -16.691  43.484 0.0000000000
169411  21.768  -17.191  44.147 0.0000000000
72028  21.142  -17.301  45.502 0.0000000000
172365  21.056  -17.196  46.750 0.0000000000
70667  23.183  -18.187  47.172 0.0000000000
184066  20.684  -16.921  47.769 0.0000000000
71970  21.215  -16.867  48.765 0.0000000000
66488  30.473  -19.767  44.566 0.0000000000
174103  29.480  -20.033  44.664 0.0000000000
66504  27.106  -20.314  44.197 0.0000000000
67978  25.908  -19.755  44.256 0.0000000000
69347  25.218  -19.716  44.954 0.0000000000
69371  25.258  -18.773  43.734 0.0000000000
70728  23.991  -18.178  44.118 0.0000000000
180746  22.955  -17.278  43.124 0.0000000000
104780  42.382  5.942  26.061 0.0000000000
196854  41.299  5.400  24.385 0.0000000000
180819  39.976  5.313  22.278 0.0000000000
103546  38.281  4.849  22.919 0.0000000000
103554  38.640  4.983  22.262 0.0000000000
177166  38.782  5.437  20.540 0.0000000000
198279  19.306  -16.698  43.538 0.0000000000
73368  17.893  -16.774  43.448 0.0000000000
72063  17.203  -16.996  44.021 0.0000000000
72031  18.305  -17.253  45.815 0.0000000000
72048  16.679  -17.259  44.499 0.0000000000
72065  15.955  -17.616  43.391 0.0000000000
70731  14.839  -18.321  43.466 0.0000000000
69373  13.889  -19.286  43.714 0.0000000000
70633  16.653  -18.104  49.158 0.0000000000
70652  15.630  -17.906  48.314 0.0000000000
70654  14.269  -18.044  48.229 0.0000000000
70673  14.220  -18.264  46.966 0.0000000000
69351  13.226  -19.538  45.844 0.0000000000
195822  10.403  -21.535  53.905 0.0000000000
89935  34.299  -4.586  29.513 0.0000000000
85193  31.815  -8.276  31.248 0.0000000000
83966  31.415  -8.923  31.376 0.0000000000
82589  30.465  -9.938  32.049 0.0000000000
82578  29.867  -10.250  32.743 0.0000000000
82560  30.797  -10.226  33.862 0.0000000000
82561  30.007  -10.334  33.678 0.0000000000
82562  29.249  -10.581  33.490 0.0000000000
81141  28.391  -11.539  34.415 0.0000000000
79644  28.377  -12.125  34.834 0.0000000000
78302  28.479  -12.832  35.324 0.0000000000
197441  28.881  -12.971  36.538 0.0000000000
169408  28.689  -13.301  36.004 0.0000000000
77089  28.641  -13.728  35.247 0.0000000000
170144  28.780  -14.474  35.031 0.0000000000
74748  28.928  -15.632  34.439 0.0000000000
74679  31.348  -15.044  40.650 0.0000000000
68001  31.013  -20.127  41.857 0.0000000000
69390  31.577  -19.705  41.368 0.0000000000
70763  31.749  -18.757  40.347 0.0000000000
69416  28.769  -20.061  38.972 0.0000000000
69414  30.402  -19.550  39.591 0.0000000000
198449  31.866  -18.053  40.320 0.0000000000
73412  31.148  -16.793  40.330 0.0000000000
73431  30.677  -16.365  39.983 0.0000000000
74688  30.358  -15.237  39.664 0.0000000000
74689  29.874  -15.491  38.986 0.0000000000
74699  29.427  -15.450  38.225 0.0000000000
74709  28.928  -16.091  37.223 0.0000000000
72177  28.686  -17.856  36.865 0.0000000000
72176  28.676  -16.932  36.985 0.0000000000
171457  28.659  -16.183  36.505 0.0000000000
73489  28.513  -16.202  35.694 0.0000000000
89937  32.741  -4.838  28.787 0.0000000000
179295  32.224  -4.782  28.261 0.0000000000
89955  31.158  -5.157  27.859 0.0000000000
87599  30.430  -6.499  28.719 0.0000000000
88808  30.168  -6.027  27.925 0.0000000000
89972  30.440  -5.032  26.621 0.0000000000
107111  49.848  7.863  19.566 0.0000000000
91084  35.297  -3.709  28.475 0.0000000000
91074  34.834  -4.146  29.008 0.0000000000
171170  21.367  -16.460  42.120 0.0000000000
73394  20.985  -16.262  41.352 0.0000000000
99670  33.128  2.633  24.407 0.0000000000
99659  33.313  2.726  25.227 0.0000000000
100888  34.000  3.084  26.425 0.0000000000
100887  34.617  3.401  26.831 0.0000000000
100904  34.069  3.184  25.549 0.0000000000
100920  34.597  3.423  24.902 0.0000000000
178544  10.857  -16.494  52.245 0.0000000000
73279  10.719  -16.785  51.630 0.0000000000
71926  10.315  -17.462  51.625 0.0000000000
70595  10.048  -18.262  51.580 0.0000000000
71912  10.049  -17.856  52.278 0.0000000000
70585  9.804  -18.783  52.273 0.0000000000
77046  31.395  -13.311  39.641 0.0000000000
77048  30.718  -13.871  39.265 0.0000000000
75862  30.707  -14.586  39.763 0.0000000000
69357  31.948  -19.034  44.364 0.0000000000
67964  31.541  -19.334  43.812 0.0000000000
70827  24.149  -18.544  36.598 0.0000000000
70850  24.743  -18.604  35.937 0.0000000000
82604  28.827  -10.566  31.304 0.0000000000
108295  47.547  8.705  21.972 0.0000000000
108282  47.818  8.849  22.652 0.0000000000
108294  48.274  8.618  22.269 0.0000000000
172026  48.971  8.505  22.257 0.0000000000
172614  49.651  8.462  22.356 0.0000000000
107079  48.856  8.325  21.063 0.0000000000
196122  34.455  -0.158  28.552 0.0000000000
95629  33.840  -0.654  27.578 0.0000000000
204513  32.011  -4.011  26.589 0.0000000000
91107  31.580  -4.091  26.230 0.0000000000
91114  31.093  -4.015  25.539 0.0000000000
89978  30.768  -4.501  26.011 0.0000000000
95619  34.910  -0.888  28.400 0.0000000000
95605  35.039  -0.366  29.057 0.0000000000
72100  16.354  -17.584  42.100 0.0000000000
72101  16.188  -17.861  41.300 0.0000000000
189329  15.877  -17.901  41.946 0.0000000000
72083  15.888  -17.746  42.621 0.0000000000
67992  26.257  -19.552  43.429 0.0000000000
68007  26.428  -19.393  42.599 0.0000000000
72128  23.122  -16.911  39.766 0.0000000000
182727  23.577  -17.319  39.406 0.0000000000
73470  22.654  -16.699  38.360 0.0000000000
179115  28.747  -13.441  34.065 0.0000000000
104804  40.825  5.895  22.215 0.0000000000
104797  41.281  6.313  22.568 0.0000000000
105943  41.143  6.414  21.783 0.0000000000
107133  44.312  7.848  18.859 0.0000000000
196974  23.370  -18.687  45.658 0.0000000000
70700  22.846  -18.231  45.535 0.0000000000
70699  23.815  -19.030  45.392 0.0000000000
195038  38.417  4.929  26.903 0.0000000000
103509  40.008  5.135  26.632 0.0000000000
103515  39.643  4.973  25.804 0.0000000000
103522  38.999  4.756  25.250 0.0000000000
170659  19.889  -17.109  46.169 0.0000000000
72029  19.742  -17.060  45.349 0.0000000000
70670  16.541  -17.740  47.315 0.0000000000
70688  16.249  -17.714  46.641 0.0000000000
70704  15.059  -18.078  45.888 0.0000000000
71937  15.150  -17.365  51.143 0.0000000000
67916  12.033  -20.109  47.647 0.0000000000
69313  12.172  -19.481  47.901 0.0000000000
67931  12.247  -20.224  47.166 0.0000000000
66458  11.712  -20.608  46.851 0.0000000000
81109  30.762  -10.919  36.671 0.0000000000
81110  29.985  -11.176  36.398 0.0000000000
81111  29.298  -11.471  36.039 0.0000000000
79631  29.499  -11.787  36.704 0.0000000000
75875  29.067  -14.883  37.156 0.0000000000
171528  28.987  -14.273  36.869 0.0000000000
171054  27.175  -20.075  40.311 0.0000000000
68038  27.511  -20.162  39.555 0.0000000000
70805  28.822  -19.256  37.566 0.0000000000
70804  29.546  -18.877  38.015 0.0000000000
191942  29.656  -17.681  38.080 0.0000000000
87574  31.977  -6.736  30.232 0.0000000000
87588  31.589  -6.415  29.683 0.0000000000
87575  31.342  -7.073  30.021 0.0000000000
202804  35.246  -2.247  27.724 0.0000000000
93255  34.920  -2.130  27.453 0.0000000000
92179  34.957  -2.741  27.384 0.0000000000
91086  34.066  -3.824  27.896 0.0000000000
92180  34.273  -3.237  27.275 0.0000000000
91095  33.694  -3.658  27.319 0.0000000000
91096  33.083  -3.799  27.151 0.0000000000
89962  32.488  -4.304  27.638 0.0000000000
95586  37.677  -0.908  29.985 0.0000000000
93244  35.789  -2.400  28.509 0.0000000000
94379  35.569  -1.974  28.327 0.0000000000
95618  35.431  -1.331  28.642 0.0000000000
73397  18.451  -16.673  41.697 0.0000000000
73398  17.723  -16.909  41.958 0.0000000000
73381  18.246  -16.725  42.544 0.0000000000
188752  24.240  -17.608  42.468 0.0000000000
72098  23.129  -17.085  41.395 0.0000000000
73413  22.693  -16.815  40.936 0.0000000000
73434  21.648  -16.344  40.181 0.0000000000
73416  19.976  -16.301  40.207 0.0000000000
73436  19.370  -16.523  39.732 0.0000000000
102101  36.024  3.845  29.237 0.0000000000
102125  35.713  3.838  28.478 0.0000000000
102157  35.921  4.000  26.837 0.0000000000
102144  36.519  4.236  27.207 0.0000000000
102156  36.596  4.134  26.522 0.0000000000
102143  37.139  4.424  26.898 0.0000000000
102167  36.618  4.056  25.863 0.0000000000
102179  36.589  4.066  25.155 0.0000000000
102180  35.882  3.941  24.664 0.0000000000
100944  34.948  3.531  23.725 0.0000000000
204487  35.386  3.733  23.379 0.0000000000
191965  34.892  3.436  22.948 0.0000000000
71984  19.967  -16.943  48.172 0.0000000000
71985  19.177  -17.229  48.076 0.0000000000
70632  17.967  -17.725  48.434 0.0000000000
70651  16.818  -18.040  48.451 0.0000000000
73275  14.002  -16.481  51.929 0.0000000000
71925  14.174  -16.843  51.440 0.0000000000
71940  11.069  -17.178  50.469 0.0000000000
73296  11.605  -16.918  50.289 0.0000000000
70623  10.874  -18.084  49.554 0.0000000000
70639  11.284  -18.555  48.812 0.0000000000
69303  11.018  -19.443  48.987 0.0000000000
67918  11.005  -20.705  48.476 0.0000000000
67903  10.915  -20.220  49.106 0.0000000000
185596  10.483  -20.675  50.324 0.0000000000
176910  10.158  -21.514  49.716 0.0000000000
67867  9.922  -20.587  52.441 0.0000000000
66397  10.328  -21.517  52.421 0.0000000000
179854  10.426  -21.709  52.899 0.0000000000
79604  31.618  -11.797  38.764 0.0000000000
79605  30.849  -12.057  38.398 0.0000000000
78270  30.145  -12.693  38.169 0.0000000000
69450  25.590  -19.765  38.151 0.0000000000
69464  26.619  -19.785  37.028 0.0000000000
69463  27.376  -19.616  36.895 0.0000000000
83967  30.842  -8.919  30.866 0.0000000000
83981  30.325  -8.961  30.413 0.0000000000
182694  51.360  8.630  21.818 0.0000000000
192700  51.941  9.022  22.452 0.0000000000
108304  52.149  8.904  21.576 0.0000000000
109522  52.847  9.310  21.322 0.0000000000
200553  33.431  1.606  27.683 0.0000000000
98273  32.761  1.304  26.796 0.0000000000
98272  33.124  1.094  27.448 0.0000000000
95637  32.755  -0.234  26.736 0.0000000000
96927  32.388  0.232  26.444 0.0000000000
95638  32.398  -0.502  26.305 0.0000000000
95648  31.788  -0.787  25.833 0.0000000000
94400  33.552  -1.710  26.549 0.0000000000
92204  31.591  -2.964  25.444 0.0000000000
93281  31.195  -2.188  25.150 0.0000000000
194749  37.454  -0.148  30.227 0.0000000000
203892  37.179  0.465  30.522 0.0000000000
96864  36.748  0.203  30.199 0.0000000000
96865  36.056  0.769  30.167 0.0000000000
98214  36.037  1.745  30.435 0.0000000000
99561  36.384  2.525  30.818 0.0000000000
204181  35.529  2.112  30.005 0.0000000000
99603  35.090  1.969  29.586 0.0000000000
98256  34.105  1.365  28.588 0.0000000000
99627  33.789  1.872  28.099 0.0000000000
99638  33.642  2.228  27.482 0.0000000000
66502  29.046  -20.333  43.448 0.0000000000
66518  27.879  -20.401  42.903 0.0000000000
68005  27.625  -20.383  42.115 0.0000000000
68021  26.827  -19.756  41.064 0.0000000000
70754  25.031  -17.977  41.327 0.0000000000
69393  25.536  -18.403  41.820 0.0000000000
69434  25.126  -19.080  39.316 0.0000000000
70792  24.512  -18.648  38.933 0.0000000000
72160  23.494  -17.620  38.067 0.0000000000
194879  23.832  -18.273  37.128 0.0000000000
197662  20.792  -16.414  38.180 0.0000000000
199190  42.347  6.710  25.872 0.0000000000
108270  41.538  8.430  24.230 0.0000000000
108253  41.311  8.251  25.114 0.0000000000
109459  41.518  9.245  24.765 0.0000000000
110629  41.861  10.069  24.938 0.0000000000
109482  41.904  9.214  23.893 0.0000000000
181159  41.281  6.739  19.717 0.0000000000
105949  41.606  6.975  21.400 0.0000000000
107083  43.221  8.106  20.813 0.0000000000
107073  42.571  8.210  21.878 0.0000000000
108300  43.072  8.791  21.990 0.0000000000
109498  42.795  9.394  22.999 0.0000000000
109497  43.471  9.593  22.766 0.0000000000
110659  43.891  10.017  23.177 0.0000000000
109514  43.695  9.237  22.172 0.0000000000
108320  45.420  8.621  20.264 0.0000000000
108310  45.718  8.867  20.922 0.0000000000
108319  46.212  8.578  20.465 0.0000000000
108309  46.549  8.675  21.088 0.0000000000
107097  46.548  8.393  20.086 0.0000000000
72058  22.287  -17.082  43.524 0.0000000000
73364  21.437  -16.843  43.501 0.0000000000
70701  22.450  -17.872  45.997 0.0000000000
203725  21.717  -17.499  45.187 0.0000000000
72014  21.309  -17.364  46.173 0.0000000000
72013  21.854  -17.492  46.617 0.0000000000
70648  22.299  -17.474  47.915 0.0000000000
71998  21.469  -17.230  47.407 0.0000000000
71983  21.438  -17.087  48.129 0.0000000000
193929  20.717  -16.834  48.298 0.0000000000
179018  24.677  -19.399  44.901 0.0000000000
69370  25.219  -19.310  44.419 0.0000000000
69358  24.731  -18.952  44.467 0.0000000000
70727  24.568  -18.410  43.953 0.0000000000
70713  24.345  -18.686  44.489 0.0000000000
198264  22.905  -17.489  43.769 0.0000000000
98303  31.845  1.099  25.383 0.0000000000
103521  40.086  4.935  24.378 0.0000000000
103520  40.914  5.127  24.742 0.0000000000
103532  40.195  5.053  23.659 0.0000000000
103543  40.596  5.303  23.314 0.0000000000
103544  39.921  5.112  22.952 0.0000000000
102188  37.134  4.332  24.102 0.0000000000
103535  37.791  4.645  23.649 0.0000000000
103547  37.525  4.718  22.743 0.0000000000
103563  37.474  4.832  21.204 0.0000000000
103555  37.454  4.764  21.973 0.0000000000
188977  38.102  4.986  21.689 0.0000000000
181502  38.894  5.208  21.480 0.0000000000
103562  38.140  5.119  20.892 0.0000000000
72060  20.330  -16.845  44.047 0.0000000000
73366  19.942  -16.679  43.493 0.0000000000
72062  18.691  -16.809  44.049 0.0000000000
186722  17.859  -16.895  44.290 0.0000000000
72017  18.432  -17.347  46.628 0.0000000000
72018  17.661  -17.393  46.417 0.0000000000
70716  16.183  -17.521  44.938 0.0000000000
72033  16.813  -17.343  45.288 0.0000000000
72049  16.074  -17.547  44.165 0.0000000000
178184  15.466  -17.892  43.812 0.0000000000
69361  13.905  -18.981  44.584 0.0000000000
69372  14.369  -18.645  43.949 0.0000000000
67967  13.371  -19.687  44.192 0.0000000000
70620  15.692  -17.866  49.903 0.0000000000
171862  15.991  -18.008  49.304 0.0000000000
170409  16.191  -17.996  48.665 0.0000000000
70634  15.650  -17.911  48.861 0.0000000000
195978  14.066  -17.653  49.893 0.0000000000
70674  13.583  -18.252  47.523 0.0000000000
69324  13.722  -18.369  47.107 0.0000000000
173838  14.312  -18.109  47.525 0.0000000000
69337  13.550  -18.651  46.689 0.0000000000
70691  14.022  -18.429  46.500 0.0000000000
69338  13.181  -19.410  46.503 0.0000000000
67855  10.033  -20.430  54.456 0.0000000000
67850  10.020  -19.966  55.015 0.0000000000
67838  10.110  -20.637  56.448 0.0000000000
66389  10.328  -21.526  55.237 0.0000000000
87573  32.575  -6.444  30.438 0.0000000000
83951  31.102  -9.522  31.880 0.0000000000
185258  30.600  -10.180  33.213 0.0000000000
82542  31.040  -10.286  34.652 0.0000000000
82543  30.187  -10.391  34.446 0.0000000000
82544  29.407  -10.602  34.247 0.0000000000
81147  28.752  -11.022  33.993 0.0000000000
81140  28.950  -11.087  34.685 0.0000000000
79643  28.738  -11.976  35.590 0.0000000000
81128  28.629  -11.576  35.001 0.0000000000
78281  29.168  -12.988  37.119 0.0000000000
74733  28.675  -15.578  35.228 0.0000000000
186298  28.814  -15.096  34.892 0.0000000000
73514  28.827  -16.332  34.054 0.0000000000
67989  29.692  -20.559  42.381 0.0000000000
67988  30.433  -20.323  42.525 0.0000000000
68003  29.320  -20.603  41.565 0.0000000000
69391  30.967  -19.975  41.106 0.0000000000
69402  31.342  -19.482  40.670 0.0000000000
70779  30.327  -19.118  39.023 0.0000000000
70778  30.868  -18.748  39.302 0.0000000000
70777  31.417  -18.206  39.766 0.0000000000
72113  31.548  -17.416  40.252 0.0000000000
72125  30.982  -17.243  39.702 0.0000000000
73432  30.350  -16.692  39.446 0.0000000000
73449  30.228  -15.953  39.584 0.0000000000
180222  30.596  -15.703  40.035 0.0000000000
73469  29.370  -16.784  38.070 0.0000000000
201738  29.209  -16.065  37.877 0.0000000000
70846  28.215  -18.443  36.484 0.0000000000
183085  27.955  -17.314  35.722 0.0000000000
203821  28.458  -17.394  36.603 0.0000000000
73503  28.181  -16.763  35.289 0.0000000000
89936  33.464  -4.844  29.277 0.0000000000
88806  31.517  -5.600  28.796 0.0000000000
89938  32.071  -5.240  28.852 0.0000000000
89954  31.585  -5.176  28.320 0.0000000000
89963  31.748  -4.708  27.656 0.0000000000
86388  30.112  -7.821  29.388 0.0000000000
194146  30.397  -7.130  29.218 0.0000000000
86400  29.869  -7.222  28.739 0.0000000000
87601  29.263  -6.950  27.627 0.0000000000
87600  29.729  -6.704  28.123 0.0000000000
87612  29.536  -6.381  27.404 0.0000000000
88822  30.038  -5.681  27.105 0.0000000000
188684  49.430  11.831  21.169 0.0000000000
111904  48.223  11.598  20.390 0.0000000000
111905  47.650  11.673  20.092 0.0000000000
170210  49.269  7.969  19.974 0.0000000000
171715  49.191  7.773  19.209 0.0000000000
92178  35.281  -3.267  27.882 0.0000000000
198637  19.873  -16.328  40.853 0.0000000000
72079  22.933  -17.071  42.241 0.0000000000
73415  21.491  -16.353  40.899 0.0000000000
74671  21.057  -16.231  40.633 0.0000000000
100933  34.315  3.201  23.458 0.0000000000
100873  35.156  3.519  27.964 0.0000000000
100886  35.224  3.690  27.203 0.0000000000
192041  35.296  3.786  26.474 0.0000000000
196290  35.333  3.809  25.798 0.0000000000
100919  35.274  3.766  25.119 0.0000000000
202491  34.780  3.567  25.487 0.0000000000
100932  34.439  3.321  24.187 0.0000000000
199786  19.470  -17.100  49.349 0.0000000000
71971  18.786  -17.359  49.259 0.0000000000
71941  10.657  -17.213  50.965 0.0000000000
201220  10.345  -18.091  50.544 0.0000000000
69295  10.266  -19.177  50.110 0.0000000000
70607  10.123  -18.626  50.804 0.0000000000
69288  10.039  -19.665  50.835 0.0000000000
67884  10.293  -20.491  50.863 0.0000000000
67875  9.987  -20.294  51.632 0.0000000000
69275  9.697  -19.758  52.341 0.0000000000
203404  9.707  -19.274  52.903 0.0000000000
78259  31.611  -12.658  39.419 0.0000000000
77056  30.431  -13.340  38.649 0.0000000000
180910  25.185  -19.339  37.113 0.0000000000
70825  25.975  -19.344  36.605 0.0000000000
70848  26.625  -18.757  36.041 0.0000000000
83952  30.420  -9.696  31.449 0.0000000000
196185  29.952  -9.432  30.437 0.0000000000
82603  29.706  -9.908  30.888 0.0000000000
175851  28.893  -10.410  30.378 0.0000000000
109494  46.738  9.295  22.721 0.0000000000
109479  46.172  9.926  23.619 0.0000000000
109493  47.396  9.148  22.986 0.0000000000
108277  51.462  8.911  23.229 0.0000000000
108292  50.344  8.494  22.501 0.0000000000
108306  50.125  8.397  21.821 0.0000000000
96910  33.363  0.259  27.625 0.0000000000
95630  33.217  -0.410  27.147 0.0000000000
94389  33.059  -1.006  26.566 0.0000000000
92196  32.950  -3.128  26.322 0.0000000000
197654  31.224  -3.503  25.167 0.0000000000
96866  35.531  0.567  29.752 0.0000000000
98231  35.041  1.123  29.486 0.0000000000
96880  34.573  0.670  29.001 0.0000000000
96896  34.108  0.591  28.487 0.0000000000
72117  16.769  -17.564  40.896 0.0000000000
70756  15.044  -18.673  41.746 0.0000000000
70744  14.780  -18.587  42.603 0.0000000000
66503  27.459  -20.232  43.581 0.0000000000
67990  27.291  -20.110  42.906 0.0000000000
180867  26.452  -19.343  41.718 0.0000000000
70781  24.104  -17.901  39.375 0.0000000000
72179  22.966  -17.009  37.645 0.0000000000
184155  22.982  -17.261  36.952 0.0000000000
79653  28.151  -12.146  34.067 0.0000000000
105935  41.678  6.360  23.990 0.0000000000
107049  41.659  7.057  24.424 0.0000000000
107060  41.534  7.229  23.673 0.0000000000
107069  41.656  7.501  22.902 0.0000000000
105958  42.273  7.265  20.014 0.0000000000
171038  42.907  7.507  19.520 0.0000000000
107100  43.617  8.149  20.300 0.0000000000
185383  44.422  8.853  21.021 0.0000000000
108321  44.467  8.495  20.234 0.0000000000
169577  44.935  8.131  19.132 0.0000000000
107116  45.604  8.181  19.168 0.0000000000
72027  22.748  -17.897  44.864 0.0000000000
72042  22.040  -17.523  44.734 0.0000000000
70714  23.965  -18.683  44.794 0.0000000000
103514  40.594  5.081  25.945 0.0000000000
194684  39.637  4.868  25.002 0.0000000000
102197  36.856  4.421  22.349 0.0000000000
170746  20.582  -17.055  45.033 0.0000000000
72044  20.039  -16.953  44.614 0.0000000000
70669  17.117  -17.604  47.091 0.0000000000
70702  16.281  -17.607  45.753 0.0000000000
70703  15.682  -17.813  45.364 0.0000000000
70718  15.041  -18.104  44.967 0.0000000000
69360  14.357  -18.396  45.243 0.0000000000
179838  13.702  -18.926  45.470 0.0000000000
193688  15.455  -17.714  50.363 0.0000000000
70621  15.142  -17.718  49.921 0.0000000000
71987  12.537  -17.938  48.022 0.0000000000
174817  13.153  -17.769  48.422 0.0000000000
70656  12.808  -18.724  47.656 0.0000000000
67930  12.822  -19.940  46.922 0.0000000000
83950  31.746  -9.144  31.964 0.0000000000
83949  32.291  -8.993  32.332 0.0000000000
82576  31.307  -10.021  33.242 0.0000000000
81108  31.619  -10.815  36.800 0.0000000000
82525  31.096  -10.426  35.388 0.0000000000
169416  28.798  -20.587  40.941 0.0000000000
68018  29.047  -20.441  40.258 0.0000000000
69404  29.738  -20.148  39.899 0.0000000000
69429  29.276  -19.570  38.540 0.0000000000
70790  30.470  -18.275  38.803 0.0000000000
193320  30.113  -16.912  38.987 0.0000000000
73451  29.752  -16.869  38.610 0.0000000000
72195  27.528  -17.727  35.723 0.0000000000
72210  27.677  -17.172  34.874 0.0000000000
88773  32.907  -5.864  30.114 0.0000000000
88789  32.647  -5.428  29.452 0.0000000000
88791  31.187  -6.109  29.074 0.0000000000
198091  29.011  -7.910  28.001 0.0000000000
113065  53.288  11.868  21.990 0.0000000000
113067  52.158  12.375  21.913 0.0000000000
94381  34.451  -1.594  27.389 0.0000000000
92186  34.221  -2.692  26.939 0.0000000000
91105  32.910  -3.545  26.653 0.0000000000
91097  32.364  -3.978  26.944 0.0000000000
89970  31.719  -4.370  26.928 0.0000000000
95587  36.984  -0.553  29.926 0.0000000000
94367  36.679  -1.510  29.498 0.0000000000
95603  36.493  -0.959  29.575 0.0000000000
73418  18.596  -16.653  40.790 0.0000000000
72116  17.234  -17.216  41.398 0.0000000000
72099  16.999  -17.182  42.254 0.0000000000
187157  24.874  -18.192  43.175 0.0000000000
69381  25.449  -18.508  42.740 0.0000000000
173686  24.375  -17.611  41.657 0.0000000000
72114  23.819  -17.332  41.117 0.0000000000
73452  22.265  -16.498  39.240 0.0000000000
195531  22.063  -16.423  38.351 0.0000000000
73454  20.750  -16.259  39.052 0.0000000000
74681  20.753  -16.181  39.960 0.0000000000
104811  40.624  6.162  20.840 0.0000000000
104823  40.307  6.085  20.248 0.0000000000
69312  24.206  -19.097  47.245 0.0000000000
192336  37.307  4.599  29.119 0.0000000000
102124  36.420  4.262  27.982 0.0000000000
177796  37.100  4.549  28.401 0.0000000000
103505  37.572  4.708  27.254 0.0000000000
103510  37.773  4.671  26.699 0.0000000000
102154  37.770  4.462  25.933 0.0000000000
103517  38.350  4.629  25.568 0.0000000000
102165  37.813  4.341  25.213 0.0000000000
102178  37.203  4.225  24.841 0.0000000000
194553  36.548  4.164  23.854 0.0000000000
180070  36.044  3.975  23.419 0.0000000000
102198  36.226  4.049  22.641 0.0000000000
102208  35.704  3.802  22.110 0.0000000000
174387  19.038  -17.303  47.594 0.0000000000
173694  18.497  -17.441  47.392 0.0000000000
180646  18.610  -17.460  48.570 0.0000000000
70649  17.923  -17.641  47.843 0.0000000000
193119  17.422  -17.716  47.663 0.0000000000
193251  16.029  -17.798  47.314 0.0000000000
175679  14.594  -17.161  51.189 0.0000000000
71939  13.854  -17.066  50.919 0.0000000000
71955  13.259  -17.111  50.104 0.0000000000
73295  12.147  -16.967  49.848 0.0000000000
73306  12.650  -17.080  49.306 0.0000000000
70638  11.948  -17.983  48.449 0.0000000000
69314  11.523  -19.338  48.391 0.0000000000
67917  11.409  -20.390  47.931 0.0000000000
66445  10.686  -21.350  48.375 0.0000000000
175590  10.654  -20.481  49.742 0.0000000000
184278  30.720  -11.554  37.872 0.0000000000
78280  29.567  -13.038  37.697 0.0000000000
177715  29.120  -15.454  37.528 0.0000000000
69417  26.270  -19.843  39.320 0.0000000000
68057  26.952  -20.073  39.009 0.0000000000
69431  27.134  -20.078  38.252 0.0000000000
69447  28.110  -19.876  37.971 0.0000000000
70869  27.016  -18.148  35.755 0.0000000000
86371  31.138  -7.802  30.351 0.0000000000
86372  30.565  -7.984  29.988 0.0000000000
85224  29.658  -8.563  29.358 0.0000000000
83982  29.809  -9.091  29.925 0.0000000000
85225  29.180  -8.698  28.833 0.0000000000
84022  28.746  -9.181  28.505 0.0000000000
110655  53.280  10.480  22.936 0.0000000000
109492  52.190  9.347  23.202 0.0000000000
109511  52.557  9.510  22.663 0.0000000000
111871  53.469  11.200  22.459 0.0000000000
110675  53.725  10.554  21.285 0.0000000000
174828  33.494  2.478  26.793 0.0000000000
99660  32.836  2.162  25.662 0.0000000000
99649  32.953  2.004  26.433 0.0000000000
98289  32.405  1.442  26.027 0.0000000000
98290  32.046  0.690  25.989 0.0000000000
93271  32.782  -2.450  26.023 0.0000000000
194183  32.490  -1.857  25.969 0.0000000000
94408  32.018  -1.487  25.830 0.0000000000
94409  31.389  -1.449  25.478 0.0000000000
96852  36.641  0.972  30.559 0.0000000000
100809  36.274  3.269  30.420 0.0000000000
100826  35.806  3.316  29.844 0.0000000000
100838  35.421  3.308  29.193 0.0000000000
99604  34.816  2.655  29.080 0.0000000000
100861  34.622  2.964  28.308 0.0000000000
193973  34.108  2.611  27.892 0.0000000000
99637  34.013  2.910  27.189 0.0000000000
67976  30.329  -19.817  43.694 0.0000000000
66501  29.868  -20.219  43.171 0.0000000000
198664  29.232  -20.529  42.913 0.0000000000
66516  28.964  -20.704  42.347 0.0000000000
66532  28.254  -20.663  42.229 0.0000000000
68004  28.107  -20.568  41.417 0.0000000000
69405  26.050  -18.837  41.350 0.0000000000
70765  25.056  -18.087  40.457 0.0000000000
179483  25.971  -19.037  40.489 0.0000000000
69433  25.593  -19.632  38.908 0.0000000000
70807  24.363  -18.861  38.153 0.0000000000
73471  21.601  -16.333  37.892 0.0000000000
81166  28.513  -11.034  32.554 0.0000000000
111840  42.951  10.900  24.988 0.0000000000
105950  41.086  6.498  21.044 0.0000000000
182703  41.731  7.302  22.144 0.0000000000
108301  42.031  7.945  22.366 0.0000000000
107085  42.176  7.385  20.826 0.0000000000
109481  42.461  9.675  23.579 0.0000000000
110647  42.802  10.209  23.938 0.0000000000
110627  43.271  10.655  24.362 0.0000000000
110626  44.079  10.754  24.208 0.0000000000
110658  44.582  10.019  23.147 0.0000000000
110657  45.081  9.826  22.878 0.0000000000
108298  44.564  9.245  21.754 0.0000000000
169583  45.281  9.525  22.285 0.0000000000
109512  46.272  9.224  22.116 0.0000000000
108296  46.847  8.793  21.721 0.0000000000
108308  47.228  8.590  21.294 0.0000000000
108307  47.905  8.525  21.492 0.0000000000
107080  48.251  8.359  20.923 0.0000000000
107095  47.922  8.167  20.080 0.0000000000
73378  21.019  -16.564  42.830 0.0000000000
72059  21.036  -16.957  44.082 0.0000000000
72043  21.291  -17.226  44.735 0.0000000000
72015  20.702  -17.140  46.165 0.0000000000
70686  22.632  -17.826  46.783 0.0000000000
70647  23.096  -17.847  47.865 0.0000000000
70668  22.722  -17.727  47.421 0.0000000000
71997  22.216  -17.524  47.254 0.0000000000
71999  20.657  -16.985  47.250 0.0000000000
202563  20.220  -16.854  48.911 0.0000000000
71950  20.923  -16.707  49.503 0.0000000000
71951  20.010  -16.828  49.851 0.0000000000
198491  31.310  -19.431  44.537 0.0000000000
66490  28.823  -20.206  44.086 0.0000000000
66491  28.042  -20.340  44.286 0.0000000000
169832  27.630  -20.337  44.039 0.0000000000
67977  26.747  -20.006  43.713 0.0000000000
192152  25.709  -19.313  43.811 0.0000000000
70742  24.214  -17.802  43.343 0.0000000000
72057  23.476  -17.671  43.584 0.0000000000
72080  22.443  -16.945  42.791 0.0000000000
99672  32.389  2.053  24.455 0.0000000000
107024  42.643  6.880  26.435 0.0000000000
105918  42.296  6.179  25.577 0.0000000000
104786  42.014  5.637  25.708 0.0000000000
177027  41.975  5.789  25.204 0.0000000000
104789  41.701  5.778  24.614 0.0000000000
104793  41.076  5.564  23.711 0.0000000000
103552  40.467  5.446  22.601 0.0000000000
104805  40.299  5.633  21.893 0.0000000000
103523  38.412  4.559  24.862 0.0000000000
103534  38.374  4.601  24.229 0.0000000000
174789  38.696  4.784  23.625 0.0000000000
196265  37.995  4.880  22.314 0.0000000000
103545  39.086  4.946  22.938 0.0000000000
170639  39.387  5.136  22.261 0.0000000000
103553  39.684  5.414  21.670 0.0000000000
103561  39.385  5.542  20.997 0.0000000000
73379  20.258  -16.523  42.851 0.0000000000
191388  19.515  -16.577  42.931 0.0000000000
72061  19.595  -16.824  44.076 0.0000000000
73367  18.778  -16.669  43.142 0.0000000000
72081  17.068  -17.011  43.193 0.0000000000
72030  19.081  -17.218  46.050 0.0000000000
72032  17.535  -17.262  45.571 0.0000000000
72047  17.363  -17.076  44.796 0.0000000000
72064  16.555  -17.287  43.717 0.0000000000
70730  15.327  -17.968  43.028 0.0000000000
69382  14.306  -18.884  43.209 0.0000000000
179739  14.966  -18.178  44.212 0.0000000000
69383  13.917  -19.521  42.930 0.0000000000
70671  15.566  -17.871  47.638 0.0000000000
199281  14.750  -17.446  50.670 0.0000000000
70622  14.626  -17.665  50.052 0.0000000000
172695  14.794  -17.839  49.407 0.0000000000
70637  13.888  -17.965  48.721 0.0000000000
70636  14.453  -17.970  48.933 0.0000000000
70635  15.020  -17.913  48.733 0.0000000000
70653  14.973  -17.964  47.974 0.0000000000
70672  14.908  -18.038  47.282 0.0000000000
70690  14.683  -18.193  46.607 0.0000000000
67956  12.825  -20.078  45.503 0.0000000000
67856  9.871  -19.979  54.092 0.0000000000
67858  10.057  -20.790  53.725 0.0000000000
64902  10.460  -21.977  53.412 0.0000000000
63521  10.471  -22.656  53.768 0.0000000000
194393  10.261  -21.024  55.192 0.0000000000
86353  31.617  -7.906  30.825 0.0000000000
85194  31.266  -8.390  30.856 0.0000000000
173134  30.856  -9.309  31.277 0.0000000000
82559  31.560  -10.085  33.969 0.0000000000
82579  29.038  -10.622  32.861 0.0000000000
81154  28.592  -11.001  33.276 0.0000000000
78312  28.603  -13.397  34.714 0.0000000000
79620  29.108  -12.429  36.711 0.0000000000
77097  28.884  -14.086  34.396 0.0000000000
75904  29.043  -14.855  34.427 0.0000000000
75855  31.119  -14.623  40.226 0.0000000000
198113  31.032  -20.096  42.658 0.0000000000
67987  31.643  -19.926  42.220 0.0000000000
68002  30.265  -20.372  41.469 0.0000000000
70762  32.208  -18.329  40.792 0.0000000000
68037  28.233  -20.265  39.422 0.0000000000
69415  29.678  -19.767  39.121 0.0000000000
70764  31.110  -19.183  39.963 0.0000000000
72112  32.063  -17.566  40.712 0.0000000000
179788  31.117  -15.929  40.551 0.0000000000
74680  30.840  -15.163  40.178 0.0000000000
73515  28.251  -16.675  34.336 0.0000000000
91075  34.115  -4.270  28.774 0.0000000000
89952  33.375  -4.378  28.498 0.0000000000
89953  32.793  -4.474  28.221 0.0000000000
89964  31.040  -4.914  27.217 0.0000000000
88821  30.615  -5.428  27.629 0.0000000000
201705  30.509  -5.237  27.162 0.0000000000
107078  49.359  8.206  20.736 0.0000000000
107093  49.944  8.077  20.307 0.0000000000
107092  50.665  8.235  20.603 0.0000000000
170786  50.537  8.001  19.829 0.0000000000
64889  10.309  -21.695  56.579 0.0000000000
64908  10.319  -22.032  52.372 0.0000000000
66381  9.961  -20.969  56.914 0.0000000000
66384  10.263  -21.040  56.354 0.0000000000
66386  10.298  -21.029  55.784 0.0000000000
66391  10.300  -21.360  54.598 0.0000000000
66392  10.211  -21.053  54.123 0.0000000000
66395  10.343  -21.382  53.458 0.0000000000
66398  10.168  -21.059  52.092 0.0000000000
66410  10.286  -21.128  50.863 0.0000000000
66420  10.388  -21.050  50.044 0.0000000000
67849  10.200  -20.453  55.546 0.0000000000
67854  10.169  -20.711  54.843 0.0000000000
67866  10.185  -21.116  52.909 0.0000000000
69254  10.123  -19.855  55.746 0.0000000000
69304  10.602  -19.679  49.568 0.0000000000
69350  13.549  -18.840  46.158 0.0000000000
69389  32.165  -19.364  41.765 0.0000000000
70605  15.930  -17.887  50.571 0.0000000000
70624  10.419  -18.385  50.106 0.0000000000
71956  12.011  -17.321  49.340 0.0000000000
71957  11.324  -17.401  49.820 0.0000000000
71958  10.634  -17.690  50.318 0.0000000000
71974  12.425  -17.458  48.655 0.0000000000
99671  32.788  2.278  25.000 0.0000000000
102155  37.200  4.274  26.250 0.0000000000
102168  35.960  3.943  25.467 0.0000000000
102189  36.578  4.136  24.448 0.0000000000
102190  35.575  3.813  23.949 0.0000000000
103503  38.836  5.060  27.375 0.0000000000
103504  38.132  4.900  27.348 0.0000000000
103516  38.870  4.865  25.913 0.0000000000
103530  41.442  5.804  24.042 0.0000000000
103531  40.727  5.198  24.027 0.0000000000
104798  40.937  5.741  22.977 0.0000000000
105904  42.632  6.310  26.222 0.0000000000
105938  41.465  6.721  23.159 0.0000000000
105942  41.433  6.796  22.057 0.0000000000
107036  41.839  7.036  25.235 0.0000000000
107082  46.886  8.480  20.646 0.0000000000
107084  42.691  7.867  21.157 0.0000000000
107099  43.998  8.145  19.824 0.0000000000
107117  44.473  8.152  19.511 0.0000000000
108269  48.047  9.022  23.302 0.0000000000
108279  49.898  8.598  23.050 0.0000000000
108281  48.391  8.793  22.998 0.0000000000
108293  49.367  8.353  21.574 0.0000000000
108311  45.030  9.059  21.153 0.0000000000
108312  43.752  8.520  20.859 0.0000000000
108313  43.155  8.391  21.366 0.0000000000
108332  45.142  8.362  19.667 0.0000000000
109478  46.823  9.545  23.307 0.0000000000
109490  53.067  9.961  22.454 0.0000000000
109491  52.774  9.863  23.089 0.0000000000
109499  42.277  9.150  23.296 0.0000000000
109513  45.521  9.200  21.576 0.0000000000
109515  43.063  9.169  22.490 0.0000000000
110611  41.777  10.239  25.510 0.0000000000
110628  42.499  10.427  24.591 0.0000000000
110645  44.385  10.344  23.646 0.0000000000
110646  43.584  10.357  23.750 0.0000000000
111903  48.983  11.552  20.594 0.0000000000
113081  51.499  12.193  21.201 0.0000000000
113097  47.380  12.168  19.923 0.0000000000
170682  38.347  4.797  26.291 0.0000000000
171255  41.660  7.972  23.570 0.0000000000
174102  16.925  -17.844  47.811 0.0000000000
176027  40.356  4.967  25.189 0.0000000000
176780  41.552  7.720  24.134 0.0000000000
178530  40.684  6.051  21.477 0.0000000000
181579  10.294  -21.001  56.034 0.0000000000
181623  43.488  7.832  19.753 0.0000000000
191622  41.611  5.299  25.140 0.0000000000
191758  33.766  3.001  23.951 0.0000000000
193317  50.715  8.497  22.011 0.0000000000
193897  50.725  8.408  21.379 0.0000000000
195525  33.238  2.667  23.703 0.0000000000
196297  52.812  12.261  21.526 0.0000000000
198385  13.268  -16.228  51.839 0.0000000000
199816  41.890  8.175  22.986 0.0000000000
204317  11.666  -19.890  48.076 0.0000000000
