#!ascii label  , from subject sub-v2s13x29121_ses-1 vox2ras=TkReg
1257
181264  -38.839  -31.150  21.698 0.0000000000
60358  -25.710  -37.510  23.085 0.0000000000
66981  -30.332  -31.440  22.165 0.0000000000
95491  -44.868  -9.177  14.696 0.0000000000
94448  -53.234  -10.874  9.707 0.0000000000
182223  -18.136  -36.402  29.763 0.0000000000
92358  -40.277  -12.528  16.198 0.0000000000
74353  -39.941  -26.993  20.936 0.0000000000
65827  -34.179  -32.840  20.697 0.0000000000
59256  -21.420  -37.707  25.115 0.0000000000
54631  -20.867  -41.352  29.332 0.0000000000
70849  -35.346  -28.867  19.561 0.0000000000
74367  -35.937  -26.552  19.743 0.0000000000
65774  -27.268  -32.138  23.708 0.0000000000
70811  -32.587  -29.550  21.521 0.0000000000
176833  -38.919  -20.769  14.510 0.0000000000
174446  -42.199  -18.200  13.688 0.0000000000
191616  -44.734  -14.233  14.059 0.0000000000
54551  -13.484  -42.020  34.446 0.0000000000
48265  -12.409  -45.896  38.649 0.0000000000
76651  -33.189  -24.930  19.292 0.0000000000
81361  -33.348  -20.860  19.697 0.0000000000
82515  -35.543  -20.495  16.585 0.0000000000
55698  -16.300  -41.227  31.338 0.0000000000
56896  -26.386  -39.980  26.779 0.0000000000
59240  -27.941  -37.781  26.019 0.0000000000
189004  -36.882  -32.510  21.268 0.0000000000
183770  -24.167  -35.178  24.151 0.0000000000
59275  -23.684  -38.330  23.752 0.0000000000
56893  -23.656  -40.059  26.313 0.0000000000
70812  -36.009  -29.947  21.613 0.0000000000
69526  -34.213  -30.313  20.423 0.0000000000
84806  -39.401  -18.714  15.151 0.0000000000
83677  -40.673  -19.553  13.905 0.0000000000
85910  -40.105  -17.446  14.639 0.0000000000
91415  -41.803  -13.152  13.871 0.0000000000
93406  -43.372  -11.582  13.030 0.0000000000
90368  -46.333  -13.639  13.095 0.0000000000
93414  -46.072  -11.030  12.235 0.0000000000
93422  -48.119  -10.948  11.247 0.0000000000
74324  -34.050  -26.397  22.278 0.0000000000
75468  -34.897  -25.748  19.484 0.0000000000
75422  -32.101  -25.432  22.474 0.0000000000
81350  -30.390  -20.628  20.484 0.0000000000
85804  -31.859  -17.945  19.524 0.0000000000
189287  -34.140  -20.094  18.826 0.0000000000
86974  -34.224  -17.133  18.000 0.0000000000
84763  -35.714  -18.412  16.361 0.0000000000
68200  -28.882  -30.699  24.019 0.0000000000
59142  -14.962  -38.749  32.230 0.0000000000
58001  -16.368  -38.929  30.493 0.0000000000
44956  -13.209  -49.040  39.035 0.0000000000
43802  -12.605  -49.915  41.549 0.0000000000
175855  -40.020  -15.191  16.714 0.0000000000
75442  -39.361  -25.364  21.813 0.0000000000
65806  -31.824  -32.741  21.782 0.0000000000
61473  -19.429  -36.526  27.417 0.0000000000
58035  -18.499  -39.129  28.505 0.0000000000
56877  -21.205  -40.039  27.168 0.0000000000
94455  -55.175  -10.408  8.656 0.0000000000
69550  -36.399  -30.175  18.658 0.0000000000
72099  -37.189  -28.301  18.293 0.0000000000
72056  -36.163  -27.567  19.661 0.0000000000
64715  -25.031  -33.598  23.254 0.0000000000
63678  -27.193  -34.796  22.833 0.0000000000
68210  -25.685  -31.253  23.298 0.0000000000
70766  -27.424  -29.067  23.500 0.0000000000
69492  -29.116  -29.597  21.933 0.0000000000
72022  -31.118  -28.021  22.721 0.0000000000
69506  -30.687  -30.730  20.457 0.0000000000
67032  -32.544  -31.546  19.737 0.0000000000
182520  -34.719  -31.448  19.009 0.0000000000
79157  -39.184  -22.681  15.871 0.0000000000
188188  -40.692  -15.628  14.135 0.0000000000
172357  -43.445  -16.061  13.985 0.0000000000
92407  -50.573  -12.043  9.825 0.0000000000
183902  -12.746  -44.190  36.705 0.0000000000
47155  -13.659  -47.217  37.158 0.0000000000
74381  -37.916  -26.428  19.062 0.0000000000
76667  -36.964  -24.965  19.381 0.0000000000
77843  -35.527  -23.548  20.218 0.0000000000
77826  -30.778  -23.690  21.121 0.0000000000
77856  -32.913  -23.130  19.274 0.0000000000
79078  -34.873  -21.564  21.483 0.0000000000
180696  -35.109  -20.673  20.518 0.0000000000
80303  -36.584  -21.936  18.220 0.0000000000
79137  -37.633  -22.410  16.884 0.0000000000
81407  -37.094  -20.907  15.132 0.0000000000
84789  -38.059  -18.902  15.785 0.0000000000
176970  -28.291  -35.000  25.327 0.0000000000
169897  -13.409  -39.655  34.989 0.0000000000
173724  -14.510  -41.122  32.732 0.0000000000
55713  -18.824  -41.310  30.547 0.0000000000
42575  -11.019  -50.665  42.756 0.0000000000
58095  -26.061  -38.853  24.760 0.0000000000
58061  -27.280  -39.011  26.605 0.0000000000
59260  -27.079  -37.956  24.831 0.0000000000
196228  -37.725  -31.792  21.174 0.0000000000
62656  -24.391  -35.479  22.969 0.0000000000
61519  -23.536  -36.360  23.320 0.0000000000
179867  -24.796  -38.116  23.365 0.0000000000
56933  -25.147  -39.455  25.030 0.0000000000
84791  -39.548  -18.349  15.847 0.0000000000
84807  -40.021  -18.389  14.512 0.0000000000
186302  -39.953  -17.172  15.914 0.0000000000
94397  -43.429  -10.032  14.697 0.0000000000
93399  -42.861  -10.877  13.306 0.0000000000
94403  -43.966  -10.029  13.376 0.0000000000
93408  -44.925  -11.527  12.673 0.0000000000
164571  -44.818  -9.923  12.696 0.0000000000
95508  -45.861  -9.597  12.202 0.0000000000
75441  -33.139  -26.183  21.894 0.0000000000
85782  -31.813  -17.389  21.037 0.0000000000
85819  -33.167  -17.582  18.489 0.0000000000
88108  -33.871  -16.027  19.724 0.0000000000
88120  -34.931  -16.167  18.743 0.0000000000
68201  -29.597  -30.930  23.705 0.0000000000
66957  -29.225  -31.127  24.507 0.0000000000
65792  -30.777  -32.035  23.562 0.0000000000
60254  -16.325  -37.568  31.092 0.0000000000
60265  -17.096  -37.485  29.915 0.0000000000
93441  -52.607  -11.337  9.538 0.0000000000
44949  -12.729  -49.052  40.051 0.0000000000
72035  -41.394  -27.896  22.691 0.0000000000
169433  -39.581  -25.850  21.327 0.0000000000
65825  -32.727  -32.705  20.859 0.0000000000
64739  -33.857  -33.483  22.201 0.0000000000
62615  -22.144  -36.273  25.498 0.0000000000
189166  -21.214  -36.207  26.279 0.0000000000
62572  -20.327  -35.935  27.184 0.0000000000
60312  -20.174  -37.240  26.432 0.0000000000
59209  -19.872  -38.412  27.132 0.0000000000
58058  -21.244  -39.154  26.355 0.0000000000
170586  -25.024  -40.931  27.666 0.0000000000
197732  -23.755  -41.096  27.752 0.0000000000
69549  -35.336  -29.727  18.560 0.0000000000
72097  -36.026  -28.475  18.473 0.0000000000
72055  -35.863  -28.146  19.827 0.0000000000
66931  -24.559  -31.980  25.038 0.0000000000
65773  -25.203  -32.421  23.265 0.0000000000
69431  -24.831  -30.526  25.192 0.0000000000
72004  -27.056  -28.514  23.947 0.0000000000
192232  -28.166  -28.011  23.346 0.0000000000
69491  -28.567  -29.057  22.641 0.0000000000
72020  -28.764  -27.924  22.470 0.0000000000
184589  -32.887  -29.594  23.012 0.0000000000
70810  -31.856  -28.841  21.485 0.0000000000
70809  -30.972  -28.680  21.033 0.0000000000
168908  -31.417  -29.197  20.676 0.0000000000
69523  -31.382  -30.557  19.968 0.0000000000
69524  -32.166  -30.437  19.913 0.0000000000
70848  -34.882  -29.720  19.927 0.0000000000
69547  -34.142  -30.884  19.368 0.0000000000
69548  -34.743  -30.307  18.890 0.0000000000
68269  -35.230  -31.019  18.770 0.0000000000
80345  -38.961  -21.869  14.932 0.0000000000
79181  -40.280  -22.335  15.121 0.0000000000
81411  -39.977  -21.321  14.453 0.0000000000
188877  -41.872  -18.724  13.699 0.0000000000
82554  -41.892  -20.005  13.924 0.0000000000
90310  -39.893  -13.833  16.322 0.0000000000
88183  -40.008  -15.434  14.821 0.0000000000
90337  -40.144  -14.196  14.918 0.0000000000
170275  -43.463  -13.980  13.838 0.0000000000
197889  -42.391  -14.413  13.918 0.0000000000
89262  -43.708  -14.594  14.078 0.0000000000
87037  -44.166  -16.079  14.286 0.0000000000
92405  -49.120  -11.798  10.630 0.0000000000
94435  -49.245  -10.285  10.364 0.0000000000
94437  -50.793  -10.465  9.837 0.0000000000
194039  -12.980  -41.450  35.374 0.0000000000
53335  -12.596  -42.558  37.278 0.0000000000
183184  -12.984  -43.239  35.841 0.0000000000
48307  -13.938  -46.225  36.276 0.0000000000
46034  -14.712  -48.227  38.554 0.0000000000
73277  -36.881  -27.269  18.786 0.0000000000
179854  -37.942  -27.226  18.754 0.0000000000
190559  -37.047  -26.638  19.051 0.0000000000
75477  -34.710  -25.216  19.070 0.0000000000
75478  -35.433  -25.364  19.203 0.0000000000
76666  -35.292  -24.647  19.068 0.0000000000
76652  -36.340  -24.246  19.652 0.0000000000
77859  -35.074  -23.908  19.408 0.0000000000
80240  -30.320  -21.853  22.599 0.0000000000
81360  -31.830  -21.121  19.423 0.0000000000
80275  -31.158  -22.205  19.780 0.0000000000
80289  -32.819  -21.757  19.570 0.0000000000
79109  -34.051  -22.766  20.077 0.0000000000
80276  -34.606  -21.223  20.984 0.0000000000
80277  -35.132  -20.841  21.203 0.0000000000
81353  -34.698  -20.806  20.704 0.0000000000
82505  -34.679  -19.801  17.584 0.0000000000
81372  -35.012  -20.798  18.929 0.0000000000
80311  -35.779  -21.542  17.421 0.0000000000
79127  -37.482  -22.322  17.750 0.0000000000
80322  -36.549  -21.863  16.650 0.0000000000
80331  -36.776  -21.719  15.944 0.0000000000
81395  -35.962  -20.936  16.237 0.0000000000
85841  -36.743  -17.146  17.293 0.0000000000
84764  -36.863  -18.331  16.130 0.0000000000
85868  -37.982  -18.135  17.040 0.0000000000
169581  -27.019  -33.035  23.100 0.0000000000
62642  -27.826  -35.209  23.873 0.0000000000
64703  -27.923  -33.466  24.578 0.0000000000
187001  -15.508  -39.997  31.460 0.0000000000
55687  -14.520  -40.470  32.594 0.0000000000
174727  -15.750  -41.425  31.778 0.0000000000
55756  -19.762  -40.482  28.513 0.0000000000
55740  -18.744  -40.496  29.322 0.0000000000
55726  -19.931  -41.197  29.625 0.0000000000
55762  -26.347  -40.815  28.035 0.0000000000
55763  -27.386  -40.606  28.386 0.0000000000
56863  -28.239  -39.894  28.369 0.0000000000
59211  -28.919  -38.089  27.614 0.0000000000
164308  -35.821  -32.770  20.950 0.0000000000
64741  -35.621  -33.363  22.140 0.0000000000
62616  -24.044  -35.865  25.175 0.0000000000
62629  -22.989  -36.064  24.443 0.0000000000
177930  -22.473  -38.169  24.401 0.0000000000
58074  -22.096  -38.922  25.470 0.0000000000
58092  -23.688  -39.330  25.060 0.0000000000
193579  -25.043  -40.254  26.480 0.0000000000
177934  -35.355  -29.272  20.347 0.0000000000
72040  -35.829  -28.604  20.431 0.0000000000
69476  -33.122  -30.021  22.343 0.0000000000
69509  -33.573  -30.386  21.015 0.0000000000
70831  -34.979  -29.939  20.746 0.0000000000
83662  -38.916  -19.368  14.975 0.0000000000
82540  -40.144  -20.127  14.076 0.0000000000
83676  -40.033  -19.364  14.180 0.0000000000
84816  -40.522  -18.897  13.998 0.0000000000
85923  -41.016  -17.535  13.927 0.0000000000
91408  -40.657  -12.914  14.784 0.0000000000
93397  -41.661  -11.461  14.219 0.0000000000
91423  -43.188  -12.430  13.181 0.0000000000
196717  -44.226  -13.299  13.304 0.0000000000
90367  -45.566  -13.697  13.302 0.0000000000
92385  -45.254  -12.464  12.689 0.0000000000
91427  -46.097  -12.465  12.456 0.0000000000
182412  -47.185  -12.411  12.027 0.0000000000
93421  -47.592  -11.183  11.608 0.0000000000
94415  -46.998  -9.967  11.700 0.0000000000
52179  -14.111  -43.111  34.013 0.0000000000
50888  -13.565  -43.851  34.847 0.0000000000
50889  -14.696  -44.359  34.305 0.0000000000
170350  -35.269  -26.588  21.228 0.0000000000
74350  -35.329  -26.492  20.483 0.0000000000
74333  -33.929  -26.373  21.326 0.0000000000
75456  -33.205  -26.138  20.778 0.0000000000
75466  -32.616  -25.530  20.182 0.0000000000
82462  -30.364  -20.313  22.297 0.0000000000
84680  -30.897  -18.509  21.203 0.0000000000
83609  -31.029  -19.392  19.991 0.0000000000
82487  -32.447  -19.813  19.181 0.0000000000
81370  -33.760  -20.338  19.381 0.0000000000
83618  -33.274  -19.060  18.600 0.0000000000
83623  -33.779  -19.117  18.176 0.0000000000
83631  -34.759  -19.191  17.098 0.0000000000
83632  -35.242  -19.300  16.554 0.0000000000
175938  -35.177  -17.481  17.357 0.0000000000
68199  -28.119  -30.771  23.917 0.0000000000
65760  -28.149  -32.513  25.302 0.0000000000
66944  -28.896  -31.504  25.165 0.0000000000
58000  -15.858  -38.793  31.018 0.0000000000
56823  -16.833  -40.240  30.623 0.0000000000
47135  -12.565  -47.301  38.867 0.0000000000
48259  -12.363  -46.315  39.890 0.0000000000
169543  -12.531  -47.836  39.583 0.0000000000
46019  -12.449  -48.408  41.291 0.0000000000
44937  -12.349  -49.220  41.981 0.0000000000
76638  -37.649  -24.048  21.818 0.0000000000
66982  -30.824  -31.921  21.643 0.0000000000
65793  -31.264  -32.576  22.935 0.0000000000
169529  -19.853  -35.665  28.720 0.0000000000
61444  -18.357  -36.575  28.951 0.0000000000
60275  -17.620  -37.672  29.142 0.0000000000
59207  -18.738  -38.065  28.021 0.0000000000
56875  -19.901  -39.499  27.590 0.0000000000
180601  -20.985  -40.781  28.036 0.0000000000
55798  -22.566  -40.307  26.886 0.0000000000
55760  -22.599  -40.995  27.687 0.0000000000
54633  -22.685  -41.788  29.372 0.0000000000
93443  -53.859  -10.979  9.231 0.0000000000
68272  -37.526  -30.584  19.688 0.0000000000
177254  -38.276  -29.531  19.433 0.0000000000
69562  -36.785  -29.450  18.363 0.0000000000
72075  -36.321  -27.725  18.885 0.0000000000
73250  -36.211  -27.132  20.337 0.0000000000
72041  -36.377  -27.853  20.564 0.0000000000
73234  -36.509  -27.343  21.215 0.0000000000
74351  -35.916  -26.874  21.079 0.0000000000
74325  -35.093  -26.425  22.574 0.0000000000
62657  -25.490  -35.392  22.291 0.0000000000
60387  -26.744  -36.618  23.005 0.0000000000
64716  -25.789  -33.792  22.603 0.0000000000
188558  -26.512  -32.890  22.838 0.0000000000
66970  -26.826  -31.632  23.240 0.0000000000
188020  -25.977  -29.253  24.463 0.0000000000
69453  -26.254  -29.967  23.573 0.0000000000
68212  -27.320  -30.789  23.520 0.0000000000
69474  -28.207  -29.735  23.196 0.0000000000
69475  -28.811  -29.853  22.814 0.0000000000
69493  -29.525  -30.157  21.559 0.0000000000
72021  -30.329  -27.631  22.941 0.0000000000
70808  -29.655  -28.387  21.389 0.0000000000
69505  -29.773  -29.738  21.104 0.0000000000
66992  -30.366  -31.247  21.238 0.0000000000
66993  -30.936  -31.659  20.775 0.0000000000
67012  -31.981  -31.742  20.001 0.0000000000
65847  -33.035  -32.437  20.170 0.0000000000
166070  -33.428  -30.526  20.312 0.0000000000
68267  -33.379  -31.402  19.586 0.0000000000
65864  -34.076  -32.324  19.736 0.0000000000
65866  -35.373  -31.966  19.544 0.0000000000
67036  -36.497  -31.409  19.518 0.0000000000
188766  -24.596  -34.099  24.347 0.0000000000
81426  -41.072  -20.793  14.158 0.0000000000
183117  -39.943  -16.157  14.927 0.0000000000
179268  -40.336  -16.022  14.349 0.0000000000
87035  -41.313  -16.868  13.858 0.0000000000
165260  -41.161  -14.249  14.131 0.0000000000
88191  -41.943  -15.540  13.883 0.0000000000
172174  -42.976  -16.828  13.842 0.0000000000
85926  -44.106  -17.590  14.117 0.0000000000
92417  -51.234  -11.886  9.584 0.0000000000
94446  -51.668  -10.689  9.810 0.0000000000
94438  -52.234  -10.122  10.407 0.0000000000
52126  -12.557  -43.301  37.726 0.0000000000
50846  -12.590  -44.728  37.778 0.0000000000
168736  -13.135  -44.564  35.763 0.0000000000
49522  -12.769  -45.441  36.977 0.0000000000
47153  -12.810  -46.755  37.580 0.0000000000
46041  -13.309  -48.099  38.107 0.0000000000
70879  -38.976  -28.712  19.644 0.0000000000
73251  -39.021  -27.449  19.548 0.0000000000
180676  -38.899  -26.784  19.545 0.0000000000
74378  -36.149  -25.672  19.229 0.0000000000
75480  -37.494  -25.641  19.241 0.0000000000
75482  -38.563  -25.909  19.681 0.0000000000
76654  -37.797  -24.749  20.256 0.0000000000
76637  -37.149  -24.032  21.084 0.0000000000
77828  -36.264  -23.174  21.835 0.0000000000
76635  -31.054  -24.325  21.505 0.0000000000
76649  -31.786  -24.474  20.067 0.0000000000
80262  -30.251  -21.993  21.129 0.0000000000
77840  -31.618  -23.733  19.861 0.0000000000
76663  -33.081  -24.039  19.161 0.0000000000
77858  -34.352  -23.641  19.424 0.0000000000
79095  -34.935  -22.515  21.305 0.0000000000
81363  -34.763  -20.642  19.967 0.0000000000
80291  -35.356  -20.944  19.612 0.0000000000
79138  -38.219  -22.597  16.587 0.0000000000
80343  -37.680  -21.759  15.298 0.0000000000
193722  -37.593  -20.715  14.866 0.0000000000
83643  -36.289  -19.569  15.711 0.0000000000
82525  -36.937  -19.552  15.399 0.0000000000
83661  -38.293  -19.674  14.986 0.0000000000
83644  -38.381  -19.229  15.334 0.0000000000
84767  -39.171  -18.604  16.580 0.0000000000
61520  -27.534  -36.615  24.037 0.0000000000
61499  -28.183  -36.548  25.399 0.0000000000
64686  -28.201  -33.379  25.543 0.0000000000
56779  -13.301  -40.480  34.400 0.0000000000
57953  -14.250  -38.911  33.276 0.0000000000
55686  -14.108  -40.740  33.137 0.0000000000
54557  -14.073  -42.023  33.540 0.0000000000
53396  -14.893  -42.547  32.979 0.0000000000
58022  -17.516  -38.957  29.313 0.0000000000
55723  -17.589  -40.356  30.233 0.0000000000
55711  -17.277  -40.906  30.802 0.0000000000
42598  -12.792  -51.205  42.427 0.0000000000
42597  -12.342  -50.779  42.526 0.0000000000
43789  -11.473  -50.063  43.049 0.0000000000
68226  -39.477  -30.480  21.747 0.0000000000
59278  -26.093  -37.925  23.699 0.0000000000
58096  -26.707  -38.586  25.144 0.0000000000
59279  -26.783  -37.629  24.061 0.0000000000
68236  -38.214  -31.173  21.009 0.0000000000
60385  -25.281  -37.031  22.645 0.0000000000
60384  -24.476  -37.127  22.785 0.0000000000
59277  -25.386  -38.093  23.476 0.0000000000
59258  -25.722  -38.491  24.103 0.0000000000
176917  -39.891  -17.846  16.108 0.0000000000
85890  -39.786  -17.756  15.289 0.0000000000
95490  -44.186  -9.590  14.751 0.0000000000
94398  -43.872  -9.866  14.084 0.0000000000
95496  -44.473  -9.551  13.897 0.0000000000
94409  -44.323  -10.314  12.893 0.0000000000
95503  -44.921  -9.428  13.243 0.0000000000
178814  -45.361  -9.454  12.613 0.0000000000
183136  -33.304  -16.327  19.684 0.0000000000
66971  -30.286  -31.433  23.144 0.0000000000
61415  -17.421  -36.658  31.023 0.0000000000
61430  -16.853  -37.109  30.633 0.0000000000
61431  -17.487  -36.730  30.210 0.0000000000
93442  -53.191  -11.573  9.185 0.0000000000
73236  -40.514  -27.368  21.734 0.0000000000
74337  -40.292  -26.669  21.706 0.0000000000
74352  -39.464  -26.201  20.631 0.0000000000
65826  -33.461  -32.798  20.749 0.0000000000
64738  -33.325  -33.212  21.812 0.0000000000
64757  -33.917  -33.113  21.435 0.0000000000
60338  -21.588  -37.151  24.940 0.0000000000
62614  -21.435  -36.394  25.712 0.0000000000
61497  -21.174  -36.778  25.496 0.0000000000
61487  -20.841  -36.513  26.041 0.0000000000
60322  -20.647  -36.975  25.917 0.0000000000
59237  -20.618  -37.637  25.960 0.0000000000
59238  -21.134  -38.017  25.586 0.0000000000
70875  -34.995  -29.605  19.166 0.0000000000
70876  -35.474  -28.952  18.763 0.0000000000
184668  -24.700  -31.411  24.704 0.0000000000
73186  -28.058  -27.528  24.451 0.0000000000
73200  -27.682  -27.877  23.885 0.0000000000
73201  -28.371  -27.671  23.685 0.0000000000
73213  -28.581  -27.800  22.992 0.0000000000
73202  -28.955  -27.532  23.390 0.0000000000
70790  -32.488  -29.244  22.350 0.0000000000
70830  -32.086  -29.400  20.872 0.0000000000
69507  -31.787  -29.814  20.279 0.0000000000
69508  -32.687  -30.003  20.635 0.0000000000
171482  -34.435  -30.246  19.589 0.0000000000
179860  -38.525  -21.360  14.743 0.0000000000
80346  -39.691  -21.875  14.798 0.0000000000
81410  -39.265  -21.342  14.571 0.0000000000
84817  -42.932  -18.204  13.802 0.0000000000
91392  -40.065  -13.196  16.647 0.0000000000
90323  -39.935  -13.974  15.590 0.0000000000
91400  -40.034  -13.260  15.869 0.0000000000
90353  -44.157  -14.116  13.938 0.0000000000
89263  -44.436  -14.728  14.301 0.0000000000
95535  -49.519  -9.689  10.333 0.0000000000
54550  -13.149  -41.846  35.041 0.0000000000
53356  -13.054  -42.519  35.484 0.0000000000
73263  -36.519  -26.870  19.377 0.0000000000
75476  -33.972  -25.113  19.058 0.0000000000
76665  -34.551  -24.465  18.987 0.0000000000
77860  -35.723  -24.203  19.340 0.0000000000
187122  -32.504  -21.279  19.443 0.0000000000
80290  -33.496  -21.664  19.979 0.0000000000
81352  -34.102  -21.051  20.480 0.0000000000
82506  -35.169  -20.517  17.344 0.0000000000
81380  -35.327  -21.077  17.831 0.0000000000
81387  -35.686  -21.181  16.903 0.0000000000
80321  -36.083  -21.623  16.898 0.0000000000
81388  -36.235  -21.436  16.331 0.0000000000
64702  -27.477  -33.158  23.777 0.0000000000
55709  -15.895  -40.697  31.379 0.0000000000
55697  -15.290  -40.762  31.853 0.0000000000
54576  -16.551  -41.781  31.634 0.0000000000
55742  -20.182  -40.967  28.898 0.0000000000
55741  -19.454  -40.778  29.114 0.0000000000
49486  -12.435  -45.156  38.924 0.0000000000
191645  -12.429  -44.939  39.522 0.0000000000
70836  -40.468  -28.753  21.806 0.0000000000
55783  -26.382  -40.415  27.428 0.0000000000
54658  -26.918  -40.929  28.483 0.0000000000
193754  -26.809  -40.080  27.328 0.0000000000
59222  -27.597  -38.358  26.211 0.0000000000
58048  -27.588  -39.266  27.247 0.0000000000
58062  -27.874  -38.651  26.915 0.0000000000
58036  -28.619  -39.204  28.143 0.0000000000
59210  -28.424  -38.337  27.236 0.0000000000
65829  -36.415  -32.723  21.286 0.0000000000
65808  -36.072  -33.044  21.669 0.0000000000
198794  -24.841  -35.053  25.361 0.0000000000
62631  -24.483  -35.242  24.900 0.0000000000
60382  -23.242  -37.105  23.411 0.0000000000
62638  -23.354  -35.963  23.858 0.0000000000
191082  -22.880  -37.559  23.729 0.0000000000
61517  -22.547  -37.058  23.999 0.0000000000
59274  -22.985  -38.170  23.990 0.0000000000
58091  -22.800  -38.587  24.512 0.0000000000
58111  -23.439  -38.838  24.369 0.0000000000
56916  -25.655  -39.641  25.601 0.0000000000
56915  -24.934  -39.884  25.751 0.0000000000
56895  -25.658  -40.072  26.374 0.0000000000
55782  -25.803  -40.704  27.557 0.0000000000
70832  -35.838  -29.397  21.046 0.0000000000
69495  -33.744  -30.481  21.820 0.0000000000
83663  -39.558  -19.184  14.647 0.0000000000
85922  -40.415  -17.517  14.215 0.0000000000
195180  -40.747  -18.243  13.983 0.0000000000
93391  -41.455  -11.298  14.901 0.0000000000
93392  -42.056  -10.839  14.764 0.0000000000
92382  -42.609  -11.732  13.282 0.0000000000
92383  -43.934  -12.283  12.980 0.0000000000
91425  -44.516  -12.894  13.014 0.0000000000
92384  -44.566  -12.157  12.825 0.0000000000
93413  -45.426  -11.070  12.466 0.0000000000
92390  -45.732  -11.744  12.454 0.0000000000
92391  -46.571  -11.835  12.161 0.0000000000
92392  -47.331  -11.743  11.832 0.0000000000
93415  -46.912  -10.936  11.863 0.0000000000
96475  -46.040  -8.911  12.521 0.0000000000
74334  -34.749  -26.515  21.703 0.0000000000
74349  -34.636  -26.420  20.884 0.0000000000
169845  -32.468  -25.782  21.991 0.0000000000
75440  -32.528  -25.833  21.219 0.0000000000
75439  -31.969  -25.454  21.619 0.0000000000
85791  -31.707  -17.585  20.207 0.0000000000
85781  -31.212  -17.970  20.738 0.0000000000
84709  -31.668  -18.658  19.511 0.0000000000
83610  -31.488  -19.315  19.544 0.0000000000
83611  -32.054  -19.193  19.235 0.0000000000
83617  -32.694  -19.081  18.947 0.0000000000
84710  -32.254  -18.487  19.104 0.0000000000
85820  -33.811  -17.655  18.047 0.0000000000
84726  -33.474  -18.369  18.250 0.0000000000
84744  -33.998  -18.420  17.788 0.0000000000
83624  -34.261  -19.149  17.652 0.0000000000
84745  -34.528  -18.521  17.304 0.0000000000
85839  -34.942  -18.072  17.198 0.0000000000
85838  -34.467  -17.736  17.605 0.0000000000
86953  -35.223  -16.510  18.165 0.0000000000
68183  -28.549  -31.165  24.570 0.0000000000
66945  -29.637  -31.520  24.991 0.0000000000
59157  -16.229  -38.233  30.697 0.0000000000
59156  -15.897  -38.193  31.219 0.0000000000
56821  -15.950  -39.441  30.964 0.0000000000
56822  -16.481  -39.601  30.597 0.0000000000
46032  -12.757  -48.013  38.945 0.0000000000
44955  -12.775  -48.632  39.383 0.0000000000
43808  -12.841  -49.728  40.462 0.0000000000
44943  -12.590  -49.118  40.860 0.0000000000
187447  -39.633  -25.302  22.344 0.0000000000
169829  -39.041  -24.775  22.413 0.0000000000
76639  -38.338  -24.707  21.456 0.0000000000
65823  -31.359  -32.296  21.269 0.0000000000
65805  -31.290  -32.476  22.092 0.0000000000
61474  -19.686  -36.006  27.566 0.0000000000
62551  -20.184  -35.713  28.023 0.0000000000
62550  -19.477  -35.877  28.293 0.0000000000
62549  -18.923  -36.129  28.637 0.0000000000
61472  -18.939  -36.807  27.908 0.0000000000
60287  -18.481  -37.049  28.399 0.0000000000
60300  -19.251  -37.127  27.462 0.0000000000
58057  -20.705  -39.101  26.755 0.0000000000
58047  -20.138  -39.069  27.183 0.0000000000
56876  -20.524  -39.686  27.293 0.0000000000
56861  -20.017  -40.070  27.917 0.0000000000
55776  -20.762  -40.326  27.699 0.0000000000
56913  -23.278  -39.616  25.720 0.0000000000
56912  -22.533  -39.451  25.864 0.0000000000
55799  -23.261  -40.384  26.848 0.0000000000
182453  -23.563  -41.441  28.296 0.0000000000
54670  -23.160  -41.077  27.746 0.0000000000
184344  -23.082  -41.659  28.826 0.0000000000
174816  -22.454  -41.592  28.827 0.0000000000
69551  -37.215  -30.094  19.025 0.0000000000
72074  -35.813  -28.266  19.081 0.0000000000
70833  -36.468  -28.525  21.137 0.0000000000
189274  -36.779  -27.903  21.277 0.0000000000
74336  -36.450  -26.889  21.833 0.0000000000
74335  -35.674  -26.614  21.859 0.0000000000
63675  -25.226  -34.133  22.845 0.0000000000
63676  -25.612  -34.609  22.389 0.0000000000
198320  -25.383  -33.653  22.901 0.0000000000
66954  -25.100  -31.692  23.606 0.0000000000
191787  -25.703  -32.552  22.933 0.0000000000
66968  -25.638  -31.941  23.107 0.0000000000
65790  -26.235  -32.273  22.880 0.0000000000
66969  -26.203  -31.505  23.084 0.0000000000
70765  -26.691  -29.315  23.756 0.0000000000
70788  -27.006  -29.759  23.498 0.0000000000
69472  -26.528  -30.438  23.343 0.0000000000
69473  -27.339  -30.140  23.460 0.0000000000
166349  -27.958  -30.247  23.522 0.0000000000
70789  -27.835  -29.399  23.328 0.0000000000
72030  -28.778  -28.355  22.300 0.0000000000
68224  -29.339  -30.336  22.333 0.0000000000
72007  -31.783  -28.476  23.473 0.0000000000
72006  -31.039  -27.991  23.728 0.0000000000
73215  -29.655  -27.558  22.460 0.0000000000
171190  -30.205  -27.833  21.974 0.0000000000
193855  -30.742  -29.258  20.628 0.0000000000
70829  -30.151  -29.012  20.959 0.0000000000
167351  -30.344  -29.836  20.666 0.0000000000
68235  -30.040  -30.441  21.050 0.0000000000
68248  -31.932  -31.130  19.818 0.0000000000
67011  -31.323  -31.345  20.114 0.0000000000
67013  -32.563  -32.007  19.977 0.0000000000
171082  -34.186  -31.437  19.204 0.0000000000
67034  -33.777  -31.890  19.575 0.0000000000
67035  -34.377  -31.885  19.401 0.0000000000
197069  -34.871  -31.855  19.316 0.0000000000
68280  -35.610  -30.293  18.549 0.0000000000
68270  -36.043  -30.894  18.898 0.0000000000
68271  -36.837  -30.754  19.273 0.0000000000
67037  -37.202  -31.190  19.945 0.0000000000
189476  -24.593  -32.962  24.117 0.0000000000
64685  -24.520  -33.429  24.720 0.0000000000
64701  -24.672  -33.544  23.926 0.0000000000
178456  -24.891  -34.920  22.792 0.0000000000
79140  -39.697  -23.056  16.381 0.0000000000
79182  -40.988  -22.431  15.281 0.0000000000
79160  -41.376  -22.727  15.751 0.0000000000
81425  -40.361  -20.765  14.139 0.0000000000
180354  -40.815  -20.207  13.963 0.0000000000
88158  -39.860  -15.744  16.316 0.0000000000
87008  -39.823  -16.343  15.733 0.0000000000
88174  -39.777  -15.565  15.541 0.0000000000
88190  -40.342  -15.256  14.364 0.0000000000
180857  -40.934  -16.197  14.017 0.0000000000
91414  -41.170  -13.023  14.229 0.0000000000
187188  -41.338  -13.595  14.070 0.0000000000
88192  -43.199  -15.218  13.978 0.0000000000
193833  -42.487  -15.053  13.905 0.0000000000
175407  -42.559  -15.979  13.843 0.0000000000
165387  -43.780  -16.853  14.069 0.0000000000
87038  -44.604  -16.865  14.438 0.0000000000
92399  -48.654  -12.182  11.033 0.0000000000
92406  -49.736  -11.859  10.232 0.0000000000
91457  -50.804  -12.856  9.994 0.0000000000
91470  -51.298  -12.473  9.595 0.0000000000
95536  -50.726  -9.688  10.264 0.0000000000
167452  -51.405  -10.059  10.123 0.0000000000
52140  -12.728  -43.397  36.730 0.0000000000
52119  -12.587  -43.997  38.155 0.0000000000
52125  -12.655  -44.059  37.345 0.0000000000
50873  -14.006  -44.453  34.730 0.0000000000
189933  -13.507  -44.533  35.183 0.0000000000
48319  -13.472  -45.146  35.606 0.0000000000
47172  -13.652  -46.721  36.712 0.0000000000
48306  -13.495  -46.108  36.319 0.0000000000
48286  -13.171  -46.461  36.874 0.0000000000
48285  -12.791  -46.002  37.197 0.0000000000
47141  -13.073  -47.490  37.783 0.0000000000
46050  -13.462  -47.677  37.553 0.0000000000
44958  -14.189  -48.986  38.836 0.0000000000
70898  -37.788  -28.583  18.529 0.0000000000
70878  -38.412  -28.857  19.156 0.0000000000
175701  -38.416  -27.636  18.945 0.0000000000
73266  -38.474  -26.959  19.134 0.0000000000
74366  -35.403  -26.073  19.661 0.0000000000
164594  -36.143  -24.884  19.231 0.0000000000
75479  -36.833  -25.532  19.208 0.0000000000
75481  -38.076  -25.805  19.398 0.0000000000
76668  -37.680  -25.111  19.523 0.0000000000
75469  -38.257  -25.391  19.884 0.0000000000
76653  -37.084  -24.471  20.004 0.0000000000
77844  -36.324  -23.749  20.655 0.0000000000
77812  -30.715  -23.720  22.009 0.0000000000
76619  -31.058  -24.274  22.281 0.0000000000
76636  -31.571  -24.904  20.996 0.0000000000
77827  -31.188  -24.169  20.598 0.0000000000
81334  -30.166  -20.648  21.424 0.0000000000
80250  -30.118  -21.559  21.678 0.0000000000
81342  -30.271  -21.367  20.847 0.0000000000
79106  -32.401  -22.570  19.371 0.0000000000
79092  -31.523  -22.897  19.662 0.0000000000
77855  -32.156  -23.270  19.416 0.0000000000
77841  -32.300  -23.921  19.421 0.0000000000
77857  -33.668  -23.371  19.311 0.0000000000
79094  -34.401  -22.039  20.861 0.0000000000
189194  -34.656  -22.265  21.079 0.0000000000
169279  -35.572  -22.874  21.525 0.0000000000
79079  -35.360  -21.818  21.920 0.0000000000
81371  -34.391  -20.411  19.387 0.0000000000
80301  -35.692  -21.513  18.317 0.0000000000
80302  -35.978  -21.453  19.142 0.0000000000
80313  -36.912  -22.156  17.183 0.0000000000
79128  -38.300  -22.705  17.355 0.0000000000
79139  -38.917  -22.881  16.652 0.0000000000
81397  -37.149  -21.506  15.377 0.0000000000
80332  -37.413  -21.928  15.761 0.0000000000
81408  -37.734  -21.315  14.968 0.0000000000
83642  -35.724  -19.455  16.068 0.0000000000
84786  -35.918  -18.886  15.903 0.0000000000
84788  -37.301  -18.908  15.719 0.0000000000
83660  -37.712  -19.464  15.201 0.0000000000
84766  -38.419  -18.579  16.487 0.0000000000
62659  -27.034  -35.353  22.660 0.0000000000
168560  -27.324  -36.296  23.398 0.0000000000
62641  -27.443  -35.485  23.231 0.0000000000
62632  -28.112  -35.296  24.630 0.0000000000
171712  -28.088  -36.055  24.805 0.0000000000
62618  -28.312  -35.748  25.421 0.0000000000
60326  -28.476  -36.838  26.128 0.0000000000
62619  -28.520  -35.671  26.179 0.0000000000
65748  -28.474  -32.616  26.007 0.0000000000
168242  -31.220  -32.638  23.658 0.0000000000
56765  -13.052  -40.352  35.295 0.0000000000
59125  -14.789  -38.445  32.958 0.0000000000
59109  -14.725  -38.367  34.002 0.0000000000
57969  -14.576  -39.137  32.559 0.0000000000
191538  -14.862  -40.802  32.298 0.0000000000
54563  -14.095  -41.427  33.317 0.0000000000
54564  -14.534  -41.875  32.969 0.0000000000
53381  -14.319  -42.596  33.509 0.0000000000
59196  -18.318  -38.505  28.448 0.0000000000
59183  -17.782  -38.333  28.938 0.0000000000
58023  -18.049  -39.025  28.866 0.0000000000
55724  -18.393  -40.774  30.010 0.0000000000
56834  -18.095  -40.107  29.591 0.0000000000
55712  -18.045  -41.106  30.662 0.0000000000
94449  -54.659  -10.444  9.354 0.0000000000
42586  -11.344  -51.372  42.688 0.0000000000
42587  -11.968  -51.638  42.814 0.0000000000
193152  -11.702  -50.667  42.947 0.0000000000
58077  -26.288  -39.205  25.535 0.0000000000
58060  -26.674  -39.392  26.319 0.0000000000
58078  -26.968  -38.796  25.900 0.0000000000
174829  -27.280  -38.226  25.544 0.0000000000
196641  -27.624  -37.994  25.793 0.0000000000
65830  -37.157  -32.087  20.932 0.0000000000
62640  -24.359  -34.992  23.491 0.0000000000
188566  -24.223  -36.239  22.854 0.0000000000
192642  -23.835  -36.883  23.018 0.0000000000
59276  -24.308  -38.294  23.544 0.0000000000
58112  -24.183  -38.752  24.074 0.0000000000
58113  -24.932  -38.592  23.906 0.0000000000
58076  -25.705  -39.257  25.063 0.0000000000
196015  -39.655  -18.290  15.179 0.0000000000
94390  -42.757  -10.362  15.109 0.0000000000
94396  -42.716  -10.512  14.149 0.0000000000
94402  -43.356  -10.269  13.689 0.0000000000
94408  -43.670  -10.716  12.974 0.0000000000
167187  -44.140  -11.546  12.835 0.0000000000
93407  -44.364  -10.952  12.745 0.0000000000
93412  -44.874  -10.665  12.605 0.0000000000
94410  -45.485  -10.270  12.332 0.0000000000
94414  -46.287  -10.215  12.028 0.0000000000
75424  -33.428  -26.152  22.849 0.0000000000
166584  -33.026  -25.817  23.312 0.0000000000
75423  -32.743  -25.824  22.665 0.0000000000
85792  -32.169  -17.265  19.641 0.0000000000
85805  -32.484  -17.653  19.026 0.0000000000
190076  -32.513  -17.106  19.266 0.0000000000
86936  -33.391  -16.473  19.189 0.0000000000
86951  -33.666  -16.863  18.461 0.0000000000
86952  -34.479  -16.633  18.319 0.0000000000
88109  -34.685  -15.857  19.405 0.0000000000
68214  -29.155  -30.471  23.260 0.0000000000
66958  -30.041  -31.393  24.120 0.0000000000
65776  -30.441  -31.865  24.510 0.0000000000
60264  -16.544  -37.682  30.453 0.0000000000
176557  -16.674  -38.261  30.106 0.0000000000
92419  -52.508  -12.052  9.319 0.0000000000
198025  -53.338  -12.243  8.965 0.0000000000
43818  -13.392  -49.675  39.449 0.0000000000
43817  -13.016  -49.404  39.662 0.0000000000
43809  -13.231  -50.097  40.136 0.0000000000
43803  -12.943  -50.420  41.191 0.0000000000
75443  -39.955  -25.927  21.906 0.0000000000
75457  -39.016  -25.398  21.104 0.0000000000
65824  -32.010  -32.556  21.044 0.0000000000
65807  -32.560  -33.012  21.711 0.0000000000
170456  -33.104  -33.437  22.353 0.0000000000
63679  -34.132  -34.095  23.391 0.0000000000
190676  -23.025  -36.104  25.223 0.0000000000
164550  -22.525  -36.275  25.878 0.0000000000
62595  -21.821  -36.187  26.525 0.0000000000
196271  -21.435  -35.987  27.103 0.0000000000
62573  -21.020  -35.976  26.849 0.0000000000
165572  -19.952  -36.307  26.952 0.0000000000
60311  -19.708  -36.850  26.867 0.0000000000
59219  -19.634  -37.621  27.058 0.0000000000
59220  -20.210  -37.982  26.539 0.0000000000
178471  -20.356  -38.624  26.740 0.0000000000
56889  -21.064  -39.535  26.831 0.0000000000
55801  -24.701  -40.548  26.968 0.0000000000
55800  -23.974  -40.480  26.872 0.0000000000
54671  -24.308  -41.265  28.040 0.0000000000
54635  -24.943  -41.813  29.199 0.0000000000
69561  -36.029  -29.527  18.350 0.0000000000
70895  -35.795  -29.046  18.331 0.0000000000
65759  -24.536  -32.558  24.555 0.0000000000
65788  -24.901  -32.983  23.538 0.0000000000
66942  -24.687  -31.863  24.283 0.0000000000
68197  -24.899  -31.203  24.168 0.0000000000
68182  -25.076  -30.659  24.206 0.0000000000
71987  -26.550  -28.368  24.714 0.0000000000
71988  -27.128  -27.884  24.494 0.0000000000
72018  -27.808  -28.453  23.436 0.0000000000
183906  -28.022  -28.857  23.151 0.0000000000
72019  -28.403  -28.324  22.872 0.0000000000
70807  -29.076  -28.751  21.846 0.0000000000
70767  -32.380  -29.074  23.204 0.0000000000
72023  -31.867  -28.543  22.504 0.0000000000
72032  -31.119  -28.253  21.792 0.0000000000
171202  -31.002  -29.850  20.324 0.0000000000
190587  -33.918  -30.558  19.872 0.0000000000
68268  -34.706  -30.939  18.904 0.0000000000
68279  -35.068  -30.471  18.548 0.0000000000
79180  -39.446  -22.347  15.253 0.0000000000
79158  -39.933  -22.759  15.720 0.0000000000
169916  -40.312  -21.790  14.697 0.0000000000
80347  -40.970  -21.903  14.849 0.0000000000
180756  -41.204  -18.961  13.756 0.0000000000
83678  -41.303  -19.728  13.796 0.0000000000
83679  -41.897  -19.335  13.750 0.0000000000
89184  -39.976  -14.442  16.723 0.0000000000
166398  -39.789  -15.011  16.128 0.0000000000
89225  -39.845  -14.774  15.372 0.0000000000
190381  -40.129  -14.852  14.750 0.0000000000
189465  -40.484  -14.556  14.421 0.0000000000
166460  -42.397  -13.363  13.728 0.0000000000
90351  -41.932  -13.915  13.914 0.0000000000
90352  -42.731  -13.889  13.829 0.0000000000
89261  -43.012  -14.490  13.951 0.0000000000
88193  -43.893  -15.302  14.218 0.0000000000
87022  -44.767  -15.900  14.699 0.0000000000
178556  -48.647  -11.409  10.940 0.0000000000
176736  -48.734  -10.626  10.797 0.0000000000
93429  -49.339  -11.063  10.352 0.0000000000
93430  -50.186  -11.141  9.869 0.0000000000
94436  -49.949  -10.259  10.062 0.0000000000
196628  -50.060  -9.674  10.267 0.0000000000
54542  -12.832  -41.727  35.867 0.0000000000
53345  -12.788  -42.521  36.334 0.0000000000
46043  -14.385  -47.931  37.955 0.0000000000
73278  -37.341  -27.594  18.486 0.0000000000
73264  -37.451  -26.895  18.849 0.0000000000
74380  -37.299  -26.186  19.090 0.0000000000
74364  -34.263  -25.766  19.554 0.0000000000
79066  -30.207  -22.362  21.770 0.0000000000
183666  -30.920  -20.648  19.852 0.0000000000
175585  -31.010  -21.673  19.855 0.0000000000
80288  -31.406  -21.657  19.544 0.0000000000
178672  -31.930  -21.965  19.444 0.0000000000
79107  -33.067  -22.299  19.555 0.0000000000
79108  -33.501  -22.498  19.795 0.0000000000
79093  -34.006  -21.759  20.486 0.0000000000
81379  -34.694  -20.331  18.312 0.0000000000
80312  -36.250  -21.838  17.408 0.0000000000
80323  -37.160  -22.104  16.399 0.0000000000
81396  -36.508  -21.062  15.688 0.0000000000
85866  -36.300  -17.862  16.624 0.0000000000
85867  -37.171  -17.876  16.789 0.0000000000
84765  -37.638  -18.437  16.294 0.0000000000
64717  -27.261  -33.958  23.078 0.0000000000
63658  -27.592  -34.674  23.460 0.0000000000
184198  -27.680  -33.977  23.780 0.0000000000
63659  -27.946  -34.518  24.181 0.0000000000
63642  -28.171  -34.349  24.994 0.0000000000
191493  -15.006  -39.425  31.894 0.0000000000
56803  -14.536  -39.817  32.465 0.0000000000
56813  -14.944  -40.229  32.070 0.0000000000
54574  -15.027  -41.418  32.318 0.0000000000
54565  -15.045  -42.048  32.578 0.0000000000
54575  -15.466  -41.909  32.237 0.0000000000
56847  -19.122  -40.163  28.609 0.0000000000
56846  -18.442  -39.744  28.928 0.0000000000
55725  -19.132  -41.055  29.807 0.0000000000
72043  -40.513  -28.072  21.703 0.0000000000
73235  -40.101  -27.791  21.069 0.0000000000
54617  -26.708  -41.861  29.573 0.0000000000
54638  -26.980  -41.441  29.103 0.0000000000
54639  -27.792  -41.405  29.329 0.0000000000
55745  -28.192  -40.843  29.100 0.0000000000
56879  -27.313  -39.864  27.566 0.0000000000
55764  -27.915  -40.462  28.614 0.0000000000
65828  -34.973  -32.771  20.581 0.0000000000
64758  -34.631  -33.030  21.238 0.0000000000
62630  -23.729  -35.611  24.398 0.0000000000
165368  -23.424  -35.859  24.825 0.0000000000
62628  -22.333  -36.358  24.814 0.0000000000
61506  -22.068  -36.817  24.548 0.0000000000
59257  -21.939  -37.821  24.670 0.0000000000
59239  -21.703  -38.298  25.237 0.0000000000
58090  -22.284  -38.515  24.855 0.0000000000
58075  -22.857  -39.068  25.102 0.0000000000
56914  -24.065  -39.779  25.689 0.0000000000
56932  -24.446  -39.467  25.072 0.0000000000
56894  -24.419  -40.174  26.345 0.0000000000
184937  -25.382  -40.498  27.008 0.0000000000
55761  -25.683  -41.099  28.211 0.0000000000
69494  -33.142  -30.133  21.496 0.0000000000
69510  -34.375  -30.449  21.267 0.0000000000
82538  -38.595  -20.146  14.709 0.0000000000
81424  -39.647  -20.747  14.249 0.0000000000
82539  -39.391  -19.990  14.420 0.0000000000
175368  -41.465  -18.207  13.758 0.0000000000
174445  -41.772  -17.547  13.765 0.0000000000
91401  -40.321  -12.728  15.420 0.0000000000
93384  -40.982  -11.640  15.437 0.0000000000
92368  -41.146  -11.817  14.615 0.0000000000
92374  -41.567  -12.341  14.003 0.0000000000
93398  -42.221  -11.120  13.801 0.0000000000
92375  -42.011  -11.839  13.647 0.0000000000
91416  -42.355  -12.623  13.481 0.0000000000
91417  -43.134  -13.267  13.567 0.0000000000
90365  -43.909  -13.576  13.571 0.0000000000
90366  -44.690  -13.694  13.469 0.0000000000
91426  -45.167  -13.220  12.999 0.0000000000
188959  -45.824  -13.136  12.800 0.0000000000
91428  -46.542  -13.079  12.584 0.0000000000
92398  -48.000  -11.784  11.421 0.0000000000
94424  -47.580  -10.485  11.488 0.0000000000
95519  -47.693  -9.643  11.374 0.0000000000
53369  -13.791  -42.468  34.091 0.0000000000
52166  -13.679  -43.150  34.541 0.0000000000
52167  -14.052  -43.774  34.348 0.0000000000
74365  -34.728  -26.173  20.088 0.0000000000
74348  -33.996  -26.191  20.388 0.0000000000
75467  -33.487  -25.717  19.799 0.0000000000
82461  -30.318  -19.730  21.607 0.0000000000
82471  -30.359  -19.912  20.847 0.0000000000
84681  -31.272  -17.901  21.495 0.0000000000
84691  -30.923  -18.755  20.460 0.0000000000
82479  -30.729  -20.000  20.171 0.0000000000
82485  -31.291  -20.035  19.598 0.0000000000
82486  -31.874  -20.350  19.364 0.0000000000
177451  -32.502  -20.590  19.324 0.0000000000
82488  -33.125  -20.113  19.248 0.0000000000
82495  -33.075  -19.554  18.956 0.0000000000
82496  -33.615  -19.744  18.747 0.0000000000
84725  -32.891  -18.379  18.687 0.0000000000
82504  -34.189  -19.724  18.200 0.0000000000
82514  -35.129  -19.865  16.929 0.0000000000
183637  -35.520  -19.895  16.392 0.0000000000
84762  -35.112  -18.604  16.766 0.0000000000
85865  -35.500  -17.934  16.890 0.0000000000
86975  -34.810  -16.996  17.783 0.0000000000
86976  -35.510  -16.888  17.644 0.0000000000
85840  -35.876  -17.289  17.151 0.0000000000
86977  -36.650  -16.562  17.879 0.0000000000
86978  -37.364  -16.819  17.949 0.0000000000
66955  -27.438  -31.298  23.774 0.0000000000
65775  -27.735  -32.328  24.567 0.0000000000
66956  -27.858  -31.478  24.375 0.0000000000
66943  -28.321  -31.764  24.993 0.0000000000
66932  -28.629  -32.005  25.668 0.0000000000
59126  -15.321  -38.106  32.442 0.0000000000
60244  -15.883  -37.763  31.850 0.0000000000
59143  -15.410  -38.609  31.637 0.0000000000
57986  -15.517  -39.269  31.349 0.0000000000
171508  -16.160  -40.108  30.975 0.0000000000
55710  -16.547  -40.764  31.014 0.0000000000
54612  -22.231  -41.840  29.966 0.0000000000
189218  -12.392  -46.487  39.143 0.0000000000
165645  -12.376  -45.645  39.547 0.0000000000
47130  -12.404  -47.032  39.737 0.0000000000
186854  -12.392  -47.578  40.567 0.0000000000
184816  -12.518  -48.430  40.232 0.0000000000
46013  -12.220  -48.467  42.474 0.0000000000
90295  -40.029  -13.737  16.950 0.0000000000
91393  -40.319  -12.680  16.941 0.0000000000
66972  -30.822  -32.015  22.560 0.0000000000
64740  -34.723  -33.376  21.986 0.0000000000
62508  -19.347  -35.902  29.806 0.0000000000
62527  -18.741  -36.083  29.374 0.0000000000
61443  -17.730  -36.974  29.427 0.0000000000
60276  -18.054  -37.209  28.861 0.0000000000
59195  -18.194  -37.734  28.504 0.0000000000
59197  -18.930  -38.869  28.051 0.0000000000
59208  -19.291  -38.263  27.575 0.0000000000
58046  -19.564  -38.964  27.588 0.0000000000
56860  -19.385  -39.611  28.016 0.0000000000
197564  -19.552  -40.092  28.239 0.0000000000
55757  -20.406  -40.648  28.241 0.0000000000
55743  -20.873  -41.058  28.558 0.0000000000
58059  -21.852  -39.297  26.089 0.0000000000
56878  -21.886  -40.207  27.012 0.0000000000
55779  -22.889  -40.712  27.303 0.0000000000
55778  -22.244  -40.678  27.377 0.0000000000
55777  -21.493  -40.645  27.596 0.0000000000
55759  -22.066  -41.044  27.919 0.0000000000
54652  -21.984  -41.356  28.524 0.0000000000
54632  -21.855  -41.599  29.253 0.0000000000
68251  -38.420  -30.481  20.485 0.0000000000
69552  -37.895  -30.022  19.485 0.0000000000
70877  -37.684  -29.375  18.844 0.0000000000
70897  -37.142  -28.876  18.266 0.0000000000
70896  -36.452  -28.782  18.158 0.0000000000
72098  -36.647  -28.010  18.382 0.0000000000
73223  -36.989  -27.475  21.698 0.0000000000
74317  -35.019  -26.446  23.465 0.0000000000
61538  -25.568  -36.244  22.384 0.0000000000
60359  -26.427  -37.280  23.335 0.0000000000
61556  -26.042  -35.711  22.229 0.0000000000
62658  -26.583  -35.552  22.393 0.0000000000
170302  -26.872  -34.347  22.562 0.0000000000
65789  -25.448  -33.127  22.980 0.0000000000
167284  -26.027  -33.030  22.688 0.0000000000
168909  -26.570  -33.635  22.632 0.0000000000
65791  -26.775  -32.399  23.086 0.0000000000
69411  -25.094  -29.934  25.385 0.0000000000
70745  -25.571  -29.600  24.702 0.0000000000
69452  -25.544  -30.190  23.994 0.0000000000
165969  -26.359  -28.973  24.273 0.0000000000
70764  -26.014  -29.520  24.062 0.0000000000
187204  -25.880  -30.592  23.425 0.0000000000
189030  -26.186  -30.951  23.195 0.0000000000
68211  -26.682  -30.956  23.282 0.0000000000
68213  -28.543  -30.270  23.485 0.0000000000
68215  -29.781  -30.919  22.742 0.0000000000
68225  -29.863  -30.814  21.807 0.0000000000
73188  -29.480  -27.456  23.985 0.0000000000
72031  -29.236  -27.952  22.044 0.0000000000
69504  -29.457  -29.198  21.349 0.0000000000
72039  -30.422  -28.297  21.307 0.0000000000
180692  -29.421  -29.696  21.426 0.0000000000
66994  -31.582  -32.022  20.510 0.0000000000
65846  -32.269  -32.295  20.356 0.0000000000
65848  -33.759  -32.559  20.170 0.0000000000
198670  -32.816  -30.513  20.040 0.0000000000
68249  -32.637  -30.994  19.732 0.0000000000
69525  -33.370  -30.880  19.828 0.0000000000
67033  -33.129  -31.942  19.787 0.0000000000
65863  -33.551  -32.276  19.846 0.0000000000
65849  -34.340  -32.585  20.145 0.0000000000
65865  -34.792  -32.328  19.765 0.0000000000
65850  -35.592  -32.416  20.197 0.0000000000
67014  -36.097  -31.949  19.880 0.0000000000
168127  -35.738  -31.508  19.206 0.0000000000
67015  -36.850  -31.807  20.240 0.0000000000
67016  -37.517  -31.519  20.602 0.0000000000
68250  -37.830  -30.901  20.308 0.0000000000
63623  -24.671  -34.470  25.048 0.0000000000
64671  -24.684  -33.723  25.664 0.0000000000
173881  -24.483  -34.708  24.281 0.0000000000
166851  -24.863  -35.789  22.529 0.0000000000
79159  -40.663  -22.786  15.692 0.0000000000
81412  -40.671  -21.333  14.443 0.0000000000
81413  -41.361  -21.333  14.537 0.0000000000
82553  -41.387  -20.293  13.975 0.0000000000
87021  -39.915  -16.916  15.080 0.0000000000
87033  -40.222  -16.781  14.488 0.0000000000
87034  -40.641  -16.816  14.122 0.0000000000
91407  -40.189  -13.426  15.125 0.0000000000
90338  -40.688  -13.690  14.484 0.0000000000
89259  -40.893  -15.021  14.125 0.0000000000
89260  -41.733  -14.811  13.956 0.0000000000
172297  -41.284  -15.581  13.956 0.0000000000
87036  -41.675  -16.191  13.856 0.0000000000
185376  -42.133  -16.847  13.775 0.0000000000
85924  -42.559  -17.547  13.760 0.0000000000
85925  -43.342  -17.556  13.894 0.0000000000
91471  -51.995  -12.647  9.449 0.0000000000
93439  -50.991  -11.252  9.654 0.0000000000
93440  -51.647  -11.426  9.584 0.0000000000
180314  -52.118  -11.600  9.493 0.0000000000
196229  -52.118  -11.155  9.686 0.0000000000
94447  -52.512  -10.767  9.933 0.0000000000
181378  -52.336  -9.586  10.942 0.0000000000
53319  -12.463  -43.298  38.730 0.0000000000
50833  -12.520  -44.608  38.510 0.0000000000
49496  -12.505  -45.316  38.199 0.0000000000
52165  -13.293  -43.193  35.141 0.0000000000
178710  -13.179  -43.894  35.429 0.0000000000
193874  -12.892  -43.980  36.105 0.0000000000
190437  -13.402  -45.593  36.039 0.0000000000
49523  -13.103  -45.165  36.144 0.0000000000
50860  -12.689  -44.826  37.039 0.0000000000
49507  -12.637  -45.406  37.502 0.0000000000
167514  -12.569  -46.026  37.886 0.0000000000
48274  -12.512  -46.644  38.339 0.0000000000
46040  -12.896  -47.787  38.384 0.0000000000
46033  -13.060  -48.430  38.663 0.0000000000
46042  -13.737  -48.192  38.044 0.0000000000
44963  -13.760  -48.748  38.497 0.0000000000
44957  -13.585  -49.194  38.889 0.0000000000
69528  -39.010  -29.838  20.519 0.0000000000
72076  -38.274  -28.223  18.850 0.0000000000
72077  -38.779  -28.176  19.288 0.0000000000
73252  -39.624  -27.595  20.323 0.0000000000
74369  -39.355  -26.895  20.109 0.0000000000
74379  -36.699  -26.141  19.192 0.0000000000
74382  -38.504  -26.359  19.380 0.0000000000
74368  -38.975  -26.308  19.880 0.0000000000
75470  -38.832  -25.710  20.245 0.0000000000
76655  -38.403  -25.073  20.614 0.0000000000
198311  -37.894  -24.531  21.023 0.0000000000
76598  -31.814  -24.911  23.014 0.0000000000
77796  -30.993  -23.802  22.943 0.0000000000
76597  -31.340  -24.467  22.798 0.0000000000
76620  -31.482  -24.892  22.117 0.0000000000
75455  -32.095  -25.416  20.857 0.0000000000
75465  -32.040  -25.072  20.297 0.0000000000
76650  -32.439  -24.718  19.601 0.0000000000
182132  -30.620  -23.153  20.825 0.0000000000
80263  -30.595  -22.006  20.385 0.0000000000
79091  -30.836  -22.750  20.281 0.0000000000
77839  -31.034  -23.441  20.345 0.0000000000
76664  -33.826  -24.242  19.031 0.0000000000
77842  -34.700  -23.014  20.313 0.0000000000
173324  -36.827  -23.391  22.277 0.0000000000
80264  -35.411  -21.192  21.731 0.0000000000
81362  -34.180  -20.664  20.111 0.0000000000
79156  -38.467  -22.519  16.024 0.0000000000
80324  -37.806  -22.324  16.180 0.0000000000
80334  -38.716  -22.250  15.425 0.0000000000
80344  -38.255  -21.811  15.101 0.0000000000
81409  -38.178  -20.778  14.710 0.0000000000
82523  -35.987  -20.281  15.942 0.0000000000
82524  -36.630  -20.300  15.398 0.0000000000
84787  -36.568  -18.900  15.761 0.0000000000
82537  -37.272  -20.196  15.058 0.0000000000
180153  -37.914  -20.163  14.860 0.0000000000
84790  -38.859  -18.836  15.781 0.0000000000
84768  -39.833  -18.326  16.709 0.0000000000
60360  -27.085  -36.968  23.687 0.0000000000
60340  -27.446  -37.221  24.527 0.0000000000
60341  -27.887  -37.054  25.131 0.0000000000
190324  -27.803  -35.962  24.044 0.0000000000
61508  -27.872  -36.591  24.638 0.0000000000
60325  -28.105  -37.214  25.742 0.0000000000
60313  -28.359  -37.436  26.392 0.0000000000
63624  -28.336  -34.264  25.891 0.0000000000
64659  -28.432  -33.218  26.332 0.0000000000
174517  -28.392  -35.143  25.834 0.0000000000
65777  -30.959  -32.365  24.158 0.0000000000
56755  -13.009  -40.345  36.093 0.0000000000
55674  -13.084  -41.109  35.004 0.0000000000
55675  -13.389  -41.393  34.415 0.0000000000
57933  -14.060  -38.968  34.042 0.0000000000
57968  -14.204  -39.483  32.893 0.0000000000
57952  -13.886  -39.521  33.437 0.0000000000
57932  -13.618  -39.605  34.174 0.0000000000
55680  -13.702  -41.021  33.771 0.0000000000
54556  -13.738  -41.744  33.910 0.0000000000
53397  -15.628  -42.554  32.584 0.0000000000
59170  -17.227  -38.282  29.511 0.0000000000
58011  -16.946  -38.994  29.898 0.0000000000
56845  -17.896  -39.522  29.269 0.0000000000
56833  -17.481  -39.623  29.731 0.0000000000
56832  -16.979  -39.695  30.210 0.0000000000
54610  -20.458  -41.458  30.203 0.0000000000
54609  -19.636  -41.374  30.424 0.0000000000
54593  -18.476  -41.695  31.186 0.0000000000
54592  -17.702  -41.538  31.174 0.0000000000
54591  -16.943  -41.383  31.218 0.0000000000
43796  -12.112  -50.024  42.538 0.0000000000
44930  -11.877  -49.283  42.933 0.0000000000
42585  -10.575  -51.241  42.207 0.0000000000
43795  -10.504  -50.410  42.417 0.0000000000
43788  -10.857  -49.966  42.926 0.0000000000
44962  -13.414  -48.692  38.489 0.0000000000
44964  -14.132  -48.463  38.339 0.0000000000
47140  -12.746  -47.213  38.161 0.0000000000
47154  -13.300  -47.102  37.230 0.0000000000
48305  -13.030  -45.735  36.570 0.0000000000
49537  -13.973  -45.058  35.190 0.0000000000
50821  -12.471  -44.493  39.161 0.0000000000
50861  -12.868  -44.657  36.407 0.0000000000
53368  -13.389  -42.543  34.785 0.0000000000
54651  -21.405  -41.319  28.757 0.0000000000
54653  -22.690  -41.349  28.240 0.0000000000
54654  -24.271  -41.634  28.680 0.0000000000
54657  -26.297  -41.231  28.664 0.0000000000
55665  -12.905  -41.010  35.651 0.0000000000
55727  -28.501  -41.246  29.601 0.0000000000
55744  -27.528  -40.965  28.836 0.0000000000
55758  -21.457  -41.066  28.211 0.0000000000
55780  -23.541  -40.782  27.316 0.0000000000
55781  -24.220  -40.869  27.427 0.0000000000
55784  -26.982  -40.452  27.880 0.0000000000
55802  -25.938  -40.365  27.017 0.0000000000
56793  -13.745  -40.241  33.615 0.0000000000
56802  -14.147  -40.062  32.993 0.0000000000
56859  -18.855  -39.516  28.381 0.0000000000
56862  -27.623  -40.154  28.106 0.0000000000
56880  -27.915  -39.546  27.839 0.0000000000
56890  -21.577  -39.690  26.633 0.0000000000
56891  -22.217  -39.824  26.463 0.0000000000
56892  -22.918  -39.939  26.355 0.0000000000
56897  -27.004  -39.609  26.978 0.0000000000
56917  -26.152  -39.701  26.096 0.0000000000
58049  -28.189  -38.937  27.517 0.0000000000
58050  -28.666  -38.622  27.730 0.0000000000
58073  -21.442  -38.733  25.778 0.0000000000
58093  -24.704  -39.073  24.521 0.0000000000
58094  -25.386  -38.994  24.532 0.0000000000
59221  -20.807  -38.477  26.207 0.0000000000
59223  -28.167  -38.046  26.627 0.0000000000
59224  -28.650  -37.727  27.019 0.0000000000
59259  -26.421  -38.269  24.415 0.0000000000
59298  -23.902  -37.957  23.328 0.0000000000
59299  -24.369  -37.833  23.075 0.0000000000
59300  -25.000  -37.667  22.976 0.0000000000
60299  -18.774  -37.408  27.986 0.0000000000
60314  -28.722  -37.090  26.807 0.0000000000
60323  -21.081  -37.339  25.487 0.0000000000
60324  -27.646  -37.640  25.371 0.0000000000
60339  -22.101  -37.288  24.447 0.0000000000
60356  -22.422  -37.671  24.113 0.0000000000
60357  -23.372  -37.794  23.445 0.0000000000
60383  -23.839  -37.469  23.101 0.0000000000
60386  -26.035  -36.857  22.725 0.0000000000
61457  -18.755  -36.545  28.366 0.0000000000
61458  -19.184  -36.284  28.009 0.0000000000
61486  -20.286  -36.637  26.434 0.0000000000
61498  -21.715  -36.596  25.107 0.0000000000
61500  -28.439  -36.265  25.942 0.0000000000
61507  -22.500  -36.542  24.266 0.0000000000
61518  -22.959  -36.487  23.817 0.0000000000
61537  -24.884  -36.522  22.545 0.0000000000
61539  -26.358  -36.188  22.503 0.0000000000
62528  -19.344  -35.848  29.029 0.0000000000
62594  -20.561  -36.204  26.586 0.0000000000
62639  -23.886  -35.620  23.500 0.0000000000
62675  -26.144  -35.107  22.181 0.0000000000
63657  -24.716  -34.284  23.562 0.0000000000
63677  -26.733  -34.927  22.401 0.0000000000
63698  -26.298  -34.398  22.335 0.0000000000
64756  -33.194  -32.978  21.316 0.0000000000
65772  -24.778  -32.397  23.865 0.0000000000
65851  -36.424  -32.374  20.663 0.0000000000
68181  -24.844  -30.867  24.699 0.0000000000
68198  -25.324  -30.910  23.759 0.0000000000
68237  -38.888  -30.522  21.111 0.0000000000
69432  -25.101  -30.277  24.660 0.0000000000
69527  -38.426  -29.952  19.954 0.0000000000
70850  -38.783  -29.324  19.806 0.0000000000
72034  -40.894  -28.335  22.236 0.0000000000
73187  -28.670  -27.350  24.991 0.0000000000
73203  -29.600  -27.482  23.156 0.0000000000
73214  -29.096  -27.656  22.664 0.0000000000
73265  -37.859  -27.912  18.524 0.0000000000
75458  -39.878  -26.350  21.287 0.0000000000
76622  -38.811  -24.892  21.830 0.0000000000
79053  -30.439  -22.939  22.560 0.0000000000
79077  -30.388  -22.592  20.963 0.0000000000
80333  -38.054  -22.100  15.616 0.0000000000
81351  -30.710  -21.260  20.141 0.0000000000
81359  -31.199  -21.193  19.643 0.0000000000
83598  -30.658  -19.431  20.479 0.0000000000
84692  -31.370  -18.252  20.036 0.0000000000
84708  -31.244  -18.855  19.871 0.0000000000
86924  -33.288  -16.217  20.213 0.0000000000
86950  -32.903  -16.969  18.924 0.0000000000
88119  -34.137  -16.282  18.934 0.0000000000
88194  -44.427  -15.371  14.497 0.0000000000
89205  -39.835  -14.404  16.034 0.0000000000
90296  -40.309  -14.039  17.437 0.0000000000
91386  -40.332  -13.204  17.423 0.0000000000
91424  -43.812  -12.968  13.236 0.0000000000
92352  -40.633  -12.550  17.437 0.0000000000
92364  -40.584  -12.210  15.630 0.0000000000
92373  -41.034  -12.458  14.503 0.0000000000
92418  -51.780  -12.043  9.474 0.0000000000
95502  -44.442  -9.796  13.156 0.0000000000
165367  -30.393  -23.116  21.563 0.0000000000
166102  -46.471  -9.388  11.960 0.0000000000
168229  -12.531  -44.043  38.792 0.0000000000
172562  -13.979  -46.995  36.968 0.0000000000
177284  -21.835  -36.200  26.018 0.0000000000
181258  -24.087  -39.099  24.603 0.0000000000
182405  -40.743  -12.259  15.052 0.0000000000
183861  -36.253  -18.445  16.100 0.0000000000
184905  -26.992  -35.950  22.760 0.0000000000
185165  -31.005  -18.423  21.840 0.0000000000
185272  -31.828  -19.757  19.357 0.0000000000
185501  -35.474  -18.899  16.219 0.0000000000
185977  -31.395  -20.692  19.485 0.0000000000
191264  -38.034  -30.403  20.002 0.0000000000
191691  -12.859  -45.175  36.633 0.0000000000
192023  -35.158  -31.576  19.083 0.0000000000
192922  -19.116  -37.701  27.606 0.0000000000
192982  -30.700  -19.023  21.724 0.0000000000
194005  -30.574  -19.206  21.035 0.0000000000
194403  -14.419  -43.105  33.696 0.0000000000
194436  -20.814  -41.616  30.610 0.0000000000
195964  -16.676  -39.296  30.295 0.0000000000
198149  -27.564  -27.675  24.398 0.0000000000
