#!ascii label  , from subject sub-v2s13x29109_ses-1 vox2ras=TkReg
1300
158735  42.235  37.860  -7.238 0.0000000000
137702  49.933  45.403  -3.305 0.0000000000
183083  51.457  39.262  4.223 0.0000000000
132065  38.416  39.002  -0.419 0.0000000000
131256  40.877  37.889  -0.011 0.0000000000
137725  46.940  45.138  -6.670 0.0000000000
140386  43.661  48.580  0.850 0.0000000000
143395  45.619  53.884  3.909 0.0000000000
173908  54.713  36.896  9.092 0.0000000000
126022  50.274  33.186  3.602 0.0000000000
133051  49.239  40.045  -8.630 0.0000000000
132989  47.888  39.827  -2.400 0.0000000000
133764  52.917  39.988  -2.002 0.0000000000
136138  53.710  44.013  6.628 0.0000000000
161878  45.116  54.422  -2.293 0.0000000000
140446  47.613  49.359  -4.373 0.0000000000
131219  45.462  37.550  3.574 0.0000000000
132095  39.980  38.596  -3.500 0.0000000000
130471  39.261  36.571  -1.405 0.0000000000
131276  40.801  36.831  -3.868 0.0000000000
160725  45.709  41.387  -5.240 0.0000000000
134640  41.629  41.615  -3.431 0.0000000000
141957  41.370  51.828  3.505 0.0000000000
127726  55.280  34.616  11.705 0.0000000000
126878  56.159  32.879  6.605 0.0000000000
125038  54.287  31.983  7.555 0.0000000000
145345  46.889  55.343  -5.912 0.0000000000
135501  49.962  42.546  -6.254 0.0000000000
133798  50.968  39.241  -5.498 0.0000000000
134627  50.510  41.916  -2.820 0.0000000000
136161  49.055  43.367  4.365 0.0000000000
136921  52.085  44.762  3.927 0.0000000000
136893  50.434  44.750  7.947 0.0000000000
134478  53.302  42.037  8.866 0.0000000000
141187  47.514  49.660  -0.173 0.0000000000
143435  48.935  52.702  1.562 0.0000000000
139050  49.139  47.151  -3.273 0.0000000000
137049  49.453  44.928  -7.781 0.0000000000
180381  50.765  39.708  0.432 0.0000000000
132948  46.978  39.907  0.376 0.0000000000
131215  48.421  38.887  3.782 0.0000000000
129622  38.679  35.805  1.453 0.0000000000
128697  40.803  35.655  2.529 0.0000000000
140490  49.094  49.599  -8.237 0.0000000000
139075  45.500  47.528  -6.268 0.0000000000
138365  46.670  47.368  -0.990 0.0000000000
136986  49.650  44.476  -0.684 0.0000000000
143442  38.702  52.220  0.314 0.0000000000
143456  42.164  52.825  0.273 0.0000000000
141962  44.257  51.392  1.833 0.0000000000
131176  53.107  38.491  7.260 0.0000000000
129575  50.167  36.419  6.422 0.0000000000
127785  52.645  34.082  7.055 0.0000000000
126046  53.773  32.713  1.396 0.0000000000
133029  45.775  38.942  -7.620 0.0000000000
158854  45.260  37.880  -5.998 0.0000000000
132115  48.719  38.230  -6.168 0.0000000000
132078  51.418  38.677  -2.969 0.0000000000
132930  53.705  39.645  0.878 0.0000000000
136241  51.474  43.192  0.781 0.0000000000
135409  54.015  42.313  2.438 0.0000000000
133697  53.469  41.383  5.094 0.0000000000
133671  54.610  41.222  8.625 0.0000000000
177370  54.484  38.944  10.541 0.0000000000
182101  44.289  55.302  -4.550 0.0000000000
145318  47.313  55.185  -3.285 0.0000000000
165995  47.450  53.889  -1.416 0.0000000000
163115  48.142  51.210  -5.053 0.0000000000
139089  48.863  47.543  -8.855 0.0000000000
181948  47.979  42.962  -8.022 0.0000000000
132070  44.292  39.433  -1.335 0.0000000000
131247  43.274  38.644  1.647 0.0000000000
177813  42.995  34.814  1.946 0.0000000000
127809  47.384  34.989  4.570 0.0000000000
133013  41.007  38.560  -5.565 0.0000000000
131286  40.409  36.995  -4.698 0.0000000000
131292  41.271  36.361  -6.197 0.0000000000
167796  43.758  40.503  -5.644 0.0000000000
162484  43.671  41.661  -4.178 0.0000000000
133012  41.717  39.958  -5.063 0.0000000000
133793  40.990  39.936  -4.515 0.0000000000
125945  54.345  33.389  12.662 0.0000000000
125980  55.107  32.782  9.888 0.0000000000
125009  53.645  32.255  10.333 0.0000000000
126054  40.107  32.626  2.707 0.0000000000
137030  49.716  44.356  -4.594 0.0000000000
158875  50.009  41.776  -4.846 0.0000000000
136284  49.882  43.640  -3.289 0.0000000000
135350  48.456  43.040  5.801 0.0000000000
136147  49.615  43.701  5.842 0.0000000000
139692  49.028  48.328  -1.821 0.0000000000
140402  49.025  48.600  -1.973 0.0000000000
138384  49.525  46.645  -3.034 0.0000000000
137031  49.478  44.769  -5.269 0.0000000000
132917  51.073  39.630  2.090 0.0000000000
132918  49.810  39.773  1.998 0.0000000000
132009  50.008  39.062  3.983 0.0000000000
131258  37.536  38.234  0.330 0.0000000000
131257  37.807  37.489  -0.432 0.0000000000
130470  40.098  37.103  -0.682 0.0000000000
129634  38.354  36.049  -0.372 0.0000000000
129627  39.727  36.666  1.272 0.0000000000
128710  40.085  36.116  2.262 0.0000000000
130449  40.951  37.136  1.923 0.0000000000
139083  47.600  47.430  -8.535 0.0000000000
139085  46.299  48.039  -7.192 0.0000000000
138412  46.201  46.384  -6.443 0.0000000000
133758  38.685  40.313  -0.965 0.0000000000
132953  38.047  39.585  0.221 0.0000000000
139682  45.018  48.102  -0.007 0.0000000000
138353  46.319  46.581  -0.637 0.0000000000
138355  44.801  46.815  0.099 0.0000000000
141168  42.537  50.071  1.573 0.0000000000
141964  42.767  50.925  1.941 0.0000000000
141179  43.821  49.478  1.008 0.0000000000
140384  45.148  49.272  0.364 0.0000000000
130378  54.116  37.204  8.508 0.0000000000
173640  52.391  35.922  7.756 0.0000000000
128659  53.387  34.941  8.143 0.0000000000
125078  55.635  32.294  4.251 0.0000000000
126905  55.135  33.417  4.574 0.0000000000
125104  54.790  32.459  2.139 0.0000000000
133045  47.827  39.423  -8.313 0.0000000000
132126  46.774  38.049  -7.255 0.0000000000
132137  48.420  38.297  -7.814 0.0000000000
133778  51.878  39.321  -3.942 0.0000000000
132112  51.754  38.464  -4.694 0.0000000000
132986  52.702  38.877  -2.734 0.0000000000
132059  52.761  39.004  -0.981 0.0000000000
132957  54.058  39.838  -0.367 0.0000000000
136959  49.141  44.475  0.780 0.0000000000
136255  50.597  43.426  -0.189 0.0000000000
136957  50.389  44.368  1.536 0.0000000000
136911  53.032  45.079  5.178 0.0000000000
136173  53.117  43.900  2.956 0.0000000000
136919  53.540  44.050  4.136 0.0000000000
134535  53.954  42.108  3.726 0.0000000000
165928  53.736  42.908  5.362 0.0000000000
133680  54.002  41.033  6.893 0.0000000000
134500  54.219  42.380  7.889 0.0000000000
132828  52.188  40.372  9.042 0.0000000000
169479  53.735  40.337  9.661 0.0000000000
145309  44.852  54.970  -3.386 0.0000000000
145320  45.784  55.277  -3.930 0.0000000000
145308  46.449  55.313  -3.154 0.0000000000
144061  43.855  54.229  3.344 0.0000000000
144068  44.623  53.961  1.617 0.0000000000
144059  45.707  54.626  3.296 0.0000000000
141996  47.939  50.723  -1.818 0.0000000000
144075  48.282  54.180  0.758 0.0000000000
166690  47.104  51.387  -2.512 0.0000000000
164270  47.311  53.137  -2.990 0.0000000000
142011  47.296  50.859  -4.102 0.0000000000
140478  49.338  49.316  -7.007 0.0000000000
178544  48.882  48.338  -7.023 0.0000000000
135520  49.462  42.610  -9.300 0.0000000000
136331  48.862  43.568  -9.464 0.0000000000
134680  48.474  41.359  -8.790 0.0000000000
133809  46.840  40.855  -6.679 0.0000000000
132091  46.175  39.129  -3.886 0.0000000000
177060  44.883  38.912  -3.532 0.0000000000
188945  45.874  39.739  -2.055 0.0000000000
132035  46.251  39.174  2.192 0.0000000000
132938  45.083  39.396  0.881 0.0000000000
131230  44.518  37.935  2.916 0.0000000000
129617  42.975  36.661  2.471 0.0000000000
179498  44.157  35.821  2.656 0.0000000000
127798  49.805  34.419  5.877 0.0000000000
128676  48.942  35.819  5.792 0.0000000000
126921  49.122  33.698  4.373 0.0000000000
132074  39.120  38.708  -1.621 0.0000000000
131262  38.620  37.093  -1.390 0.0000000000
131273  39.825  37.180  -2.683 0.0000000000
130481  39.761  36.869  -2.313 0.0000000000
131265  41.200  37.898  -1.515 0.0000000000
136304  46.928  43.564  -5.687 0.0000000000
132993  39.368  40.231  -2.195 0.0000000000
129535  55.313  35.914  10.237 0.0000000000
127774  54.868  34.040  8.470 0.0000000000
126861  55.437  33.388  9.454 0.0000000000
125036  55.938  32.278  7.419 0.0000000000
134671  50.003  41.210  -7.418 0.0000000000
177279  50.021  39.506  -7.580 0.0000000000
134656  50.225  40.745  -5.578 0.0000000000
133779  50.900  40.481  -4.078 0.0000000000
134626  51.188  41.217  -2.524 0.0000000000
136199  49.528  43.995  3.043 0.0000000000
158111  50.127  44.360  2.659 0.0000000000
136923  50.431  44.261  4.252 0.0000000000
136904  51.237  44.825  5.836 0.0000000000
136890  52.627  45.345  7.031 0.0000000000
136118  52.945  44.027  8.558 0.0000000000
136120  51.454  44.600  9.251 0.0000000000
159932  51.340  43.173  9.079 0.0000000000
132829  51.111  40.520  8.745 0.0000000000
144104  43.343  53.691  -2.012 0.0000000000
142752  46.927  51.662  1.912 0.0000000000
143393  47.950  53.813  2.986 0.0000000000
141967  49.202  51.298  0.929 0.0000000000
141995  48.800  49.996  -1.456 0.0000000000
139729  48.067  48.184  -4.233 0.0000000000
138411  48.659  46.856  -6.705 0.0000000000
138410  48.818  45.923  -5.942 0.0000000000
136313  49.901  43.466  -7.574 0.0000000000
132977  48.787  39.960  -1.222 0.0000000000
158916  47.445  40.045  -0.828 0.0000000000
158917  48.378  40.048  0.139 0.0000000000
132033  47.802  39.387  2.496 0.0000000000
131217  46.948  38.240  3.832 0.0000000000
162315  50.747  32.831  1.804 0.0000000000
126049  49.197  33.060  1.996 0.0000000000
128713  36.954  35.382  1.361 0.0000000000
129640  38.150  36.271  -0.925 0.0000000000
129629  37.984  35.744  0.258 0.0000000000
127839  37.722  35.142  1.987 0.0000000000
128699  39.112  35.183  2.533 0.0000000000
127825  39.727  34.685  2.842 0.0000000000
126951  40.826  33.350  2.583 0.0000000000
141283  48.588  50.013  -8.111 0.0000000000
140492  46.205  49.519  -7.138 0.0000000000
158698  48.725  46.926  -1.778 0.0000000000
137682  49.755  45.128  -1.864 0.0000000000
138351  47.758  45.825  -0.940 0.0000000000
137673  47.867  45.267  -0.313 0.0000000000
166047  47.482  44.392  0.951 0.0000000000
180673  48.012  43.799  2.017 0.0000000000
136177  48.112  43.239  3.192 0.0000000000
143439  40.891  52.611  0.782 0.0000000000
143419  42.439  53.359  3.229 0.0000000000
142718  43.622  53.481  3.921 0.0000000000
142739  44.471  52.464  3.013 0.0000000000
141969  46.273  50.804  1.120 0.0000000000
140405  47.148  48.583  -0.860 0.0000000000
132866  52.139  39.389  5.259 0.0000000000
131200  50.892  38.810  5.025 0.0000000000
173015  51.278  37.371  6.775 0.0000000000
128664  51.432  34.972  7.063 0.0000000000
126908  51.719  33.433  4.967 0.0000000000
126880  54.573  33.713  6.242 0.0000000000
126010  53.646  33.403  4.228 0.0000000000
126032  51.991  32.895  2.749 0.0000000000
132129  43.978  37.994  -8.234 0.0000000000
167143  43.516  37.172  -8.051 0.0000000000
132128  45.194  37.777  -7.738 0.0000000000
158173  46.713  38.286  -5.726 0.0000000000
133010  48.062  39.298  -4.034 0.0000000000
132123  50.705  38.411  -6.111 0.0000000000
132103  50.331  38.516  -4.709 0.0000000000
133000  49.229  39.341  -3.138 0.0000000000
132960  51.055  39.208  -1.075 0.0000000000
132946  51.734  39.404  0.611 0.0000000000
182938  52.779  40.082  2.698 0.0000000000
136267  50.095  43.838  -1.669 0.0000000000
135460  50.861  42.529  -1.377 0.0000000000
134602  52.769  41.345  -0.823 0.0000000000
136197  51.962  43.777  2.072 0.0000000000
135411  52.626  43.163  1.704 0.0000000000
134591  53.907  41.186  0.236 0.0000000000
134580  54.240  40.971  1.288 0.0000000000
133722  53.465  40.653  2.972 0.0000000000
132884  52.621  40.058  4.219 0.0000000000
132864  53.340  40.434  6.232 0.0000000000
131968  54.065  39.460  7.658 0.0000000000
131163  55.099  39.087  8.978 0.0000000000
134476  54.230  41.403  9.069 0.0000000000
132819  55.164  39.801  10.028 0.0000000000
130356  55.416  37.822  10.904 0.0000000000
129517  55.052  36.987  11.425 0.0000000000
159384  45.277  55.348  -5.546 0.0000000000
145332  46.990  55.282  -4.543 0.0000000000
144120  48.638  53.952  -4.671 0.0000000000
144668  47.985  54.850  1.791 0.0000000000
158650  46.869  55.198  -1.641 0.0000000000
144693  47.461  54.933  -2.330 0.0000000000
186560  47.700  53.567  -3.444 0.0000000000
142805  48.323  52.014  -4.898 0.0000000000
165844  49.558  50.571  -6.731 0.0000000000
139767  48.951  48.294  -8.520 0.0000000000
137743  47.855  45.997  -8.873 0.0000000000
137741  48.941  45.876  -9.362 0.0000000000
137063  48.492  45.305  -9.663 0.0000000000
137051  47.512  44.600  -7.630 0.0000000000
134666  47.040  41.836  -6.131 0.0000000000
188616  45.799  40.778  -5.955 0.0000000000
132094  43.354  37.566  -4.977 0.0000000000
162596  43.152  38.735  -2.532 0.0000000000
189319  42.625  38.984  -0.899 0.0000000000
132966  45.507  39.786  -0.219 0.0000000000
132052  43.526  39.191  0.541 0.0000000000
131249  41.857  38.260  1.152 0.0000000000
129618  42.161  36.777  2.362 0.0000000000
128709  41.791  35.365  2.409 0.0000000000
131196  49.245  37.730  5.306 0.0000000000
130416  48.232  37.255  5.075 0.0000000000
129600  46.498  36.137  4.272 0.0000000000
186549  47.886  33.553  2.679 0.0000000000
127823  44.995  35.058  2.858 0.0000000000
125029  52.565  31.896  8.438 0.0000000000
125048  52.586  31.776  6.104 0.0000000000
133021  41.498  38.094  -6.491 0.0000000000
170760  40.976  37.131  -6.329 0.0000000000
132120  41.641  36.806  -7.107 0.0000000000
133800  42.987  39.612  -6.278 0.0000000000
133801  42.224  39.319  -5.989 0.0000000000
125964  54.491  32.923  11.835 0.0000000000
137024  49.897  44.944  -3.828 0.0000000000
136290  49.790  43.595  -4.168 0.0000000000
137017  49.970  44.590  -3.132 0.0000000000
138375  49.524  46.691  -2.593 0.0000000000
139041  49.332  47.352  -2.641 0.0000000000
138392  49.765  46.004  -3.387 0.0000000000
137716  49.695  45.145  -4.366 0.0000000000
132900  51.204  39.465  2.845 0.0000000000
132020  50.547  39.278  3.418 0.0000000000
132008  50.774  39.134  4.053 0.0000000000
132055  38.025  38.608  0.035 0.0000000000
170933  37.287  37.247  -0.187 0.0000000000
130462  40.413  37.427  0.383 0.0000000000
130463  39.626  36.722  -0.293 0.0000000000
130458  39.998  37.055  0.821 0.0000000000
130450  40.319  37.074  1.516 0.0000000000
130457  40.714  37.451  1.238 0.0000000000
137736  46.776  46.000  -7.096 0.0000000000
138422  46.780  46.899  -7.501 0.0000000000
137726  46.377  45.580  -6.052 0.0000000000
132969  38.805  39.393  -0.923 0.0000000000
132970  38.352  39.957  -0.357 0.0000000000
132056  37.645  39.196  0.667 0.0000000000
139671  44.350  48.187  0.403 0.0000000000
139022  44.608  47.539  0.173 0.0000000000
188979  44.125  47.629  0.463 0.0000000000
140376  43.003  49.196  1.275 0.0000000000
141167  43.256  50.160  1.399 0.0000000000
140385  44.384  48.979  0.586 0.0000000000
129564  53.420  36.756  8.230 0.0000000000
129549  53.973  36.352  8.586 0.0000000000
125097  55.341  32.574  3.130 0.0000000000
133044  48.626  39.437  -8.549 0.0000000000
133036  47.990  38.716  -8.184 0.0000000000
133043  49.367  39.080  -8.300 0.0000000000
133771  52.821  39.373  -2.706 0.0000000000
132998  52.368  38.911  -3.300 0.0000000000
132985  53.054  39.206  -2.245 0.0000000000
132973  53.223  39.252  -1.871 0.0000000000
133763  53.510  39.622  -1.573 0.0000000000
158628  49.534  44.400  1.468 0.0000000000
136958  49.819  44.352  0.781 0.0000000000
136901  53.401  44.729  5.826 0.0000000000
136910  53.462  44.385  4.977 0.0000000000
136146  53.694  43.783  5.595 0.0000000000
135349  53.719  43.443  4.761 0.0000000000
135338  53.818  42.973  6.177 0.0000000000
163446  53.771  43.736  7.520 0.0000000000
131955  51.929  39.484  9.202 0.0000000000
144709  44.522  54.609  -2.921 0.0000000000
145310  44.033  54.975  -3.584 0.0000000000
178498  45.465  55.151  -3.471 0.0000000000
144708  45.627  54.995  -2.837 0.0000000000
144052  44.144  54.290  3.972 0.0000000000
144060  44.712  54.448  3.374 0.0000000000
144050  46.174  54.298  3.545 0.0000000000
140433  47.529  49.677  -3.433 0.0000000000
142784  47.427  51.762  -1.625 0.0000000000
142004  47.188  50.793  -2.943 0.0000000000
142791  47.038  51.527  -3.289 0.0000000000
141233  47.464  50.032  -4.337 0.0000000000
140461  48.123  49.086  -5.591 0.0000000000
133831  49.255  40.994  -8.993 0.0000000000
134687  49.246  41.907  -9.243 0.0000000000
187433  48.642  40.939  -8.825 0.0000000000
133817  48.234  40.443  -8.485 0.0000000000
133002  46.757  39.578  -3.167 0.0000000000
132991  46.122  39.537  -2.804 0.0000000000
187623  46.654  39.759  -2.534 0.0000000000
168223  45.583  38.155  3.253 0.0000000000
132025  45.715  38.797  2.649 0.0000000000
131229  44.987  37.736  3.281 0.0000000000
130438  44.495  37.174  3.138 0.0000000000
129609  44.841  36.411  3.280 0.0000000000
126910  49.798  33.713  4.873 0.0000000000
126897  49.519  34.067  5.448 0.0000000000
126920  49.787  33.470  4.161 0.0000000000
186552  39.743  38.930  -2.878 0.0000000000
131274  39.382  37.838  -2.308 0.0000000000
132083  39.725  38.125  -2.886 0.0000000000
131277  40.429  36.759  -3.951 0.0000000000
131272  40.206  36.887  -3.014 0.0000000000
131271  40.851  37.185  -2.773 0.0000000000
131266  40.364  37.030  -2.102 0.0000000000
135496  46.705  42.870  -5.165 0.0000000000
135497  46.245  42.940  -4.731 0.0000000000
134648  45.487  42.063  -4.624 0.0000000000
134649  42.976  41.487  -4.082 0.0000000000
134638  43.513  42.176  -3.598 0.0000000000
133003  40.433  39.722  -4.105 0.0000000000
169247  40.099  40.334  -3.390 0.0000000000
132992  39.786  39.693  -2.937 0.0000000000
132084  39.467  39.092  -2.310 0.0000000000
127744  55.318  34.896  11.136 0.0000000000
127762  55.078  34.188  9.619 0.0000000000
160065  55.223  34.172  10.345 0.0000000000
125027  54.701  32.141  8.295 0.0000000000
125026  55.693  32.288  8.103 0.0000000000
125037  55.281  32.101  7.731 0.0000000000
180618  54.822  31.901  6.592 0.0000000000
161057  45.739  55.420  -6.825 0.0000000000
145369  46.413  55.556  -7.360 0.0000000000
158910  50.008  41.951  -6.782 0.0000000000
161066  50.072  41.035  -6.460 0.0000000000
158911  49.990  41.846  -5.851 0.0000000000
135488  49.972  42.232  -3.966 0.0000000000
134646  50.266  41.353  -4.218 0.0000000000
134636  50.360  41.597  -3.563 0.0000000000
134635  51.076  40.774  -3.327 0.0000000000
136176  48.907  43.494  3.500 0.0000000000
136175  49.680  43.823  3.894 0.0000000000
136153  49.832  43.815  4.885 0.0000000000
163146  50.718  44.627  6.762 0.0000000000
136905  50.297  44.216  5.831 0.0000000000
160934  51.428  45.030  6.782 0.0000000000
136903  52.081  45.322  6.401 0.0000000000
136891  51.877  45.244  7.547 0.0000000000
136880  51.883  45.156  8.424 0.0000000000
136881  51.158  45.101  8.540 0.0000000000
135306  50.482  43.878  9.638 0.0000000000
134487  50.545  42.783  9.192 0.0000000000
133658  50.611  41.531  8.828 0.0000000000
141968  48.129  51.006  1.140 0.0000000000
142737  48.769  52.051  2.056 0.0000000000
141976  48.737  50.467  0.218 0.0000000000
139716  49.139  47.926  -2.756 0.0000000000
141194  48.854  49.753  -1.137 0.0000000000
179018  48.688  48.852  -2.591 0.0000000000
141216  48.330  49.305  -2.537 0.0000000000
139728  48.475  47.704  -3.768 0.0000000000
138403  48.483  46.580  -5.503 0.0000000000
138402  48.976  46.115  -4.737 0.0000000000
159659  49.727  44.115  -5.737 0.0000000000
137037  49.807  44.056  -6.902 0.0000000000
159703  49.992  42.725  -7.110 0.0000000000
135507  49.976  42.053  -7.788 0.0000000000
132961  49.803  39.755  -0.947 0.0000000000
132962  48.849  40.031  -0.511 0.0000000000
159949  49.321  40.020  -0.015 0.0000000000
132022  48.881  39.193  3.240 0.0000000000
132919  48.973  39.781  1.979 0.0000000000
132023  48.117  39.131  3.141 0.0000000000
166160  47.500  39.082  3.006 0.0000000000
132010  47.651  38.771  3.639 0.0000000000
128722  36.307  35.692  0.811 0.0000000000
128721  36.839  35.648  0.289 0.0000000000
130478  39.099  36.779  -1.687 0.0000000000
130473  38.144  36.753  -1.058 0.0000000000
130472  38.617  36.512  -1.340 0.0000000000
129628  38.907  36.197  0.871 0.0000000000
166467  37.666  35.506  1.064 0.0000000000
128712  38.483  35.415  2.015 0.0000000000
128700  38.420  34.892  2.493 0.0000000000
128698  39.885  35.433  2.560 0.0000000000
127824  40.474  34.844  2.734 0.0000000000
126935  40.317  34.035  2.825 0.0000000000
141282  49.487  49.906  -8.039 0.0000000000
142045  49.332  50.292  -7.839 0.0000000000
139761  46.629  48.896  -7.479 0.0000000000
139750  45.480  48.297  -6.510 0.0000000000
139076  44.837  47.813  -5.750 0.0000000000
139032  47.510  47.411  -1.288 0.0000000000
138364  48.503  46.095  -1.406 0.0000000000
182150  46.996  46.806  -1.066 0.0000000000
137674  47.219  45.633  -0.510 0.0000000000
136973  47.656  44.794  0.305 0.0000000000
169234  47.356  43.918  1.562 0.0000000000
136201  47.869  43.463  2.571 0.0000000000
168696  39.838  52.532  -0.132 0.0000000000
143441  39.468  52.375  0.529 0.0000000000
143421  40.927  52.739  1.701 0.0000000000
143420  41.938  53.162  3.246 0.0000000000
141963  43.434  51.120  1.834 0.0000000000
141961  45.358  51.565  1.869 0.0000000000
141970  44.987  50.654  1.159 0.0000000000
140393  45.508  48.759  -0.096 0.0000000000
141188  46.128  49.454  0.059 0.0000000000
139680  46.473  48.063  -0.787 0.0000000000
139694  47.276  48.067  -1.111 0.0000000000
131985  52.761  38.960  6.628 0.0000000000
131189  51.687  38.257  6.367 0.0000000000
131188  52.398  38.334  6.810 0.0000000000
128660  52.631  35.224  7.799 0.0000000000
128661  51.920  35.467  7.444 0.0000000000
127786  51.752  34.303  6.868 0.0000000000
126883  51.346  33.971  6.339 0.0000000000
126882  52.263  33.854  6.395 0.0000000000
126870  55.805  33.506  7.126 0.0000000000
127776  54.918  33.863  7.765 0.0000000000
126879  55.659  33.475  6.319 0.0000000000
176163  54.923  32.958  2.973 0.0000000000
126906  54.253  33.521  4.538 0.0000000000
164538  53.922  33.132  3.240 0.0000000000
126011  52.656  33.236  4.145 0.0000000000
126031  53.356  32.900  2.444 0.0000000000
159596  52.586  32.824  1.882 0.0000000000
126059  52.967  32.800  0.968 0.0000000000
133030  44.945  38.256  -7.872 0.0000000000
158814  44.396  37.449  -8.127 0.0000000000
132140  45.618  38.204  -7.650 0.0000000000
132125  47.858  38.096  -7.136 0.0000000000
159484  46.454  37.980  -6.784 0.0000000000
132116  47.330  38.096  -6.391 0.0000000000
132105  47.771  38.804  -5.171 0.0000000000
133028  50.679  38.717  -6.406 0.0000000000
132135  50.415  38.431  -6.881 0.0000000000
133017  51.124  38.533  -5.605 0.0000000000
132089  51.384  38.507  -3.697 0.0000000000
132102  51.361  38.349  -4.476 0.0000000000
132090  50.205  38.867  -3.740 0.0000000000
133009  49.116  39.171  -3.890 0.0000000000
132987  50.021  39.154  -2.685 0.0000000000
132975  50.820  39.072  -1.997 0.0000000000
132944  53.759  39.394  -0.089 0.0000000000
132945  52.779  39.143  -0.123 0.0000000000
132931  52.857  39.331  0.718 0.0000000000
163465  52.780  39.609  1.424 0.0000000000
132915  53.355  40.017  1.851 0.0000000000
136998  49.834  44.486  -1.418 0.0000000000
137009  49.979  44.404  -2.251 0.0000000000
175659  49.992  44.025  -1.044 0.0000000000
135440  51.255  42.915  0.119 0.0000000000
135451  51.059  42.737  -0.622 0.0000000000
134603  51.690  41.903  -1.041 0.0000000000
135450  51.902  42.169  -0.314 0.0000000000
136930  50.951  44.449  3.014 0.0000000000
136942  51.389  44.311  2.462 0.0000000000
136929  51.673  44.393  2.989 0.0000000000
135383  53.678  43.194  2.700 0.0000000000
136196  52.905  43.516  2.346 0.0000000000
135410  53.517  42.785  2.040 0.0000000000
135438  53.097  42.043  0.659 0.0000000000
134581  53.981  41.581  0.971 0.0000000000
134590  54.248  40.819  0.604 0.0000000000
134572  54.077  41.914  1.724 0.0000000000
133709  53.598  41.393  4.258 0.0000000000
133721  53.852  41.306  3.419 0.0000000000
133710  53.221  40.679  3.854 0.0000000000
133698  53.099  40.665  4.636 0.0000000000
132874  52.633  40.006  4.939 0.0000000000
133687  53.088  40.622  5.407 0.0000000000
133672  54.471  40.771  7.778 0.0000000000
132854  53.798  40.102  7.104 0.0000000000
132841  54.440  40.087  7.866 0.0000000000
131967  54.728  39.647  8.373 0.0000000000
131954  55.157  39.867  9.103 0.0000000000
135304  52.923  43.094  8.687 0.0000000000
135303  53.489  43.071  8.511 0.0000000000
134485  53.681  42.129  8.827 0.0000000000
187613  54.176  39.347  10.287 0.0000000000
132821  54.395  40.232  9.831 0.0000000000
131940  55.012  39.229  10.435 0.0000000000
131144  55.258  38.934  10.405 0.0000000000
131145  55.047  38.664  10.712 0.0000000000
129516  55.262  37.399  11.123 0.0000000000
145322  43.532  55.169  -4.256 0.0000000000
145336  42.833  55.159  -4.860 0.0000000000
145335  43.694  55.269  -5.072 0.0000000000
145334  44.495  55.327  -5.237 0.0000000000
145319  46.755  55.345  -3.856 0.0000000000
161064  46.199  55.326  -4.437 0.0000000000
177830  47.641  55.106  -4.046 0.0000000000
145330  48.121  54.940  -4.639 0.0000000000
144719  48.234  54.567  -4.253 0.0000000000
143415  48.599  53.349  2.429 0.0000000000
144058  48.187  54.210  2.558 0.0000000000
144066  48.547  54.143  1.772 0.0000000000
144082  47.775  54.119  -0.459 0.0000000000
144681  47.840  55.145  -0.203 0.0000000000
144686  47.589  54.971  -1.360 0.0000000000
144694  47.205  55.081  -1.812 0.0000000000
144101  47.521  54.267  -2.251 0.0000000000
142800  47.352  51.768  -4.118 0.0000000000
174789  47.608  52.789  -3.965 0.0000000000
184381  49.201  51.481  -5.770 0.0000000000
139758  49.325  48.646  -8.149 0.0000000000
169441  49.449  49.094  -7.634 0.0000000000
139090  48.552  47.661  -9.012 0.0000000000
138436  48.660  47.061  -9.223 0.0000000000
138419  48.900  46.361  -7.394 0.0000000000
178609  49.026  46.935  -8.514 0.0000000000
137055  49.282  45.139  -8.949 0.0000000000
136332  48.383  43.721  -9.174 0.0000000000
177000  48.672  44.471  -9.503 0.0000000000
137056  48.203  44.551  -9.066 0.0000000000
137050  47.907  43.869  -8.114 0.0000000000
136314  47.430  43.519  -6.842 0.0000000000
135509  47.498  42.442  -6.806 0.0000000000
133818  46.526  39.565  -7.533 0.0000000000
133018  45.384  39.828  -6.949 0.0000000000
133019  44.569  39.454  -7.143 0.0000000000
180086  44.268  37.236  -7.098 0.0000000000
181692  43.017  36.747  -7.006 0.0000000000
132108  43.985  37.525  -5.648 0.0000000000
177058  44.478  39.065  -2.900 0.0000000000
132081  43.679  38.563  -3.341 0.0000000000
132072  42.661  38.809  -1.620 0.0000000000
159345  43.087  39.180  -0.838 0.0000000000
132965  46.848  39.994  -0.366 0.0000000000
159357  46.129  39.934  -0.643 0.0000000000
132949  46.237  39.865  0.097 0.0000000000
132037  44.062  38.811  1.825 0.0000000000
132051  44.320  39.305  0.713 0.0000000000
132044  43.757  39.045  1.211 0.0000000000
132053  42.800  39.027  0.321 0.0000000000
131248  42.560  38.485  1.382 0.0000000000
131241  42.163  37.974  1.780 0.0000000000
130447  42.654  37.462  2.242 0.0000000000
128708  43.198  35.446  2.179 0.0000000000
167956  42.531  36.007  2.384 0.0000000000
127836  42.317  34.821  2.174 0.0000000000
127837  41.714  34.496  2.349 0.0000000000
126949  42.482  34.103  1.923 0.0000000000
130402  50.207  37.614  5.901 0.0000000000
131201  50.069  38.548  4.965 0.0000000000
130403  49.555  37.258  5.732 0.0000000000
127800  48.436  34.936  5.284 0.0000000000
130405  48.425  36.428  5.458 0.0000000000
129592  47.899  35.960  5.208 0.0000000000
130429  47.013  36.920  4.613 0.0000000000
129593  47.259  35.876  4.775 0.0000000000
126050  48.547  33.180  1.778 0.0000000000
126943  48.467  33.364  2.554 0.0000000000
126944  47.775  33.462  1.974 0.0000000000
132111  40.291  38.685  -4.274 0.0000000000
131287  40.221  37.773  -4.279 0.0000000000
132110  40.382  37.631  -5.044 0.0000000000
131285  40.778  36.601  -4.926 0.0000000000
131270  41.533  36.783  -4.573 0.0000000000
134659  44.963  41.372  -5.017 0.0000000000
133790  44.184  41.359  -4.735 0.0000000000
133791  43.395  40.952  -4.907 0.0000000000
133792  42.605  40.509  -5.079 0.0000000000
182650  42.275  41.019  -4.373 0.0000000000
159927  41.218  40.910  -3.861 0.0000000000
167669  40.648  38.705  -4.866 0.0000000000
126834  55.169  34.003  11.862 0.0000000000
125962  55.222  33.514  11.075 0.0000000000
125976  55.028  33.045  10.949 0.0000000000
125981  54.298  32.377  9.689 0.0000000000
125019  54.179  32.156  8.952 0.0000000000
136297  49.809  43.503  -5.108 0.0000000000
135495  49.894  42.671  -5.441 0.0000000000
158908  49.836  42.807  -4.518 0.0000000000
158909  49.841  42.976  -3.776 0.0000000000
135479  50.048  42.669  -3.164 0.0000000000
136154  49.076  43.349  5.310 0.0000000000
140391  47.865  49.195  -0.674 0.0000000000
141186  48.795  49.975  -0.552 0.0000000000
139704  49.091  48.063  -2.219 0.0000000000
138393  49.346  46.412  -3.747 0.0000000000
137717  49.249  45.429  -4.976 0.0000000000
137709  49.571  45.770  -4.102 0.0000000000
132933  50.560  39.798  1.334 0.0000000000
132934  49.414  39.938  1.337 0.0000000000
186348  50.405  39.723  2.019 0.0000000000
132021  49.711  39.250  3.318 0.0000000000
168311  49.196  38.987  3.914 0.0000000000
130464  38.817  36.289  -0.869 0.0000000000
130459  39.215  36.470  0.243 0.0000000000
129621  39.503  36.282  1.750 0.0000000000
128711  39.286  35.779  2.159 0.0000000000
129619  40.847  36.458  2.293 0.0000000000
181395  48.588  48.724  -8.614 0.0000000000
175879  48.269  49.093  -8.378 0.0000000000
139084  46.989  47.752  -7.871 0.0000000000
139074  46.165  47.218  -6.832 0.0000000000
138413  45.598  46.747  -5.919 0.0000000000
133751  37.963  40.442  0.184 0.0000000000
132046  37.185  38.777  1.013 0.0000000000
139681  45.721  48.097  -0.411 0.0000000000
139020  45.932  47.361  -0.595 0.0000000000
139021  45.223  47.430  -0.205 0.0000000000
159636  45.501  46.718  -0.295 0.0000000000
141160  41.531  50.753  2.373 0.0000000000
141965  42.141  50.859  2.136 0.0000000000
141971  44.045  50.401  1.254 0.0000000000
141178  44.643  49.777  0.811 0.0000000000
183737  53.185  38.018  7.602 0.0000000000
130390  52.599  37.751  7.438 0.0000000000
172738  53.123  35.907  8.187 0.0000000000
127778  53.015  34.472  7.618 0.0000000000
171718  56.000  32.617  5.212 0.0000000000
126904  55.767  33.004  4.824 0.0000000000
126008  55.820  32.668  4.455 0.0000000000
126018  55.326  32.885  3.283 0.0000000000
126045  54.556  32.657  1.828 0.0000000000
133038  46.162  38.608  -7.703 0.0000000000
132139  46.333  38.311  -7.564 0.0000000000
133037  47.044  38.870  -7.858 0.0000000000
132138  47.319  38.336  -7.689 0.0000000000
181903  48.942  38.148  -7.135 0.0000000000
133788  51.456  39.267  -4.657 0.0000000000
133016  51.594  38.552  -4.964 0.0000000000
133008  51.952  38.614  -4.456 0.0000000000
132088  52.304  38.617  -3.415 0.0000000000
132069  51.989  38.822  -1.965 0.0000000000
132068  52.884  38.908  -1.915 0.0000000000
132067  53.251  39.118  -1.264 0.0000000000
136971  49.562  44.433  0.105 0.0000000000
136256  50.061  43.955  -0.427 0.0000000000
136243  50.208  43.994  0.269 0.0000000000
136242  50.788  43.590  0.507 0.0000000000
136223  50.966  43.841  1.155 0.0000000000
160101  52.581  45.018  4.553 0.0000000000
136928  52.415  44.409  3.332 0.0000000000
136920  52.921  44.618  3.967 0.0000000000
136159  53.633  43.542  3.392 0.0000000000
135382  53.930  42.695  3.164 0.0000000000
135360  53.820  43.051  3.958 0.0000000000
134519  53.763  42.333  4.684 0.0000000000
134511  53.736  42.128  5.651 0.0000000000
133686  53.608  41.271  5.956 0.0000000000
134503  54.049  42.061  6.767 0.0000000000
134499  54.341  41.842  8.523 0.0000000000
133656  52.559  41.727  8.864 0.0000000000
133650  53.443  41.330  9.116 0.0000000000
132822  53.230  40.695  9.356 0.0000000000
131946  53.753  39.688  9.986 0.0000000000
144721  43.077  54.854  -3.567 0.0000000000
186291  44.136  55.175  -4.093 0.0000000000
145333  45.257  55.342  -4.693 0.0000000000
145321  44.787  55.196  -3.965 0.0000000000
143437  42.598  53.116  1.478 0.0000000000
143436  43.237  53.241  0.930 0.0000000000
144069  43.724  53.627  1.739 0.0000000000
142778  48.772  51.629  -0.322 0.0000000000
143453  48.351  52.804  0.282 0.0000000000
143468  47.490  52.778  -0.939 0.0000000000
143481  47.176  52.965  -2.002 0.0000000000
168629  46.964  52.120  -2.670 0.0000000000
142019  48.343  50.442  -5.459 0.0000000000
140462  48.136  49.724  -5.438 0.0000000000
168007  48.438  48.683  -6.295 0.0000000000
139082  49.072  47.935  -8.487 0.0000000000
136322  49.709  43.486  -8.709 0.0000000000
137054  49.199  44.227  -9.245 0.0000000000
136330  49.377  43.255  -9.327 0.0000000000
163746  48.518  42.878  -9.224 0.0000000000
135515  48.284  42.117  -8.561 0.0000000000
135508  47.841  42.088  -7.580 0.0000000000
134672  47.947  41.314  -7.981 0.0000000000
162179  47.375  40.272  -7.767 0.0000000000
179331  45.593  38.536  -4.621 0.0000000000
132107  44.868  38.150  -4.875 0.0000000000
132092  45.479  39.044  -3.640 0.0000000000
132079  45.289  39.375  -2.595 0.0000000000
132080  44.727  39.443  -1.958 0.0000000000
132922  46.705  39.514  1.683 0.0000000000
187615  45.687  39.473  1.050 0.0000000000
170285  45.638  39.110  2.005 0.0000000000
132036  44.924  38.907  2.105 0.0000000000
177218  43.662  38.327  2.162 0.0000000000
131239  43.268  37.878  2.278 0.0000000000
131231  43.919  37.702  2.703 0.0000000000
129616  43.703  36.368  2.654 0.0000000000
128707  43.754  35.592  2.381 0.0000000000
128666  50.103  35.579  6.440 0.0000000000
172737  49.551  36.026  6.147 0.0000000000
128675  49.481  35.179  5.999 0.0000000000
127799  49.065  34.565  5.517 0.0000000000
126912  48.382  34.041  4.514 0.0000000000
131263  38.326  37.872  -0.742 0.0000000000
132064  38.774  38.310  -1.114 0.0000000000
131268  39.080  37.519  -1.787 0.0000000000
131267  39.413  36.939  -2.182 0.0000000000
131278  40.145  37.326  -3.596 0.0000000000
130477  39.426  36.736  -1.970 0.0000000000
130476  39.831  36.773  -1.721 0.0000000000
131261  40.646  37.473  -1.046 0.0000000000
137039  47.039  44.319  -6.241 0.0000000000
137040  46.549  44.828  -5.698 0.0000000000
137025  45.939  43.922  -4.440 0.0000000000
161643  44.806  42.070  -4.295 0.0000000000
133781  40.580  40.662  -3.711 0.0000000000
133773  39.646  40.747  -2.712 0.0000000000
132982  39.093  39.778  -1.554 0.0000000000
141161  40.881  50.504  2.565 0.0000000000
141169  41.876  49.982  1.759 0.0000000000
173407  42.298  49.362  1.498 0.0000000000
173955  55.360  36.780  9.930 0.0000000000
129548  54.649  35.915  9.237 0.0000000000
128630  54.950  35.065  9.580 0.0000000000
127773  55.349  33.587  8.772 0.0000000000
126869  56.116  32.928  7.427 0.0000000000
162885  55.511  32.898  9.082 0.0000000000
125990  56.020  32.569  7.740 0.0000000000
125994  56.211  32.487  7.001 0.0000000000
178908  55.729  32.058  5.844 0.0000000000
125063  55.209  31.978  5.004 0.0000000000
133830  49.590  40.655  -8.616 0.0000000000
133050  49.671  39.730  -8.217 0.0000000000
133824  49.862  40.443  -7.935 0.0000000000
133816  50.079  40.249  -7.082 0.0000000000
133808  50.377  39.873  -6.308 0.0000000000
133789  50.576  40.464  -4.797 0.0000000000
133772  52.000  39.965  -3.091 0.0000000000
134625  52.146  40.516  -2.288 0.0000000000
136943  49.431  44.242  2.272 0.0000000000
189194  50.012  44.398  2.036 0.0000000000
136931  50.310  44.291  3.438 0.0000000000
185513  51.076  44.593  4.516 0.0000000000
136914  50.679  44.412  5.024 0.0000000000
136913  51.379  44.822  5.017 0.0000000000
136912  52.205  45.249  5.323 0.0000000000
136902  52.808  45.279  6.053 0.0000000000
136889  53.272  44.992  6.745 0.0000000000
136129  53.468  44.469  7.467 0.0000000000
136130  53.024  44.722  8.152 0.0000000000
164094  52.297  44.118  8.798 0.0000000000
135305  51.915  43.651  8.925 0.0000000000
172458  51.126  44.084  9.449 0.0000000000
134486  52.312  42.618  8.759 0.0000000000
158880  51.534  42.130  8.854 0.0000000000
187905  51.341  39.854  8.886 0.0000000000
144696  44.035  54.041  -2.347 0.0000000000
143417  46.785  53.295  3.255 0.0000000000
143394  47.038  53.893  3.464 0.0000000000
171713  47.420  52.517  2.663 0.0000000000
187602  49.240  51.802  1.336 0.0000000000
189942  49.093  50.395  -0.206 0.0000000000
141975  49.220  50.829  0.021 0.0000000000
142766  49.325  51.660  0.752 0.0000000000
141984  48.853  50.972  -0.846 0.0000000000
141204  47.760  50.022  -2.482 0.0000000000
140445  47.859  48.720  -4.313 0.0000000000
139739  47.979  48.398  -5.101 0.0000000000
139058  48.112  47.770  -4.831 0.0000000000
137724  49.078  45.448  -6.900 0.0000000000
171592  49.174  45.205  -5.853 0.0000000000
186380  49.656  44.458  -7.316 0.0000000000
137048  49.699  44.256  -8.180 0.0000000000
162950  49.909  42.819  -8.183 0.0000000000
135514  49.717  42.150  -8.803 0.0000000000
162309  48.284  39.926  -1.781 0.0000000000
132979  47.424  39.973  -1.642 0.0000000000
132978  47.992  40.019  -1.193 0.0000000000
132963  48.144  40.059  -0.606 0.0000000000
132947  47.710  39.944  0.602 0.0000000000
178482  47.900  39.863  1.278 0.0000000000
132936  47.177  39.793  1.120 0.0000000000
132034  47.014  39.237  2.466 0.0000000000
132024  46.967  38.826  3.191 0.0000000000
131218  46.099  37.772  3.808 0.0000000000
189519  50.577  32.890  2.441 0.0000000000
126034  50.025  33.050  2.956 0.0000000000
126048  49.948  32.950  2.243 0.0000000000
127840  37.043  34.951  2.170 0.0000000000
130465  37.508  36.358  -0.638 0.0000000000
129635  37.587  35.931  -0.582 0.0000000000
128720  37.285  35.708  -0.076 0.0000000000
127827  37.778  34.611  2.529 0.0000000000
127826  39.040  34.474  2.871 0.0000000000
126952  40.170  33.316  2.852 0.0000000000
140491  47.701  49.575  -7.987 0.0000000000
141284  46.984  50.045  -7.486 0.0000000000
137718  46.064  45.260  -5.219 0.0000000000
137727  45.816  45.981  -5.557 0.0000000000
137695  49.680  45.901  -2.399 0.0000000000
137694  49.968  45.250  -2.658 0.0000000000
137683  49.201  45.641  -1.580 0.0000000000
137672  48.585  45.414  -0.835 0.0000000000
138352  47.060  46.185  -0.812 0.0000000000
136987  48.984  44.847  -0.336 0.0000000000
136972  48.878  44.646  0.280 0.0000000000
159630  48.325  44.523  0.725 0.0000000000
136944  48.745  44.142  1.847 0.0000000000
136200  48.670  43.731  2.614 0.0000000000
136162  48.340  43.018  3.979 0.0000000000
143457  41.368  52.675  0.312 0.0000000000
143440  40.300  52.529  0.870 0.0000000000
143438  41.978  52.941  1.672 0.0000000000
143418  43.083  53.711  3.042 0.0000000000
143397  43.640  54.012  3.952 0.0000000000
143396  44.295  54.106  4.089 0.0000000000
141955  42.413  51.796  2.898 0.0000000000
142717  44.687  53.530  3.879 0.0000000000
142738  45.851  52.692  3.061 0.0000000000
141176  47.019  50.187  0.462 0.0000000000
141177  45.638  50.004  0.646 0.0000000000
139693  48.309  48.231  -1.429 0.0000000000
139031  48.470  47.552  -1.625 0.0000000000
132875  52.071  39.550  4.538 0.0000000000
188274  51.002  39.061  4.533 0.0000000000
159445  51.551  38.979  5.283 0.0000000000
131190  50.889  37.900  6.136 0.0000000000
129574  50.836  36.565  6.795 0.0000000000
130391  51.903  37.126  7.309 0.0000000000
172681  51.382  36.650  7.127 0.0000000000
173639  50.590  35.920  6.734 0.0000000000
127797  50.544  34.180  6.154 0.0000000000
126895  51.019  33.751  5.682 0.0000000000
126909  50.744  33.549  4.962 0.0000000000
127775  54.167  34.502  8.361 0.0000000000
127777  53.956  34.143  7.760 0.0000000000
126872  53.691  33.928  7.074 0.0000000000
126891  55.334  33.415  5.470 0.0000000000
126892  54.169  33.590  5.375 0.0000000000
126893  52.941  33.643  5.622 0.0000000000
126907  52.688  33.449  4.938 0.0000000000
126012  51.521  33.235  4.229 0.0000000000
126021  51.248  33.039  3.551 0.0000000000
126047  51.394  32.827  2.234 0.0000000000
133020  43.129  37.862  -7.907 0.0000000000
132119  42.627  37.006  -7.396 0.0000000000
132118  44.926  37.559  -7.337 0.0000000000
132127  45.948  37.999  -7.412 0.0000000000
132117  45.782  37.859  -6.711 0.0000000000
132106  46.095  38.410  -5.132 0.0000000000
133011  46.992  39.150  -4.283 0.0000000000
178053  47.507  39.637  -3.217 0.0000000000
132136  49.652  38.462  -7.653 0.0000000000
132124  49.903  38.252  -6.665 0.0000000000
132113  51.237  38.409  -5.197 0.0000000000
132114  50.143  38.326  -5.705 0.0000000000
132104  48.953  38.878  -4.907 0.0000000000
133001  48.384  39.573  -3.147 0.0000000000
132988  48.766  39.670  -2.483 0.0000000000
163200  49.039  39.751  -1.939 0.0000000000
160815  50.354  39.740  -0.195 0.0000000000
132060  52.066  38.961  -1.244 0.0000000000
132959  51.610  39.235  -0.326 0.0000000000
132932  51.842  39.556  1.418 0.0000000000
132916  52.093  39.706  2.192 0.0000000000
132899  51.956  39.659  3.102 0.0000000000
187977  49.984  44.019  -2.755 0.0000000000
159353  50.074  43.492  -2.469 0.0000000000
135471  50.286  42.725  -2.468 0.0000000000
136266  50.404  43.400  -1.029 0.0000000000
135461  50.375  43.089  -1.844 0.0000000000
135470  50.685  42.225  -2.100 0.0000000000
134615  51.424  41.585  -1.772 0.0000000000
134614  52.412  40.957  -1.523 0.0000000000
182251  50.628  44.400  2.259 0.0000000000
136198  51.154  44.115  1.809 0.0000000000
136222  51.713  43.496  1.424 0.0000000000
136174  52.214  44.056  2.690 0.0000000000
135429  52.323  42.791  1.067 0.0000000000
134592  52.932  41.704  -0.074 0.0000000000
134601  53.795  40.780  -0.526 0.0000000000
133750  54.255  40.360  -0.026 0.0000000000
133741  54.346  40.424  0.613 0.0000000000
132914  54.193  40.229  1.137 0.0000000000
134558  54.086  41.868  2.906 0.0000000000
133731  54.061  40.716  2.055 0.0000000000
188495  53.473  40.364  2.399 0.0000000000
132898  52.662  40.086  3.466 0.0000000000
132885  52.006  39.598  3.853 0.0000000000
132865  52.760  39.899  5.689 0.0000000000
132855  53.043  39.654  6.442 0.0000000000
131969  53.694  38.874  7.576 0.0000000000
131174  54.285  38.899  8.119 0.0000000000
131164  54.377  38.118  8.486 0.0000000000
162274  55.220  38.289  9.364 0.0000000000
135318  53.924  43.124  8.069 0.0000000000
135302  53.998  42.325  8.608 0.0000000000
133649  54.018  40.882  9.447 0.0000000000
133648  54.410  40.760  9.453 0.0000000000
132826  55.062  40.179  9.539 0.0000000000
131162  55.378  39.645  9.717 0.0000000000
131151  55.475  39.049  9.965 0.0000000000
130366  55.308  37.573  9.688 0.0000000000
129524  55.568  36.907  10.921 0.0000000000
128613  55.428  35.852  11.097 0.0000000000
161511  55.231  35.452  11.732 0.0000000000
128590  54.924  35.256  12.056 0.0000000000
145346  45.962  55.367  -6.062 0.0000000000
158905  46.258  55.335  -5.194 0.0000000000
158856  47.340  55.252  -5.228 0.0000000000
158765  48.272  55.077  -5.323 0.0000000000
144731  48.746  54.508  -5.065 0.0000000000
144125  49.141  53.629  -5.401 0.0000000000
144103  44.729  53.897  -1.804 0.0000000000
144102  45.744  54.504  -1.518 0.0000000000
144049  47.323  54.254  3.117 0.0000000000
144669  47.156  54.966  2.032 0.0000000000
144688  46.970  55.174  -0.851 0.0000000000
144695  46.077  54.969  -2.158 0.0000000000
145302  46.692  55.298  -2.328 0.0000000000
145301  47.159  55.154  -2.594 0.0000000000
144707  47.549  54.932  -2.922 0.0000000000
144117  47.741  54.403  -3.052 0.0000000000
144720  47.873  54.746  -3.506 0.0000000000
144121  48.162  53.946  -3.920 0.0000000000
143492  48.698  53.021  -4.943 0.0000000000
143491  49.383  52.029  -5.832 0.0000000000
141265  49.593  50.203  -7.466 0.0000000000
141247  49.215  50.085  -6.474 0.0000000000
140489  49.536  49.622  -7.804 0.0000000000
139759  49.252  49.046  -8.267 0.0000000000
139091  48.107  48.163  -8.638 0.0000000000
138421  47.398  46.533  -8.380 0.0000000000
137735  47.327  45.576  -7.896 0.0000000000
177504  48.153  48.099  -5.761 0.0000000000
138420  49.085  47.375  -8.098 0.0000000000
139081  49.254  47.529  -8.755 0.0000000000
137062  48.787  45.257  -9.540 0.0000000000
137749  48.604  45.952  -9.764 0.0000000000
138435  48.613  46.460  -9.537 0.0000000000
137057  47.993  45.329  -8.953 0.0000000000
135502  47.098  42.727  -5.918 0.0000000000
134657  46.787  42.162  -5.437 0.0000000000
180173  46.402  41.374  -5.734 0.0000000000
179988  45.155  40.651  -5.912 0.0000000000
159207  43.755  39.351  -7.008 0.0000000000
131283  42.022  36.468  -6.970 0.0000000000
131284  42.224  36.556  -5.940 0.0000000000
132093  44.256  38.334  -4.118 0.0000000000
158468  42.729  37.807  -3.968 0.0000000000
132082  42.256  38.064  -2.944 0.0000000000
132073  41.784  38.101  -2.099 0.0000000000
132063  42.065  38.694  -0.945 0.0000000000
131260  41.429  38.301  -0.460 0.0000000000
158915  46.567  39.879  -1.962 0.0000000000
159113  46.020  39.892  -1.379 0.0000000000
179835  44.910  39.648  -1.273 0.0000000000
132950  45.632  39.644  0.485 0.0000000000
132967  44.715  39.620  -0.585 0.0000000000
132968  43.838  39.381  -0.703 0.0000000000
132061  43.316  39.252  -0.147 0.0000000000
132054  42.118  38.805  -0.014 0.0000000000
131255  41.634  38.374  0.413 0.0000000000
130456  41.415  37.754  1.564 0.0000000000
186809  41.451  36.795  2.293 0.0000000000
171236  41.575  36.205  2.423 0.0000000000
160962  41.140  34.918  2.576 0.0000000000
127838  41.022  34.177  2.603 0.0000000000
131998  50.368  38.911  4.523 0.0000000000
131999  49.588  38.782  4.486 0.0000000000
166615  48.750  38.523  4.420 0.0000000000
129581  49.152  36.559  5.801 0.0000000000
130415  48.728  37.878  4.973 0.0000000000
131203  48.041  37.987  4.586 0.0000000000
131204  47.314  37.776  4.411 0.0000000000
180109  46.715  37.535  4.208 0.0000000000
130430  46.270  36.966  4.160 0.0000000000
126930  49.368  33.375  3.591 0.0000000000
163131  48.562  33.668  3.850 0.0000000000
126922  47.963  33.937  3.886 0.0000000000
126945  46.927  33.721  2.209 0.0000000000
126923  47.330  34.052  3.533 0.0000000000
127816  47.003  34.639  3.982 0.0000000000
127817  46.352  34.839  3.678 0.0000000000
128692  46.057  35.509  3.778 0.0000000000
129608  45.323  36.492  3.597 0.0000000000
128696  44.645  35.731  2.929 0.0000000000
128706  44.353  35.162  2.423 0.0000000000
125020  53.166  32.012  9.378 0.0000000000
125028  53.581  32.031  8.382 0.0000000000
187844  52.437  31.904  7.196 0.0000000000
182216  53.656  31.900  6.959 0.0000000000
125039  52.985  31.945  7.583 0.0000000000
125046  55.962  32.157  6.692 0.0000000000
125062  55.914  32.307  5.126 0.0000000000
125090  55.607  32.651  3.674 0.0000000000
125091  55.447  32.312  3.440 0.0000000000
125105  54.714  32.312  1.943 0.0000000000
125963  54.950  33.433  11.941 0.0000000000
125977  54.417  32.626  10.707 0.0000000000
125979  55.400  33.152  10.108 0.0000000000
125984  55.741  32.626  8.345 0.0000000000
125985  55.177  32.468  8.902 0.0000000000
126002  56.190  32.408  6.036 0.0000000000
126009  55.588  33.066  3.954 0.0000000000
126019  54.864  33.353  3.719 0.0000000000
126020  52.464  33.025  3.380 0.0000000000
126029  55.052  32.633  2.736 0.0000000000
126030  54.555  32.752  2.305 0.0000000000
126033  50.899  32.932  2.930 0.0000000000
126035  49.256  33.157  2.794 0.0000000000
126060  49.999  32.907  1.435 0.0000000000
126062  48.286  33.224  1.226 0.0000000000
126851  55.287  34.113  11.115 0.0000000000
126864  55.833  32.995  8.317 0.0000000000
126865  55.657  33.467  7.922 0.0000000000
126871  54.850  33.795  7.024 0.0000000000
126881  53.364  33.786  6.323 0.0000000000
126890  55.998  32.882  5.722 0.0000000000
126894  51.940  33.641  5.705 0.0000000000
126896  50.181  33.917  5.568 0.0000000000
126911  49.034  34.039  5.020 0.0000000000
126919  50.522  33.366  4.252 0.0000000000
126931  48.718  33.448  3.235 0.0000000000
126932  48.014  33.674  3.246 0.0000000000
126933  46.761  34.015  2.928 0.0000000000
127704  55.010  34.602  12.119 0.0000000000
127779  52.179  34.711  7.363 0.0000000000
127787  50.984  34.537  6.624 0.0000000000
127788  50.255  34.820  6.339 0.0000000000
127807  48.574  34.425  5.049 0.0000000000
127808  48.035  34.657  4.806 0.0000000000
127815  47.671  34.368  4.230 0.0000000000
128601  55.253  36.519  11.382 0.0000000000
128629  55.251  35.036  10.370 0.0000000000
128648  53.908  35.455  8.567 0.0000000000
128665  50.744  35.248  6.742 0.0000000000
128677  48.372  35.598  5.452 0.0000000000
128685  47.883  35.322  5.034 0.0000000000
128691  46.741  35.310  4.196 0.0000000000
129565  52.621  36.763  7.799 0.0000000000
129566  51.869  36.293  7.448 0.0000000000
129573  51.218  35.855  7.095 0.0000000000
129580  49.678  36.660  6.063 0.0000000000
129601  45.842  36.301  3.840 0.0000000000
129610  44.289  36.388  2.966 0.0000000000
129620  40.226  36.707  1.911 0.0000000000
130350  55.219  37.960  11.006 0.0000000000
130365  55.563  37.531  10.504 0.0000000000
130377  54.775  37.605  8.968 0.0000000000
130389  53.427  37.544  7.946 0.0000000000
130399  51.934  37.802  6.990 0.0000000000
130400  50.546  37.160  6.391 0.0000000000
130404  48.871  37.188  5.426 0.0000000000
130417  47.657  37.355  4.767 0.0000000000
130431  45.651  37.035  3.806 0.0000000000
130437  45.105  37.067  3.492 0.0000000000
130439  43.935  36.956  2.903 0.0000000000
130446  43.398  37.185  2.582 0.0000000000
130448  41.799  37.333  2.064 0.0000000000
131175  53.672  38.312  7.817 0.0000000000
131193  51.247  38.541  5.647 0.0000000000
131194  50.504  38.280  5.509 0.0000000000
131195  49.802  38.006  5.395 0.0000000000
131202  49.346  38.297  4.923 0.0000000000
131216  48.091  38.507  4.113 0.0000000000
131228  46.292  38.484  3.268 0.0000000000
131237  44.995  38.380  2.787 0.0000000000
131238  44.329  38.406  2.432 0.0000000000
131240  42.836  38.163  1.909 0.0000000000
131250  41.117  37.973  0.846 0.0000000000
131293  40.671  36.920  -5.642 0.0000000000
131939  55.187  39.411  10.280 0.0000000000
131945  55.339  39.414  10.194 0.0000000000
131984  53.402  39.247  7.065 0.0000000000
131986  52.242  38.752  6.312 0.0000000000
131992  52.471  39.255  6.002 0.0000000000
131993  51.894  38.889  5.807 0.0000000000
131997  51.529  39.160  4.799 0.0000000000
132042  45.998  39.369  1.546 0.0000000000
132043  44.564  39.135  1.386 0.0000000000
132045  42.312  38.705  0.736 0.0000000000
132050  53.432  39.188  -0.784 0.0000000000
132062  42.662  39.027  -0.383 0.0000000000
132071  43.513  39.171  -1.497 0.0000000000
132076  52.678  38.736  -2.657 0.0000000000
132077  52.016  38.563  -2.695 0.0000000000
132101  51.918  38.541  -4.301 0.0000000000
132109  40.564  37.591  -5.668 0.0000000000
132145  48.837  38.643  -8.260 0.0000000000
132813  54.911  39.791  10.177 0.0000000000
132814  54.557  39.609  10.278 0.0000000000
132820  54.807  40.310  9.813 0.0000000000
132827  52.698  41.078  9.041 0.0000000000
132840  54.940  40.458  8.679 0.0000000000
132886  51.311  39.328  3.577 0.0000000000
132901  50.299  39.533  2.638 0.0000000000
132902  49.367  39.491  2.631 0.0000000000
132903  48.549  39.462  2.575 0.0000000000
132920  48.204  39.736  1.928 0.0000000000
132921  47.458  39.642  1.841 0.0000000000
132935  48.602  39.929  1.347 0.0000000000
132937  46.342  39.700  0.912 0.0000000000
132943  54.149  39.971  0.316 0.0000000000
132951  44.898  39.561  0.220 0.0000000000
132952  44.096  39.428  0.019 0.0000000000
132958  53.730  39.468  -1.053 0.0000000000
132964  47.575  40.028  -0.110 0.0000000000
132974  52.887  39.012  -2.399 0.0000000000
132976  49.649  39.601  -1.730 0.0000000000
132980  46.737  40.003  -1.121 0.0000000000
132981  45.437  39.821  -0.945 0.0000000000
132990  47.126  39.821  -2.433 0.0000000000
132999  52.117  38.696  -3.994 0.0000000000
133004  40.119  39.490  -3.676 0.0000000000
133035  50.313  38.740  -7.298 0.0000000000
133042  49.841  38.996  -7.842 0.0000000000
133655  54.711  40.784  9.331 0.0000000000
133657  51.798  41.200  8.825 0.0000000000
133679  54.419  41.596  7.751 0.0000000000
133757  53.952  40.002  -0.819 0.0000000000
133780  41.775  41.005  -4.088 0.0000000000
133799  44.399  40.560  -5.814 0.0000000000
133810  46.138  40.308  -6.678 0.0000000000
134477  53.910  41.433  9.155 0.0000000000
134571  54.179  41.497  2.151 0.0000000000
134613  53.533  40.361  -1.272 0.0000000000
134637  44.150  42.135  -3.933 0.0000000000
134639  42.293  41.636  -3.683 0.0000000000
134647  45.832  42.653  -4.536 0.0000000000
134658  46.230  42.171  -4.952 0.0000000000
134673  47.422  41.501  -7.032 0.0000000000
134679  49.842  41.320  -8.362 0.0000000000
134686  49.580  41.391  -8.969 0.0000000000
134688  48.882  41.316  -9.075 0.0000000000
135328  53.973  43.061  7.183 0.0000000000
135428  53.337  42.395  1.368 0.0000000000
135439  52.081  42.472  0.401 0.0000000000
135521  49.026  42.748  -9.371 0.0000000000
135522  48.767  42.079  -9.146 0.0000000000
136119  52.263  44.844  8.703 0.0000000000
136160  53.229  44.167  3.531 0.0000000000
136291  45.904  43.286  -4.419 0.0000000000
136292  45.470  43.663  -4.067 0.0000000000
136298  46.391  43.627  -4.920 0.0000000000
136303  49.902  43.324  -6.266 0.0000000000
136872  51.517  45.026  8.974 0.0000000000
136878  53.059  45.101  7.515 0.0000000000
136879  52.500  45.201  7.949 0.0000000000
136892  51.138  45.000  7.504 0.0000000000
136922  51.176  44.560  3.862 0.0000000000
136988  48.363  44.867  0.073 0.0000000000
137038  49.481  44.678  -6.480 0.0000000000
137734  49.124  45.941  -8.417 0.0000000000
137742  48.380  45.945  -9.642 0.0000000000
138363  49.176  46.405  -2.039 0.0000000000
138374  49.715  46.242  -2.901 0.0000000000
138428  49.117  46.804  -9.044 0.0000000000
138429  47.949  46.545  -9.102 0.0000000000
138434  48.658  46.478  -9.497 0.0000000000
139030  49.177  47.291  -2.298 0.0000000000
139065  48.533  46.928  -4.466 0.0000000000
139066  48.264  47.426  -5.959 0.0000000000
139073  49.003  47.871  -7.640 0.0000000000
139088  48.748  47.005  -9.176 0.0000000000
139672  43.811  47.949  0.686 0.0000000000
139705  49.061  48.505  -2.297 0.0000000000
139717  48.362  48.399  -3.296 0.0000000000
139760  47.449  48.510  -8.190 0.0000000000
140390  48.769  49.442  -0.991 0.0000000000
140392  46.542  48.861  -0.474 0.0000000000
140394  44.854  48.646  0.221 0.0000000000
140403  48.850  49.067  -1.624 0.0000000000
140404  48.077  48.781  -1.121 0.0000000000
140418  49.006  48.893  -2.007 0.0000000000
140432  47.874  49.041  -3.449 0.0000000000
141185  49.019  50.274  -0.715 0.0000000000
141203  48.914  49.502  -1.703 0.0000000000
143416  47.930  53.201  2.839 0.0000000000
143459  39.122  52.492  -0.276 0.0000000000
143487  47.119  52.227  -3.412 0.0000000000
144051  44.939  54.307  3.876 0.0000000000
144663  46.706  54.670  2.970 0.0000000000
144670  46.355  54.807  2.485 0.0000000000
145331  47.689  55.138  -4.702 0.0000000000
158552  46.440  38.933  2.777 0.0000000000
158673  54.054  41.229  2.690 0.0000000000
159359  52.850  31.869  6.795 0.0000000000
159455  51.632  44.519  3.434 0.0000000000
159641  49.837  39.945  0.615 0.0000000000
159936  49.836  44.253  -3.800 0.0000000000
160203  55.473  38.305  10.384 0.0000000000
160378  51.775  44.932  4.508 0.0000000000
161063  48.938  40.013  0.717 0.0000000000
163157  53.487  43.902  8.116 0.0000000000
163789  49.365  45.019  -1.094 0.0000000000
163806  50.342  39.343  -6.951 0.0000000000
165761  49.315  49.676  -6.841 0.0000000000
165779  53.177  44.695  4.553 0.0000000000
165929  41.403  52.831  1.719 0.0000000000
166525  45.322  35.751  3.372 0.0000000000
167518  43.000  38.928  1.007 0.0000000000
167553  47.421  33.724  2.797 0.0000000000
169126  47.614  38.274  4.117 0.0000000000
170205  54.470  34.882  8.927 0.0000000000
172239  49.681  42.879  -8.977 0.0000000000
173314  47.302  50.277  -3.425 0.0000000000
175418  48.832  35.196  5.642 0.0000000000
175624  54.880  34.299  9.082 0.0000000000
175870  55.222  38.357  10.779 0.0000000000
177059  45.370  39.719  -1.677 0.0000000000
177348  47.884  46.992  -9.033 0.0000000000
177748  45.321  39.241  1.493 0.0000000000
178173  55.298  33.608  10.382 0.0000000000
178378  53.491  33.528  4.931 0.0000000000
178554  47.727  36.626  5.025 0.0000000000
178591  55.364  32.040  7.201 0.0000000000
178615  49.822  45.491  -3.771 0.0000000000
180104  48.834  40.538  -8.796 0.0000000000
180300  47.543  54.655  2.568 0.0000000000
180747  42.609  35.308  2.209 0.0000000000
181566  43.270  36.028  2.405 0.0000000000
181582  41.443  37.311  -3.228 0.0000000000
181905  48.291  39.985  0.818 0.0000000000
182036  43.987  39.137  -2.208 0.0000000000
182219  47.773  46.619  -1.342 0.0000000000
182803  50.019  37.027  6.124 0.0000000000
183610  50.378  44.158  0.897 0.0000000000
183971  49.001  47.752  -1.974 0.0000000000
185917  49.880  45.811  -2.959 0.0000000000
186668  54.166  41.067  9.305 0.0000000000
187954  48.461  45.118  -0.325 0.0000000000
187962  43.239  38.280  1.997 0.0000000000
188911  40.489  36.805  -3.430 0.0000000000
189676  50.038  44.356  1.168 0.0000000000
190492  41.424  40.507  -4.368 0.0000000000
