#!ascii label  , from subject sub-v2s13x29124_ses-1 vox2ras=TkReg
299
96191  26.127  -3.305  -37.746 0.0000000000
86382  23.306  -11.339  -31.708 0.0000000000
162340  23.054  2.751  -37.271 0.0000000000
113988  20.477  12.437  -37.032 0.0000000000
84211  22.542  -13.321  -32.799 0.0000000000
105807  24.940  4.893  -39.912 0.0000000000
107830  23.664  7.275  -39.663 0.0000000000
93975  24.096  -5.205  -36.228 0.0000000000
91743  25.032  -6.736  -34.041 0.0000000000
93942  26.796  -4.933  -33.901 0.0000000000
99416  27.047  -0.774  -39.185 0.0000000000
96153  29.019  -2.856  -35.204 0.0000000000
100481  24.790  0.257  -37.417 0.0000000000
102569  26.420  2.240  -38.771 0.0000000000
110901  19.978  9.401  -37.138 0.0000000000
110908  22.924  9.243  -39.090 0.0000000000
88542  24.688  -9.424  -31.705 0.0000000000
181881  23.279  6.297  -38.009 0.0000000000
108816  22.637  7.631  -37.710 0.0000000000
95084  25.075  -4.436  -36.407 0.0000000000
93973  25.342  -5.138  -35.764 0.0000000000
95063  26.403  -4.184  -35.852 0.0000000000
85277  22.941  -12.062  -32.059 0.0000000000
101506  23.915  1.411  -37.306 0.0000000000
101520  25.617  1.473  -38.330 0.0000000000
102571  24.480  2.645  -38.381 0.0000000000
107841  25.713  6.413  -41.465 0.0000000000
106795  25.950  5.510  -39.674 0.0000000000
183984  18.741  11.876  -36.258 0.0000000000
110886  18.833  9.713  -36.635 0.0000000000
112894  20.460  11.141  -36.922 0.0000000000
115261  21.111  12.545  -41.678 0.0000000000
114051  21.674  11.293  -41.760 0.0000000000
112903  22.397  10.239  -39.623 0.0000000000
111967  22.666  10.199  -41.389 0.0000000000
110940  23.254  9.519  -40.516 0.0000000000
90654  25.540  -7.155  -32.715 0.0000000000
90655  24.828  -7.643  -32.963 0.0000000000
83043  22.123  -13.946  -33.077 0.0000000000
104709  24.076  3.673  -38.641 0.0000000000
105794  23.815  5.257  -38.527 0.0000000000
106813  24.170  6.233  -41.388 0.0000000000
108839  24.476  7.474  -40.238 0.0000000000
91760  23.910  -7.271  -35.255 0.0000000000
184031  24.718  -6.444  -35.773 0.0000000000
92849  25.525  -6.090  -34.049 0.0000000000
92832  27.339  -6.079  -32.931 0.0000000000
97262  26.521  -2.435  -38.141 0.0000000000
96172  27.269  -2.990  -36.954 0.0000000000
97261  28.538  -1.720  -37.629 0.0000000000
97246  24.816  -2.272  -36.582 0.0000000000
99379  23.740  -0.704  -36.598 0.0000000000
98302  25.442  -1.229  -37.471 0.0000000000
99398  25.841  -0.616  -38.261 0.0000000000
100492  26.687  0.697  -38.897 0.0000000000
102568  27.013  2.217  -38.426 0.0000000000
104718  25.234  3.688  -39.459 0.0000000000
104707  26.209  3.843  -38.662 0.0000000000
109857  20.689  8.839  -37.132 0.0000000000
115205  21.826  12.674  -37.784 0.0000000000
112892  21.923  11.087  -37.647 0.0000000000
110899  21.851  9.802  -37.467 0.0000000000
185508  22.337  8.850  -37.602 0.0000000000
159281  23.251  8.765  -39.509 0.0000000000
109880  24.029  8.372  -39.567 0.0000000000
88558  23.222  -9.876  -33.348 0.0000000000
90692  24.061  -7.772  -34.526 0.0000000000
95044  28.237  -3.510  -34.239 0.0000000000
93940  28.378  -4.933  -33.448 0.0000000000
107807  22.031  7.060  -37.329 0.0000000000
172553  21.347  7.429  -37.175 0.0000000000
96174  25.924  -3.902  -37.210 0.0000000000
95083  25.597  -4.300  -36.600 0.0000000000
95082  26.137  -4.177  -36.769 0.0000000000
166568  21.551  -15.550  -32.983 0.0000000000
81969  22.135  -15.453  -33.101 0.0000000000
157946  23.485  2.083  -37.234 0.0000000000
102558  24.252  2.063  -37.769 0.0000000000
102559  23.780  2.650  -37.707 0.0000000000
157746  25.698  6.690  -40.837 0.0000000000
157943  26.039  6.129  -40.778 0.0000000000
113978  19.217  12.209  -36.557 0.0000000000
112882  19.025  11.335  -36.494 0.0000000000
112895  19.601  11.016  -36.764 0.0000000000
165901  20.765  11.897  -36.926 0.0000000000
112945  22.278  10.603  -41.538 0.0000000000
112933  23.063  10.357  -41.236 0.0000000000
91723  26.256  -6.817  -32.610 0.0000000000
159395  26.081  -7.420  -32.197 0.0000000000
86398  22.587  -11.352  -33.249 0.0000000000
104694  23.346  4.091  -37.758 0.0000000000
105795  23.211  4.985  -37.789 0.0000000000
107820  23.491  6.807  -38.901 0.0000000000
106779  23.810  5.988  -39.095 0.0000000000
107829  23.859  6.565  -40.483 0.0000000000
107843  24.187  6.613  -41.423 0.0000000000
108840  23.922  7.251  -40.437 0.0000000000
115186  19.200  12.912  -36.592 0.0000000000
92878  24.529  -6.304  -36.133 0.0000000000
184117  24.387  -5.880  -36.271 0.0000000000
93959  26.399  -4.791  -34.514 0.0000000000
93960  25.680  -5.251  -34.953 0.0000000000
92865  26.091  -5.421  -34.084 0.0000000000
157171  26.111  -5.906  -33.513 0.0000000000
92848  26.878  -5.499  -33.396 0.0000000000
81968  22.820  -14.779  -32.716 0.0000000000
98318  26.720  -1.491  -38.723 0.0000000000
96190  27.183  -2.441  -37.886 0.0000000000
98300  27.817  -1.467  -38.125 0.0000000000
96176  24.076  -3.217  -35.981 0.0000000000
99400  23.774  0.010  -36.798 0.0000000000
99399  24.391  -0.206  -36.915 0.0000000000
98281  24.934  -1.559  -36.826 0.0000000000
167951  25.135  -0.399  -37.430 0.0000000000
98319  26.094  -1.368  -38.406 0.0000000000
164262  25.899  1.998  -38.758 0.0000000000
100493  25.987  0.770  -38.416 0.0000000000
101519  26.388  1.477  -38.738 0.0000000000
101518  26.944  1.490  -38.809 0.0000000000
104720  24.569  4.243  -39.319 0.0000000000
104719  24.790  3.645  -39.301 0.0000000000
170139  24.999  4.107  -39.585 0.0000000000
105805  25.775  4.593  -39.321 0.0000000000
103584  26.662  3.520  -37.895 0.0000000000
165985  19.461  9.867  -37.013 0.0000000000
109843  18.605  8.992  -36.516 0.0000000000
110902  19.282  9.199  -36.879 0.0000000000
108801  19.131  8.406  -36.913 0.0000000000
114037  21.562  12.014  -40.275 0.0000000000
115246  21.339  12.843  -40.478 0.0000000000
113999  22.008  12.102  -38.266 0.0000000000
167713  22.091  11.486  -38.158 0.0000000000
111928  22.650  9.902  -38.844 0.0000000000
110909  22.521  9.432  -38.010 0.0000000000
109863  22.856  8.632  -38.539 0.0000000000
111948  23.666  9.867  -40.369 0.0000000000
110928  23.737  9.357  -39.812 0.0000000000
87524  22.721  -10.329  -33.871 0.0000000000
90691  24.520  -7.116  -34.848 0.0000000000
89559  24.819  -8.223  -32.334 0.0000000000
176409  24.396  -8.248  -32.872 0.0000000000
89560  24.262  -8.821  -32.354 0.0000000000
88543  23.999  -9.609  -32.082 0.0000000000
96154  28.317  -2.773  -35.346 0.0000000000
96137  27.870  -3.155  -34.849 0.0000000000
96136  28.488  -3.066  -34.755 0.0000000000
106759  22.792  5.694  -37.600 0.0000000000
172656  22.451  6.353  -37.456 0.0000000000
107806  22.889  6.966  -37.890 0.0000000000
108826  23.154  7.481  -38.673 0.0000000000
95065  24.595  -4.760  -36.104 0.0000000000
93974  24.774  -5.466  -36.074 0.0000000000
93988  25.168  -4.846  -36.265 0.0000000000
93972  26.035  -4.695  -35.368 0.0000000000
95046  26.740  -4.193  -34.886 0.0000000000
172704  22.821  -12.775  -32.189 0.0000000000
84198  22.999  -13.339  -31.984 0.0000000000
172683  23.200  -12.672  -31.506 0.0000000000
84197  23.558  -13.348  -31.332 0.0000000000
159037  27.390  -0.142  -39.027 0.0000000000
98316  28.330  -0.929  -38.724 0.0000000000
100483  23.549  0.643  -36.983 0.0000000000
100482  24.386  0.822  -37.367 0.0000000000
100494  25.197  0.827  -37.846 0.0000000000
101505  24.762  1.473  -37.784 0.0000000000
167507  25.130  2.142  -38.468 0.0000000000
102570  25.748  2.558  -38.939 0.0000000000
106811  25.803  6.185  -41.354 0.0000000000
105806  25.646  5.306  -40.058 0.0000000000
106796  25.871  5.918  -40.690 0.0000000000
111919  19.824  10.447  -37.005 0.0000000000
111918  20.608  10.385  -37.169 0.0000000000
159440  21.404  11.994  -41.867 0.0000000000
169460  21.492  11.293  -41.166 0.0000000000
112922  22.172  11.244  -39.031 0.0000000000
111949  22.364  10.050  -40.772 0.0000000000
111927  22.823  9.690  -40.238 0.0000000000
110929  23.242  9.279  -39.987 0.0000000000
111960  23.101  10.002  -41.024 0.0000000000
112921  23.619  10.436  -40.621 0.0000000000
186694  25.102  -7.044  -33.336 0.0000000000
90675  24.615  -7.390  -33.896 0.0000000000
89558  25.417  -7.770  -32.275 0.0000000000
81981  22.324  -14.586  -33.036 0.0000000000
84212  21.936  -13.220  -33.266 0.0000000000
85294  22.428  -12.540  -32.945 0.0000000000
172465  22.631  -11.851  -32.850 0.0000000000
86383  22.918  -11.307  -32.464 0.0000000000
103585  23.494  3.310  -37.720 0.0000000000
162444  23.953  4.536  -38.536 0.0000000000
105808  24.305  5.181  -39.589 0.0000000000
106780  23.454  5.675  -38.087 0.0000000000
106797  24.075  5.972  -40.484 0.0000000000
105820  24.599  5.675  -40.704 0.0000000000
106834  24.537  6.350  -41.685 0.0000000000
108861  25.193  7.031  -41.140 0.0000000000
108838  25.243  7.324  -40.056 0.0000000000
170738  18.740  12.557  -36.273 0.0000000000
115208  19.808  12.827  -36.927 0.0000000000
91776  24.466  -6.750  -35.666 0.0000000000
92850  24.942  -6.430  -35.006 0.0000000000
92877  25.038  -5.914  -35.571 0.0000000000
91742  25.695  -6.519  -33.273 0.0000000000
91741  26.528  -6.207  -33.003 0.0000000000
91722  27.034  -6.682  -32.637 0.0000000000
96173  26.389  -3.649  -37.285 0.0000000000
159073  27.903  -2.114  -37.127 0.0000000000
97244  28.465  -2.128  -36.655 0.0000000000
98299  28.988  -1.351  -38.704 0.0000000000
97243  29.120  -2.139  -37.050 0.0000000000
96171  29.514  -2.575  -36.255 0.0000000000
96157  24.487  -3.886  -35.955 0.0000000000
157637  24.671  -3.116  -36.274 0.0000000000
97245  25.531  -3.164  -37.205 0.0000000000
98282  24.236  -1.530  -36.494 0.0000000000
97263  25.947  -2.603  -37.902 0.0000000000
161236  25.844  -1.892  -37.916 0.0000000000
99417  26.516  -0.762  -38.954 0.0000000000
100480  25.547  0.134  -38.043 0.0000000000
99418  26.264  -0.016  -38.796 0.0000000000
159469  26.852  -0.116  -39.179 0.0000000000
159241  27.151  0.618  -38.880 0.0000000000
101517  27.464  1.440  -38.232 0.0000000000
104708  24.582  3.172  -38.890 0.0000000000
103599  25.095  2.800  -38.991 0.0000000000
103611  25.564  3.188  -39.153 0.0000000000
104717  25.653  3.792  -39.265 0.0000000000
102575  26.077  2.847  -38.945 0.0000000000
103598  26.497  2.950  -38.528 0.0000000000
108819  20.037  8.081  -37.094 0.0000000000
115207  20.677  13.161  -37.314 0.0000000000
115206  21.420  13.078  -37.595 0.0000000000
113987  21.332  12.433  -37.285 0.0000000000
112893  21.329  11.594  -37.211 0.0000000000
171921  21.172  10.900  -37.212 0.0000000000
111917  21.519  10.355  -37.346 0.0000000000
112904  22.336  10.762  -38.453 0.0000000000
111916  22.262  10.255  -37.904 0.0000000000
110900  20.859  9.700  -37.271 0.0000000000
109856  21.692  9.217  -37.318 0.0000000000
158860  21.720  8.527  -37.245 0.0000000000
108818  21.054  8.029  -37.120 0.0000000000
109855  22.502  8.285  -37.617 0.0000000000
161276  22.888  8.016  -38.386 0.0000000000
109882  23.382  7.978  -39.500 0.0000000000
109881  23.550  8.819  -39.664 0.0000000000
158311  23.851  7.901  -39.878 0.0000000000
109862  24.857  8.224  -39.104 0.0000000000
87513  22.924  -10.624  -33.025 0.0000000000
87498  23.289  -10.704  -32.116 0.0000000000
89573  23.671  -8.574  -34.245 0.0000000000
90656  24.226  -8.027  -33.613 0.0000000000
164899  23.916  -8.663  -33.232 0.0000000000
88570  23.508  -9.250  -33.751 0.0000000000
88557  23.732  -9.363  -32.856 0.0000000000
87512  23.483  -10.056  -32.510 0.0000000000
96156  26.817  -3.666  -36.379 0.0000000000
95062  27.168  -3.634  -35.307 0.0000000000
95030  27.119  -4.370  -34.162 0.0000000000
95043  28.950  -3.922  -34.160 0.0000000000
95028  28.294  -4.192  -33.744 0.0000000000
93941  27.570  -4.724  -33.590 0.0000000000
92847  27.809  -5.456  -33.136 0.0000000000
83033  22.713  -14.015  -32.685 0.0000000000
92866  25.454  -5.799  -34.702 0.0000000000
95029  27.729  -4.005  -33.920 0.0000000000
95045  27.475  -3.738  -34.469 0.0000000000
95064  25.750  -4.587  -36.187 0.0000000000
96135  28.822  -3.265  -34.554 0.0000000000
96155  27.600  -3.038  -35.732 0.0000000000
96175  25.317  -3.912  -36.712 0.0000000000
97228  28.786  -2.367  -35.944 0.0000000000
97229  28.088  -2.501  -36.172 0.0000000000
97264  25.416  -2.099  -37.258 0.0000000000
97272  27.059  -1.845  -38.458 0.0000000000
98301  26.246  -1.980  -38.262 0.0000000000
98317  27.336  -1.164  -38.823 0.0000000000
99378  24.691  -0.888  -36.812 0.0000000000
103600  24.054  3.092  -38.289 0.0000000000
103610  26.048  3.301  -38.994 0.0000000000
103612  25.073  3.273  -39.275 0.0000000000
105819  25.440  5.632  -40.651 0.0000000000
106812  25.069  6.027  -41.355 0.0000000000
106833  25.279  6.359  -41.665 0.0000000000
107842  24.881  6.706  -41.605 0.0000000000
108817  21.921  7.843  -37.264 0.0000000000
108862  24.376  7.153  -41.118 0.0000000000
109858  19.788  8.797  -37.047 0.0000000000
111961  22.760  10.024  -41.082 0.0000000000
111962  22.406  10.177  -41.394 0.0000000000
113989  19.898  11.825  -36.738 0.0000000000
115217  21.619  13.336  -38.061 0.0000000000
155374  21.777  11.219  -40.229 0.0000000000
156103  25.303  4.549  -39.687 0.0000000000
164520  21.263  11.894  -41.373 0.0000000000
170166  27.713  -0.680  -38.872 0.0000000000
170704  20.078  9.945  -37.198 0.0000000000
181969  26.620  -3.068  -37.702 0.0000000000
185868  24.162  0.316  -37.046 0.0000000000
