#!ascii label  , from subject sub-v2s13x29125_ses-1 vox2ras=TkReg
1840
107484  -43.305  21.714  8.420 0.0000000000
105772  -54.891  20.179  -9.362 0.0000000000
114835  -50.261  29.857  2.388 0.0000000000
109369  -50.435  22.884  3.874 0.0000000000
103611  -50.862  17.911  9.547 0.0000000000
106641  -43.703  20.285  -2.786 0.0000000000
113413  -44.757  27.984  -11.007 0.0000000000
115684  -44.243  30.387  -8.768 0.0000000000
99893  -42.887  14.124  11.746 0.0000000000
107518  -47.677  21.930  5.959 0.0000000000
107580  -47.148  21.116  0.568 0.0000000000
163662  -43.554  23.105  4.907 0.0000000000
114923  -54.625  29.337  -5.660 0.0000000000
113341  -48.859  27.481  -5.899 0.0000000000
114214  -51.172  27.623  -12.948 0.0000000000
115001  -45.710  29.022  -15.518 0.0000000000
117134  -48.740  31.631  -10.981 0.0000000000
104812  -50.322  19.264  -11.860 0.0000000000
110181  -40.499  23.781  9.121 0.0000000000
112521  -46.026  27.229  9.466 0.0000000000
107521  -57.087  22.875  6.234 0.0000000000
103669  -52.180  17.736  5.033 0.0000000000
103661  -45.547  17.229  4.739 0.0000000000
166868  -44.636  14.925  8.422 0.0000000000
105726  -49.764  18.975  -6.057 0.0000000000
106722  -46.599  20.743  -9.283 0.0000000000
112600  -44.289  26.842  -0.245 0.0000000000
111908  -43.731  25.613  -6.244 0.0000000000
110352  -43.880  23.599  -11.103 0.0000000000
111960  -41.482  25.423  -12.883 0.0000000000
153483  -39.138  28.136  -11.973 0.0000000000
107515  -45.188  21.230  6.155 0.0000000000
146538  -46.546  23.096  6.336 0.0000000000
109323  -45.678  23.182  7.894 0.0000000000
115697  -53.811  30.285  -9.431 0.0000000000
113401  -53.428  27.689  -9.240 0.0000000000
115721  -53.162  29.186  -12.395 0.0000000000
115718  -50.619  29.523  -12.273 0.0000000000
104801  -52.666  19.569  -11.004 0.0000000000
111072  -39.056  25.511  5.937 0.0000000000
112537  -41.837  26.688  6.713 0.0000000000
103633  -51.834  17.419  7.071 0.0000000000
103665  -48.753  17.039  4.528 0.0000000000
101782  -48.363  16.078  6.880 0.0000000000
165053  -43.901  14.463  10.525 0.0000000000
103630  -38.340  17.154  7.841 0.0000000000
105532  -37.649  19.488  10.232 0.0000000000
104592  -35.650  18.894  9.620 0.0000000000
108522  -50.756  22.327  0.478 0.0000000000
105637  -45.121  19.453  -0.817 0.0000000000
104708  -47.946  18.447  -2.350 0.0000000000
149435  -46.446  18.534  -4.598 0.0000000000
105753  -48.272  19.576  -7.607 0.0000000000
106676  -45.119  19.815  -6.004 0.0000000000
113998  -48.069  28.407  5.370 0.0000000000
113261  -44.909  27.122  4.060 0.0000000000
154590  -47.180  28.583  0.936 0.0000000000
146592  -46.938  28.096  -8.649 0.0000000000
112645  -46.205  26.653  -5.766 0.0000000000
113380  -43.841  27.224  -8.235 0.0000000000
111185  -43.395  24.617  -8.683 0.0000000000
150260  -42.890  26.567  -10.076 0.0000000000
111954  -42.307  24.818  -11.826 0.0000000000
113419  -43.294  27.242  -13.033 0.0000000000
159280  -44.388  29.346  -11.112 0.0000000000
114220  -42.054  28.589  -13.104 0.0000000000
114170  -42.331  28.771  -9.875 0.0000000000
147650  -39.463  28.241  -9.254 0.0000000000
114935  -41.506  29.442  -7.811 0.0000000000
108469  -49.067  22.299  5.102 0.0000000000
163738  -48.684  22.737  2.256 0.0000000000
169085  -46.985  22.554  3.259 0.0000000000
108501  -45.033  21.862  2.559 0.0000000000
108519  -42.534  22.189  0.539 0.0000000000
115623  -52.918  30.382  -1.765 0.0000000000
170360  -50.008  29.096  -2.317 0.0000000000
114118  -52.332  28.213  -5.419 0.0000000000
113387  -50.173  27.927  -8.526 0.0000000000
114211  -48.619  27.655  -12.350 0.0000000000
113439  -46.975  27.504  -15.607 0.0000000000
115005  -49.550  28.102  -15.089 0.0000000000
164339  -47.260  29.491  -11.995 0.0000000000
115696  -46.580  30.660  -9.939 0.0000000000
104809  -47.553  18.418  -11.622 0.0000000000
108390  -41.843  22.290  11.472 0.0000000000
110172  -45.259  24.386  11.254 0.0000000000
111776  -43.687  25.609  10.362 0.0000000000
113968  -45.431  28.685  7.780 0.0000000000
115544  -48.497  30.174  3.997 0.0000000000
115585  -46.947  30.416  0.645 0.0000000000
117008  -50.826  31.786  0.520 0.0000000000
163970  -53.871  21.610  3.743 0.0000000000
105599  -54.904  19.839  5.365 0.0000000000
106561  -51.406  20.414  3.888 0.0000000000
156885  -49.170  19.443  3.620 0.0000000000
105603  -45.698  19.212  4.143 0.0000000000
104566  -49.186  18.178  11.397 0.0000000000
102620  -45.505  16.422  12.456 0.0000000000
101708  -46.651  16.245  10.801 0.0000000000
101732  -47.694  16.070  9.124 0.0000000000
101778  -45.252  15.660  6.746 0.0000000000
106515  -40.980  20.395  7.693 0.0000000000
106662  -54.411  20.273  -5.869 0.0000000000
148618  -49.650  20.239  -0.378 0.0000000000
104749  -51.965  18.714  -4.402 0.0000000000
143863  -52.377  19.983  -7.888 0.0000000000
106713  -51.015  20.477  -9.904 0.0000000000
106739  -49.426  20.484  -11.934 0.0000000000
149942  -46.734  20.294  -11.469 0.0000000000
111057  -43.858  24.833  6.659 0.0000000000
111843  -42.734  25.149  2.387 0.0000000000
111126  -42.946  24.319  -1.858 0.0000000000
113317  -46.952  27.591  -3.266 0.0000000000
111881  -45.211  25.774  -3.366 0.0000000000
153336  -43.781  22.539  -4.917 0.0000000000
108608  -44.526  22.100  -7.611 0.0000000000
108624  -45.568  22.043  -10.267 0.0000000000
107712  -45.101  21.418  -11.251 0.0000000000
144069  -42.523  28.212  -16.653 0.0000000000
112702  -40.190  27.082  -13.204 0.0000000000
112685  -38.389  26.763  -10.887 0.0000000000
112677  -36.800  27.364  -10.204 0.0000000000
114146  -36.131  27.965  -9.174 0.0000000000
157808  -43.940  21.488  7.386 0.0000000000
108449  -45.809  22.329  7.462 0.0000000000
108428  -44.860  22.610  8.612 0.0000000000
115710  -54.011  29.269  -11.106 0.0000000000
116405  -52.445  30.598  -12.405 0.0000000000
105771  -54.058  20.033  -10.191 0.0000000000
149549  -51.322  17.538  8.373 0.0000000000
102678  -50.490  16.834  7.343 0.0000000000
102666  -49.942  16.751  8.045 0.0000000000
101740  -37.651  16.090  8.794 0.0000000000
103609  -37.159  17.551  9.203 0.0000000000
109383  -51.326  23.232  3.255 0.0000000000
108512  -50.221  23.130  1.826 0.0000000000
106632  -44.183  19.680  -1.737 0.0000000000
104705  -45.761  18.606  -2.415 0.0000000000
105683  -45.085  18.948  -3.441 0.0000000000
105707  -45.856  18.923  -5.256 0.0000000000
106661  -44.331  20.157  -4.668 0.0000000000
114036  -48.781  29.101  3.338 0.0000000000
169634  -47.275  28.395  2.425 0.0000000000
114834  -48.543  29.118  1.484 0.0000000000
114191  -46.011  28.191  -10.275 0.0000000000
113382  -45.567  27.868  -8.123 0.0000000000
113398  -44.165  27.726  -9.577 0.0000000000
112680  -43.086  26.802  -9.311 0.0000000000
113406  -44.073  27.751  -10.425 0.0000000000
113411  -42.856  26.938  -11.567 0.0000000000
113420  -44.080  27.534  -12.742 0.0000000000
115703  -44.811  29.918  -10.001 0.0000000000
114957  -43.743  29.288  -10.584 0.0000000000
114951  -43.473  29.442  -9.713 0.0000000000
114949  -42.156  28.884  -9.105 0.0000000000
115682  -42.852  30.017  -8.379 0.0000000000
107528  -48.641  21.765  5.215 0.0000000000
109367  -48.491  23.021  4.647 0.0000000000
165150  -48.130  22.580  5.956 0.0000000000
109353  -45.357  22.989  5.581 0.0000000000
108475  -44.960  22.332  3.876 0.0000000000
108474  -44.079  22.333  3.742 0.0000000000
107555  -43.753  21.626  1.810 0.0000000000
109391  -42.558  22.942  2.436 0.0000000000
114907  -54.229  29.945  -3.721 0.0000000000
114905  -52.873  29.212  -3.659 0.0000000000
114120  -54.588  28.623  -5.645 0.0000000000
114179  -52.546  27.580  -11.027 0.0000000000
157230  -51.875  27.558  -8.888 0.0000000000
114177  -50.180  28.066  -10.251 0.0000000000
159312  -48.880  28.144  -10.639 0.0000000000
151798  -49.686  27.793  -11.833 0.0000000000
114237  -49.128  27.174  -14.556 0.0000000000
114225  -50.345  27.465  -13.790 0.0000000000
115709  -49.656  30.273  -11.369 0.0000000000
115716  -48.598  29.818  -11.475 0.0000000000
115707  -47.839  30.339  -10.849 0.0000000000
115706  -47.060  30.351  -10.523 0.0000000000
156182  -47.485  31.176  -10.325 0.0000000000
104811  -49.362  18.890  -11.725 0.0000000000
169285  -41.039  22.884  10.940 0.0000000000
150062  -42.214  23.366  11.712 0.0000000000
110182  -41.301  24.156  9.517 0.0000000000
113233  -42.773  27.699  6.053 0.0000000000
113225  -42.971  27.612  6.835 0.0000000000
113984  -44.773  28.973  5.781 0.0000000000
114776  -46.804  29.374  5.996 0.0000000000
114800  -46.464  29.879  4.050 0.0000000000
116287  -46.705  30.872  -0.811 0.0000000000
116276  -48.512  31.024  0.638 0.0000000000
117016  -50.294  32.020  -0.578 0.0000000000
117030  -51.859  31.843  -1.157 0.0000000000
117074  -50.700  31.781  -2.540 0.0000000000
108481  -55.265  23.275  3.789 0.0000000000
168693  -55.584  21.561  4.530 0.0000000000
105579  -54.954  19.557  6.758 0.0000000000
104649  -53.922  18.788  5.254 0.0000000000
105609  -53.252  19.507  4.017 0.0000000000
105607  -51.959  19.213  3.786 0.0000000000
106559  -49.991  20.035  3.829 0.0000000000
156884  -50.314  18.369  3.747 0.0000000000
103663  -47.117  17.133  4.606 0.0000000000
103676  -47.576  17.652  4.162 0.0000000000
103674  -45.913  17.774  4.319 0.0000000000
101692  -44.516  15.654  12.381 0.0000000000
101717  -45.591  15.519  10.589 0.0000000000
101729  -45.903  15.436  9.889 0.0000000000
102643  -47.627  16.405  10.091 0.0000000000
101743  -46.611  15.578  8.950 0.0000000000
145704  -46.566  15.631  7.423 0.0000000000
101762  -44.759  15.349  7.310 0.0000000000
106500  -40.553  20.438  9.556 0.0000000000
105558  -39.312  19.430  9.055 0.0000000000
107658  -55.146  21.149  -4.667 0.0000000000
108509  -47.454  22.005  1.370 0.0000000000
107582  -48.681  21.605  0.429 0.0000000000
106590  -48.344  20.784  0.109 0.0000000000
104734  -49.565  18.326  -3.847 0.0000000000
104721  -50.170  18.380  -3.289 0.0000000000
104747  -50.750  18.522  -4.844 0.0000000000
156617  -52.630  19.348  -5.993 0.0000000000
105744  -51.726  19.496  -7.019 0.0000000000
105757  -52.410  20.439  -9.169 0.0000000000
147039  -50.573  19.695  -7.783 0.0000000000
106698  -47.768  19.897  -8.170 0.0000000000
106711  -49.051  20.188  -9.230 0.0000000000
155537  -48.071  20.420  -10.321 0.0000000000
106750  -48.160  20.060  -12.437 0.0000000000
107697  -46.757  20.858  -10.338 0.0000000000
111024  -45.719  26.059  10.414 0.0000000000
111043  -45.062  24.836  8.550 0.0000000000
111802  -44.885  26.140  7.609 0.0000000000
113289  -44.780  27.204  2.025 0.0000000000
112590  -43.801  26.359  2.747 0.0000000000
112596  -43.677  26.347  0.927 0.0000000000
111100  -42.479  24.741  0.483 0.0000000000
111856  -43.440  25.707  -1.191 0.0000000000
114091  -49.900  28.411  -4.090 0.0000000000
114066  -48.699  28.634  -2.467 0.0000000000
113326  -48.559  27.754  -4.475 0.0000000000
112643  -44.664  26.266  -6.040 0.0000000000
112636  -46.119  26.350  -5.013 0.0000000000
111898  -44.859  25.229  -4.675 0.0000000000
111147  -44.121  24.140  -3.904 0.0000000000
110316  -43.792  23.776  -5.489 0.0000000000
108601  -43.960  22.643  -6.462 0.0000000000
110326  -43.641  23.800  -6.692 0.0000000000
111193  -43.559  24.517  -9.818 0.0000000000
109496  -44.620  22.991  -9.199 0.0000000000
109502  -44.779  23.043  -10.280 0.0000000000
108629  -45.304  22.184  -10.983 0.0000000000
109518  -44.393  22.686  -11.216 0.0000000000
108627  -44.189  21.813  -10.978 0.0000000000
109517  -43.843  23.036  -11.247 0.0000000000
111953  -41.787  24.985  -12.158 0.0000000000
110350  -42.336  24.105  -11.523 0.0000000000
115011  -46.094  28.434  -16.185 0.0000000000
113456  -44.483  27.953  -17.116 0.0000000000
115009  -43.953  28.853  -16.686 0.0000000000
144493  -40.718  28.298  -12.372 0.0000000000
143291  -41.010  28.152  -14.425 0.0000000000
114218  -39.178  27.884  -12.461 0.0000000000
112693  -39.190  26.575  -11.466 0.0000000000
113410  -38.363  27.882  -11.875 0.0000000000
146151  -37.793  26.895  -10.554 0.0000000000
114204  -37.998  28.083  -11.270 0.0000000000
114140  -39.736  28.483  -7.754 0.0000000000
114148  -37.937  28.228  -9.100 0.0000000000
114138  -38.177  28.184  -8.005 0.0000000000
114126  -36.961  28.090  -7.186 0.0000000000
107516  -46.133  21.495  6.259 0.0000000000
109345  -47.616  22.565  6.393 0.0000000000
108450  -46.528  22.542  7.035 0.0000000000
109343  -45.979  23.146  6.754 0.0000000000
110226  -44.160  23.670  6.360 0.0000000000
114142  -54.675  28.339  -7.427 0.0000000000
114953  -54.669  28.606  -9.440 0.0000000000
114198  -53.404  27.945  -11.385 0.0000000000
114215  -52.054  27.774  -12.873 0.0000000000
114971  -51.427  28.505  -13.203 0.0000000000
115719  -51.548  29.397  -12.500 0.0000000000
166460  -50.645  30.134  -11.796 0.0000000000
105775  -52.269  20.121  -11.767 0.0000000000
149234  -39.385  24.637  6.930 0.0000000000
111056  -40.951  25.397  7.347 0.0000000000
111816  -40.429  26.050  6.137 0.0000000000
103642  -51.963  17.439  6.325 0.0000000000
103667  -50.840  17.476  4.663 0.0000000000
102703  -50.899  17.023  5.795 0.0000000000
102701  -48.527  16.352  5.690 0.0000000000
102699  -47.011  16.242  5.583 0.0000000000
99903  -43.412  14.265  11.075 0.0000000000
99930  -43.137  14.140  9.460 0.0000000000
104617  -38.618  17.830  7.646 0.0000000000
105557  -38.639  18.897  9.029 0.0000000000
104595  -37.605  18.230  9.083 0.0000000000
105548  -36.189  19.491  9.744 0.0000000000
106587  -45.923  20.315  0.297 0.0000000000
105640  -47.603  19.351  -0.599 0.0000000000
105654  -46.399  18.900  -1.188 0.0000000000
104718  -47.511  18.299  -3.521 0.0000000000
165926  -48.796  18.575  -5.199 0.0000000000
150876  -49.366  19.403  -7.194 0.0000000000
105724  -47.744  19.093  -6.239 0.0000000000
105751  -46.694  19.673  -7.260 0.0000000000
106696  -46.220  20.141  -7.694 0.0000000000
113236  -46.739  28.137  6.840 0.0000000000
113235  -45.185  27.194  5.868 0.0000000000
166176  -46.400  27.803  4.057 0.0000000000
114033  -46.023  27.847  2.202 0.0000000000
114049  -45.948  28.037  0.527 0.0000000000
113370  -48.359  27.567  -7.278 0.0000000000
113354  -47.664  27.208  -6.018 0.0000000000
147622  -46.806  27.651  -7.497 0.0000000000
113352  -44.979  27.186  -7.041 0.0000000000
112652  -43.811  26.598  -7.099 0.0000000000
111177  -43.282  24.829  -7.553 0.0000000000
111928  -43.071  26.144  -8.146 0.0000000000
111936  -42.932  25.702  -9.034 0.0000000000
111192  -42.992  25.148  -10.241 0.0000000000
111207  -43.312  23.841  -11.317 0.0000000000
111948  -42.688  25.312  -11.198 0.0000000000
112698  -42.413  26.268  -12.185 0.0000000000
112705  -41.990  26.264  -13.911 0.0000000000
114982  -45.104  29.255  -12.428 0.0000000000
114990  -44.197  29.173  -14.000 0.0000000000
114980  -43.725  29.085  -12.823 0.0000000000
114208  -42.403  28.707  -11.837 0.0000000000
114207  -41.008  28.354  -11.326 0.0000000000
150432  -39.167  28.275  -10.326 0.0000000000
114168  -41.043  28.365  -9.615 0.0000000000
114941  -41.148  28.820  -8.168 0.0000000000
114934  -40.822  29.164  -7.590 0.0000000000
148023  -50.217  22.242  4.489 0.0000000000
109393  -49.366  23.049  2.899 0.0000000000
109381  -49.341  22.993  3.858 0.0000000000
165029  -48.151  22.784  2.936 0.0000000000
108503  -47.057  22.192  2.019 0.0000000000
109365  -46.528  22.874  4.918 0.0000000000
108490  -46.294  22.362  3.259 0.0000000000
107565  -46.090  21.486  1.310 0.0000000000
107577  -44.644  20.816  0.743 0.0000000000
107576  -43.468  20.770  -0.112 0.0000000000
107610  -42.859  21.241  -1.189 0.0000000000
115600  -51.903  30.236  0.561 0.0000000000
114861  -49.914  29.385  -0.186 0.0000000000
114880  -52.174  29.686  -2.285 0.0000000000
114904  -51.615  29.040  -3.622 0.0000000000
114116  -50.339  28.038  -5.266 0.0000000000
113375  -53.057  27.624  -7.635 0.0000000000
113358  -51.229  27.631  -6.788 0.0000000000
147927  -49.640  27.569  -6.879 0.0000000000
114157  -48.798  28.076  -8.847 0.0000000000
114193  -47.946  28.175  -10.459 0.0000000000
150809  -46.254  28.016  -11.741 0.0000000000
114221  -45.975  27.766  -12.592 0.0000000000
114236  -47.874  27.261  -14.013 0.0000000000
113440  -48.532  27.662  -15.720 0.0000000000
115003  -47.808  28.654  -15.627 0.0000000000
114986  -50.342  28.577  -13.895 0.0000000000
114984  -48.260  29.218  -13.163 0.0000000000
147221  -46.813  29.209  -13.569 0.0000000000
163036  -46.378  29.571  -11.611 0.0000000000
115704  -45.517  30.094  -10.128 0.0000000000
116386  -45.524  30.733  -9.084 0.0000000000
107466  -42.215  21.622  9.970 0.0000000000
109293  -44.275  22.977  10.391 0.0000000000
108392  -43.486  22.826  11.691 0.0000000000
111016  -44.638  24.553  11.989 0.0000000000
112512  -45.330  26.594  10.243 0.0000000000
111793  -42.475  26.203  8.219 0.0000000000
112529  -43.873  27.364  8.564 0.0000000000
113960  -45.905  28.018  9.022 0.0000000000
114764  -47.224  28.916  7.142 0.0000000000
114778  -48.616  28.908  5.692 0.0000000000
114803  -49.922  30.026  3.495 0.0000000000
115554  -45.795  29.838  1.902 0.0000000000
115556  -47.809  30.332  2.898 0.0000000000
116258  -49.866  30.605  2.888 0.0000000000
115560  -51.093  30.560  2.451 0.0000000000
117019  -52.637  31.467  0.224 0.0000000000
159014  -53.332  30.949  -2.795 0.0000000000
115649  -53.851  30.535  -4.012 0.0000000000
107549  -53.492  22.833  3.539 0.0000000000
153035  -51.821  22.590  3.855 0.0000000000
106532  -55.953  20.754  6.870 0.0000000000
169228  -55.733  20.818  5.374 0.0000000000
106564  -54.154  20.647  4.038 0.0000000000
106562  -52.650  20.782  3.703 0.0000000000
107538  -51.097  21.268  4.235 0.0000000000
156957  -49.933  20.902  4.244 0.0000000000
107536  -49.301  21.017  4.400 0.0000000000
106557  -48.111  20.522  4.236 0.0000000000
104658  -48.787  18.370  3.644 0.0000000000
157357  -47.703  19.049  3.694 0.0000000000
106548  -46.559  20.579  4.748 0.0000000000
107525  -45.363  20.876  5.380 0.0000000000
146723  -46.927  17.691  12.946 0.0000000000
101706  -45.353  15.684  11.322 0.0000000000
102632  -46.406  16.448  11.437 0.0000000000
103590  -47.509  17.145  11.527 0.0000000000
103591  -48.213  17.423  11.237 0.0000000000
102645  -48.882  16.983  9.861 0.0000000000
103610  -49.495  17.023  9.310 0.0000000000
101746  -48.489  16.227  8.159 0.0000000000
101780  -46.900  15.774  6.816 0.0000000000
102697  -45.460  16.345  5.592 0.0000000000
107491  -41.821  20.908  7.922 0.0000000000
107482  -41.713  21.131  9.110 0.0000000000
107440  -40.866  21.405  10.982 0.0000000000
108405  -39.446  22.234  10.611 0.0000000000
109303  -38.607  23.060  8.713 0.0000000000
107668  -56.788  21.295  -6.073 0.0000000000
147599  -56.193  20.863  -7.460 0.0000000000
106688  -55.424  20.808  -7.976 0.0000000000
155971  -49.732  22.659  1.278 0.0000000000
107597  -49.990  21.017  -0.162 0.0000000000
105657  -48.872  19.007  -1.176 0.0000000000
105673  -50.895  18.845  -2.085 0.0000000000
105685  -52.617  19.397  -2.883 0.0000000000
151600  -52.936  19.315  -5.278 0.0000000000
105746  -53.450  19.889  -6.927 0.0000000000
106700  -53.945  20.759  -9.084 0.0000000000
163928  -53.655  20.780  -10.027 0.0000000000
106728  -52.711  20.821  -11.449 0.0000000000
106741  -51.494  20.714  -12.163 0.0000000000
105767  -49.442  19.939  -8.444 0.0000000000
106726  -50.773  20.717  -11.098 0.0000000000
105795  -50.084  20.107  -12.733 0.0000000000
105793  -48.662  19.643  -12.823 0.0000000000
105792  -47.180  19.399  -12.210 0.0000000000
105791  -46.435  19.419  -11.712 0.0000000000
109305  -45.294  23.890  9.802 0.0000000000
111058  -44.490  24.435  7.454 0.0000000000
110224  -43.148  24.052  5.399 0.0000000000
112564  -43.874  26.124  5.611 0.0000000000
111835  -42.916  25.077  4.554 0.0000000000
111089  -42.493  24.301  3.357 0.0000000000
110254  -42.221  24.111  1.615 0.0000000000
109426  -42.358  23.126  -0.695 0.0000000000
108562  -42.975  21.923  -2.314 0.0000000000
114863  -48.568  28.955  -1.184 0.0000000000
114056  -47.012  28.333  -1.184 0.0000000000
113302  -45.836  27.676  -1.478 0.0000000000
112627  -47.316  27.127  -4.730 0.0000000000
112620  -46.023  26.706  -3.296 0.0000000000
112607  -44.565  26.379  -2.005 0.0000000000
111128  -44.078  25.123  -2.627 0.0000000000
110295  -43.358  23.276  -2.861 0.0000000000
108582  -43.553  21.651  -3.730 0.0000000000
108595  -44.062  21.702  -5.632 0.0000000000
107683  -45.571  21.196  -8.420 0.0000000000
109490  -43.851  23.422  -7.550 0.0000000000
108615  -44.826  22.349  -8.645 0.0000000000
107690  -45.965  21.358  -9.434 0.0000000000
107705  -46.214  21.105  -10.825 0.0000000000
107713  -45.722  21.068  -11.076 0.0000000000
109516  -43.314  23.291  -11.326 0.0000000000
144235  -44.844  27.473  -14.551 0.0000000000
113435  -42.607  26.931  -15.435 0.0000000000
112710  -41.960  26.637  -15.343 0.0000000000
114234  -42.707  28.996  -15.150 0.0000000000
114242  -40.996  27.830  -14.917 0.0000000000
143004  -40.980  26.015  -13.281 0.0000000000
111951  -40.161  25.957  -11.932 0.0000000000
111941  -40.032  25.563  -10.141 0.0000000000
111934  -39.819  25.519  -8.557 0.0000000000
114165  -37.722  28.315  -10.046 0.0000000000
163687  -36.460  28.018  -9.773 0.0000000000
117116  -44.944  31.516  -8.389 0.0000000000
116365  -43.465  31.279  -8.012 0.0000000000
116364  -42.775  31.098  -7.817 0.0000000000
115663  -41.343  30.494  -7.190 0.0000000000
115661  -40.090  29.935  -6.615 0.0000000000
158865  -43.462  21.462  7.711 0.0000000000
107493  -44.242  21.952  8.080 0.0000000000
104597  -51.538  18.370  9.640 0.0000000000
104606  -51.942  18.258  9.038 0.0000000000
103612  -51.402  17.895  9.015 0.0000000000
103620  -50.656  17.114  8.199 0.0000000000
103619  -50.072  17.088  8.781 0.0000000000
101727  -37.190  15.951  9.125 0.0000000000
109395  -50.780  23.352  2.450 0.0000000000
165347  -50.733  23.175  3.254 0.0000000000
106642  -44.117  19.722  -2.489 0.0000000000
105682  -44.595  19.303  -2.968 0.0000000000
153764  -44.128  19.828  -3.244 0.0000000000
160687  -44.534  19.627  -4.299 0.0000000000
160426  -44.197  19.994  -3.957 0.0000000000
148764  -49.558  29.420  2.432 0.0000000000
147156  -48.703  29.133  2.425 0.0000000000
114850  -49.293  29.285  1.254 0.0000000000
145886  -45.627  28.113  -10.957 0.0000000000
114172  -45.659  28.145  -9.505 0.0000000000
114190  -45.007  28.079  -10.130 0.0000000000
162892  -44.013  27.705  -11.162 0.0000000000
142862  -44.456  27.778  -11.793 0.0000000000
115693  -44.535  30.123  -9.360 0.0000000000
114952  -44.163  29.691  -9.892 0.0000000000
115692  -43.865  29.937  -9.217 0.0000000000
114944  -43.206  29.674  -8.971 0.0000000000
115683  -43.547  30.243  -8.614 0.0000000000
107519  -48.017  21.746  5.585 0.0000000000
108468  -48.436  22.349  5.694 0.0000000000
108460  -47.945  22.398  6.167 0.0000000000
109352  -44.204  22.931  5.138 0.0000000000
109363  -44.563  22.634  4.513 0.0000000000
109362  -43.636  22.778  4.293 0.0000000000
108486  -43.069  22.435  2.794 0.0000000000
149958  -42.902  23.069  3.772 0.0000000000
115650  -54.480  29.758  -4.771 0.0000000000
114913  -54.306  29.374  -4.327 0.0000000000
114108  -54.738  28.951  -5.536 0.0000000000
114197  -51.933  27.539  -12.144 0.0000000000
114178  -51.262  27.745  -10.719 0.0000000000
114196  -50.960  27.618  -11.811 0.0000000000
114195  -49.833  28.025  -10.989 0.0000000000
157404  -50.496  27.597  -12.207 0.0000000000
114213  -50.551  27.508  -13.039 0.0000000000
116398  -48.715  30.965  -10.970 0.0000000000
115708  -48.667  30.263  -11.139 0.0000000000
116397  -47.981  30.795  -10.672 0.0000000000
117133  -48.077  31.542  -10.623 0.0000000000
104799  -50.471  18.657  -10.511 0.0000000000
104798  -49.661  18.551  -10.778 0.0000000000
110169  -41.047  23.529  10.277 0.0000000000
113996  -43.685  28.502  4.407 0.0000000000
113975  -43.356  28.188  5.712 0.0000000000
113997  -44.442  28.884  4.802 0.0000000000
114775  -45.379  29.271  5.261 0.0000000000
114786  -45.002  29.186  4.362 0.0000000000
117052  -49.459  32.131  -1.976 0.0000000000
117028  -50.224  32.117  -1.510 0.0000000000
107531  -56.841  22.851  5.390 0.0000000000
107544  -56.081  22.346  4.553 0.0000000000
104663  -52.973  18.807  4.212 0.0000000000
103681  -51.909  18.025  4.337 0.0000000000
104661  -51.490  18.610  3.869 0.0000000000
103680  -51.218  17.891  4.221 0.0000000000
103662  -46.315  17.202  4.674 0.0000000000
158428  -45.068  17.842  4.334 0.0000000000
103660  -44.265  17.697  4.497 0.0000000000
149964  -43.590  14.942  12.444 0.0000000000
100864  -44.586  14.764  9.234 0.0000000000
100865  -45.520  15.167  9.320 0.0000000000
100866  -46.131  15.449  9.323 0.0000000000
100882  -45.260  15.080  8.636 0.0000000000
100897  -45.747  15.299  8.099 0.0000000000
100896  -45.039  15.151  7.955 0.0000000000
105568  -39.910  19.142  7.104 0.0000000000
150473  -39.699  19.595  7.973 0.0000000000
150211  -53.632  20.302  -2.936 0.0000000000
107567  -47.461  21.630  0.811 0.0000000000
107581  -47.862  21.305  0.480 0.0000000000
106589  -47.541  20.586  0.189 0.0000000000
104760  -49.518  18.601  -5.320 0.0000000000
104746  -49.969  18.439  -4.687 0.0000000000
104761  -50.261  18.658  -5.465 0.0000000000
142656  -51.301  19.160  -6.301 0.0000000000
105727  -50.519  19.071  -6.215 0.0000000000
105743  -50.896  19.407  -6.996 0.0000000000
105742  -50.005  19.323  -6.925 0.0000000000
106709  -47.189  20.255  -8.735 0.0000000000
106710  -48.077  20.202  -9.135 0.0000000000
106723  -47.328  20.516  -9.719 0.0000000000
112514  -45.826  26.831  9.846 0.0000000000
111786  -45.748  26.591  9.489 0.0000000000
111795  -45.730  26.947  8.611 0.0000000000
113295  -44.741  27.267  0.241 0.0000000000
112594  -44.206  26.764  1.419 0.0000000000
112599  -43.719  26.386  0.075 0.0000000000
111853  -43.301  25.827  -0.370 0.0000000000
112602  -43.885  26.399  -0.834 0.0000000000
114102  -49.301  27.989  -4.656 0.0000000000
114090  -49.101  28.227  -3.964 0.0000000000
113333  -48.748  27.586  -5.154 0.0000000000
111909  -44.187  25.822  -5.932 0.0000000000
111910  -44.785  25.747  -5.418 0.0000000000
147306  -44.179  25.214  -5.520 0.0000000000
162128  -43.977  24.426  -5.341 0.0000000000
111165  -43.662  24.939  -6.069 0.0000000000
110321  -43.675  24.174  -6.022 0.0000000000
155467  -43.477  24.580  -6.683 0.0000000000
110345  -44.042  23.933  -10.278 0.0000000000
110346  -44.381  23.534  -9.783 0.0000000000
110353  -44.373  23.391  -10.785 0.0000000000
109509  -44.643  22.883  -11.043 0.0000000000
110359  -44.098  23.141  -11.226 0.0000000000
111205  -42.064  24.593  -11.851 0.0000000000
111204  -41.545  24.957  -12.170 0.0000000000
111959  -40.972  25.480  -12.489 0.0000000000
115010  -45.015  28.727  -16.489 0.0000000000
115000  -44.632  29.125  -15.494 0.0000000000
114206  -40.038  28.220  -12.144 0.0000000000
114219  -40.139  28.060  -12.994 0.0000000000
113416  -38.744  27.909  -12.149 0.0000000000
114205  -38.366  28.006  -11.763 0.0000000000
113409  -37.993  27.907  -11.468 0.0000000000
114185  -38.686  28.253  -11.260 0.0000000000
114129  -39.501  28.684  -7.149 0.0000000000
114139  -39.087  28.385  -7.636 0.0000000000
107505  -46.598  21.963  6.716 0.0000000000
107504  -45.961  21.882  6.848 0.0000000000
162777  -45.738  22.943  7.763 0.0000000000
108443  -46.117  22.891  7.325 0.0000000000
109335  -46.051  23.004  7.381 0.0000000000
109334  -45.378  23.463  7.054 0.0000000000
110214  -45.671  23.419  7.734 0.0000000000
114945  -54.803  28.982  -9.033 0.0000000000
149855  -54.608  29.048  -9.651 0.0000000000
114975  -53.641  28.981  -11.861 0.0000000000
114960  -53.837  28.506  -11.302 0.0000000000
114974  -53.285  28.303  -12.137 0.0000000000
114216  -52.725  27.743  -12.271 0.0000000000
114973  -52.614  28.233  -12.697 0.0000000000
114972  -52.005  28.268  -13.043 0.0000000000
115720  -52.452  29.029  -12.729 0.0000000000
117143  -52.120  31.404  -12.558 0.0000000000
116404  -51.438  30.553  -12.049 0.0000000000
116403  -50.332  30.941  -11.517 0.0000000000
104790  -52.818  19.087  -9.841 0.0000000000
111799  -39.559  25.208  6.421 0.0000000000
144429  -40.103  25.553  6.441 0.0000000000
111815  -39.746  25.782  5.977 0.0000000000
103634  -52.568  17.853  7.422 0.0000000000
102690  -51.379  17.168  6.412 0.0000000000
102687  -49.130  16.324  6.916 0.0000000000
102688  -49.922  16.598  6.644 0.0000000000
153431  -48.689  16.206  6.294 0.0000000000
102700  -47.781  16.280  5.605 0.0000000000
101792  -48.066  16.072  6.205 0.0000000000
101756  -39.175  15.812  7.529 0.0000000000
102675  -38.984  16.765  7.323 0.0000000000
168169  -38.747  17.349  7.468 0.0000000000
104604  -38.099  18.325  8.661 0.0000000000
103618  -37.795  17.462  8.610 0.0000000000
104593  -36.347  18.732  9.556 0.0000000000
105547  -35.348  19.554  9.615 0.0000000000
106601  -45.499  19.794  -0.214 0.0000000000
105638  -45.942  19.286  -0.669 0.0000000000
105653  -45.605  19.039  -1.311 0.0000000000
104730  -46.167  18.486  -3.907 0.0000000000
104717  -46.700  18.339  -3.300 0.0000000000
104731  -46.971  18.375  -4.042 0.0000000000
104732  -47.854  18.362  -4.216 0.0000000000
104744  -48.060  18.533  -5.037 0.0000000000
104759  -48.309  18.814  -5.736 0.0000000000
104758  -47.497  18.737  -5.570 0.0000000000
105721  -45.491  19.348  -5.678 0.0000000000
105722  -46.129  19.153  -5.916 0.0000000000
105737  -45.693  19.575  -6.455 0.0000000000
163827  -46.105  19.742  -7.036 0.0000000000
106687  -45.675  20.075  -7.106 0.0000000000
113246  -46.935  28.110  6.006 0.0000000000
113263  -46.927  28.058  5.027 0.0000000000
114046  -47.186  28.491  1.707 0.0000000000
114034  -46.597  28.221  1.958 0.0000000000
114045  -46.541  28.290  1.123 0.0000000000
114044  -45.943  27.972  1.383 0.0000000000
114050  -46.599  28.330  0.306 0.0000000000
146866  -47.903  27.747  -7.785 0.0000000000
113369  -47.521  27.518  -7.204 0.0000000000
113384  -47.243  27.848  -7.935 0.0000000000
114153  -44.954  27.847  -8.579 0.0000000000
113367  -45.397  27.507  -7.457 0.0000000000
144460  -44.631  27.465  -7.852 0.0000000000
113351  -44.328  27.055  -7.214 0.0000000000
113366  -43.969  27.065  -7.605 0.0000000000
145147  -43.345  26.238  -7.421 0.0000000000
112664  -43.522  26.705  -7.812 0.0000000000
112672  -42.977  26.341  -8.897 0.0000000000
111943  -42.827  26.134  -9.602 0.0000000000
162107  -42.738  25.941  -10.349 0.0000000000
112687  -42.676  26.212  -10.877 0.0000000000
113418  -42.667  26.810  -12.743 0.0000000000
155379  -42.010  26.028  -13.030 0.0000000000
113426  -42.704  26.881  -14.054 0.0000000000
114966  -45.053  29.394  -11.488 0.0000000000
114981  -44.516  29.187  -12.897 0.0000000000
114965  -44.400  29.209  -11.987 0.0000000000
114956  -42.937  29.047  -10.259 0.0000000000
154361  -43.001  28.982  -11.197 0.0000000000
114189  -42.139  28.636  -10.842 0.0000000000
114188  -41.467  28.436  -10.305 0.0000000000
114169  -41.765  28.562  -9.620 0.0000000000
114942  -41.851  29.127  -8.401 0.0000000000
114152  -41.460  28.604  -8.895 0.0000000000
108477  -49.612  22.559  4.595 0.0000000000
109357  -49.012  22.831  4.661 0.0000000000
109379  -47.772  22.865  3.782 0.0000000000
108491  -47.375  22.545  2.737 0.0000000000
155515  -47.006  22.709  6.667 0.0000000000
109354  -47.160  22.926  6.034 0.0000000000
108488  -44.528  22.075  3.162 0.0000000000
108476  -45.926  22.518  3.984 0.0000000000
144016  -45.896  22.039  2.572 0.0000000000
107557  -45.539  21.709  1.936 0.0000000000
107564  -45.104  21.240  1.357 0.0000000000
107556  -44.627  21.550  1.927 0.0000000000
107561  -42.869  21.746  0.845 0.0000000000
107562  -43.398  21.410  1.099 0.0000000000
151015  -43.112  21.253  0.397 0.0000000000
107595  -43.231  20.659  -0.848 0.0000000000
108537  -42.545  22.027  -0.122 0.0000000000
115611  -52.594  30.507  -0.767 0.0000000000
114866  -51.594  29.962  -0.494 0.0000000000
114867  -51.865  29.869  -1.480 0.0000000000
114094  -53.207  28.791  -4.537 0.0000000000
114093  -51.881  28.719  -4.283 0.0000000000
114104  -50.983  28.324  -4.806 0.0000000000
114117  -51.100  28.054  -5.507 0.0000000000
114160  -54.528  28.274  -8.330 0.0000000000
113361  -53.969  27.989  -7.094 0.0000000000
113390  -53.229  27.638  -8.428 0.0000000000
113388  -50.984  27.787  -8.779 0.0000000000
147233  -51.375  27.594  -8.120 0.0000000000
166172  -50.641  27.745  -8.091 0.0000000000
113357  -50.380  27.609  -6.907 0.0000000000
113372  -49.990  27.695  -7.655 0.0000000000
113386  -49.356  27.885  -8.247 0.0000000000
114194  -48.736  27.977  -11.518 0.0000000000
151894  -47.863  28.069  -11.282 0.0000000000
114192  -46.999  28.184  -10.526 0.0000000000
114210  -47.304  27.991  -11.774 0.0000000000
114222  -47.019  27.688  -12.720 0.0000000000
114223  -48.279  27.416  -13.137 0.0000000000
113431  -49.485  27.423  -15.152 0.0000000000
164835  -49.056  27.394  -15.333 0.0000000000
114247  -49.062  27.813  -15.650 0.0000000000
114246  -48.269  28.151  -15.908 0.0000000000
115004  -48.766  28.507  -15.456 0.0000000000
114970  -50.695  28.869  -13.188 0.0000000000
114968  -48.437  29.450  -12.161 0.0000000000
169750  -47.310  29.259  -12.998 0.0000000000
165708  -46.515  29.336  -12.417 0.0000000000
115705  -46.292  30.252  -10.278 0.0000000000
115695  -45.911  30.471  -9.622 0.0000000000
115694  -45.217  30.296  -9.472 0.0000000000
116387  -46.129  30.993  -9.398 0.0000000000
103817  -47.951  18.098  -10.837 0.0000000000
104808  -46.758  18.300  -11.406 0.0000000000
108406  -41.965  21.979  11.101 0.0000000000
108407  -42.746  22.152  10.896 0.0000000000
108391  -42.564  22.504  11.803 0.0000000000
111021  -43.128  24.835  10.794 0.0000000000
111015  -43.686  24.251  11.989 0.0000000000
111022  -44.451  25.163  11.607 0.0000000000
111777  -45.004  25.925  11.056 0.0000000000
111785  -44.239  26.367  9.929 0.0000000000
111801  -41.409  26.068  7.017 0.0000000000
111792  -41.691  25.783  7.728 0.0000000000
112527  -42.099  26.475  7.427 0.0000000000
113226  -43.783  28.021  7.388 0.0000000000
113216  -43.320  27.505  7.659 0.0000000000
113217  -44.372  27.919  8.288 0.0000000000
113209  -44.791  27.868  8.888 0.0000000000
113964  -45.915  28.328  8.545 0.0000000000
113970  -46.866  28.624  7.519 0.0000000000
114763  -46.670  28.902  7.549 0.0000000000
114787  -47.582  29.638  5.342 0.0000000000
114777  -48.068  29.055  6.129 0.0000000000
114788  -48.602  29.406  5.283 0.0000000000
114790  -49.230  29.695  4.513 0.0000000000
115545  -49.554  29.894  4.118 0.0000000000
164837  -47.028  30.712  -0.150 0.0000000000
115571  -46.353  30.126  1.344 0.0000000000
115555  -46.689  30.144  2.332 0.0000000000
115572  -47.340  30.393  1.789 0.0000000000
117007  -49.869  31.635  0.307 0.0000000000
116267  -49.074  30.900  1.730 0.0000000000
116278  -50.835  31.309  1.497 0.0000000000
116269  -51.103  30.731  2.350 0.0000000000
116270  -51.737  30.970  1.782 0.0000000000
116271  -52.196  31.147  1.437 0.0000000000
117009  -52.028  31.719  0.977 0.0000000000
117075  -51.637  31.659  -2.309 0.0000000000
117055  -52.295  31.593  -1.821 0.0000000000
165621  -52.854  31.184  -3.172 0.0000000000
116340  -53.871  30.660  -3.298 0.0000000000
116347  -52.823  30.832  -3.926 0.0000000000
109387  -55.172  24.003  3.456 0.0000000000
108480  -54.600  22.407  3.830 0.0000000000
108494  -54.390  23.366  3.536 0.0000000000
108493  -52.545  22.630  3.688 0.0000000000
107548  -53.044  21.706  3.670 0.0000000000
105588  -54.998  19.688  6.064 0.0000000000
106531  -55.440  20.147  6.503 0.0000000000
106542  -55.500  20.373  5.768 0.0000000000
106543  -55.936  20.719  6.249 0.0000000000
106550  -55.306  20.519  5.092 0.0000000000
106549  -54.621  20.153  4.680 0.0000000000
149908  -52.149  19.978  3.714 0.0000000000
106563  -52.902  20.071  3.738 0.0000000000
158169  -52.066  20.755  3.815 0.0000000000
107539  -51.670  21.191  4.030 0.0000000000
107537  -50.437  21.484  4.459 0.0000000000
155990  -50.612  20.646  4.065 0.0000000000
166543  -49.442  20.370  3.951 0.0000000000
106558  -48.817  20.377  4.009 0.0000000000
160335  -48.255  19.729  3.706 0.0000000000
103666  -49.633  17.093  4.635 0.0000000000
161435  -49.949  17.717  4.039 0.0000000000
103678  -49.193  17.633  4.004 0.0000000000
104655  -46.271  18.502  4.052 0.0000000000
104656  -47.278  18.326  3.913 0.0000000000
161204  -46.347  19.304  4.055 0.0000000000
154164  -46.778  19.936  4.154 0.0000000000
106555  -46.174  19.860  4.282 0.0000000000
106547  -45.663  20.217  4.675 0.0000000000
103593  -49.787  18.092  10.794 0.0000000000
102611  -45.889  16.904  12.883 0.0000000000
103576  -46.563  17.143  12.552 0.0000000000
167918  -44.476  15.078  11.426 0.0000000000
162070  -44.795  15.122  10.888 0.0000000000
101718  -46.295  15.817  10.368 0.0000000000
101707  -46.019  15.967  11.043 0.0000000000
102622  -46.834  16.891  11.841 0.0000000000
102633  -47.063  16.667  11.165 0.0000000000
102634  -47.788  16.835  10.787 0.0000000000
171272  -47.701  16.248  9.605 0.0000000000
102644  -48.216  16.773  10.180 0.0000000000
102653  -48.193  16.492  9.551 0.0000000000
102654  -48.871  16.660  9.135 0.0000000000
102665  -48.860  16.477  8.546 0.0000000000
101745  -47.901  16.014  8.416 0.0000000000
101779  -46.089  15.678  6.879 0.0000000000
101789  -45.760  15.932  6.146 0.0000000000
101788  -44.951  15.982  6.099 0.0000000000
106527  -41.062  19.991  6.786 0.0000000000
105578  -41.289  19.542  6.122 0.0000000000
106516  -41.563  20.470  7.112 0.0000000000
107500  -42.259  20.781  7.031 0.0000000000
107490  -41.233  20.776  8.484 0.0000000000
106499  -40.149  20.161  10.201 0.0000000000
106479  -40.656  20.759  10.480 0.0000000000
105549  -38.262  19.134  9.813 0.0000000000
105533  -38.529  19.506  10.628 0.0000000000
106475  -38.038  20.005  10.851 0.0000000000
109290  -38.285  22.609  9.475 0.0000000000
109302  -37.841  22.889  8.637 0.0000000000
143931  -38.428  23.825  7.414 0.0000000000
107660  -56.777  21.721  -5.463 0.0000000000
107649  -56.608  22.017  -4.902 0.0000000000
151519  -54.425  20.388  -4.898 0.0000000000
106663  -55.359  21.048  -5.746 0.0000000000
106678  -55.340  20.890  -6.855 0.0000000000
106677  -54.412  20.348  -6.957 0.0000000000
108504  -49.495  22.923  2.030 0.0000000000
108511  -49.009  22.495  1.442 0.0000000000
107596  -49.182  20.936  -0.016 0.0000000000
107583  -49.563  21.658  0.240 0.0000000000
105656  -48.024  18.974  -1.154 0.0000000000
105641  -48.439  19.430  -0.610 0.0000000000
104697  -48.431  18.644  -1.769 0.0000000000
104722  -50.960  18.447  -3.471 0.0000000000
144870  -50.641  18.544  -2.748 0.0000000000
104711  -51.456  18.737  -2.846 0.0000000000
105684  -52.062  19.133  -2.633 0.0000000000
104723  -52.139  18.945  -3.249 0.0000000000
105697  -52.730  19.220  -3.613 0.0000000000
105709  -52.731  19.136  -4.459 0.0000000000
105745  -52.561  19.596  -6.952 0.0000000000
105758  -53.304  20.203  -7.927 0.0000000000
105759  -54.484  20.687  -8.234 0.0000000000
106699  -53.137  20.459  -8.818 0.0000000000
106714  -52.088  20.759  -10.293 0.0000000000
106727  -51.867  20.890  -11.439 0.0000000000
142652  -52.184  20.757  -11.974 0.0000000000
105754  -49.039  19.600  -7.710 0.0000000000
105755  -49.769  19.632  -7.741 0.0000000000
147667  -48.803  20.455  -10.842 0.0000000000
106725  -49.588  20.487  -10.641 0.0000000000
106740  -50.466  20.682  -12.177 0.0000000000
145033  -49.992  20.314  -12.636 0.0000000000
105800  -49.594  20.039  -12.805 0.0000000000
106751  -49.067  20.152  -12.622 0.0000000000
106749  -47.403  20.216  -11.775 0.0000000000
106753  -47.673  19.835  -12.480 0.0000000000
146930  -46.968  19.863  -11.963 0.0000000000
109304  -44.964  23.119  9.472 0.0000000000
111042  -44.477  25.016  7.576 0.0000000000
169599  -44.018  24.167  6.755 0.0000000000
111073  -43.298  24.637  5.686 0.0000000000
113245  -45.184  27.241  4.933 0.0000000000
112548  -44.718  26.733  6.312 0.0000000000
112580  -44.364  26.713  4.322 0.0000000000
111844  -43.219  25.755  2.155 0.0000000000
111836  -43.239  25.628  4.119 0.0000000000
111840  -42.783  25.007  3.739 0.0000000000
111085  -42.683  24.446  4.228 0.0000000000
160876  -42.678  24.892  3.022 0.0000000000
110248  -42.324  23.717  2.368 0.0000000000
160875  -42.507  24.761  1.878 0.0000000000
111113  -42.652  24.493  -1.086 0.0000000000
110271  -42.359  23.921  -0.557 0.0000000000
110285  -42.580  23.636  -1.396 0.0000000000
171228  -42.531  23.032  -1.302 0.0000000000
110294  -42.951  23.644  -2.140 0.0000000000
114878  -50.143  29.254  -1.672 0.0000000000
114860  -49.029  29.169  -0.448 0.0000000000
114877  -49.398  29.025  -2.050 0.0000000000
114075  -47.407  28.083  -2.844 0.0000000000
114064  -47.342  28.295  -1.997 0.0000000000
114063  -46.490  28.029  -1.765 0.0000000000
113308  -46.720  27.862  -2.520 0.0000000000
113339  -46.957  27.037  -6.025 0.0000000000
143794  -47.511  27.102  -5.421 0.0000000000
112646  -46.812  26.784  -5.218 0.0000000000
150508  -45.377  25.679  -4.109 0.0000000000
163228  -46.200  26.497  -3.898 0.0000000000
112626  -45.750  26.134  -3.674 0.0000000000
112619  -45.472  26.383  -2.990 0.0000000000
111870  -44.905  26.062  -2.672 0.0000000000
111869  -44.315  25.766  -2.329 0.0000000000
111880  -44.643  25.433  -3.024 0.0000000000
110310  -43.956  23.615  -4.428 0.0000000000
110303  -43.790  23.421  -3.737 0.0000000000
109459  -43.545  22.529  -3.557 0.0000000000
155122  -43.711  22.167  -4.359 0.0000000000
107656  -43.786  21.380  -4.393 0.0000000000
108589  -43.867  21.892  -5.027 0.0000000000
108602  -44.237  22.225  -6.878 0.0000000000
149196  -44.446  21.621  -6.839 0.0000000000
107682  -44.814  21.323  -7.382 0.0000000000
108609  -45.060  21.666  -8.132 0.0000000000
168746  -43.477  24.144  -7.274 0.0000000000
110332  -43.603  24.050  -8.129 0.0000000000
108623  -45.177  22.588  -9.772 0.0000000000
108616  -45.419  21.922  -9.103 0.0000000000
107695  -45.981  21.518  -10.388 0.0000000000
108635  -45.172  21.917  -11.154 0.0000000000
106747  -45.543  20.597  -11.159 0.0000000000
106746  -44.930  20.836  -11.139 0.0000000000
111206  -42.634  24.202  -11.489 0.0000000000
110351  -42.773  23.590  -11.222 0.0000000000
113428  -45.650  27.520  -13.763 0.0000000000
113438  -45.792  27.486  -15.484 0.0000000000
113445  -43.614  27.851  -17.236 0.0000000000
113436  -43.308  27.394  -16.471 0.0000000000
143010  -42.895  27.725  -16.880 0.0000000000
113444  -42.324  27.069  -16.019 0.0000000000
114253  -42.105  27.653  -16.384 0.0000000000
114989  -42.817  28.873  -13.622 0.0000000000
114233  -42.006  28.712  -14.653 0.0000000000
114231  -40.544  27.955  -13.912 0.0000000000
113425  -40.654  27.591  -14.102 0.0000000000
113434  -41.100  27.231  -14.842 0.0000000000
111958  -40.350  26.218  -12.649 0.0000000000
112697  -39.575  26.851  -12.354 0.0000000000
112686  -39.241  26.117  -10.486 0.0000000000
154833  -40.085  25.484  -9.360 0.0000000000
111940  -39.345  25.853  -9.492 0.0000000000
170267  -38.772  26.111  -9.332 0.0000000000
164236  -37.296  27.263  -10.544 0.0000000000
112678  -37.420  26.782  -10.046 0.0000000000
112669  -36.499  26.937  -9.783 0.0000000000
114166  -38.495  28.301  -10.083 0.0000000000
146486  -38.575  28.243  -9.321 0.0000000000
114147  -37.067  28.163  -9.055 0.0000000000
114164  -36.992  28.174  -9.966 0.0000000000
117108  -43.078  31.639  -7.770 0.0000000000
117107  -42.531  31.630  -7.490 0.0000000000
116357  -41.451  31.117  -7.084 0.0000000000
115662  -40.721  30.197  -6.904 0.0000000000
107503  -45.017  21.564  6.829 0.0000000000
107494  -44.747  21.828  7.424 0.0000000000
108442  -45.304  22.456  8.016 0.0000000000
109322  -45.437  23.186  8.562 0.0000000000
115698  -54.321  29.506  -10.118 0.0000000000
115722  -53.709  29.997  -11.741 0.0000000000
149687  -52.679  29.848  -12.425 0.0000000000
116406  -53.185  30.496  -12.306 0.0000000000
116412  -52.883  31.407  -12.645 0.0000000000
117149  -52.568  32.017  -12.832 0.0000000000
105770  -53.445  20.215  -10.817 0.0000000000
166948  -38.622  26.220  5.071 0.0000000000
111829  -39.256  26.132  5.401 0.0000000000
103621  -51.923  17.934  8.511 0.0000000000
151136  -51.897  17.637  7.874 0.0000000000
102679  -51.147  17.062  7.012 0.0000000000
103632  -51.238  17.247  7.659 0.0000000000
161522  -49.739  16.559  7.358 0.0000000000
102663  -37.935  16.560  8.413 0.0000000000
102662  -37.329  16.715  9.014 0.0000000000
109397  -52.263  23.574  2.399 0.0000000000
109396  -51.526  23.510  2.336 0.0000000000
109404  -50.937  23.264  1.663 0.0000000000
152901  -50.449  22.825  1.098 0.0000000000
105636  -44.358  19.740  -1.022 0.0000000000
152839  -45.342  18.915  -1.987 0.0000000000
105670  -44.681  19.255  -2.221 0.0000000000
105671  -45.180  18.860  -2.694 0.0000000000
104729  -45.528  18.717  -3.862 0.0000000000
165130  -46.135  18.710  -4.942 0.0000000000
104742  -45.728  18.730  -4.561 0.0000000000
105706  -45.287  19.202  -5.000 0.0000000000
105720  -45.018  19.607  -5.405 0.0000000000
114016  -48.138  28.513  4.153 0.0000000000
114015  -47.332  28.171  4.297 0.0000000000
114035  -47.969  28.580  3.228 0.0000000000
114817  -47.905  28.738  2.405 0.0000000000
114848  -47.802  28.913  0.808 0.0000000000
168163  -46.698  28.197  -9.138 0.0000000000
114155  -46.165  28.114  -8.847 0.0000000000
114171  -44.908  27.979  -9.246 0.0000000000
113381  -44.320  27.630  -8.755 0.0000000000
113397  -43.624  27.291  -9.025 0.0000000000
113396  -43.367  27.240  -9.958 0.0000000000
113405  -42.918  26.853  -10.732 0.0000000000
153908  -43.385  27.329  -10.899 0.0000000000
113412  -43.476  27.377  -11.902 0.0000000000
114958  -44.440  29.568  -10.444 0.0000000000
114950  -42.795  29.193  -9.416 0.0000000000
114943  -42.535  29.407  -8.670 0.0000000000
114936  -42.201  29.711  -8.054 0.0000000000
109356  -48.611  22.680  5.348 0.0000000000
109366  -47.980  22.942  5.124 0.0000000000
109364  -45.563  22.703  4.690 0.0000000000
108500  -44.148  21.821  2.500 0.0000000000
108499  -43.394  22.041  2.331 0.0000000000
108498  -42.861  22.349  2.188 0.0000000000
149130  -42.538  22.551  1.684 0.0000000000
115634  -54.104  30.127  -2.964 0.0000000000
114881  -53.069  29.911  -2.639 0.0000000000
114906  -54.032  29.537  -3.644 0.0000000000
114106  -54.216  28.851  -4.961 0.0000000000
114119  -53.590  28.359  -5.442 0.0000000000
113400  -52.639  27.548  -9.707 0.0000000000
165581  -52.672  27.542  -8.889 0.0000000000
113399  -51.604  27.657  -9.760 0.0000000000
114159  -50.581  27.972  -9.480 0.0000000000
114158  -49.681  28.095  -9.150 0.0000000000
114224  -49.569  27.289  -13.634 0.0000000000
114238  -49.988  27.497  -14.484 0.0000000000
114995  -49.992  28.379  -14.408 0.0000000000
115717  -49.628  29.636  -11.813 0.0000000000
115715  -47.621  29.938  -11.235 0.0000000000
115714  -46.723  29.951  -11.024 0.0000000000
116396  -47.278  30.744  -10.333 0.0000000000
116388  -46.842  31.237  -9.860 0.0000000000
103806  -48.753  18.167  -10.508 0.0000000000
104810  -48.427  18.587  -11.632 0.0000000000
109282  -41.488  22.486  11.406 0.0000000000
109283  -42.364  22.813  11.851 0.0000000000
110162  -41.608  23.095  11.281 0.0000000000
110170  -41.744  23.825  10.672 0.0000000000
111031  -42.526  25.200  9.575 0.0000000000
113224  -42.274  27.240  6.400 0.0000000000
112538  -42.517  27.090  7.141 0.0000000000
168320  -43.900  28.398  6.341 0.0000000000
113976  -44.788  28.789  6.727 0.0000000000
114769  -45.726  29.123  6.795 0.0000000000
153218  -45.803  29.247  6.107 0.0000000000
143768  -46.056  29.525  4.815 0.0000000000
115536  -47.974  29.989  4.585 0.0000000000
116275  -47.682  30.842  0.236 0.0000000000
116266  -47.963  30.724  1.234 0.0000000000
116289  -48.308  31.214  -0.263 0.0000000000
117017  -51.478  31.910  0.120 0.0000000000
117029  -51.119  32.027  -0.949 0.0000000000
117054  -51.116  31.944  -1.787 0.0000000000
109370  -55.884  24.064  3.824 0.0000000000
108482  -56.285  23.534  4.257 0.0000000000
171409  -55.502  22.588  4.076 0.0000000000
107543  -55.241  21.826  4.209 0.0000000000
158925  -54.471  19.259  5.677 0.0000000000
105598  -54.280  19.435  4.946 0.0000000000
105610  -53.933  19.770  4.286 0.0000000000
105597  -53.614  19.095  4.559 0.0000000000
105608  -52.574  19.362  3.854 0.0000000000
156730  -51.409  19.472  3.717 0.0000000000
106560  -50.713  19.761  3.735 0.0000000000
105605  -50.088  19.168  3.615 0.0000000000
104659  -49.589  18.422  3.635 0.0000000000
103664  -47.935  17.063  4.550 0.0000000000
103677  -48.383  17.602  4.046 0.0000000000
103675  -46.741  17.794  4.203 0.0000000000
104654  -45.586  18.360  4.155 0.0000000000
105596  -45.045  19.482  4.360 0.0000000000
105602  -44.997  18.730  4.174 0.0000000000
100852  -43.851  14.362  9.778 0.0000000000
100853  -44.457  14.730  10.192 0.0000000000
100854  -45.170  15.079  10.028 0.0000000000
101719  -46.951  16.100  10.202 0.0000000000
101730  -46.617  15.735  9.660 0.0000000000
160960  -47.095  15.829  9.191 0.0000000000
101744  -47.238  15.792  8.527 0.0000000000
154674  -46.505  15.541  8.161 0.0000000000
101764  -46.090  15.512  7.609 0.0000000000
104631  -40.697  18.392  6.097 0.0000000000
105577  -40.604  19.227  6.494 0.0000000000
105569  -40.354  19.843  7.274 0.0000000000
106508  -40.680  20.461  8.643 0.0000000000
164315  -40.287  20.142  8.043 0.0000000000
106507  -40.011  20.042  9.019 0.0000000000
105550  -39.628  19.625  10.097 0.0000000000
106653  -54.380  20.563  -4.061 0.0000000000
146148  -48.262  22.282  1.478 0.0000000000
153680  -48.650  22.090  0.979 0.0000000000
108510  -48.044  21.856  0.877 0.0000000000
106605  -48.836  20.116  -0.249 0.0000000000
104720  -48.945  18.320  -3.301 0.0000000000
104709  -48.872  18.409  -2.547 0.0000000000
104735  -50.453  18.385  -4.057 0.0000000000
104748  -51.515  18.692  -4.992 0.0000000000
105708  -52.254  19.004  -5.125 0.0000000000
105728  -51.784  19.026  -5.704 0.0000000000
144354  -51.989  19.290  -6.348 0.0000000000
105756  -51.475  19.850  -7.879 0.0000000000
105769  -51.251  20.216  -8.843 0.0000000000
105766  -48.610  19.882  -8.333 0.0000000000
106724  -48.694  20.328  -9.934 0.0000000000
106738  -48.319  20.399  -11.632 0.0000000000
106737  -47.383  20.551  -10.827 0.0000000000
107715  -46.771  20.641  -11.068 0.0000000000
111023  -45.491  25.330  11.316 0.0000000000
110173  -45.552  24.896  10.529 0.0000000000
153429  -45.497  25.111  9.729 0.0000000000
111794  -45.134  25.805  8.356 0.0000000000
112539  -44.422  25.488  7.305 0.0000000000
155155  -44.569  26.967  2.797 0.0000000000
112588  -44.402  26.766  3.508 0.0000000000
112591  -44.215  26.718  2.163 0.0000000000
112593  -43.696  26.307  1.778 0.0000000000
111847  -43.225  25.823  1.299 0.0000000000
111097  -42.481  24.763  1.224 0.0000000000
111850  -43.236  25.846  0.470 0.0000000000
111855  -42.873  25.219  -0.755 0.0000000000
111114  -43.109  25.044  -1.538 0.0000000000
114078  -49.697  28.632  -3.420 0.0000000000
114891  -49.488  28.818  -2.746 0.0000000000
114077  -48.909  28.438  -3.254 0.0000000000
114089  -48.331  28.042  -3.805 0.0000000000
113318  -47.607  27.841  -3.581 0.0000000000
112654  -45.412  26.768  -6.336 0.0000000000
112644  -45.474  26.235  -5.569 0.0000000000
111899  -45.457  25.854  -4.844 0.0000000000
111890  -44.883  25.209  -3.771 0.0000000000
111148  -44.493  24.717  -4.169 0.0000000000
111157  -44.172  24.243  -4.581 0.0000000000
109471  -43.794  23.193  -5.117 0.0000000000
108594  -43.888  22.470  -5.633 0.0000000000
109477  -43.764  23.316  -6.016 0.0000000000
109484  -44.120  22.729  -7.231 0.0000000000
110339  -43.855  24.019  -9.211 0.0000000000
109503  -45.164  22.600  -10.759 0.0000000000
109510  -44.953  22.445  -11.228 0.0000000000
108628  -44.722  22.109  -11.266 0.0000000000
107703  -44.744  21.493  -11.251 0.0000000000
108634  -44.125  22.523  -11.263 0.0000000000
113447  -46.215  27.902  -16.206 0.0000000000
145565  -45.080  27.810  -16.585 0.0000000000
114256  -45.342  28.126  -16.609 0.0000000000
114255  -44.303  28.188  -17.117 0.0000000000
114254  -43.451  28.156  -17.166 0.0000000000
114232  -41.440  28.422  -14.222 0.0000000000
143080  -40.976  28.286  -13.360 0.0000000000
113424  -39.897  27.849  -13.059 0.0000000000
113417  -39.281  27.694  -12.564 0.0000000000
112692  -38.853  27.492  -12.033 0.0000000000
112679  -38.468  26.397  -10.003 0.0000000000
112684  -37.682  27.485  -11.012 0.0000000000
113404  -37.541  27.952  -11.009 0.0000000000
114150  -39.889  28.354  -8.387 0.0000000000
114149  -39.036  28.254  -8.429 0.0000000000
114137  -37.076  28.042  -8.074 0.0000000000
114127  -37.890  28.276  -7.143 0.0000000000
107517  -47.036  21.940  6.315 0.0000000000
108459  -47.569  22.420  6.458 0.0000000000
108458  -47.140  22.514  6.728 0.0000000000
109344  -46.603  22.710  6.916 0.0000000000
109342  -44.746  23.238  6.058 0.0000000000
109341  -43.829  23.238  5.559 0.0000000000
114930  -54.945  28.894  -6.273 0.0000000000
155842  -54.946  28.919  -7.161 0.0000000000
114161  -54.767  28.532  -8.719 0.0000000000
114181  -54.232  28.154  -9.309 0.0000000000
148970  -54.347  28.789  -10.358 0.0000000000
114199  -54.019  28.308  -10.372 0.0000000000
114180  -53.502  27.772  -10.259 0.0000000000
164874  -51.609  27.593  -12.804 0.0000000000
114227  -51.559  27.900  -13.128 0.0000000000
153999  -52.082  29.903  -12.371 0.0000000000
117135  -49.390  31.315  -11.206 0.0000000000
117140  -49.159  31.979  -11.117 0.0000000000
104813  -51.359  19.723  -11.980 0.0000000000
111039  -39.871  24.392  7.578 0.0000000000
110197  -40.303  24.201  8.202 0.0000000000
111055  -40.160  25.058  6.988 0.0000000000
111800  -40.689  25.734  6.704 0.0000000000
112536  -41.150  26.340  6.377 0.0000000000
112545  -40.098  26.320  5.548 0.0000000000
112546  -40.888  26.541  5.732 0.0000000000
112547  -41.613  26.858  6.020 0.0000000000
103654  -53.005  17.898  6.051 0.0000000000
103653  -52.379  17.644  5.807 0.0000000000
103668  -51.482  17.598  4.826 0.0000000000
103652  -51.632  17.387  5.630 0.0000000000
102714  -50.390  17.021  5.123 0.0000000000
102713  -49.715  16.752  5.337 0.0000000000
102689  -50.683  16.847  6.511 0.0000000000
102702  -50.160  16.743  5.886 0.0000000000
161405  -49.035  16.681  5.177 0.0000000000
102712  -48.257  16.641  5.083 0.0000000000
102711  -47.468  16.637  5.069 0.0000000000
102709  -45.915  16.726  5.131 0.0000000000
100838  -43.536  14.602  11.832 0.0000000000
99902  -42.711  13.894  10.946 0.0000000000
99915  -43.202  14.079  10.256 0.0000000000
99929  -42.389  13.933  9.506 0.0000000000
104618  -39.036  18.416  7.586 0.0000000000
105567  -39.060  19.011  8.163 0.0000000000
104605  -38.559  18.426  8.127 0.0000000000
171824  -38.064  18.731  9.230 0.0000000000
162714  -37.594  18.898  9.536 0.0000000000
104594  -36.956  18.342  9.425 0.0000000000
156174  -36.931  19.128  9.693 0.0000000000
156863  -36.931  19.695  10.054 0.0000000000
106588  -46.748  20.400  0.275 0.0000000000
106602  -46.338  19.738  -0.127 0.0000000000
105655  -47.209  18.918  -1.148 0.0000000000
104696  -47.614  18.661  -1.716 0.0000000000
104694  -46.063  18.673  -1.831 0.0000000000
104707  -47.251  18.483  -2.204 0.0000000000
104719  -48.186  18.324  -3.152 0.0000000000
104733  -48.620  18.329  -3.902 0.0000000000
104745  -49.186  18.410  -4.590 0.0000000000
105725  -49.046  18.888  -5.883 0.0000000000
155187  -48.528  19.140  -6.393 0.0000000000
105740  -47.964  19.345  -6.922 0.0000000000
105723  -46.908  19.062  -6.088 0.0000000000
105739  -47.168  19.345  -6.771 0.0000000000
105752  -47.467  19.594  -7.458 0.0000000000
106697  -46.977  19.964  -7.940 0.0000000000
106708  -46.578  20.341  -8.399 0.0000000000
112541  -46.203  27.748  8.324 0.0000000000
113227  -45.978  27.558  7.060 0.0000000000
170746  -46.130  27.681  5.192 0.0000000000
113262  -45.744  27.479  4.258 0.0000000000
113280  -46.428  27.864  3.503 0.0000000000
113279  -45.790  27.529  3.460 0.0000000000
149042  -45.253  27.356  2.816 0.0000000000
113293  -45.387  27.562  1.642 0.0000000000
113296  -45.348  27.632  0.791 0.0000000000
156290  -45.387  27.624  -0.174 0.0000000000
113356  -48.941  27.498  -6.695 0.0000000000
113340  -48.174  27.343  -5.642 0.0000000000
113355  -48.152  27.367  -6.474 0.0000000000
167041  -47.421  27.273  -6.523 0.0000000000
144538  -46.700  27.352  -6.858 0.0000000000
113368  -46.107  27.617  -7.466 0.0000000000
142851  -45.794  27.286  -6.902 0.0000000000
112653  -44.494  26.704  -6.674 0.0000000000
111919  -43.955  26.203  -6.424 0.0000000000
111918  -43.498  25.963  -6.851 0.0000000000
111171  -43.394  25.311  -6.750 0.0000000000
111929  -43.207  25.664  -7.450 0.0000000000
111176  -43.074  25.331  -8.307 0.0000000000
112673  -43.315  26.801  -8.536 0.0000000000
111184  -43.131  25.054  -9.190 0.0000000000
111200  -43.551  24.191  -10.892 0.0000000000
111199  -42.970  24.443  -11.345 0.0000000000
112694  -42.417  25.663  -11.772 0.0000000000
171495  -42.670  26.472  -11.395 0.0000000000
111961  -41.832  25.442  -12.486 0.0000000000
111965  -41.616  25.901  -13.503 0.0000000000
114991  -45.189  29.207  -13.875 0.0000000000
114979  -42.971  28.928  -12.288 0.0000000000
145131  -43.709  29.136  -11.608 0.0000000000
148658  -41.598  28.458  -12.074 0.0000000000
158671  -40.119  28.268  -11.355 0.0000000000
114186  -39.668  28.268  -10.873 0.0000000000
114187  -40.628  28.292  -10.508 0.0000000000
114167  -40.140  28.251  -9.845 0.0000000000
114151  -40.560  28.370  -8.808 0.0000000000
114141  -40.431  28.623  -7.945 0.0000000000
114933  -40.165  28.892  -7.348 0.0000000000
109394  -50.077  23.204  2.764 0.0000000000
109382  -49.820  23.065  3.468 0.0000000000
109392  -48.816  22.966  3.130 0.0000000000
109380  -48.605  23.029  3.832 0.0000000000
155534  -47.807  22.443  2.101 0.0000000000
108508  -46.762  21.883  1.500 0.0000000000
156632  -47.321  22.960  5.258 0.0000000000
109378  -46.949  22.779  4.160 0.0000000000
144963  -46.655  22.269  2.603 0.0000000000
108502  -46.342  21.960  1.959 0.0000000000
107578  -45.537  20.861  0.782 0.0000000000
106586  -45.070  20.313  0.260 0.0000000000
106600  -44.673  19.960  -0.361 0.0000000000
107563  -44.184  21.200  1.289 0.0000000000
144270  -43.795  20.947  0.592 0.0000000000
106599  -43.890  20.236  -0.574 0.0000000000
106618  -43.715  20.168  -1.292 0.0000000000
107611  -43.223  20.680  -1.602 0.0000000000
107624  -43.329  20.769  -2.328 0.0000000000
115586  -51.210  30.142  1.613 0.0000000000
114851  -50.342  29.671  0.856 0.0000000000
114852  -50.979  29.862  0.371 0.0000000000
149868  -50.955  29.497  -1.348 0.0000000000
114879  -50.919  29.329  -2.149 0.0000000000
114894  -52.539  29.448  -2.973 0.0000000000
114893  -51.294  29.220  -2.929 0.0000000000
114892  -50.292  29.019  -2.877 0.0000000000
114092  -50.803  28.583  -4.185 0.0000000000
114103  -50.102  28.189  -4.749 0.0000000000
113342  -50.189  27.781  -5.819 0.0000000000
114132  -54.702  28.426  -6.530 0.0000000000
114131  -53.867  28.135  -6.261 0.0000000000
114130  -52.744  27.975  -6.115 0.0000000000
113389  -52.296  27.502  -8.205 0.0000000000
113374  -51.927  27.516  -7.374 0.0000000000
113344  -51.674  27.847  -6.109 0.0000000000
113343  -50.733  27.704  -6.239 0.0000000000
167933  -50.067  27.608  -6.388 0.0000000000
142942  -49.536  27.564  -6.157 0.0000000000
113371  -49.117  27.638  -7.465 0.0000000000
113385  -48.550  27.794  -8.013 0.0000000000
114156  -47.848  28.029  -8.565 0.0000000000
114175  -48.290  28.190  -9.579 0.0000000000
114174  -47.282  28.198  -9.470 0.0000000000
151264  -46.414  28.137  -11.021 0.0000000000
114209  -45.350  27.981  -11.729 0.0000000000
114235  -46.714  27.453  -13.667 0.0000000000
113429  -47.435  27.288  -14.835 0.0000000000
113430  -48.422  27.251  -15.131 0.0000000000
115012  -47.190  28.264  -15.999 0.0000000000
115002  -46.782  28.819  -15.637 0.0000000000
114992  -46.264  29.163  -14.384 0.0000000000
114226  -50.820  27.997  -13.496 0.0000000000
114239  -50.380  27.887  -14.101 0.0000000000
114969  -49.665  29.325  -12.529 0.0000000000
114985  -49.489  29.094  -13.509 0.0000000000
114994  -49.197  28.860  -14.567 0.0000000000
114993  -47.970  29.081  -14.398 0.0000000000
114983  -45.893  29.241  -12.981 0.0000000000
114967  -45.764  29.412  -11.921 0.0000000000
115713  -45.799  29.797  -10.993 0.0000000000
114959  -44.998  29.703  -10.689 0.0000000000
115685  -44.912  30.501  -8.900 0.0000000000
108426  -43.027  21.947  9.479 0.0000000000
108427  -44.062  22.344  9.184 0.0000000000
108408  -43.498  22.420  10.297 0.0000000000
109285  -44.508  23.521  11.523 0.0000000000
109284  -43.225  23.096  12.211 0.0000000000
110164  -43.910  23.686  12.287 0.0000000000
110165  -44.589  24.102  12.030 0.0000000000
111772  -45.230  25.303  11.635 0.0000000000
111778  -45.473  25.927  10.841 0.0000000000
113206  -45.782  27.365  9.512 0.0000000000
111041  -41.292  25.068  8.083 0.0000000000
111783  -42.040  25.484  8.565 0.0000000000
111784  -42.987  25.941  9.192 0.0000000000
112528  -42.886  26.904  7.936 0.0000000000
112518  -43.443  26.676  8.863 0.0000000000
112519  -44.628  27.099  9.492 0.0000000000
112520  -45.585  27.284  9.643 0.0000000000
113211  -45.880  27.777  9.209 0.0000000000
113219  -46.105  28.143  8.496 0.0000000000
165317  -47.216  28.609  7.257 0.0000000000
113977  -47.629  28.638  6.829 0.0000000000
114770  -46.755  29.150  6.916 0.0000000000
113978  -48.070  28.713  6.366 0.0000000000
113986  -48.559  28.738  5.798 0.0000000000
114789  -49.102  29.496  4.778 0.0000000000
114801  -49.387  29.584  4.236 0.0000000000
114819  -50.055  29.950  3.154 0.0000000000
114816  -46.068  29.878  2.866 0.0000000000
115543  -47.175  30.158  3.426 0.0000000000
147530  -48.635  30.605  2.532 0.0000000000
159347  -48.910  30.296  3.510 0.0000000000
115558  -49.944  30.140  3.285 0.0000000000
115559  -50.281  30.283  2.967 0.0000000000
115573  -51.131  30.289  2.432 0.0000000000
115587  -51.798  30.349  1.307 0.0000000000
115589  -52.517  30.856  0.593 0.0000000000
115612  -52.806  30.856  -1.340 0.0000000000
117031  -52.540  31.568  -0.553 0.0000000000
116305  -52.721  31.258  -1.144 0.0000000000
115624  -53.405  30.620  -2.405 0.0000000000
116331  -53.734  30.607  -2.825 0.0000000000
115642  -54.220  30.133  -3.902 0.0000000000
151477  -53.968  30.157  -5.580 0.0000000000
143123  -52.969  30.377  -4.774 0.0000000000
109386  -53.850  23.449  3.200 0.0000000000
109385  -52.732  23.348  3.192 0.0000000000
109384  -52.023  23.306  3.256 0.0000000000
108492  -51.148  22.650  3.934 0.0000000000
106565  -55.064  21.006  4.494 0.0000000000
107542  -54.595  21.458  4.015 0.0000000000
162736  -53.501  20.130  3.922 0.0000000000
107541  -53.350  20.788  3.719 0.0000000000
107540  -52.204  21.662  3.901 0.0000000000
108479  -51.487  21.890  4.141 0.0000000000
108478  -50.843  22.011  4.312 0.0000000000
107530  -49.708  21.775  4.663 0.0000000000
107529  -49.140  21.619  4.867 0.0000000000
107535  -48.699  21.075  4.637 0.0000000000
107534  -48.199  21.159  4.928 0.0000000000
106556  -47.447  20.757  4.685 0.0000000000
103679  -50.594  17.797  4.137 0.0000000000
156886  -48.383  18.980  3.598 0.0000000000
104657  -48.012  18.305  3.765 0.0000000000
161152  -47.488  19.881  3.920 0.0000000000
107527  -47.193  21.328  5.548 0.0000000000
107526  -46.311  21.096  5.485 0.0000000000
107514  -44.248  21.033  6.123 0.0000000000
107501  -43.199  21.106  6.996 0.0000000000
103604  -50.364  17.979  10.103 0.0000000000
103560  -46.570  18.027  13.650 0.0000000000
104547  -47.246  18.297  13.295 0.0000000000
103568  -47.597  17.967  12.614 0.0000000000
100839  -44.159  15.084  11.959 0.0000000000
101705  -44.762  15.407  11.669 0.0000000000
101693  -45.142  15.910  12.055 0.0000000000
101694  -45.767  16.183  11.730 0.0000000000
102621  -46.169  16.652  12.142 0.0000000000
103577  -47.228  17.412  12.226 0.0000000000
103578  -47.912  17.672  11.928 0.0000000000
103579  -48.580  17.942  11.637 0.0000000000
103592  -48.936  17.716  11.002 0.0000000000
103602  -48.549  17.208  10.571 0.0000000000
145831  -49.247  17.507  10.364 0.0000000000
103603  -49.815  17.677  10.130 0.0000000000
171127  -49.517  17.336  9.840 0.0000000000
144545  -50.127  17.502  9.521 0.0000000000
102655  -49.414  16.722  8.634 0.0000000000
102677  -49.181  16.444  7.892 0.0000000000
101767  -48.635  16.192  7.505 0.0000000000
167012  -47.595  15.859  8.082 0.0000000000
101766  -47.987  15.973  7.658 0.0000000000
101781  -47.648  15.902  6.863 0.0000000000
101791  -47.332  15.973  6.153 0.0000000000
102698  -46.233  16.266  5.595 0.0000000000
162491  -45.273  16.768  5.149 0.0000000000
100895  -44.325  15.038  7.854 0.0000000000
101761  -43.995  15.299  7.235 0.0000000000
101777  -44.465  15.650  6.681 0.0000000000
101786  -43.376  15.990  6.078 0.0000000000
101787  -44.144  16.001  6.068 0.0000000000
102696  -44.630  16.507  5.465 0.0000000000
102708  -44.802  17.146  4.838 0.0000000000
107492  -42.736  21.215  7.761 0.0000000000
107483  -42.466  21.403  8.709 0.0000000000
107465  -41.420  21.329  10.415 0.0000000000
107481  -41.062  20.824  9.424 0.0000000000
107441  -41.423  21.799  11.102 0.0000000000
109292  -39.928  22.661  10.415 0.0000000000
110180  -39.828  23.248  9.361 0.0000000000
154603  -38.979  19.296  9.974 0.0000000000
105534  -39.298  19.596  10.786 0.0000000000
150087  -38.744  22.176  10.381 0.0000000000
109291  -39.138  22.807  9.676 0.0000000000
110179  -39.236  23.282  8.773 0.0000000000
111038  -39.161  24.060  7.492 0.0000000000
110211  -38.662  24.360  6.892 0.0000000000
111054  -38.864  24.938  6.413 0.0000000000
110209  -37.198  23.956  6.884 0.0000000000
111053  -38.147  24.710  6.416 0.0000000000
111071  -38.345  25.262  5.945 0.0000000000
171199  -56.802  20.984  -6.564 0.0000000000
107659  -56.076  21.659  -5.234 0.0000000000
107667  -56.609  21.091  -6.721 0.0000000000
106689  -56.683  20.801  -7.137 0.0000000000
106703  -56.326  20.566  -7.649 0.0000000000
106702  -55.743  20.539  -8.301 0.0000000000
148191  -55.173  20.530  -9.052 0.0000000000
108521  -50.006  22.246  0.630 0.0000000000
108520  -49.273  22.136  0.816 0.0000000000
107584  -50.345  21.719  0.057 0.0000000000
106604  -47.997  19.955  -0.146 0.0000000000
105642  -49.285  19.522  -0.682 0.0000000000
104698  -49.304  18.659  -1.823 0.0000000000
105660  -51.256  19.358  -1.511 0.0000000000
105661  -51.855  19.605  -1.634 0.0000000000
105686  -53.239  19.680  -3.240 0.0000000000
105698  -53.352  19.559  -4.002 0.0000000000
105710  -53.613  19.664  -4.939 0.0000000000
105729  -53.553  19.667  -5.962 0.0000000000
106701  -54.950  20.878  -9.037 0.0000000000
106716  -54.704  20.555  -9.499 0.0000000000
105778  -54.438  20.517  -9.775 0.0000000000
105777  -53.865  20.514  -10.191 0.0000000000
106729  -53.294  20.730  -10.924 0.0000000000
162754  -53.034  20.900  -10.602 0.0000000000
105776  -52.838  20.328  -11.496 0.0000000000
105786  -52.509  20.664  -11.831 0.0000000000
105785  -51.710  20.507  -12.177 0.0000000000
105784  -50.776  20.075  -12.548 0.0000000000
105768  -50.294  20.064  -8.601 0.0000000000
106712  -49.994  20.315  -9.542 0.0000000000
105796  -50.815  20.374  -12.477 0.0000000000
104822  -49.904  19.622  -12.649 0.0000000000
104821  -48.993  19.312  -12.490 0.0000000000
104820  -48.071  19.089  -12.359 0.0000000000
104826  -47.871  19.525  -12.586 0.0000000000
104819  -47.247  18.909  -12.200 0.0000000000
104818  -46.505  18.825  -11.819 0.0000000000
144368  -45.411  23.574  8.799 0.0000000000
110183  -45.379  24.272  9.338 0.0000000000
110198  -45.280  23.859  8.279 0.0000000000
110213  -44.765  23.882  7.338 0.0000000000
110225  -43.540  23.698  5.687 0.0000000000
109351  -43.258  23.520  5.123 0.0000000000
112540  -45.293  26.807  7.435 0.0000000000
111817  -44.246  25.928  6.637 0.0000000000
112587  -43.712  26.238  3.735 0.0000000000
111830  -43.366  25.577  4.975 0.0000000000
148882  -43.523  25.364  5.798 0.0000000000
111077  -42.926  24.538  4.977 0.0000000000
110233  -42.869  23.925  4.704 0.0000000000
110237  -42.674  23.756  3.948 0.0000000000
110242  -42.508  23.521  3.133 0.0000000000
150713  -42.220  23.264  1.655 0.0000000000
109403  -42.326  22.757  0.990 0.0000000000
159092  -42.236  24.248  0.861 0.0000000000
110259  -42.139  23.542  0.777 0.0000000000
109412  -42.301  22.799  0.132 0.0000000000
108550  -42.593  21.886  -0.819 0.0000000000
108561  -42.707  21.927  -1.581 0.0000000000
160222  -43.194  21.335  -2.545 0.0000000000
145504  -49.524  29.320  0.444 0.0000000000
169958  -48.278  29.039  0.105 0.0000000000
114858  -47.881  28.903  0.120 0.0000000000
114065  -48.208  28.620  -1.850 0.0000000000
114057  -47.820  28.622  -1.205 0.0000000000
166580  -46.764  28.347  -0.451 0.0000000000
114051  -46.090  28.049  -0.296 0.0000000000
113299  -45.744  27.740  -0.826 0.0000000000
113301  -45.174  27.365  -1.075 0.0000000000
113332  -48.025  27.397  -4.948 0.0000000000
113325  -47.827  27.565  -4.280 0.0000000000
113324  -47.143  27.300  -4.014 0.0000000000
112637  -46.620  26.673  -4.421 0.0000000000
113323  -46.565  27.005  -3.643 0.0000000000
113316  -46.323  27.316  -2.926 0.0000000000
112609  -45.708  27.026  -2.609 0.0000000000
113306  -45.403  27.263  -1.898 0.0000000000
167293  -44.351  26.554  -1.406 0.0000000000
111857  -44.001  26.093  -1.641 0.0000000000
111868  -43.695  25.463  -1.950 0.0000000000
111127  -43.506  24.788  -2.232 0.0000000000
111138  -44.327  24.741  -3.364 0.0000000000
165367  -43.859  24.560  -2.812 0.0000000000
159539  -43.420  24.102  -2.532 0.0000000000
109449  -43.195  22.464  -2.745 0.0000000000
108572  -43.314  21.818  -3.018 0.0000000000
107645  -43.689  20.991  -3.814 0.0000000000
107646  -43.936  20.622  -4.259 0.0000000000
107657  -44.093  21.008  -5.107 0.0000000000
106675  -44.600  20.211  -5.503 0.0000000000
106695  -45.639  20.575  -7.751 0.0000000000
106707  -46.077  20.709  -8.471 0.0000000000
109491  -44.348  22.840  -8.136 0.0000000000
109495  -44.136  23.477  -8.650 0.0000000000
107696  -46.346  21.180  -10.077 0.0000000000
107714  -46.352  20.677  -11.167 0.0000000000
107704  -45.641  21.684  -10.912 0.0000000000
106748  -46.262  20.209  -11.371 0.0000000000
110358  -43.571  23.379  -11.325 0.0000000000
110357  -43.022  23.677  -11.372 0.0000000000
109507  -42.977  23.003  -10.843 0.0000000000
166401  -45.031  27.719  -12.576 0.0000000000
113427  -43.689  27.326  -14.387 0.0000000000
113437  -44.507  27.461  -15.966 0.0000000000
112711  -42.049  26.519  -15.039 0.0000000000
112704  -41.753  26.335  -14.499 0.0000000000
111964  -41.526  26.035  -13.892 0.0000000000
114999  -43.605  29.123  -15.418 0.0000000000
114245  -42.916  28.804  -16.473 0.0000000000
114244  -42.116  28.628  -15.925 0.0000000000
114243  -41.466  28.307  -15.277 0.0000000000
167259  -41.912  28.164  -16.124 0.0000000000
164437  -41.338  27.305  -15.356 0.0000000000
112703  -41.098  26.633  -14.230 0.0000000000
111952  -40.869  25.232  -11.703 0.0000000000
111946  -40.031  25.723  -11.062 0.0000000000
112671  -38.203  26.282  -9.252 0.0000000000
160292  -38.358  28.294  -10.789 0.0000000000
114184  -37.733  28.249  -10.761 0.0000000000
114183  -37.158  28.026  -10.573 0.0000000000
113395  -36.623  27.751  -10.173 0.0000000000
114136  -35.927  27.889  -8.370 0.0000000000
117918  -49.249  32.603  -11.173 0.0000000000
117125  -46.843  32.009  -9.768 0.0000000000
117124  -46.303  31.671  -9.312 0.0000000000
116377  -45.641  31.407  -8.826 0.0000000000
116376  -45.137  30.990  -8.701 0.0000000000
116375  -44.576  30.907  -8.478 0.0000000000
146600  -44.608  32.334  -8.145 0.0000000000
116366  -44.210  31.467  -8.135 0.0000000000
116374  -43.888  30.796  -8.313 0.0000000000
115673  -43.159  30.652  -8.177 0.0000000000
115672  -42.452  30.429  -7.920 0.0000000000
116363  -42.039  30.935  -7.434 0.0000000000
115671  -41.778  30.128  -7.610 0.0000000000
115670  -41.118  29.812  -7.345 0.0000000000
114929  -40.466  29.525  -7.097 0.0000000000
100849  -44.104  14.749  11.197 0.0000000000
100883  -45.974  15.341  8.759 0.0000000000
101731  -47.284  16.050  9.649 0.0000000000
101763  -45.498  15.440  7.436 0.0000000000
101765  -47.211  15.766  7.652 0.0000000000
101790  -46.560  15.914  6.147 0.0000000000
102664  -48.338  16.321  8.834 0.0000000000
102710  -46.676  16.673  5.095 0.0000000000
103651  -51.056  17.276  5.208 0.0000000000
104646  -44.463  18.352  4.280 0.0000000000
104660  -50.880  18.292  3.882 0.0000000000
104662  -52.263  18.663  4.036 0.0000000000
104695  -46.838  18.617  -1.737 0.0000000000
104706  -46.521  18.442  -2.474 0.0000000000
104710  -49.864  18.494  -2.512 0.0000000000
104716  -45.812  18.536  -3.146 0.0000000000
104736  -51.683  18.624  -3.682 0.0000000000
104737  -52.248  18.884  -3.884 0.0000000000
104743  -47.233  18.499  -4.804 0.0000000000
104757  -46.587  18.742  -5.337 0.0000000000
104762  -51.023  18.789  -5.603 0.0000000000
105587  -54.576  19.237  6.302 0.0000000000
105604  -46.924  19.052  3.889 0.0000000000
105606  -50.804  18.941  3.652 0.0000000000
105639  -46.775  19.256  -0.591 0.0000000000
105652  -44.846  19.299  -1.495 0.0000000000
105674  -51.666  19.179  -2.126 0.0000000000
105695  -44.564  19.439  -3.702 0.0000000000
105696  -45.033  19.141  -4.252 0.0000000000
105705  -44.752  19.613  -4.861 0.0000000000
105738  -46.403  19.392  -6.611 0.0000000000
105741  -48.748  19.367  -7.063 0.0000000000
105787  -52.972  20.643  -11.415 0.0000000000
105794  -49.434  19.837  -12.879 0.0000000000
105799  -48.438  19.862  -12.766 0.0000000000
106498  -39.794  19.868  10.759 0.0000000000
106538  -41.826  19.650  5.807 0.0000000000
106585  -44.223  20.453  0.113 0.0000000000
106603  -47.171  19.800  -0.098 0.0000000000
106631  -43.671  20.196  -2.029 0.0000000000
106633  -53.090  19.954  -2.529 0.0000000000
106651  -43.809  20.417  -3.538 0.0000000000
106664  -55.988  21.149  -6.608 0.0000000000
106715  -54.368  20.686  -9.756 0.0000000000
107502  -44.085  21.276  6.818 0.0000000000
107566  -46.876  21.577  1.003 0.0000000000
107575  -42.748  21.663  0.266 0.0000000000
107579  -46.385  20.986  0.692 0.0000000000
107594  -42.857  21.299  -0.339 0.0000000000
107623  -42.963  21.272  -1.939 0.0000000000
107634  -43.476  21.008  -3.116 0.0000000000
107669  -56.998  21.513  -5.452 0.0000000000
108389  -41.134  21.998  11.143 0.0000000000
108487  -43.725  22.162  3.026 0.0000000000
108489  -45.428  22.167  3.220 0.0000000000
108507  -43.005  21.946  1.604 0.0000000000
109355  -47.754  22.799  5.899 0.0000000000
109361  -43.045  23.297  4.480 0.0000000000
109368  -49.917  22.795  4.104 0.0000000000
109376  -42.826  22.888  3.133 0.0000000000
109377  -43.348  22.561  3.477 0.0000000000
109425  -42.201  23.497  -0.026 0.0000000000
109439  -42.512  22.537  -1.154 0.0000000000
109448  -42.766  22.810  -1.963 0.0000000000
109465  -43.778  22.911  -4.363 0.0000000000
109483  -43.835  23.166  -6.780 0.0000000000
110163  -43.000  23.430  12.209 0.0000000000
110168  -40.491  23.093  10.175 0.0000000000
110171  -42.593  24.046  11.305 0.0000000000
110195  -38.888  23.543  8.073 0.0000000000
110196  -39.690  23.768  8.315 0.0000000000
110212  -43.564  24.135  6.098 0.0000000000
110260  -42.231  24.101  0.204 0.0000000000
111017  -45.135  24.847  11.803 0.0000000000
111020  -42.087  24.515  10.076 0.0000000000
111029  -40.912  24.450  8.544 0.0000000000
111030  -41.655  24.799  8.973 0.0000000000
111032  -45.516  25.722  9.427 0.0000000000
111040  -40.566  24.741  7.750 0.0000000000
111078  -43.139  25.050  5.200 0.0000000000
111094  -42.429  24.424  2.501 0.0000000000
111102  -42.509  24.646  -0.284 0.0000000000
111137  -43.824  24.053  -3.234 0.0000000000
111158  -44.370  24.753  -4.832 0.0000000000
111841  -43.127  25.594  3.121 0.0000000000
111846  -42.784  25.302  1.636 0.0000000000
111849  -42.783  25.338  0.857 0.0000000000
111852  -42.794  25.308  0.054 0.0000000000
112513  -45.719  26.713  9.941 0.0000000000
112530  -46.022  27.730  8.995 0.0000000000
112565  -44.428  26.698  5.251 0.0000000000
112579  -43.737  26.189  4.661 0.0000000000
112597  -44.210  26.806  0.575 0.0000000000
112603  -44.515  26.918  -0.951 0.0000000000
112604  -44.822  26.907  -1.615 0.0000000000
112608  -45.133  26.695  -2.300 0.0000000000
112635  -45.944  26.151  -4.332 0.0000000000
112683  -37.096  27.758  -10.634 0.0000000000
112691  -38.350  27.425  -11.497 0.0000000000
112709  -41.546  26.685  -15.040 0.0000000000
112717  -41.847  27.102  -15.713 0.0000000000
113210  -45.804  27.795  9.314 0.0000000000
113218  -45.558  28.110  8.871 0.0000000000
113228  -46.587  28.372  7.723 0.0000000000
113234  -43.429  28.073  6.537 0.0000000000
113278  -45.082  27.222  3.467 0.0000000000
113290  -45.968  27.675  2.868 0.0000000000
113292  -44.732  27.243  1.105 0.0000000000
113298  -44.777  27.234  -0.463 0.0000000000
113307  -46.050  27.556  -2.208 0.0000000000
113334  -49.569  27.737  -5.372 0.0000000000
113353  -46.231  27.019  -6.376 0.0000000000
113359  -52.081  27.668  -6.632 0.0000000000
113360  -52.938  27.737  -6.839 0.0000000000
113373  -50.874  27.614  -7.487 0.0000000000
113376  -53.975  27.918  -7.938 0.0000000000
113383  -46.455  27.924  -8.049 0.0000000000
113391  -53.959  27.883  -8.672 0.0000000000
113421  -44.656  27.525  -13.464 0.0000000000
113446  -44.136  27.773  -17.078 0.0000000000
113448  -47.427  27.935  -15.977 0.0000000000
113455  -43.976  27.931  -17.325 0.0000000000
113963  -44.886  28.371  8.063 0.0000000000
113967  -44.273  28.411  7.100 0.0000000000
113969  -46.319  28.560  7.988 0.0000000000
113971  -47.400  28.697  7.105 0.0000000000
113983  -43.886  28.537  5.210 0.0000000000
113985  -48.003  28.535  6.108 0.0000000000
113987  -48.808  28.932  5.457 0.0000000000
113999  -48.518  28.585  5.148 0.0000000000
114000  -48.951  29.008  4.783 0.0000000000
114017  -48.807  29.044  4.203 0.0000000000
114052  -46.293  28.051  -1.026 0.0000000000
114053  -47.277  28.615  0.191 0.0000000000
114054  -47.500  28.625  -0.510 0.0000000000
114076  -48.124  28.247  -3.088 0.0000000000
114079  -50.560  28.849  -3.543 0.0000000000
114105  -51.868  28.380  -4.895 0.0000000000
114107  -54.582  28.803  -4.874 0.0000000000
114121  -54.932  28.739  -6.050 0.0000000000
114133  -54.958  28.654  -6.859 0.0000000000
114143  -54.939  28.625  -7.904 0.0000000000
114154  -45.445  28.027  -8.871 0.0000000000
114173  -46.454  28.212  -9.619 0.0000000000
114176  -49.226  28.200  -9.851 0.0000000000
114212  -49.742  27.463  -12.808 0.0000000000
114252  -41.564  27.755  -15.725 0.0000000000
114257  -46.435  28.127  -16.260 0.0000000000
114762  -45.863  28.956  7.525 0.0000000000
114771  -47.622  28.890  6.798 0.0000000000
114779  -48.881  29.271  5.061 0.0000000000
114802  -49.678  29.925  3.959 0.0000000000
114818  -49.740  29.593  3.489 0.0000000000
114833  -47.834  28.857  1.585 0.0000000000
114849  -48.380  29.077  0.637 0.0000000000
114859  -48.234  28.960  -0.449 0.0000000000
114864  -49.428  29.186  -1.200 0.0000000000
114865  -50.461  29.446  -0.790 0.0000000000
114876  -48.841  28.908  -1.768 0.0000000000
114895  -53.703  29.842  -3.123 0.0000000000
114896  -54.088  30.071  -3.321 0.0000000000
114914  -54.488  29.666  -4.417 0.0000000000
114915  -54.593  29.277  -5.169 0.0000000000
114937  -54.790  29.100  -8.233 0.0000000000
114946  -54.954  28.724  -8.666 0.0000000000
115537  -49.039  29.670  4.726 0.0000000000
115557  -49.662  30.155  3.481 0.0000000000
115574  -51.727  30.714  1.863 0.0000000000
115588  -52.281  30.789  1.181 0.0000000000
115601  -52.455  30.542  0.252 0.0000000000
115602  -52.654  31.011  -0.139 0.0000000000
115635  -54.051  30.252  -3.281 0.0000000000
116259  -50.521  30.393  2.814 0.0000000000
116268  -50.077  30.928  2.114 0.0000000000
116277  -49.517  31.172  1.048 0.0000000000
116279  -52.501  31.174  1.028 0.0000000000
116280  -52.630  31.311  0.467 0.0000000000
116290  -48.996  31.338  0.154 0.0000000000
116291  -52.682  31.288  -0.336 0.0000000000
116329  -50.349  31.514  -3.271 0.0000000000
116391  -54.070  30.221  -10.566 0.0000000000
117001  -52.224  31.405  1.415 0.0000000000
117010  -52.514  31.465  0.972 0.0000000000
117018  -52.196  31.785  0.121 0.0000000000
117027  -49.603  32.052  -1.344 0.0000000000
117053  -50.052  32.031  -2.183 0.0000000000
117056  -52.653  31.458  -1.321 0.0000000000
117073  -49.933  31.862  -2.795 0.0000000000
144678  -46.915  28.155  3.047 0.0000000000
144921  -39.534  28.024  -12.575 0.0000000000
145505  -48.753  29.144  0.210 0.0000000000
145848  -49.316  16.477  5.965 0.0000000000
146539  -48.509  18.403  -4.575 0.0000000000
146579  -49.476  18.348  -3.091 0.0000000000
147428  -46.549  27.368  -14.691 0.0000000000
148267  -53.295  23.417  3.067 0.0000000000
149316  -46.044  27.642  5.980 0.0000000000
149691  -52.557  31.287  -2.577 0.0000000000
149778  -56.238  21.369  5.729 0.0000000000
150408  -50.747  17.499  8.914 0.0000000000
150571  -47.211  16.449  10.611 0.0000000000
150871  -44.094  28.549  5.898 0.0000000000
151669  -49.254  19.191  -6.579 0.0000000000
153173  -56.352  21.421  -6.030 0.0000000000
155148  -44.998  23.615  10.502 0.0000000000
155680  -51.718  31.614  1.219 0.0000000000
155952  -38.523  25.801  5.488 0.0000000000
156187  -54.047  30.173  -4.670 0.0000000000
156702  -47.157  29.054  -14.800 0.0000000000
157520  -46.254  22.977  5.537 0.0000000000
158965  -44.137  21.965  -6.261 0.0000000000
159724  -42.419  22.463  -0.528 0.0000000000
160377  -47.864  27.473  -15.582 0.0000000000
160712  -55.259  20.731  -8.747 0.0000000000
162120  -45.478  27.520  2.308 0.0000000000
164110  -51.238  18.492  -4.238 0.0000000000
164807  -49.955  29.959  3.781 0.0000000000
165288  -47.934  28.377  -2.465 0.0000000000
165924  -50.401  18.634  -2.299 0.0000000000
166390  -43.979  23.373  12.304 0.0000000000
166510  -54.796  28.969  -5.707 0.0000000000
166676  -47.345  18.345  -2.818 0.0000000000
167722  -51.903  31.861  -0.494 0.0000000000
168129  -46.792  18.374  3.998 0.0000000000
168247  -47.630  28.717  6.868 0.0000000000
168529  -42.416  23.995  2.839 0.0000000000
168977  -42.615  22.217  1.138 0.0000000000
169125  -43.917  23.830  -4.979 0.0000000000
169163  -38.228  17.853  8.100 0.0000000000
169289  -50.293  17.375  4.508 0.0000000000
169512  -45.491  29.451  3.981 0.0000000000
169574  -43.402  29.077  -14.127 0.0000000000
169702  -48.199  29.243  5.889 0.0000000000
169705  -49.107  19.896  -12.858 0.0000000000
170008  -50.588  29.925  1.786 0.0000000000
170162  -41.957  28.585  -10.138 0.0000000000
170866  -41.577  26.355  -14.483 0.0000000000
171008  -48.049  18.312  -3.690 0.0000000000
171144  -42.811  13.963  9.853 0.0000000000
171203  -53.039  31.001  -2.031 0.0000000000
171656  -44.330  14.755  10.699 0.0000000000
172191  -50.015  29.542  1.331 0.0000000000
