#!ascii label  , from subject sub-v2s13x29104_ses-1 vox2ras=TkReg
793
50113  27.387  -33.632  35.650 0.0000000000
75810  46.867  -12.730  21.450 0.0000000000
84025  53.221  -5.723  21.542 0.0000000000
65779  47.653  -20.325  29.532 0.0000000000
163653  34.651  -33.410  30.770 0.0000000000
47867  32.621  -35.769  33.661 0.0000000000
80667  48.947  -8.219  22.120 0.0000000000
77683  50.518  -11.155  26.872 0.0000000000
179056  43.498  -23.330  32.090 0.0000000000
51378  39.727  -32.573  30.600 0.0000000000
88379  56.825  -1.767  12.800 0.0000000000
171860  53.591  -4.918  16.593 0.0000000000
66952  44.569  -20.296  26.582 0.0000000000
72282  47.705  -15.903  27.486 0.0000000000
52442  31.269  -32.023  33.848 0.0000000000
48987  30.055  -34.677  34.336 0.0000000000
161907  47.833  -10.491  21.828 0.0000000000
172886  50.063  -9.344  24.547 0.0000000000
76778  49.254  -11.775  24.324 0.0000000000
57864  44.768  -27.617  28.855 0.0000000000
49032  36.483  -34.960  32.116 0.0000000000
50200  37.220  -34.355  30.464 0.0000000000
47915  38.871  -35.731  31.108 0.0000000000
87358  54.378  -2.468  12.606 0.0000000000
87348  56.219  -2.580  13.535 0.0000000000
87342  54.852  -2.646  14.133 0.0000000000
82876  50.622  -6.706  19.292 0.0000000000
82902  51.720  -6.512  16.650 0.0000000000
85141  53.293  -5.196  19.183 0.0000000000
85139  55.199  -4.634  18.502 0.0000000000
82862  54.868  -6.261  20.412 0.0000000000
64648  45.786  -21.396  31.316 0.0000000000
65782  44.136  -21.084  29.649 0.0000000000
67978  46.241  -18.952  30.337 0.0000000000
70157  46.778  -17.445  27.559 0.0000000000
70129  48.252  -17.258  29.931 0.0000000000
71188  49.843  -16.237  28.014 0.0000000000
68008  49.055  -19.113  27.507 0.0000000000
51328  34.029  -34.084  32.628 0.0000000000
81791  48.639  -7.542  19.131 0.0000000000
82821  51.073  -6.676  22.157 0.0000000000
81695  51.703  -7.656  24.939 0.0000000000
78676  51.820  -10.148  25.358 0.0000000000
55621  40.742  -28.667  32.092 0.0000000000
58959  43.333  -26.519  32.918 0.0000000000
61425  45.654  -24.799  30.191 0.0000000000
63639  46.992  -23.016  28.222 0.0000000000
64683  47.848  -21.648  26.532 0.0000000000
54566  39.310  -29.761  30.498 0.0000000000
176756  41.538  -31.632  31.135 0.0000000000
87369  56.380  -3.118  11.508 0.0000000000
85168  53.286  -4.318  14.223 0.0000000000
173154  55.320  -3.590  16.312 0.0000000000
156551  56.505  -6.028  16.453 0.0000000000
74612  47.998  -14.172  24.802 0.0000000000
74580  49.565  -13.292  27.414 0.0000000000
74593  51.118  -14.206  26.184 0.0000000000
48970  27.692  -35.387  35.751 0.0000000000
50138  28.713  -34.227  35.081 0.0000000000
47854  29.103  -36.075  34.720 0.0000000000
77752  47.457  -11.190  21.547 0.0000000000
178896  48.570  -11.149  22.831 0.0000000000
76792  48.350  -11.936  22.813 0.0000000000
47895  37.455  -35.559  31.901 0.0000000000
87359  53.692  -2.929  12.066 0.0000000000
87349  54.550  -2.559  13.372 0.0000000000
87343  54.004  -3.218  13.708 0.0000000000
84040  52.022  -6.039  20.366 0.0000000000
84061  52.087  -6.058  18.799 0.0000000000
85132  53.238  -5.247  19.943 0.0000000000
85130  54.418  -4.939  19.810 0.0000000000
64655  46.774  -21.131  30.204 0.0000000000
66890  45.758  -19.895  31.069 0.0000000000
67957  47.171  -18.955  30.675 0.0000000000
69072  47.231  -17.920  30.256 0.0000000000
67977  48.418  -18.943  29.673 0.0000000000
69086  49.068  -18.111  28.803 0.0000000000
66928  48.501  -19.530  28.844 0.0000000000
51330  32.575  -33.472  33.203 0.0000000000
158910  33.692  -35.038  33.578 0.0000000000
47865  34.648  -35.427  33.334 0.0000000000
80697  47.551  -8.809  20.663 0.0000000000
81793  47.475  -8.458  19.404 0.0000000000
81742  48.504  -7.975  20.722 0.0000000000
81766  49.692  -7.276  20.931 0.0000000000
81728  49.970  -7.402  22.327 0.0000000000
81717  51.111  -7.003  23.648 0.0000000000
81718  50.322  -7.573  23.228 0.0000000000
78667  50.468  -10.295  26.294 0.0000000000
79599  50.961  -9.326  25.800 0.0000000000
77695  51.457  -10.750  26.128 0.0000000000
77705  51.832  -11.240  25.229 0.0000000000
163004  51.599  -12.470  25.749 0.0000000000
55632  41.756  -29.500  31.788 0.0000000000
57833  41.976  -27.289  33.001 0.0000000000
56731  43.200  -28.023  31.749 0.0000000000
58976  45.233  -26.473  29.424 0.0000000000
62567  46.301  -23.879  29.145 0.0000000000
51380  38.544  -33.496  29.933 0.0000000000
51409  38.548  -32.113  29.152 0.0000000000
53588  39.774  -31.306  30.388 0.0000000000
54565  40.404  -30.499  31.365 0.0000000000
52485  40.653  -32.112  31.082 0.0000000000
88390  55.781  -1.527  11.970 0.0000000000
87368  56.939  -2.240  12.346 0.0000000000
86281  56.112  -3.397  14.447 0.0000000000
84074  52.494  -5.958  16.698 0.0000000000
82917  51.500  -6.598  15.299 0.0000000000
84076  52.508  -5.803  15.730 0.0000000000
85169  52.802  -5.010  14.547 0.0000000000
156824  53.537  -4.773  15.914 0.0000000000
86258  54.057  -4.118  15.693 0.0000000000
85152  54.086  -4.401  16.504 0.0000000000
84067  56.140  -6.053  18.336 0.0000000000
155851  56.136  -4.981  17.302 0.0000000000
61396  42.245  -24.958  32.267 0.0000000000
62555  43.032  -23.612  30.820 0.0000000000
164829  44.137  -20.615  28.131 0.0000000000
65790  43.471  -21.505  27.819 0.0000000000
71204  47.324  -16.429  27.661 0.0000000000
71222  46.938  -16.750  25.968 0.0000000000
72296  47.239  -15.974  25.868 0.0000000000
73446  46.905  -15.341  24.344 0.0000000000
157349  48.049  -14.976  26.440 0.0000000000
74595  48.486  -13.931  25.663 0.0000000000
74581  48.560  -14.563  27.092 0.0000000000
71203  50.162  -16.535  26.670 0.0000000000
72267  50.500  -15.098  27.462 0.0000000000
72294  50.557  -15.676  25.884 0.0000000000
73443  50.815  -14.834  24.953 0.0000000000
51308  30.870  -32.745  34.578 0.0000000000
49004  31.340  -35.228  33.915 0.0000000000
46784  31.128  -36.608  33.666 0.0000000000
47870  30.163  -36.322  34.185 0.0000000000
79648  48.346  -9.191  22.075 0.0000000000
79638  49.275  -8.913  23.074 0.0000000000
155140  49.025  -10.513  23.341 0.0000000000
78678  49.782  -10.538  24.898 0.0000000000
77696  49.868  -11.249  26.087 0.0000000000
171341  35.703  -34.223  31.586 0.0000000000
50202  35.667  -33.769  30.481 0.0000000000
161024  36.686  -34.524  31.280 0.0000000000
50183  38.426  -34.411  31.037 0.0000000000
50181  39.763  -34.245  31.045 0.0000000000
169242  41.038  -33.814  30.985 0.0000000000
47913  40.564  -35.484  30.309 0.0000000000
88381  55.202  -1.952  12.430 0.0000000000
87356  56.448  -2.236  13.053 0.0000000000
88374  55.828  -1.958  13.239 0.0000000000
88357  55.912  -2.477  14.263 0.0000000000
87327  55.930  -2.954  14.761 0.0000000000
82897  50.145  -7.117  17.810 0.0000000000
82885  51.515  -6.493  18.101 0.0000000000
167314  52.209  -6.080  18.127 0.0000000000
85147  53.340  -5.232  18.272 0.0000000000
85145  54.553  -4.249  17.316 0.0000000000
85140  54.011  -4.812  18.987 0.0000000000
85129  54.952  -5.085  19.511 0.0000000000
64641  44.431  -22.291  31.909 0.0000000000
63627  43.676  -22.290  30.823 0.0000000000
65770  44.524  -21.373  31.147 0.0000000000
66919  44.924  -20.154  29.856 0.0000000000
67997  45.263  -19.498  28.825 0.0000000000
68009  46.145  -18.772  27.264 0.0000000000
69088  46.279  -18.360  28.873 0.0000000000
70145  46.999  -17.199  28.349 0.0000000000
71179  47.766  -16.452  28.735 0.0000000000
73389  48.680  -15.314  28.355 0.0000000000
71177  48.976  -16.479  28.898 0.0000000000
69101  49.662  -17.809  27.441 0.0000000000
69125  49.669  -17.988  26.715 0.0000000000
53553  31.475  -31.947  32.598 0.0000000000
52473  32.396  -32.732  32.095 0.0000000000
51354  34.473  -33.859  32.020 0.0000000000
159459  35.579  -34.801  32.356 0.0000000000
46799  35.827  -35.894  32.461 0.0000000000
82877  49.853  -6.961  19.547 0.0000000000
82865  50.560  -6.721  20.223 0.0000000000
82820  51.831  -6.259  21.882 0.0000000000
82800  52.329  -6.373  23.164 0.0000000000
82781  52.479  -6.800  23.759 0.0000000000
80646  52.395  -8.009  24.935 0.0000000000
80635  50.649  -8.535  24.848 0.0000000000
80633  51.872  -8.180  25.374 0.0000000000
57851  39.935  -28.085  30.627 0.0000000000
58963  40.783  -26.847  31.860 0.0000000000
58954  42.093  -26.246  33.049 0.0000000000
61377  43.460  -24.825  33.016 0.0000000000
57856  44.401  -27.509  30.402 0.0000000000
58968  44.461  -26.096  31.666 0.0000000000
61393  44.656  -24.362  32.096 0.0000000000
62554  45.895  -23.444  30.544 0.0000000000
64663  46.461  -22.439  29.700 0.0000000000
65788  47.359  -21.495  28.771 0.0000000000
65796  48.084  -21.012  27.854 0.0000000000
64674  47.543  -22.185  27.614 0.0000000000
55633  40.073  -28.893  31.320 0.0000000000
54554  40.934  -29.522  31.822 0.0000000000
53571  42.293  -30.767  31.022 0.0000000000
51363  41.872  -32.871  30.901 0.0000000000
52482  42.772  -32.046  30.437 0.0000000000
86322  56.923  -3.083  10.874 0.0000000000
86284  52.991  -4.246  13.371 0.0000000000
159434  53.775  -3.681  14.238 0.0000000000
86257  55.263  -3.304  15.691 0.0000000000
86256  55.997  -3.864  16.022 0.0000000000
153146  55.183  -3.925  16.969 0.0000000000
85151  56.083  -4.371  16.650 0.0000000000
84075  56.432  -5.401  15.972 0.0000000000
64665  43.421  -22.216  29.154 0.0000000000
73475  46.822  -14.265  22.971 0.0000000000
75751  47.841  -13.430  23.302 0.0000000000
75733  48.615  -13.380  24.878 0.0000000000
75732  49.158  -12.619  25.606 0.0000000000
75703  49.956  -12.472  27.305 0.0000000000
73387  49.528  -14.474  28.328 0.0000000000
74561  50.546  -13.566  27.626 0.0000000000
173556  51.172  -12.948  26.693 0.0000000000
74610  51.370  -13.656  25.642 0.0000000000
66951  48.444  -20.435  26.674 0.0000000000
68023  48.736  -19.215  25.619 0.0000000000
167819  27.494  -34.473  35.755 0.0000000000
48971  27.176  -35.289  36.184 0.0000000000
50092  26.988  -34.438  36.087 0.0000000000
50112  28.081  -33.584  35.357 0.0000000000
162146  28.010  -34.608  35.398 0.0000000000
76804  47.202  -12.024  21.483 0.0000000000
76803  47.752  -11.920  22.079 0.0000000000
75787  47.905  -12.488  22.516 0.0000000000
87350  53.849  -3.065  12.844 0.0000000000
86293  53.373  -3.668  13.081 0.0000000000
84039  52.760  -5.699  20.949 0.0000000000
84050  52.687  -5.625  20.138 0.0000000000
85123  53.303  -5.372  20.578 0.0000000000
85122  53.789  -5.288  20.822 0.0000000000
85113  53.506  -5.525  21.152 0.0000000000
66903  47.185  -20.417  30.210 0.0000000000
66904  46.875  -19.693  30.786 0.0000000000
179011  47.503  -19.905  30.208 0.0000000000
67956  47.861  -18.902  30.373 0.0000000000
66918  47.987  -19.627  29.751 0.0000000000
163781  48.061  -20.136  28.994 0.0000000000
48985  32.654  -34.216  34.071 0.0000000000
48984  32.739  -34.195  33.942 0.0000000000
49002  32.894  -34.894  33.952 0.0000000000
46782  32.879  -36.443  33.450 0.0000000000
80680  48.137  -8.450  21.050 0.0000000000
80696  47.935  -8.354  20.393 0.0000000000
80679  48.712  -8.062  21.422 0.0000000000
155425  49.142  -7.637  21.132 0.0000000000
81729  49.314  -7.726  21.851 0.0000000000
80666  49.539  -7.899  22.571 0.0000000000
78654  50.528  -10.625  26.545 0.0000000000
78653  50.880  -10.561  26.520 0.0000000000
76753  51.603  -11.703  25.958 0.0000000000
77682  51.050  -11.308  26.643 0.0000000000
55631  42.637  -29.362  31.352 0.0000000000
56732  42.888  -28.711  31.457 0.0000000000
55630  43.343  -29.171  30.847 0.0000000000
51379  39.201  -32.882  30.227 0.0000000000
51392  38.753  -32.788  29.620 0.0000000000
53601  39.159  -31.368  29.659 0.0000000000
52501  39.518  -32.053  30.198 0.0000000000
52500  40.055  -32.011  30.709 0.0000000000
51364  40.196  -32.725  30.939 0.0000000000
89373  56.266  -1.322  11.516 0.0000000000
89366  56.724  -1.547  12.306 0.0000000000
88389  57.283  -1.688  12.133 0.0000000000
157029  53.117  -5.374  16.245 0.0000000000
85160  52.969  -5.195  15.401 0.0000000000
82895  56.491  -6.938  17.920 0.0000000000
62528  43.086  -23.756  32.255 0.0000000000
61426  42.662  -24.286  31.080 0.0000000000
63621  43.337  -23.241  31.599 0.0000000000
66941  44.348  -20.426  27.284 0.0000000000
66953  43.891  -20.669  26.518 0.0000000000
71221  47.284  -16.255  26.822 0.0000000000
73417  47.678  -15.651  26.617 0.0000000000
73430  47.560  -15.282  25.703 0.0000000000
73416  48.131  -15.264  27.299 0.0000000000
71220  49.969  -17.001  26.046 0.0000000000
71240  49.910  -16.677  25.293 0.0000000000
72314  50.223  -15.949  25.108 0.0000000000
50137  29.561  -33.863  34.746 0.0000000000
51309  29.925  -32.843  34.818 0.0000000000
50136  30.462  -33.630  34.505 0.0000000000
50135  31.453  -33.455  34.409 0.0000000000
48986  30.923  -34.431  34.127 0.0000000000
49005  30.498  -35.436  34.043 0.0000000000
78721  47.316  -10.346  21.263 0.0000000000
78732  46.847  -10.225  20.715 0.0000000000
78720  47.633  -9.851  21.504 0.0000000000
79656  47.864  -9.149  21.442 0.0000000000
78710  48.129  -9.806  21.996 0.0000000000
78709  48.750  -9.627  22.699 0.0000000000
77730  48.403  -10.486  22.463 0.0000000000
76791  48.923  -11.476  23.486 0.0000000000
77719  49.434  -10.975  24.184 0.0000000000
77707  49.653  -11.165  25.079 0.0000000000
76767  49.454  -11.910  25.291 0.0000000000
49033  35.968  -34.801  32.106 0.0000000000
50169  36.171  -34.590  31.836 0.0000000000
47916  38.136  -35.660  31.595 0.0000000000
49051  37.721  -34.813  31.563 0.0000000000
49050  38.522  -34.990  31.483 0.0000000000
158877  39.041  -34.521  31.120 0.0000000000
49049  39.404  -35.055  31.141 0.0000000000
49048  40.289  -35.055  30.836 0.0000000000
88382  54.177  -2.347  11.829 0.0000000000
88375  55.075  -2.166  13.098 0.0000000000
88368  55.332  -2.242  13.707 0.0000000000
87341  55.573  -2.412  14.302 0.0000000000
181583  55.756  -2.631  14.737 0.0000000000
82886  50.746  -6.762  18.432 0.0000000000
174651  50.852  -6.822  17.721 0.0000000000
84060  52.698  -5.609  19.381 0.0000000000
84068  52.739  -5.650  18.584 0.0000000000
158076  52.708  -5.761  17.720 0.0000000000
85146  53.998  -4.754  17.918 0.0000000000
84049  54.700  -5.476  20.273 0.0000000000
84048  55.215  -5.904  19.833 0.0000000000
84058  55.804  -6.482  19.348 0.0000000000
82873  55.338  -6.795  19.928 0.0000000000
167648  45.448  -21.874  31.520 0.0000000000
64650  44.776  -21.712  31.708 0.0000000000
64649  45.268  -21.451  31.564 0.0000000000
67959  46.059  -19.415  30.812 0.0000000000
66906  45.192  -20.198  30.677 0.0000000000
66905  45.576  -19.606  30.389 0.0000000000
67980  45.240  -19.710  29.571 0.0000000000
67979  45.702  -19.175  29.634 0.0000000000
67996  45.835  -18.883  28.826 0.0000000000
69074  46.210  -18.599  29.534 0.0000000000
70130  47.585  -17.341  29.835 0.0000000000
70131  47.023  -17.664  29.570 0.0000000000
152022  47.340  -17.057  29.031 0.0000000000
71189  47.349  -16.660  28.313 0.0000000000
71168  47.955  -16.840  29.357 0.0000000000
71178  48.364  -16.338  28.985 0.0000000000
71167  48.637  -16.827  29.483 0.0000000000
163605  49.306  -18.365  27.888 0.0000000000
171948  49.464  -17.558  28.208 0.0000000000
69116  49.384  -18.513  27.066 0.0000000000
161125  30.511  -31.575  33.380 0.0000000000
53536  30.801  -31.682  32.763 0.0000000000
53525  31.268  -31.882  33.288 0.0000000000
51329  33.247  -33.837  32.918 0.0000000000
52439  32.766  -33.331  32.734 0.0000000000
180558  33.385  -33.606  32.404 0.0000000000
51355  33.738  -33.548  31.876 0.0000000000
178110  34.465  -34.078  32.328 0.0000000000
51353  34.823  -34.078  32.090 0.0000000000
50160  34.680  -34.318  32.464 0.0000000000
81792  47.990  -7.989  19.403 0.0000000000
81805  48.899  -7.473  18.338 0.0000000000
82867  49.125  -7.269  19.709 0.0000000000
82841  50.320  -6.957  21.449 0.0000000000
151045  50.232  -6.936  20.820 0.0000000000
82840  51.038  -6.599  21.177 0.0000000000
84013  52.500  -6.097  22.452 0.0000000000
157825  51.844  -6.299  22.630 0.0000000000
81706  51.520  -7.198  24.385 0.0000000000
82782  51.869  -6.742  23.868 0.0000000000
81705  52.065  -7.124  24.469 0.0000000000
81704  52.525  -7.380  24.274 0.0000000000
81694  52.135  -7.591  24.916 0.0000000000
79626  49.912  -8.756  23.889 0.0000000000
79614  50.588  -9.271  25.364 0.0000000000
79598  51.243  -9.336  25.932 0.0000000000
80621  51.368  -8.765  25.608 0.0000000000
79612  51.662  -9.048  25.558 0.0000000000
79611  52.198  -8.590  25.251 0.0000000000
78675  52.202  -9.352  25.004 0.0000000000
56744  40.209  -28.164  31.407 0.0000000000
57850  40.457  -27.495  31.760 0.0000000000
56735  40.539  -28.055  32.143 0.0000000000
58960  42.659  -26.942  33.093 0.0000000000
172561  42.194  -26.692  33.161 0.0000000000
58953  42.742  -26.161  33.283 0.0000000000
60142  42.597  -25.592  33.100 0.0000000000
58952  43.330  -25.898  33.203 0.0000000000
56754  44.212  -28.334  30.002 0.0000000000
150761  44.613  -27.661  29.555 0.0000000000
60189  45.488  -25.597  29.838 0.0000000000
60170  45.086  -26.116  30.580 0.0000000000
60169  45.352  -25.285  30.645 0.0000000000
60158  44.829  -25.281  31.579 0.0000000000
61408  45.337  -24.492  31.172 0.0000000000
62541  45.480  -23.611  31.279 0.0000000000
156543  45.720  -24.122  30.573 0.0000000000
63640  46.611  -23.504  28.680 0.0000000000
63625  46.209  -23.304  29.780 0.0000000000
63631  46.771  -22.690  28.907 0.0000000000
64662  46.925  -21.811  29.313 0.0000000000
64668  47.164  -22.174  28.524 0.0000000000
64673  47.618  -21.687  28.120 0.0000000000
165809  47.326  -22.387  28.004 0.0000000000
50201  36.391  -34.167  30.498 0.0000000000
50218  36.081  -33.617  29.719 0.0000000000
50217  36.887  -33.893  29.734 0.0000000000
54586  38.792  -30.276  29.552 0.0000000000
55645  38.682  -29.343  29.771 0.0000000000
55644  39.240  -28.986  30.299 0.0000000000
56745  39.802  -28.616  30.742 0.0000000000
55634  39.697  -29.168  30.838 0.0000000000
53573  40.920  -31.298  31.193 0.0000000000
54564  40.861  -30.389  31.490 0.0000000000
53572  41.498  -30.977  31.245 0.0000000000
54563  41.556  -30.227  31.488 0.0000000000
166351  42.222  -31.498  30.958 0.0000000000
50179  41.799  -33.769  30.779 0.0000000000
181109  43.197  -31.599  30.005 0.0000000000
87367  57.304  -2.337  11.737 0.0000000000
167651  55.530  -3.769  10.964 0.0000000000
82903  51.059  -6.839  16.535 0.0000000000
163109  50.453  -7.177  16.338 0.0000000000
82910  50.932  -6.940  15.810 0.0000000000
85181  52.633  -4.831  13.724 0.0000000000
86283  53.460  -3.828  13.710 0.0000000000
173265  54.722  -3.750  16.317 0.0000000000
86267  54.595  -3.424  15.391 0.0000000000
87318  55.719  -3.401  15.923 0.0000000000
156219  54.606  -4.478  18.315 0.0000000000
86241  55.058  -4.230  17.735 0.0000000000
150831  56.368  -5.172  16.585 0.0000000000
85158  56.316  -4.581  15.892 0.0000000000
64657  43.934  -21.762  30.595 0.0000000000
64658  43.529  -22.235  30.062 0.0000000000
177906  43.627  -21.737  29.067 0.0000000000
69117  46.488  -18.138  26.870 0.0000000000
71242  46.493  -16.874  24.897 0.0000000000
73445  47.425  -14.881  24.782 0.0000000000
73457  46.961  -14.575  23.596 0.0000000000
74613  47.451  -14.368  24.117 0.0000000000
173148  47.237  -13.681  22.820 0.0000000000
74628  47.959  -13.758  24.049 0.0000000000
75750  48.420  -13.069  23.888 0.0000000000
74594  48.943  -13.728  26.714 0.0000000000
75717  48.949  -13.277  25.908 0.0000000000
75716  49.433  -12.674  26.714 0.0000000000
76737  49.930  -11.912  26.867 0.0000000000
72257  49.515  -15.590  28.457 0.0000000000
159005  49.189  -15.119  28.464 0.0000000000
181643  49.652  -15.024  28.331 0.0000000000
73415  50.856  -14.685  26.837 0.0000000000
73400  50.603  -14.328  27.643 0.0000000000
163995  50.946  -13.968  27.026 0.0000000000
169313  50.907  -13.265  27.130 0.0000000000
74579  51.229  -13.528  26.461 0.0000000000
159012  50.622  -14.860  24.268 0.0000000000
65803  48.208  -21.060  27.058 0.0000000000
66938  48.451  -20.403  27.498 0.0000000000
65814  48.078  -20.974  26.208 0.0000000000
50111  29.001  -33.113  35.072 0.0000000000
48988  29.208  -35.008  34.630 0.0000000000
48989  28.404  -35.464  35.136 0.0000000000
179571  47.015  -10.815  21.030 0.0000000000
77731  48.071  -11.212  22.237 0.0000000000
76779  48.749  -12.311  23.647 0.0000000000
180048  36.578  -35.749  32.109 0.0000000000
47896  36.828  -35.429  32.112 0.0000000000
46823  36.998  -36.112  31.848 0.0000000000
46822  37.663  -36.146  31.597 0.0000000000
84052  51.315  -6.387  19.832 0.0000000000
82875  51.392  -6.446  19.009 0.0000000000
84051  52.019  -6.021  19.580 0.0000000000
85131  53.780  -4.960  19.872 0.0000000000
176524  53.673  -5.144  20.394 0.0000000000
85121  54.156  -5.222  20.551 0.0000000000
65767  46.209  -20.875  31.025 0.0000000000
65768  45.654  -20.733  31.351 0.0000000000
66889  46.073  -20.152  31.094 0.0000000000
67939  46.233  -19.609  30.985 0.0000000000
67958  46.560  -19.135  30.852 0.0000000000
69073  46.683  -18.271  29.990 0.0000000000
69058  46.891  -18.554  30.577 0.0000000000
69057  47.531  -18.330  30.555 0.0000000000
180285  48.439  -17.749  30.117 0.0000000000
70128  48.779  -17.515  29.622 0.0000000000
69070  48.702  -18.234  29.657 0.0000000000
67995  48.962  -18.983  28.326 0.0000000000
52425  32.138  -33.012  33.568 0.0000000000
50133  32.484  -33.989  33.822 0.0000000000
50132  32.991  -34.030  33.410 0.0000000000
157576  33.855  -34.817  33.293 0.0000000000
49001  34.602  -34.998  33.120 0.0000000000
151683  34.125  -35.323  33.441 0.0000000000
80719  47.219  -8.722  19.658 0.0000000000
80718  47.712  -8.358  19.858 0.0000000000
81768  48.241  -7.946  20.103 0.0000000000
175810  48.547  -7.622  19.786 0.0000000000
81767  48.970  -7.537  20.389 0.0000000000
81741  49.794  -7.354  21.592 0.0000000000
173368  50.336  -7.061  22.048 0.0000000000
82802  50.688  -7.021  22.769 0.0000000000
81707  50.898  -7.453  24.055 0.0000000000
78677  50.101  -9.890  25.203 0.0000000000
78666  50.807  -9.983  26.192 0.0000000000
78665  51.292  -9.885  26.084 0.0000000000
76766  51.758  -12.222  24.983 0.0000000000
55620  41.270  -28.759  32.264 0.0000000000
56734  41.029  -28.077  32.549 0.0000000000
56733  41.769  -28.075  32.695 0.0000000000
167720  42.492  -28.304  32.216 0.0000000000
57840  43.346  -27.275  32.293 0.0000000000
58988  44.917  -27.159  29.279 0.0000000000
61440  45.832  -25.041  29.408 0.0000000000
62553  46.001  -24.188  29.789 0.0000000000
61439  46.119  -24.570  29.082 0.0000000000
166245  46.337  -24.406  28.450 0.0000000000
50216  37.747  -33.847  29.778 0.0000000000
51393  37.392  -33.342  29.121 0.0000000000
160702  38.187  -33.092  29.299 0.0000000000
52526  37.985  -31.611  28.568 0.0000000000
53602  38.484  -31.068  28.994 0.0000000000
160747  39.416  -30.628  30.175 0.0000000000
53575  39.895  -30.510  30.837 0.0000000000
53574  40.319  -31.294  30.953 0.0000000000
52484  41.283  -32.203  31.163 0.0000000000
87340  56.097  -2.743  14.124 0.0000000000
82909  51.439  -6.676  16.052 0.0000000000
84077  51.977  -6.324  15.944 0.0000000000
152544  52.057  -6.129  15.256 0.0000000000
84084  52.406  -5.642  14.890 0.0000000000
85159  53.427  -4.568  15.101 0.0000000000
86268  53.908  -3.880  14.883 0.0000000000
85138  55.833  -5.047  18.067 0.0000000000
180525  56.158  -5.478  17.738 0.0000000000
151798  56.417  -5.908  17.322 0.0000000000
60171  41.747  -25.548  31.842 0.0000000000
66920  44.287  -20.727  29.166 0.0000000000
64669  43.508  -21.774  28.455 0.0000000000
65797  43.653  -21.138  27.598 0.0000000000
65804  43.484  -21.141  26.817 0.0000000000
71205  47.021  -16.841  27.099 0.0000000000
163010  46.728  -17.436  26.494 0.0000000000
72297  46.858  -16.256  25.084 0.0000000000
72316  46.733  -15.853  24.526 0.0000000000
72315  47.116  -15.596  25.034 0.0000000000
73429  47.996  -14.622  25.576 0.0000000000
170600  48.408  -14.375  26.297 0.0000000000
74564  49.073  -14.083  27.638 0.0000000000
151395  50.029  -16.625  27.334 0.0000000000
72268  50.026  -15.436  27.985 0.0000000000
72281  50.286  -15.925  27.248 0.0000000000
176224  50.409  -15.986  26.479 0.0000000000
73428  50.861  -14.927  25.873 0.0000000000
72313  50.626  -15.355  25.279 0.0000000000
52428  30.475  -31.664  34.170 0.0000000000
155373  30.250  -32.061  34.624 0.0000000000
52427  31.174  -32.185  34.312 0.0000000000
50152  31.871  -34.255  34.075 0.0000000000
49003  32.269  -35.018  33.875 0.0000000000
47868  31.703  -36.008  33.778 0.0000000000
47869  30.822  -36.029  33.971 0.0000000000
47853  29.763  -35.744  34.375 0.0000000000
80668  48.413  -8.609  21.771 0.0000000000
80657  49.215  -8.416  22.679 0.0000000000
79647  48.785  -8.829  22.406 0.0000000000
79627  49.444  -9.570  23.602 0.0000000000
78691  49.679  -10.167  24.259 0.0000000000
77706  50.083  -10.466  25.799 0.0000000000
78655  50.246  -10.692  26.424 0.0000000000
77684  50.188  -11.227  26.760 0.0000000000
55643  43.830  -29.256  30.096 0.0000000000
50186  35.237  -33.750  31.221 0.0000000000
50203  35.082  -33.451  30.411 0.0000000000
50185  35.951  -34.204  31.271 0.0000000000
49031  37.188  -35.033  31.948 0.0000000000
50184  37.527  -34.614  31.114 0.0000000000
50199  38.091  -34.193  30.461 0.0000000000
50198  38.874  -33.756  30.562 0.0000000000
51365  39.569  -33.244  30.893 0.0000000000
163965  40.221  -33.512  31.011 0.0000000000
50180  40.673  -34.349  30.933 0.0000000000
47934  41.053  -35.428  29.936 0.0000000000
88380  56.291  -1.705  12.774 0.0000000000
165265  56.393  -1.901  13.085 0.0000000000
88373  56.132  -2.139  13.392 0.0000000000
88366  56.033  -2.380  13.798 0.0000000000
88367  55.825  -2.182  13.808 0.0000000000
86266  56.106  -3.630  15.039 0.0000000000
163305  50.621  -7.013  17.089 0.0000000000
82896  51.285  -6.677  17.246 0.0000000000
84069  52.016  -6.312  17.424 0.0000000000
85153  53.323  -5.272  17.217 0.0000000000
167096  53.919  -4.718  17.116 0.0000000000
167331  54.676  -4.683  19.091 0.0000000000
84059  55.519  -5.491  18.982 0.0000000000
63612  43.874  -22.807  31.968 0.0000000000
63620  43.669  -22.635  31.346 0.0000000000
64651  44.144  -22.097  31.487 0.0000000000
65775  44.277  -21.170  30.347 0.0000000000
66891  45.473  -20.453  31.186 0.0000000000
65774  44.851  -20.735  30.912 0.0000000000
65781  44.590  -20.647  30.119 0.0000000000
66929  44.731  -20.102  28.951 0.0000000000
66940  44.848  -20.028  28.031 0.0000000000
66939  45.065  -19.995  27.075 0.0000000000
68018  45.646  -19.456  26.722 0.0000000000
68010  45.569  -19.337  27.836 0.0000000000
69103  46.173  -18.550  28.173 0.0000000000
168345  46.471  -18.135  27.683 0.0000000000
69087  46.604  -18.028  29.248 0.0000000000
69102  46.614  -17.854  28.427 0.0000000000
71190  47.077  -16.877  27.822 0.0000000000
72270  47.728  -16.138  28.168 0.0000000000
72269  48.184  -15.569  28.003 0.0000000000
72259  48.220  -15.907  28.513 0.0000000000
72258  48.884  -15.793  28.684 0.0000000000
71176  49.382  -16.135  28.594 0.0000000000
70144  49.132  -17.189  28.964 0.0000000000
70143  49.502  -16.774  28.450 0.0000000000
70156  49.816  -17.071  27.746 0.0000000000
70168  49.923  -17.277  26.886 0.0000000000
156057  33.873  -33.240  30.736 0.0000000000
52461  31.885  -32.294  32.928 0.0000000000
52472  33.030  -33.142  31.779 0.0000000000
170744  33.644  -33.344  31.496 0.0000000000
51367  34.435  -33.559  31.500 0.0000000000
51366  35.075  -33.981  31.862 0.0000000000
50170  35.530  -34.471  32.047 0.0000000000
49016  35.925  -35.044  32.410 0.0000000000
47864  35.155  -35.195  33.002 0.0000000000
47882  35.613  -35.439  32.741 0.0000000000
47897  36.218  -35.467  32.301 0.0000000000
82887  50.027  -6.996  18.718 0.0000000000
82866  49.705  -7.100  20.291 0.0000000000
84041  51.385  -6.402  20.555 0.0000000000
84027  51.940  -6.149  21.109 0.0000000000
84026  52.602  -5.924  21.708 0.0000000000
83996  52.892  -6.231  22.698 0.0000000000
82799  52.905  -6.540  23.031 0.0000000000
82801  51.495  -6.595  23.111 0.0000000000
79637  49.734  -8.238  23.242 0.0000000000
80648  50.421  -8.033  24.013 0.0000000000
80647  51.084  -7.763  24.706 0.0000000000
79613  51.026  -8.783  25.463 0.0000000000
80634  51.341  -8.225  25.284 0.0000000000
57857  40.102  -27.554  30.466 0.0000000000
58970  40.784  -26.484  31.372 0.0000000000
56721  41.397  -27.546  32.826 0.0000000000
58962  41.167  -26.751  32.415 0.0000000000
60172  41.240  -26.235  32.039 0.0000000000
60159  41.952  -25.709  32.608 0.0000000000
61395  42.765  -24.499  32.577 0.0000000000
62511  43.288  -24.224  32.813 0.0000000000
56743  43.619  -28.579  30.795 0.0000000000
165551  43.865  -27.898  30.918 0.0000000000
57849  44.021  -27.315  31.355 0.0000000000
58977  44.816  -26.959  29.976 0.0000000000
57848  44.525  -26.794  30.974 0.0000000000
58958  43.847  -26.046  32.602 0.0000000000
176005  44.218  -25.563  32.338 0.0000000000
61394  43.898  -24.199  32.647 0.0000000000
62527  43.697  -23.476  32.395 0.0000000000
62526  44.368  -23.566  32.259 0.0000000000
63610  44.941  -23.063  31.916 0.0000000000
63618  45.856  -22.041  31.100 0.0000000000
63626  46.061  -22.610  30.496 0.0000000000
64656  46.294  -21.741  30.577 0.0000000000
175233  46.617  -21.773  29.922 0.0000000000
65780  47.300  -21.004  29.427 0.0000000000
65787  47.788  -20.853  28.685 0.0000000000
64677  47.858  -21.664  27.384 0.0000000000
63648  47.251  -22.877  27.491 0.0000000000
64678  47.598  -22.307  26.959 0.0000000000
50219  35.307  -33.377  29.680 0.0000000000
51394  36.554  -33.319  29.088 0.0000000000
56755  39.369  -28.476  30.130 0.0000000000
55622  40.373  -28.588  31.804 0.0000000000
153865  40.028  -29.694  31.250 0.0000000000
181293  40.488  -29.876  31.616 0.0000000000
54562  42.437  -30.053  31.167 0.0000000000
54574  43.089  -30.501  30.489 0.0000000000
163576  40.998  -33.003  31.072 0.0000000000
52483  42.025  -32.161  30.912 0.0000000000
51362  42.462  -32.669  30.600 0.0000000000
53587  42.941  -31.258  30.481 0.0000000000
50114  26.817  -33.628  35.885 0.0000000000
87330  54.377  -3.242  14.570 0.0000000000
87329  55.247  -2.899  14.884 0.0000000000
87328  55.736  -2.985  15.275 0.0000000000
87317  55.926  -3.393  15.450 0.0000000000
180506  56.135  -3.940  15.529 0.0000000000
86240  55.665  -4.338  17.418 0.0000000000
86248  55.722  -3.845  16.559 0.0000000000
84082  56.236  -5.284  15.224 0.0000000000
63628  43.378  -22.873  30.590 0.0000000000
155171  43.208  -23.390  29.913 0.0000000000
73458  46.628  -15.118  23.768 0.0000000000
159414  46.734  -13.946  22.422 0.0000000000
74662  46.970  -13.339  22.070 0.0000000000
175827  47.605  -13.062  22.645 0.0000000000
75769  48.167  -12.745  23.116 0.0000000000
75749  48.988  -12.555  24.561 0.0000000000
76754  49.633  -11.967  26.226 0.0000000000
76736  50.218  -11.782  27.158 0.0000000000
73403  48.694  -14.854  27.888 0.0000000000
73402  49.162  -14.375  28.117 0.0000000000
74563  49.550  -13.869  27.933 0.0000000000
73401  50.083  -14.696  28.054 0.0000000000
74562  50.056  -13.964  27.985 0.0000000000
75689  50.029  -13.130  27.702 0.0000000000
75688  50.489  -12.938  27.533 0.0000000000
76717  50.313  -12.371  27.501 0.0000000000
76735  50.611  -11.844  27.082 0.0000000000
76734  51.266  -12.260  26.567 0.0000000000
75731  51.587  -13.034  25.239 0.0000000000
74626  51.357  -13.643  24.819 0.0000000000
74611  51.121  -14.268  25.300 0.0000000000
74627  50.978  -14.255  24.385 0.0000000000
153109  48.270  -20.278  28.288 0.0000000000
66937  48.701  -19.707  27.929 0.0000000000
66950  48.781  -19.814  27.097 0.0000000000
66960  48.224  -20.374  25.874 0.0000000000
66959  48.606  -19.826  26.229 0.0000000000
68016  49.016  -19.182  26.618 0.0000000000
69126  49.278  -18.464  26.111 0.0000000000
49017  35.586  -35.253  32.680 0.0000000000
49030  37.811  -35.131  31.789 0.0000000000
49047  41.184  -35.042  30.598 0.0000000000
49052  36.925  -34.784  31.746 0.0000000000
50149  35.080  -34.786  32.699 0.0000000000
50150  34.381  -34.592  32.858 0.0000000000
50151  33.853  -34.159  32.901 0.0000000000
50159  35.195  -34.539  32.343 0.0000000000
50178  42.432  -33.302  30.451 0.0000000000
50182  39.204  -33.958  30.947 0.0000000000
51306  32.148  -33.248  33.973 0.0000000000
51346  33.875  -33.765  32.230 0.0000000000
51377  42.751  -32.761  30.079 0.0000000000
52440  32.233  -32.855  33.109 0.0000000000
52441  31.839  -32.360  33.497 0.0000000000
52459  33.047  -33.297  32.236 0.0000000000
52460  32.327  -32.790  32.588 0.0000000000
52486  32.463  -32.670  31.537 0.0000000000
52511  39.067  -32.238  29.732 0.0000000000
53526  30.760  -31.723  33.738 0.0000000000
53527  30.266  -31.504  33.832 0.0000000000
53555  30.333  -31.500  32.237 0.0000000000
54555  40.386  -29.216  31.725 0.0000000000
55619  42.065  -28.801  32.022 0.0000000000
57834  41.618  -26.925  32.853 0.0000000000
57841  42.564  -27.686  32.705 0.0000000000
57842  40.932  -27.396  32.451 0.0000000000
58961  41.592  -26.370  32.625 0.0000000000
58969  43.948  -26.689  32.017 0.0000000000
60139  44.150  -24.925  32.582 0.0000000000
60140  43.672  -25.431  32.976 0.0000000000
60141  43.122  -25.451  33.310 0.0000000000
61378  42.960  -24.908  33.095 0.0000000000
61379  42.506  -25.110  32.774 0.0000000000
61409  42.617  -24.317  31.915 0.0000000000
62525  45.006  -23.812  31.807 0.0000000000
62542  42.903  -23.806  31.583 0.0000000000
63611  44.330  -22.827  32.113 0.0000000000
63619  45.565  -22.679  31.367 0.0000000000
63632  46.471  -23.175  29.212 0.0000000000
64640  44.928  -22.175  31.875 0.0000000000
64664  43.748  -21.612  29.687 0.0000000000
65769  45.164  -21.060  31.399 0.0000000000
65773  46.634  -20.407  30.756 0.0000000000
65789  43.788  -21.169  28.379 0.0000000000
65798  43.298  -21.506  27.131 0.0000000000
66902  47.532  -19.407  30.472 0.0000000000
67976  48.806  -18.814  29.048 0.0000000000
69071  48.201  -18.285  30.255 0.0000000000
70118  47.886  -17.726  30.343 0.0000000000
70146  46.900  -17.530  28.923 0.0000000000
72280  50.635  -15.401  26.639 0.0000000000
72295  50.230  -16.316  25.921 0.0000000000
73388  49.065  -14.818  28.264 0.0000000000
73444  50.414  -15.340  24.575 0.0000000000
74629  47.379  -14.017  23.472 0.0000000000
74663  46.365  -13.888  21.891 0.0000000000
75702  50.780  -12.588  27.162 0.0000000000
75715  51.458  -13.014  26.054 0.0000000000
75788  47.416  -12.611  22.013 0.0000000000
79600  50.504  -9.838  25.908 0.0000000000
156136  47.075  -14.849  24.106 0.0000000000
162809  43.325  -22.739  29.709 0.0000000000
165593  33.117  -34.546  33.688 0.0000000000
168110  43.836  -21.339  29.056 0.0000000000
170739  32.395  -33.580  33.575 0.0000000000
175660  39.645  -33.661  31.025 0.0000000000
175865  31.602  -31.987  32.091 0.0000000000
177506  47.471  -8.647  20.113 0.0000000000
179004  45.740  -20.266  31.273 0.0000000000
179207  49.915  -11.564  26.538 0.0000000000
179637  43.617  -27.633  31.606 0.0000000000
179686  40.238  -27.641  31.115 0.0000000000
180753  33.312  -34.669  33.455 0.0000000000
