#!ascii label  , from subject sub-v2s13x29135_ses-1 vox2ras=TkReg
974
58287  -15.416  -27.668  43.630 0.0000000000
76357  -38.910  -11.443  37.300 0.0000000000
155290  -46.056  -8.424  32.332 0.0000000000
80752  -52.881  -8.900  23.831 0.0000000000
75325  -33.296  -12.918  38.128 0.0000000000
81721  -49.992  -7.298  28.474 0.0000000000
90011  -50.115  -0.595  20.029 0.0000000000
94030  -52.572  3.613  18.553 0.0000000000
170712  -41.769  -14.242  38.474 0.0000000000
74313  -44.635  -13.899  34.537 0.0000000000
78408  -43.016  -9.787  35.647 0.0000000000
60378  -17.073  -25.915  46.530 0.0000000000
59342  -21.025  -25.853  46.059 0.0000000000
172102  -25.727  -26.681  45.494 0.0000000000
157221  -29.322  -25.110  45.672 0.0000000000
66849  -31.113  -20.806  44.619 0.0000000000
73112  -32.294  -14.714  43.715 0.0000000000
74226  -36.993  -12.785  42.296 0.0000000000
74387  -48.403  -13.940  29.190 0.0000000000
97224  -54.202  5.501  17.304 0.0000000000
76330  -40.648  -11.656  39.358 0.0000000000
165389  -42.943  -11.084  37.474 0.0000000000
77376  -40.771  -10.939  36.506 0.0000000000
61461  -17.813  -24.954  44.273 0.0000000000
60380  -18.827  -26.139  46.471 0.0000000000
68966  -30.579  -18.223  42.085 0.0000000000
69981  -31.472  -17.566  43.829 0.0000000000
73141  -30.598  -14.969  41.234 0.0000000000
76354  -36.325  -12.334  37.638 0.0000000000
76313  -35.429  -11.614  40.907 0.0000000000
77314  -38.466  -11.390  40.473 0.0000000000
74241  -39.128  -13.160  40.488 0.0000000000
77418  -46.020  -10.603  33.386 0.0000000000
75386  -45.830  -12.986  31.873 0.0000000000
78440  -47.369  -10.415  31.577 0.0000000000
81746  -51.612  -7.296  25.978 0.0000000000
77497  -50.750  -10.584  27.648 0.0000000000
77537  -52.738  -11.099  24.722 0.0000000000
77556  -54.130  -10.725  22.411 0.0000000000
89986  -54.145  -0.362  22.413 0.0000000000
87051  -52.132  -2.673  22.724 0.0000000000
73177  -31.385  -14.309  38.304 0.0000000000
79656  -49.528  -9.769  23.641 0.0000000000
92037  -51.504  1.646  19.810 0.0000000000
92030  -54.580  2.096  20.977 0.0000000000
173319  -54.934  3.430  16.186 0.0000000000
71140  -41.991  -16.739  37.115 0.0000000000
74283  -43.205  -14.202  36.470 0.0000000000
77392  -44.716  -10.939  35.630 0.0000000000
58241  -16.143  -27.483  45.778 0.0000000000
152565  -23.022  -27.370  43.589 0.0000000000
157672  -24.217  -26.215  45.434 0.0000000000
151872  -25.377  -27.734  43.792 0.0000000000
167659  -27.803  -28.293  44.207 0.0000000000
164330  -30.057  -27.666  44.058 0.0000000000
60444  -31.460  -25.746  43.610 0.0000000000
164744  -30.621  -22.963  45.975 0.0000000000
65788  -33.582  -21.090  42.889 0.0000000000
75309  -32.129  -13.384  40.467 0.0000000000
74212  -34.409  -13.098  43.443 0.0000000000
73152  -35.030  -14.969  40.633 0.0000000000
73167  -37.815  -15.032  39.821 0.0000000000
168828  -39.979  -15.845  38.462 0.0000000000
78468  -49.584  -10.164  29.100 0.0000000000
159077  -51.159  -5.285  22.550 0.0000000000
81777  -54.004  -7.536  21.980 0.0000000000
58262  -14.961  -27.790  44.938 0.0000000000
154526  -39.759  -10.770  38.775 0.0000000000
77350  -41.110  -10.889  38.394 0.0000000000
76358  -39.764  -11.211  37.095 0.0000000000
70017  -30.121  -17.638  39.915 0.0000000000
70000  -30.111  -17.054  41.302 0.0000000000
179641  -30.341  -15.955  39.591 0.0000000000
151732  -37.642  -11.962  37.510 0.0000000000
76328  -37.246  -11.415  38.857 0.0000000000
152953  -38.514  -10.990  38.924 0.0000000000
77315  -39.586  -11.390  39.957 0.0000000000
77430  -46.404  -10.609  32.807 0.0000000000
79500  -47.001  -9.455  32.225 0.0000000000
80738  -52.220  -8.556  25.265 0.0000000000
79611  -52.420  -9.139  25.535 0.0000000000
164768  -52.765  -9.649  24.926 0.0000000000
77547  -53.579  -10.971  23.404 0.0000000000
78573  -53.716  -9.698  23.494 0.0000000000
89031  -54.436  -1.169  20.970 0.0000000000
88060  -54.266  -2.093  21.533 0.0000000000
88097  -53.721  -2.456  20.049 0.0000000000
93026  -50.603  2.286  17.673 0.0000000000
93010  -51.784  2.418  19.326 0.0000000000
92028  -52.960  1.999  20.987 0.0000000000
94016  -53.977  3.522  20.413 0.0000000000
93012  -54.563  3.136  20.228 0.0000000000
94024  -54.190  3.840  19.718 0.0000000000
95082  -55.053  4.278  17.458 0.0000000000
72172  -41.758  -15.680  38.155 0.0000000000
72185  -42.618  -15.721  37.005 0.0000000000
74272  -42.625  -14.305  37.211 0.0000000000
78398  -43.291  -10.186  36.864 0.0000000000
76372  -43.827  -11.447  36.645 0.0000000000
78399  -43.907  -10.140  36.272 0.0000000000
79454  -44.627  -9.738  35.017 0.0000000000
79452  -44.073  -9.474  34.705 0.0000000000
58265  -17.550  -27.584  45.001 0.0000000000
58234  -17.743  -26.682  46.411 0.0000000000
59341  -20.310  -25.946  46.349 0.0000000000
60403  -25.330  -26.049  45.424 0.0000000000
59354  -24.821  -26.641  45.363 0.0000000000
58249  -24.607  -27.070  45.129 0.0000000000
58272  -25.650  -27.464  45.104 0.0000000000
57316  -25.971  -27.910  44.144 0.0000000000
58273  -26.338  -27.691  45.168 0.0000000000
58256  -30.008  -27.079  45.168 0.0000000000
175401  -30.803  -26.688  44.165 0.0000000000
59361  -30.799  -25.794  44.972 0.0000000000
168567  -30.286  -20.538  44.025 0.0000000000
177623  -29.694  -21.264  44.789 0.0000000000
64688  -30.841  -21.769  45.598 0.0000000000
168462  -31.933  -23.219  44.592 0.0000000000
64703  -32.069  -21.834  44.373 0.0000000000
63573  -33.269  -22.604  42.704 0.0000000000
65773  -32.448  -21.109  43.891 0.0000000000
71065  -31.845  -15.941  43.632 0.0000000000
68961  -32.701  -18.272  43.389 0.0000000000
169204  -32.877  -17.481  42.845 0.0000000000
72126  -32.857  -15.803  43.013 0.0000000000
74256  -31.770  -13.872  39.325 0.0000000000
75317  -32.667  -13.076  39.217 0.0000000000
76288  -36.510  -11.780  42.222 0.0000000000
76287  -34.945  -11.918  42.612 0.0000000000
75288  -35.637  -12.495  43.163 0.0000000000
73135  -35.186  -14.193  42.194 0.0000000000
73145  -36.295  -14.413  41.187 0.0000000000
73146  -37.180  -14.232  41.186 0.0000000000
74250  -40.484  -13.892  39.768 0.0000000000
73170  -40.047  -15.136  39.573 0.0000000000
73178  -41.011  -15.368  38.970 0.0000000000
71124  -41.242  -16.508  37.787 0.0000000000
60420  -16.545  -25.182  44.947 0.0000000000
60377  -16.265  -26.028  46.907 0.0000000000
59336  -15.884  -26.192  47.072 0.0000000000
171349  -44.438  -15.444  34.885 0.0000000000
73224  -45.108  -15.268  33.712 0.0000000000
75395  -46.409  -13.433  30.639 0.0000000000
81714  -48.922  -7.166  29.234 0.0000000000
79536  -49.156  -9.122  30.095 0.0000000000
79554  -50.005  -8.775  29.005 0.0000000000
76470  -51.477  -12.222  26.303 0.0000000000
166592  -50.262  -12.525  27.771 0.0000000000
84918  -53.307  -4.522  22.330 0.0000000000
86053  -52.109  -3.952  22.983 0.0000000000
169650  -53.005  -5.261  22.209 0.0000000000
83861  -52.621  -6.238  21.961 0.0000000000
82838  -54.083  -6.879  21.598 0.0000000000
80783  -54.392  -8.386  21.254 0.0000000000
95089  -51.764  4.118  16.532 0.0000000000
95080  -53.852  4.562  18.438 0.0000000000
96180  -52.296  5.011  16.292 0.0000000000
97232  -53.141  6.390  16.193 0.0000000000
75320  -41.235  -12.928  39.329 0.0000000000
75338  -42.497  -12.707  37.847 0.0000000000
77334  -41.656  -11.474  38.417 0.0000000000
77364  -42.137  -10.551  37.506 0.0000000000
78401  -41.975  -10.259  36.170 0.0000000000
60421  -17.598  -25.136  45.283 0.0000000000
60379  -18.030  -26.224  46.555 0.0000000000
162317  -20.849  -24.951  45.980 0.0000000000
161178  -30.849  -19.059  43.192 0.0000000000
67863  -31.343  -18.942  44.122 0.0000000000
69988  -30.922  -17.491  43.091 0.0000000000
71074  -30.920  -16.209  42.657 0.0000000000
170378  -31.099  -14.910  42.640 0.0000000000
76339  -34.667  -12.497  37.913 0.0000000000
76324  -34.023  -12.327  39.227 0.0000000000
76326  -35.625  -11.791  39.134 0.0000000000
77298  -37.068  -11.350  40.912 0.0000000000
167974  -37.781  -12.222  41.493 0.0000000000
75299  -38.039  -12.939  41.315 0.0000000000
76302  -38.845  -12.283  40.605 0.0000000000
169462  -39.921  -12.376  40.046 0.0000000000
60440  -16.531  -25.074  43.881 0.0000000000
154861  -45.269  -12.041  34.087 0.0000000000
75379  -45.372  -13.007  33.050 0.0000000000
76397  -45.976  -11.202  33.107 0.0000000000
76412  -46.725  -11.280  31.568 0.0000000000
76427  -47.319  -12.118  29.868 0.0000000000
173461  -50.665  -6.981  26.571 0.0000000000
79575  -50.948  -8.914  28.035 0.0000000000
79594  -51.919  -8.495  26.561 0.0000000000
77506  -51.751  -10.555  26.430 0.0000000000
89996  -52.029  -0.377  21.474 0.0000000000
89013  -51.135  -1.531  21.168 0.0000000000
88047  -53.278  -1.842  22.769 0.0000000000
176993  -53.807  -3.260  21.939 0.0000000000
75348  -38.015  -12.768  36.389 0.0000000000
75336  -36.733  -12.749  37.022 0.0000000000
80666  -47.311  -7.756  31.488 0.0000000000
80719  -49.016  -7.501  26.263 0.0000000000
80735  -50.369  -7.699  25.516 0.0000000000
79645  -50.869  -9.125  24.406 0.0000000000
79675  -51.060  -9.154  23.404 0.0000000000
91032  -51.079  0.457  20.206 0.0000000000
91034  -52.661  1.212  21.202 0.0000000000
91021  -54.290  0.887  21.941 0.0000000000
90030  -54.265  -0.383  20.008 0.0000000000
95074  -54.380  3.995  18.854 0.0000000000
94040  -54.757  3.691  18.291 0.0000000000
70058  -42.900  -17.133  36.110 0.0000000000
72191  -43.570  -15.588  35.889 0.0000000000
75359  -44.084  -13.503  35.410 0.0000000000
75339  -42.995  -12.527  37.310 0.0000000000
170315  -43.932  -12.335  36.222 0.0000000000
75360  -44.577  -12.584  35.161 0.0000000000
76390  -45.323  -11.276  34.474 0.0000000000
78415  -45.397  -9.940  34.164 0.0000000000
76381  -40.069  -12.052  35.467 0.0000000000
76383  -41.268  -11.512  34.712 0.0000000000
78413  -42.784  -10.309  34.251 0.0000000000
152568  -15.916  -27.670  44.256 0.0000000000
152567  -16.552  -27.629  44.120 0.0000000000
58340  -23.751  -27.405  42.066 0.0000000000
62501  -20.907  -23.975  44.334 0.0000000000
61441  -21.804  -24.948  45.765 0.0000000000
59352  -22.592  -26.350  45.393 0.0000000000
172881  -24.389  -27.577  43.764 0.0000000000
58321  -28.000  -27.925  42.704 0.0000000000
58322  -29.599  -27.953  42.733 0.0000000000
62507  -28.940  -23.662  45.149 0.0000000000
63570  -29.251  -22.407  44.805 0.0000000000
177017  -29.885  -24.333  45.923 0.0000000000
177347  -31.278  -24.374  45.010 0.0000000000
61484  -32.180  -24.705  42.983 0.0000000000
169487  -32.926  -19.476  43.546 0.0000000000
73164  -31.207  -14.388  39.381 0.0000000000
74222  -31.323  -14.262  41.331 0.0000000000
74209  -32.076  -13.829  42.872 0.0000000000
76296  -33.977  -12.162  41.164 0.0000000000
75287  -33.366  -12.578  42.513 0.0000000000
178949  -33.234  -14.208  43.615 0.0000000000
73133  -33.685  -14.875  42.811 0.0000000000
72144  -33.759  -15.999  40.935 0.0000000000
72166  -37.418  -15.544  38.330 0.0000000000
74248  -38.554  -14.128  40.677 0.0000000000
72156  -39.055  -15.410  39.179 0.0000000000
72180  -38.686  -15.872  37.651 0.0000000000
71122  -40.009  -16.319  37.351 0.0000000000
152788  -15.326  -27.471  46.034 0.0000000000
79519  -48.243  -9.326  31.265 0.0000000000
78453  -48.268  -10.362  30.674 0.0000000000
76429  -48.670  -11.437  29.380 0.0000000000
77486  -50.352  -10.436  28.182 0.0000000000
76441  -49.685  -11.878  28.413 0.0000000000
75419  -49.033  -13.677  28.773 0.0000000000
80761  -49.797  -8.834  22.702 0.0000000000
80763  -51.682  -8.702  22.911 0.0000000000
87068  -50.697  -3.068  21.676 0.0000000000
86066  -49.880  -3.881  21.508 0.0000000000
82835  -50.802  -6.611  22.154 0.0000000000
81775  -51.857  -7.778  22.060 0.0000000000
80753  -53.433  -8.733  23.223 0.0000000000
79676  -54.307  -9.265  22.493 0.0000000000
58286  -14.666  -27.808  43.906 0.0000000000
76344  -39.700  -10.865  37.965 0.0000000000
70026  -30.186  -17.608  39.210 0.0000000000
178435  -30.215  -16.829  39.551 0.0000000000
72150  -30.561  -16.169  38.923 0.0000000000
76343  -38.182  -11.416  37.945 0.0000000000
77347  -37.833  -11.247  38.647 0.0000000000
77348  -39.038  -10.946  38.332 0.0000000000
77331  -39.367  -10.897  39.281 0.0000000000
80643  -45.990  -9.050  32.817 0.0000000000
79484  -46.397  -9.565  32.712 0.0000000000
80644  -46.538  -8.774  32.372 0.0000000000
80747  -52.425  -8.945  24.547 0.0000000000
79635  -52.609  -9.159  24.849 0.0000000000
174763  -52.875  -9.209  24.263 0.0000000000
78572  -53.159  -9.643  24.261 0.0000000000
79648  -53.359  -9.233  23.710 0.0000000000
89049  -54.181  -1.125  20.351 0.0000000000
88098  -54.033  -1.797  20.564 0.0000000000
94039  -51.634  3.197  17.783 0.0000000000
94022  -52.414  3.142  19.207 0.0000000000
93011  -52.850  3.046  19.990 0.0000000000
94023  -53.358  3.725  19.631 0.0000000000
95072  -53.700  4.173  19.049 0.0000000000
73179  -41.546  -15.225  38.532 0.0000000000
73180  -42.071  -14.974  37.925 0.0000000000
78402  -42.767  -9.942  36.362 0.0000000000
151830  -43.407  -9.886  36.298 0.0000000000
78403  -43.794  -9.786  35.765 0.0000000000
78409  -43.648  -9.640  35.148 0.0000000000
59337  -16.734  -26.183  46.854 0.0000000000
59338  -17.402  -26.240  46.695 0.0000000000
59350  -20.779  -26.381  45.882 0.0000000000
59355  -25.293  -26.602  45.436 0.0000000000
58250  -25.185  -27.109  45.292 0.0000000000
178715  -25.560  -27.055  45.424 0.0000000000
57291  -26.098  -27.893  44.760 0.0000000000
58251  -25.983  -27.221  45.448 0.0000000000
157977  -29.412  -25.994  45.650 0.0000000000
173488  -29.558  -26.750  45.557 0.0000000000
59360  -30.106  -26.311  45.368 0.0000000000
60408  -30.036  -25.390  45.618 0.0000000000
66855  -30.584  -20.448  44.126 0.0000000000
65771  -30.458  -20.915  44.714 0.0000000000
65761  -31.047  -21.389  45.156 0.0000000000
64702  -31.436  -21.795  45.122 0.0000000000
65772  -31.675  -21.219  44.618 0.0000000000
164156  -31.987  -20.522  44.200 0.0000000000
72112  -31.881  -15.198  43.669 0.0000000000
171064  -32.437  -16.855  43.270 0.0000000000
71066  -32.263  -16.072  43.540 0.0000000000
71067  -32.601  -16.371  43.131 0.0000000000
72114  -32.608  -15.485  43.455 0.0000000000
75324  -32.660  -13.198  38.491 0.0000000000
75318  -33.280  -12.714  38.821 0.0000000000
173400  -36.923  -12.158  42.227 0.0000000000
75289  -36.363  -12.230  42.628 0.0000000000
164396  -36.310  -13.007  42.652 0.0000000000
74237  -35.987  -13.915  42.051 0.0000000000
74238  -36.821  -13.693  41.969 0.0000000000
74239  -37.611  -13.416  41.681 0.0000000000
74257  -41.028  -13.822  39.388 0.0000000000
73171  -40.732  -14.659  39.404 0.0000000000
73172  -41.285  -14.567  38.995 0.0000000000
72171  -41.397  -15.909  38.386 0.0000000000
60396  -16.421  -25.607  45.986 0.0000000000
170501  -44.782  -15.381  34.319 0.0000000000
73211  -44.848  -14.575  34.174 0.0000000000
75406  -47.009  -13.177  29.907 0.0000000000
74373  -47.032  -14.237  30.236 0.0000000000
74375  -48.389  -14.826  29.594 0.0000000000
74388  -48.934  -14.678  29.083 0.0000000000
81715  -49.531  -7.394  29.011 0.0000000000
80687  -49.849  -7.999  29.047 0.0000000000
80695  -50.351  -8.170  28.583 0.0000000000
89028  -49.905  -1.327  20.250 0.0000000000
84927  -53.738  -4.995  21.470 0.0000000000
83862  -53.606  -6.107  21.640 0.0000000000
76331  -41.285  -12.069  39.044 0.0000000000
76345  -41.786  -12.188  38.653 0.0000000000
77333  -41.079  -11.419  38.844 0.0000000000
77363  -41.211  -10.661  37.506 0.0000000000
152043  -41.776  -10.874  38.016 0.0000000000
77377  -41.625  -10.434  36.813 0.0000000000
78396  -42.501  -10.204  36.964 0.0000000000
152693  -20.346  -24.698  45.664 0.0000000000
68979  -30.361  -18.253  41.149 0.0000000000
67896  -30.808  -18.907  42.475 0.0000000000
68959  -30.805  -18.232  43.003 0.0000000000
167682  -30.588  -17.640  42.447 0.0000000000
72137  -30.385  -15.651  41.530 0.0000000000
71084  -30.405  -16.460  41.906 0.0000000000
72131  -30.657  -15.720  42.205 0.0000000000
72124  -30.974  -15.405  42.757 0.0000000000
73131  -30.732  -15.133  42.066 0.0000000000
76353  -35.518  -12.432  37.728 0.0000000000
175869  -35.293  -12.177  38.351 0.0000000000
76340  -36.002  -12.014  38.318 0.0000000000
77329  -37.138  -11.299  39.787 0.0000000000
77313  -37.752  -11.300  40.479 0.0000000000
77299  -37.961  -11.661  41.128 0.0000000000
76301  -38.284  -12.258  41.038 0.0000000000
76315  -38.680  -11.799  40.698 0.0000000000
76329  -40.072  -11.598  39.726 0.0000000000
76317  -39.756  -11.876  40.034 0.0000000000
76318  -40.252  -12.091  39.812 0.0000000000
75319  -40.810  -12.435  39.592 0.0000000000
60441  -17.137  -25.056  44.477 0.0000000000
180223  -17.084  -25.146  45.104 0.0000000000
167365  -45.668  -11.215  33.753 0.0000000000
174125  -45.516  -12.040  33.414 0.0000000000
77441  -46.880  -10.604  32.084 0.0000000000
169172  -47.202  -10.795  31.445 0.0000000000
77460  -47.226  -11.300  30.767 0.0000000000
77451  -47.656  -10.646  31.000 0.0000000000
80721  -51.418  -7.216  26.609 0.0000000000
80707  -51.665  -7.955  26.856 0.0000000000
80722  -51.842  -7.650  26.167 0.0000000000
78544  -52.544  -10.256  25.325 0.0000000000
78520  -52.193  -9.821  26.064 0.0000000000
77507  -52.112  -10.641  25.865 0.0000000000
77517  -51.789  -11.354  26.033 0.0000000000
76494  -52.884  -11.714  24.171 0.0000000000
89997  -52.919  -0.028  21.999 0.0000000000
89015  -52.622  -0.789  22.149 0.0000000000
89002  -53.210  -1.189  22.601 0.0000000000
86068  -53.782  -4.031  21.012 0.0000000000
75337  -37.470  -12.508  36.993 0.0000000000
79609  -49.455  -8.060  25.644 0.0000000000
78571  -49.787  -9.746  24.267 0.0000000000
79657  -50.420  -9.413  23.859 0.0000000000
79658  -51.282  -9.098  24.010 0.0000000000
93009  -50.944  1.723  19.085 0.0000000000
91053  -50.302  1.216  18.937 0.0000000000
153207  -50.204  0.699  19.295 0.0000000000
91042  -50.792  1.002  19.610 0.0000000000
91033  -51.797  0.764  20.665 0.0000000000
92027  -52.055  1.482  20.499 0.0000000000
92994  -54.316  2.290  21.163 0.0000000000
92017  -53.791  1.702  21.621 0.0000000000
92018  -54.489  1.675  21.514 0.0000000000
165491  -54.838  0.251  21.331 0.0000000000
91035  -54.705  0.545  20.592 0.0000000000
91044  -54.266  0.367  19.647 0.0000000000
91056  -54.553  1.267  20.007 0.0000000000
154038  -54.610  2.800  19.595 0.0000000000
96170  -53.853  5.008  17.863 0.0000000000
96165  -54.290  4.413  18.393 0.0000000000
96171  -54.420  4.935  17.689 0.0000000000
94052  -55.078  3.958  16.781 0.0000000000
94041  -54.887  3.936  17.730 0.0000000000
70072  -42.293  -17.400  35.925 0.0000000000
70073  -42.839  -17.493  35.728 0.0000000000
70057  -42.432  -17.118  36.420 0.0000000000
73188  -42.865  -15.027  36.757 0.0000000000
72190  -43.093  -15.621  36.443 0.0000000000
73194  -43.382  -14.941  36.167 0.0000000000
73195  -43.784  -14.906  35.609 0.0000000000
74284  -43.664  -14.198  35.829 0.0000000000
76359  -42.758  -11.774  37.701 0.0000000000
77379  -44.266  -10.811  36.265 0.0000000000
76373  -44.419  -11.799  35.865 0.0000000000
155207  -44.151  -12.701  35.743 0.0000000000
76384  -44.899  -11.612  35.140 0.0000000000
77393  -45.072  -10.915  35.062 0.0000000000
79453  -44.541  -9.515  34.467 0.0000000000
78410  -45.020  -9.952  34.756 0.0000000000
58264  -16.379  -27.658  44.947 0.0000000000
175362  -22.346  -27.166  43.641 0.0000000000
153790  -22.418  -27.181  42.729 0.0000000000
58339  -22.912  -27.297  41.899 0.0000000000
153789  -23.332  -27.465  42.801 0.0000000000
62502  -21.724  -23.983  44.552 0.0000000000
61451  -21.527  -24.757  45.680 0.0000000000
59353  -23.551  -26.434  45.355 0.0000000000
58248  -23.131  -26.747  45.171 0.0000000000
170216  -23.869  -26.932  45.105 0.0000000000
58297  -24.895  -27.623  44.189 0.0000000000
58296  -24.282  -27.506  44.371 0.0000000000
58317  -24.083  -27.538  42.993 0.0000000000
58318  -24.768  -27.604  43.224 0.0000000000
174328  -25.281  -27.617  42.965 0.0000000000
57304  -27.091  -28.238  44.227 0.0000000000
57317  -26.621  -28.062  43.719 0.0000000000
57318  -27.479  -28.162  43.516 0.0000000000
57319  -28.458  -28.285  43.540 0.0000000000
58277  -29.724  -27.713  44.827 0.0000000000
58276  -28.986  -28.060  45.023 0.0000000000
57295  -29.358  -28.163  44.367 0.0000000000
57320  -29.238  -28.215  43.297 0.0000000000
57307  -29.712  -28.058  43.484 0.0000000000
58299  -30.370  -27.360  43.334 0.0000000000
161963  -31.082  -26.172  44.194 0.0000000000
59375  -31.128  -26.383  43.546 0.0000000000
59376  -31.595  -25.924  43.037 0.0000000000
60445  -31.857  -25.346  43.091 0.0000000000
64686  -29.923  -21.993  45.630 0.0000000000
64700  -29.582  -21.815  45.164 0.0000000000
63560  -29.538  -22.466  45.561 0.0000000000
158884  -29.429  -23.315  45.840 0.0000000000
62497  -30.237  -23.456  46.029 0.0000000000
165291  -30.640  -24.146  45.776 0.0000000000
62498  -30.971  -23.606  45.679 0.0000000000
62509  -32.328  -23.416  43.692 0.0000000000
62508  -31.894  -23.986  44.246 0.0000000000
62520  -32.258  -24.115  43.356 0.0000000000
64713  -33.184  -21.866  43.024 0.0000000000
64718  -33.561  -21.832  42.629 0.0000000000
68953  -31.599  -18.108  43.975 0.0000000000
179132  -32.311  -19.324  43.870 0.0000000000
178327  -32.556  -18.808  43.659 0.0000000000
163135  -31.074  -14.659  38.868 0.0000000000
181511  -31.308  -14.320  38.899 0.0000000000
74246  -31.707  -13.834  40.056 0.0000000000
74236  -31.693  -13.819  40.898 0.0000000000
74223  -31.762  -13.846  41.869 0.0000000000
75296  -32.235  -13.330  41.523 0.0000000000
76312  -34.870  -11.920  39.838 0.0000000000
76311  -34.018  -12.230  40.163 0.0000000000
156582  -34.667  -11.912  40.907 0.0000000000
76276  -34.622  -12.332  43.195 0.0000000000
76286  -34.106  -12.189  42.324 0.0000000000
75278  -34.246  -12.817  43.483 0.0000000000
75277  -33.518  -12.995  43.303 0.0000000000
74211  -33.598  -13.486  43.595 0.0000000000
73123  -33.894  -14.043  43.363 0.0000000000
73143  -34.748  -14.860  41.334 0.0000000000
72145  -34.443  -15.456  40.552 0.0000000000
73166  -36.902  -15.039  39.782 0.0000000000
72154  -37.120  -15.294  39.079 0.0000000000
74240  -38.564  -13.547  40.831 0.0000000000
74249  -39.086  -14.063  40.414 0.0000000000
72157  -39.900  -15.521  39.072 0.0000000000
73169  -39.456  -15.074  39.745 0.0000000000
72168  -39.365  -15.717  38.548 0.0000000000
72167  -38.492  -15.628  38.372 0.0000000000
72181  -39.543  -15.974  37.919 0.0000000000
71121  -39.112  -16.176  37.109 0.0000000000
72182  -40.325  -16.119  38.052 0.0000000000
170258  -41.611  -16.743  37.246 0.0000000000
71139  -41.128  -16.771  37.031 0.0000000000
178811  -41.570  -16.972  36.709 0.0000000000
178045  -15.859  -26.992  46.550 0.0000000000
58263  -15.705  -27.683  45.045 0.0000000000
75380  -45.553  -13.239  32.423 0.0000000000
74336  -45.451  -14.029  32.686 0.0000000000
74347  -45.803  -14.119  31.863 0.0000000000
81699  -47.791  -7.473  30.951 0.0000000000
80656  -47.945  -8.506  31.453 0.0000000000
78467  -49.144  -9.999  29.685 0.0000000000
78454  -48.788  -9.892  30.409 0.0000000000
77462  -48.691  -10.630  29.958 0.0000000000
77472  -49.155  -10.803  29.294 0.0000000000
78502  -50.916  -9.726  27.889 0.0000000000
78484  -50.454  -9.647  28.371 0.0000000000
181662  -49.956  -12.242  28.126 0.0000000000
75429  -49.937  -13.053  28.191 0.0000000000
76440  -49.371  -12.796  28.529 0.0000000000
75420  -49.706  -13.855  28.435 0.0000000000
80762  -50.688  -8.822  22.784 0.0000000000
80774  -51.264  -8.297  22.360 0.0000000000
88059  -51.747  -1.989  22.038 0.0000000000
88058  -50.929  -2.287  21.400 0.0000000000
87069  -51.399  -2.693  22.062 0.0000000000
84916  -51.645  -4.640  22.786 0.0000000000
161041  -51.177  -4.198  22.643 0.0000000000
84915  -50.893  -4.763  22.596 0.0000000000
84926  -49.523  -4.495  21.681 0.0000000000
154865  -50.366  -5.218  22.451 0.0000000000
83858  -49.929  -5.813  22.283 0.0000000000
83859  -50.637  -5.865  22.347 0.0000000000
82837  -53.429  -6.887  21.870 0.0000000000
154239  -52.472  -7.163  21.925 0.0000000000
178280  -53.207  -7.479  22.105 0.0000000000
81776  -52.605  -7.788  22.204 0.0000000000
80764  -53.378  -8.069  22.622 0.0000000000
80765  -53.918  -8.486  22.801 0.0000000000
81763  -54.103  -8.127  22.384 0.0000000000
153464  -40.712  -11.160  38.936 0.0000000000
77349  -40.388  -10.788  38.634 0.0000000000
77362  -40.446  -10.750  37.791 0.0000000000
77375  -40.404  -10.938  36.999 0.0000000000
70008  -30.117  -17.651  40.792 0.0000000000
68971  -30.278  -17.668  41.642 0.0000000000
168143  -30.042  -16.953  40.457 0.0000000000
72143  -30.143  -16.146  40.218 0.0000000000
169570  -30.287  -15.510  40.725 0.0000000000
76341  -36.751  -11.847  38.214 0.0000000000
76342  -37.430  -11.651  38.089 0.0000000000
77330  -37.962  -11.113  39.592 0.0000000000
162250  -39.054  -11.515  40.354 0.0000000000
154398  -38.884  -11.142  39.847 0.0000000000
77332  -40.143  -11.132  39.319 0.0000000000
78416  -45.841  -10.115  33.563 0.0000000000
78421  -46.241  -10.157  33.048 0.0000000000
78422  -46.724  -10.138  32.494 0.0000000000
78428  -47.271  -10.074  31.910 0.0000000000
80737  -51.781  -7.913  25.653 0.0000000000
79610  -52.086  -8.282  25.864 0.0000000000
171126  -53.018  -10.315  24.528 0.0000000000
77538  -53.198  -11.005  24.034 0.0000000000
172554  -53.482  -10.335  23.806 0.0000000000
78593  -53.942  -10.356  23.079 0.0000000000
89987  -54.493  -0.212  22.067 0.0000000000
89004  -54.351  -0.862  22.085 0.0000000000
89016  -54.475  -1.359  21.598 0.0000000000
88080  -53.938  -2.458  20.842 0.0000000000
93018  -51.072  2.292  18.468 0.0000000000
93000  -52.358  2.228  20.228 0.0000000000
93001  -53.336  2.760  20.700 0.0000000000
93003  -54.501  2.742  20.837 0.0000000000
154871  -54.603  2.772  20.654 0.0000000000
94017  -54.464  3.227  20.596 0.0000000000
94025  -54.406  3.561  20.101 0.0000000000
151746  -54.570  3.523  19.681 0.0000000000
97225  -54.560  5.479  17.142 0.0000000000
96172  -54.926  5.058  17.149 0.0000000000
95091  -55.245  4.477  16.695 0.0000000000
93053  -55.263  3.222  15.384 0.0000000000
163217  -42.028  -16.387  37.497 0.0000000000
71126  -42.445  -16.291  37.060 0.0000000000
72184  -42.167  -15.833  37.658 0.0000000000
73187  -42.471  -15.227  37.351 0.0000000000
77365  -42.826  -10.560  37.350 0.0000000000
76360  -43.282  -11.626  37.246 0.0000000000
77366  -43.352  -10.802  37.139 0.0000000000
77378  -43.749  -10.571  36.703 0.0000000000
171175  -44.409  -10.347  35.863 0.0000000000
78405  -44.822  -10.255  35.292 0.0000000000
78404  -44.303  -9.930  35.612 0.0000000000
79446  -44.206  -9.631  35.159 0.0000000000
58232  -16.490  -26.912  46.456 0.0000000000
58242  -16.942  -27.476  45.633 0.0000000000
58243  -17.709  -27.289  45.859 0.0000000000
155781  -18.281  -27.397  45.248 0.0000000000
155765  -22.691  -27.181  44.338 0.0000000000
177064  -24.301  -26.688  45.270 0.0000000000
156248  -24.914  -27.434  44.838 0.0000000000
58298  -25.485  -27.712  44.551 0.0000000000
57303  -26.494  -28.087  44.379 0.0000000000
57292  -26.883  -28.099  44.780 0.0000000000
58278  -30.349  -27.172  44.498 0.0000000000
59367  -30.598  -26.605  44.767 0.0000000000
60427  -31.281  -25.597  44.251 0.0000000000
164138  -30.134  -20.661  43.591 0.0000000000
65786  -29.743  -21.030  44.062 0.0000000000
65770  -30.062  -20.986  44.549 0.0000000000
64701  -30.028  -21.423  45.236 0.0000000000
63562  -30.701  -22.343  45.883 0.0000000000
63563  -31.297  -22.947  45.479 0.0000000000
63568  -32.316  -22.632  43.935 0.0000000000
64712  -32.670  -21.867  43.621 0.0000000000
181719  -33.036  -21.296  43.366 0.0000000000
69989  -31.665  -16.867  43.599 0.0000000000
68954  -32.104  -18.135  43.753 0.0000000000
69990  -32.051  -16.887  43.515 0.0000000000
69991  -32.602  -17.608  43.255 0.0000000000
71076  -32.902  -16.664  42.638 0.0000000000
71085  -33.191  -16.766  42.105 0.0000000000
74263  -31.657  -14.060  38.216 0.0000000000
74255  -31.488  -14.155  38.942 0.0000000000
176916  -31.808  -13.909  38.695 0.0000000000
75316  -32.144  -13.444  39.638 0.0000000000
75310  -32.661  -12.984  40.034 0.0000000000
76298  -35.994  -11.509  41.833 0.0000000000
76297  -35.235  -11.662  41.869 0.0000000000
156131  -35.733  -11.896  42.626 0.0000000000
76277  -35.224  -12.239  43.148 0.0000000000
74213  -35.090  -12.912  43.331 0.0000000000
74224  -34.801  -13.646  43.109 0.0000000000
74225  -35.580  -13.313  42.930 0.0000000000
73144  -35.483  -14.564  41.235 0.0000000000
73154  -36.611  -14.767  40.434 0.0000000000
73155  -37.517  -14.693  40.496 0.0000000000
172056  -39.791  -13.805  40.135 0.0000000000
73158  -39.595  -14.616  40.030 0.0000000000
73159  -40.175  -14.615  39.750 0.0000000000
177197  -40.518  -15.141  39.410 0.0000000000
72158  -40.528  -15.516  39.070 0.0000000000
71112  -40.886  -16.192  38.186 0.0000000000
72170  -40.947  -15.869  38.589 0.0000000000
71125  -41.592  -16.400  37.842 0.0000000000
60419  -15.772  -25.377  45.246 0.0000000000
60395  -15.719  -25.720  46.357 0.0000000000
74359  -46.056  -13.585  31.316 0.0000000000
74360  -46.427  -14.516  30.985 0.0000000000
81707  -48.803  -7.499  29.900 0.0000000000
80677  -48.682  -7.920  30.378 0.0000000000
80678  -49.130  -8.194  30.049 0.0000000000
79553  -49.550  -8.538  29.530 0.0000000000
161399  -49.585  -9.371  29.373 0.0000000000
160678  -51.308  -11.420  26.650 0.0000000000
76464  -50.724  -11.656  27.308 0.0000000000
86054  -52.922  -3.827  22.904 0.0000000000
155708  -52.553  -3.281  22.992 0.0000000000
84917  -52.553  -4.500  22.746 0.0000000000
163242  -52.089  -5.310  22.462 0.0000000000
83860  -51.523  -6.125  22.184 0.0000000000
81778  -54.357  -8.032  21.763 0.0000000000
95078  -52.164  3.830  17.515 0.0000000000
95079  -53.164  4.311  18.120 0.0000000000
95090  -52.656  4.476  17.155 0.0000000000
175046  -53.029  5.059  16.979 0.0000000000
96169  -53.685  5.449  17.285 0.0000000000
96181  -53.044  5.644  16.546 0.0000000000
97233  -53.759  6.029  16.824 0.0000000000
163180  -53.855  6.507  16.413 0.0000000000
74258  -41.503  -13.554  38.952 0.0000000000
74264  -41.969  -13.007  38.445 0.0000000000
76346  -42.230  -11.970  38.217 0.0000000000
77351  -42.360  -11.111  37.818 0.0000000000
77391  -42.316  -10.111  35.679 0.0000000000
156220  -17.078  -25.414  45.716 0.0000000000
179010  -17.694  -25.953  46.510 0.0000000000
60397  -17.681  -25.568  46.166 0.0000000000
60398  -18.354  -25.713  46.370 0.0000000000
60399  -19.323  -25.527  46.468 0.0000000000
60381  -19.981  -25.583  46.491 0.0000000000
174559  -20.630  -25.374  46.301 0.0000000000
66865  -30.474  -20.248  43.516 0.0000000000
173074  -30.786  -19.804  43.650 0.0000000000
67862  -31.014  -19.617  43.930 0.0000000000
66857  -31.717  -19.720  44.208 0.0000000000
179310  -31.066  -18.786  43.632 0.0000000000
68952  -31.323  -18.181  43.891 0.0000000000
181059  -30.382  -17.192  41.982 0.0000000000
179006  -30.883  -17.258  43.038 0.0000000000
174488  -31.367  -17.108  43.555 0.0000000000
163372  -31.523  -16.307  43.544 0.0000000000
71064  -31.581  -15.520  43.593 0.0000000000
73111  -31.887  -14.774  43.546 0.0000000000
75326  -33.934  -12.747  37.831 0.0000000000
76338  -33.971  -12.509  38.415 0.0000000000
76325  -34.731  -12.165  38.773 0.0000000000
175547  -35.689  -11.597  40.095 0.0000000000
76327  -36.509  -11.601  39.000 0.0000000000
76314  -36.361  -11.457  39.937 0.0000000000
77297  -36.194  -11.403  40.930 0.0000000000
76299  -36.627  -11.497  41.651 0.0000000000
76300  -37.227  -11.799  41.785 0.0000000000
74227  -37.469  -12.507  41.919 0.0000000000
75300  -38.543  -12.854  40.856 0.0000000000
76316  -39.223  -11.795  40.324 0.0000000000
76303  -39.435  -12.345  40.257 0.0000000000
75311  -39.732  -12.928  40.176 0.0000000000
75312  -40.308  -12.937  39.949 0.0000000000
173282  -40.813  -13.183  39.658 0.0000000000
75368  -44.853  -12.931  34.435 0.0000000000
74326  -44.958  -13.762  34.009 0.0000000000
164577  -45.167  -12.909  33.740 0.0000000000
76404  -45.744  -12.191  32.589 0.0000000000
77440  -46.321  -11.235  32.386 0.0000000000
76411  -46.159  -12.085  31.738 0.0000000000
76418  -46.565  -12.257  30.708 0.0000000000
75407  -47.733  -13.066  29.285 0.0000000000
81729  -50.783  -7.102  27.285 0.0000000000
80696  -50.766  -8.325  28.160 0.0000000000
80706  -51.234  -7.938  27.552 0.0000000000
79593  -51.495  -8.923  27.382 0.0000000000
78503  -51.285  -9.876  27.408 0.0000000000
161853  -52.194  -8.997  26.212 0.0000000000
78519  -51.805  -9.591  26.792 0.0000000000
77498  -51.261  -10.585  27.056 0.0000000000
89030  -51.295  -0.740  20.967 0.0000000000
89029  -50.602  -1.060  20.554 0.0000000000
89014  -51.836  -1.151  21.698 0.0000000000
89001  -52.509  -1.500  22.419 0.0000000000
88046  -52.543  -2.121  22.712 0.0000000000
182408  -53.756  -1.802  22.633 0.0000000000
166550  -53.637  -2.406  22.589 0.0000000000
87053  -53.243  -3.183  22.840 0.0000000000
86055  -53.413  -3.786  22.467 0.0000000000
86067  -53.658  -4.208  21.740 0.0000000000
76356  -38.119  -12.040  37.094 0.0000000000
76368  -38.581  -12.123  36.611 0.0000000000
75332  -33.500  -13.079  37.447 0.0000000000
75334  -35.070  -12.893  37.205 0.0000000000
75335  -35.897  -12.849  37.089 0.0000000000
76355  -37.055  -12.175  37.557 0.0000000000
80665  -45.461  -7.824  31.189 0.0000000000
80654  -46.558  -7.972  31.943 0.0000000000
81704  -46.534  -7.198  30.493 0.0000000000
81705  -47.425  -7.131  30.239 0.0000000000
81720  -49.135  -6.963  28.529 0.0000000000
81728  -49.412  -6.782  27.787 0.0000000000
81738  -49.836  -6.852  26.953 0.0000000000
81745  -50.972  -7.095  25.985 0.0000000000
80736  -51.258  -7.563  25.546 0.0000000000
80745  -50.682  -8.350  25.010 0.0000000000
80746  -51.445  -8.138  25.090 0.0000000000
79646  -51.917  -8.620  24.745 0.0000000000
79647  -52.095  -8.872  23.784 0.0000000000
91041  -49.864  0.316  19.268 0.0000000000
90012  -50.807  -0.291  20.360 0.0000000000
90013  -51.520  0.028  20.798 0.0000000000
91019  -52.324  0.399  21.322 0.0000000000
91020  -53.372  0.777  21.868 0.0000000000
91009  -54.356  0.180  22.185 0.0000000000
91010  -54.641  0.305  21.846 0.0000000000
90014  -54.617  -0.398  20.798 0.0000000000
89048  -53.839  -1.172  19.691 0.0000000000
92048  -54.413  1.862  19.420 0.0000000000
95073  -54.257  4.051  19.056 0.0000000000
94031  -54.525  3.799  19.035 0.0000000000
95081  -54.603  4.461  18.085 0.0000000000
94032  -54.690  3.991  18.335 0.0000000000
71142  -42.853  -16.631  36.431 0.0000000000
72197  -43.305  -16.239  36.165 0.0000000000
72198  -43.836  -16.273  35.584 0.0000000000
170190  -44.023  -15.536  35.369 0.0000000000
74312  -44.302  -14.103  35.007 0.0000000000
75367  -44.473  -13.391  34.898 0.0000000000
74265  -42.211  -13.776  37.857 0.0000000000
176774  -42.657  -13.336  37.382 0.0000000000
170134  -43.097  -13.353  36.849 0.0000000000
75350  -43.498  -12.427  36.751 0.0000000000
75351  -43.662  -13.261  36.155 0.0000000000
159331  -44.998  -12.073  34.650 0.0000000000
77417  -45.671  -10.602  33.998 0.0000000000
77405  -45.262  -10.477  34.641 0.0000000000
80642  -45.675  -8.788  32.791 0.0000000000
76369  -39.232  -11.884  36.480 0.0000000000
76371  -40.502  -11.462  35.810 0.0000000000
76382  -40.653  -11.776  35.169 0.0000000000
77389  -41.162  -10.954  35.759 0.0000000000
77390  -41.763  -10.668  35.276 0.0000000000
77404  -42.359  -10.348  34.896 0.0000000000
176962  -42.994  -9.876  34.888 0.0000000000
166270  -43.498  -9.749  34.363 0.0000000000
80653  -45.448  -8.260  31.854 0.0000000000
59339  -18.430  -26.925  46.156 0.0000000000
61465  -21.143  -24.410  45.295 0.0000000000
61440  -21.172  -25.047  45.972 0.0000000000
60382  -21.401  -25.363  46.001 0.0000000000
59343  -21.933  -25.862  45.767 0.0000000000
58295  -23.532  -27.370  44.376 0.0000000000
58271  -24.133  -27.253  44.820 0.0000000000
152564  -23.785  -27.520  43.683 0.0000000000
58319  -25.950  -27.743  43.135 0.0000000000
58274  -27.126  -27.875  45.184 0.0000000000
57293  -27.866  -28.203  44.793 0.0000000000
57305  -28.440  -28.371  44.319 0.0000000000
174993  -30.873  -26.817  43.264 0.0000000000
165476  -31.270  -26.426  42.915 0.0000000000
62496  -29.144  -24.279  45.578 0.0000000000
174625  -29.155  -22.970  45.197 0.0000000000
61458  -30.689  -24.897  45.458 0.0000000000
61471  -31.208  -25.167  44.739 0.0000000000
62499  -31.543  -23.661  45.063 0.0000000000
60428  -31.728  -24.921  43.868 0.0000000000
60446  -32.158  -25.065  42.674 0.0000000000
166904  -32.641  -20.464  43.755 0.0000000000
66866  -33.147  -20.078  43.467 0.0000000000
65789  -33.763  -20.274  42.988 0.0000000000
72162  -30.868  -15.413  38.427 0.0000000000
169550  -30.662  -15.318  39.261 0.0000000000
73150  -30.569  -14.815  40.412 0.0000000000
74245  -31.430  -14.168  39.713 0.0000000000
73151  -31.042  -14.449  40.081 0.0000000000
73142  -30.953  -14.527  40.862 0.0000000000
74208  -31.437  -14.404  42.425 0.0000000000
73122  -31.784  -14.408  43.189 0.0000000000
74198  -32.285  -14.224  43.564 0.0000000000
76323  -33.285  -12.579  39.618 0.0000000000
75297  -32.692  -12.892  40.952 0.0000000000
182491  -34.574  -11.922  41.776 0.0000000000
75298  -33.339  -12.475  41.522 0.0000000000
167625  -32.809  -12.831  41.821 0.0000000000
75276  -32.670  -13.157  42.623 0.0000000000
74210  -32.832  -13.581  43.484 0.0000000000
74199  -32.838  -14.143  43.628 0.0000000000
165984  -33.153  -14.925  43.272 0.0000000000
72132  -33.233  -15.722  42.554 0.0000000000
72138  -33.507  -15.968  41.751 0.0000000000
73134  -34.369  -14.636  42.420 0.0000000000
72139  -34.092  -15.373  41.482 0.0000000000
159234  -38.145  -13.677  41.113 0.0000000000
74247  -37.973  -14.135  41.001 0.0000000000
73156  -38.363  -14.596  40.418 0.0000000000
73157  -39.028  -14.583  40.236 0.0000000000
73168  -38.712  -15.017  39.814 0.0000000000
72155  -38.115  -15.334  39.113 0.0000000000
71153  -39.921  -16.871  36.045 0.0000000000
71123  -40.737  -16.447  37.577 0.0000000000
169538  -40.475  -16.721  36.709 0.0000000000
152569  -15.352  -27.712  44.343 0.0000000000
74335  -45.192  -13.836  33.380 0.0000000000
80655  -47.205  -8.595  31.927 0.0000000000
79501  -47.664  -9.377  31.740 0.0000000000
78429  -47.880  -10.038  31.328 0.0000000000
79520  -48.698  -9.263  30.775 0.0000000000
78441  -48.447  -9.816  30.956 0.0000000000
77461  -47.986  -11.168  30.119 0.0000000000
76428  -48.112  -12.153  29.297 0.0000000000
75418  -48.406  -13.068  28.973 0.0000000000
79574  -50.464  -8.916  28.529 0.0000000000
168968  -50.020  -9.543  28.838 0.0000000000
78483  -49.973  -10.284  28.625 0.0000000000
77485  -49.921  -10.981  28.424 0.0000000000
77473  -49.575  -10.950  28.782 0.0000000000
167200  -49.204  -11.693  28.849 0.0000000000
76439  -48.770  -12.449  28.849 0.0000000000
79674  -50.165  -9.344  23.229 0.0000000000
167454  -52.665  -8.582  23.101 0.0000000000
88079  -50.412  -1.812  20.764 0.0000000000
88057  -50.185  -2.529  21.014 0.0000000000
87067  -49.974  -3.208  21.200 0.0000000000
87050  -51.545  -3.398  22.578 0.0000000000
182741  -50.278  -3.484  21.598 0.0000000000
87066  -49.318  -3.446  20.891 0.0000000000
178123  -50.214  -6.320  22.270 0.0000000000
162132  -50.177  -7.023  22.192 0.0000000000
82836  -51.573  -6.991  21.994 0.0000000000
81774  -50.951  -7.517  22.087 0.0000000000
80775  -52.212  -8.275  22.436 0.0000000000
79659  -53.960  -9.060  23.062 0.0000000000
78614  -54.283  -9.986  22.502 0.0000000000
80776  -54.389  -8.818  21.878 0.0000000000
79688  -54.357  -9.562  21.981 0.0000000000
77563  -54.092  -10.618  21.777 0.0000000000
58300  -30.637  -27.030  43.812 0.0000000000
59344  -22.858  -25.885  45.617 0.0000000000
63561  -30.042  -22.559  45.922 0.0000000000
64687  -30.268  -21.866  45.693 0.0000000000
65760  -30.555  -21.331  45.338 0.0000000000
65787  -33.144  -20.689  43.398 0.0000000000
66856  -31.038  -20.109  44.215 0.0000000000
66858  -32.456  -19.932  43.848 0.0000000000
67864  -31.892  -18.775  43.990 0.0000000000
67872  -33.565  -19.660  43.175 0.0000000000
68960  -31.120  -17.793  43.533 0.0000000000
69982  -32.119  -17.650  43.798 0.0000000000
70001  -33.281  -17.796  42.378 0.0000000000
70056  -41.988  -17.067  36.635 0.0000000000
71075  -31.290  -15.869  43.254 0.0000000000
71113  -41.236  -16.228  38.233 0.0000000000
71127  -42.825  -16.124  36.628 0.0000000000
71141  -42.394  -16.743  36.804 0.0000000000
72111  -31.591  -15.095  43.523 0.0000000000
72113  -32.236  -15.299  43.726 0.0000000000
72125  -31.299  -15.201  43.265 0.0000000000
72133  -33.754  -15.274  42.206 0.0000000000
72169  -40.489  -15.857  38.598 0.0000000000
72183  -41.781  -16.014  38.025 0.0000000000
73113  -32.698  -14.736  43.646 0.0000000000
73132  -30.983  -14.676  41.770 0.0000000000
73163  -30.811  -14.753  39.682 0.0000000000
73201  -44.180  -14.834  35.167 0.0000000000
73210  -44.516  -14.700  34.698 0.0000000000
73280  -47.744  -14.940  30.108 0.0000000000
74235  -31.335  -14.177  40.456 0.0000000000
74269  -31.570  -14.206  37.701 0.0000000000
74297  -43.982  -14.313  35.372 0.0000000000
74374  -47.699  -14.070  29.631 0.0000000000
75279  -34.918  -12.603  43.449 0.0000000000
75323  -32.186  -13.557  38.904 0.0000000000
75327  -41.616  -12.707  38.947 0.0000000000
75394  -46.128  -12.842  31.248 0.0000000000
76275  -33.976  -12.478  43.140 0.0000000000
76295  -33.294  -12.505  40.530 0.0000000000
76477  -51.951  -12.109  25.637 0.0000000000
77518  -52.290  -11.253  25.427 0.0000000000
78594  -54.101  -9.661  22.949 0.0000000000
78625  -54.301  -9.956  21.569 0.0000000000
80668  -48.788  -8.542  30.576 0.0000000000
80686  -49.364  -7.765  29.506 0.0000000000
80705  -50.647  -7.626  28.026 0.0000000000
80720  -50.022  -7.160  26.072 0.0000000000
80766  -54.248  -8.607  22.425 0.0000000000
81693  -45.964  -7.819  31.792 0.0000000000
81698  -47.140  -7.218  30.982 0.0000000000
84914  -50.272  -4.526  22.204 0.0000000000
86052  -50.636  -3.781  22.064 0.0000000000
87052  -52.953  -2.599  22.957 0.0000000000
87086  -49.491  -2.747  20.691 0.0000000000
88048  -54.107  -1.737  22.184 0.0000000000
89003  -53.835  -1.188  22.564 0.0000000000
89985  -53.450  -0.537  22.431 0.0000000000
89998  -54.729  -0.478  21.593 0.0000000000
90028  -50.356  0.188  19.743 0.0000000000
91008  -53.853  0.213  22.321 0.0000000000
91022  -54.739  1.113  21.395 0.0000000000
91043  -51.404  1.062  20.141 0.0000000000
92029  -53.772  2.390  21.179 0.0000000000
92038  -54.700  1.960  20.048 0.0000000000
93002  -53.920  3.090  20.916 0.0000000000
95068  -54.375  3.736  19.508 0.0000000000
97234  -54.341  6.033  16.773 0.0000000000
152212  -53.502  4.877  17.717 0.0000000000
152326  -49.477  -9.350  23.073 0.0000000000
155591  -54.258  -1.783  21.080 0.0000000000
158098  -30.738  -17.001  42.584 0.0000000000
158991  -49.906  -8.554  25.214 0.0000000000
162767  -54.757  1.515  20.742 0.0000000000
164286  -44.926  -9.658  34.495 0.0000000000
165422  -54.263  -10.183  22.051 0.0000000000
168216  -45.746  -8.350  32.297 0.0000000000
168228  -45.096  -14.468  33.686 0.0000000000
168230  -32.213  -17.647  43.566 0.0000000000
168871  -53.810  -1.721  20.085 0.0000000000
169018  -48.464  -8.724  31.056 0.0000000000
169243  -31.446  -14.810  43.186 0.0000000000
169569  -30.402  -15.368  39.979 0.0000000000
170071  -30.120  -16.301  41.020 0.0000000000
175296  -31.176  -16.785  43.207 0.0000000000
176393  -39.052  -15.784  38.131 0.0000000000
177033  -47.882  -7.930  31.239 0.0000000000
177569  -50.213  -6.992  27.752 0.0000000000
178341  -45.942  -7.438  31.384 0.0000000000
180842  -52.019  -6.645  21.983 0.0000000000
181289  -53.816  -4.717  21.024 0.0000000000
181723  -32.135  -13.495  42.234 0.0000000000
182677  -32.604  -23.016  43.392 0.0000000000
183237  -27.402  -28.236  44.539 0.0000000000
