#!ascii label  , from subject sub-v2s13x29135_ses-1 vox2ras=TkReg
1172
71766  31.762  -14.304  25.151 0.0000000000
93986  44.649  3.883  11.075 0.0000000000
183871  36.947  -4.554  18.171 0.0000000000
62769  15.908  -22.259  35.398 0.0000000000
75149  26.958  -11.378  31.604 0.0000000000
88998  37.066  -0.554  17.546 0.0000000000
62810  22.508  -21.238  32.278 0.0000000000
59597  21.138  -24.309  35.321 0.0000000000
67320  25.508  -18.826  30.684 0.0000000000
93993  49.220  4.274  10.563 0.0000000000
77362  33.210  -10.465  26.573 0.0000000000
78386  35.136  -9.730  23.406 0.0000000000
74120  36.459  -13.148  26.303 0.0000000000
98155  46.961  7.925  10.200 0.0000000000
98181  51.232  7.058  7.752 0.0000000000
92927  41.423  3.283  13.614 0.0000000000
89985  44.770  0.870  14.006 0.0000000000
89027  40.419  -0.565  14.331 0.0000000000
84966  40.505  -3.660  17.096 0.0000000000
70625  31.188  -15.769  29.548 0.0000000000
184323  13.748  -24.697  39.321 0.0000000000
61635  9.500  -22.853  40.948 0.0000000000
63698  8.071  -20.789  45.063 0.0000000000
76315  28.912  -11.529  27.639 0.0000000000
69514  27.571  -16.556  30.005 0.0000000000
82691  33.507  -6.174  20.702 0.0000000000
179831  38.498  -8.154  21.744 0.0000000000
102359  54.537  10.970  7.749 0.0000000000
93983  47.118  3.785  10.721 0.0000000000
91986  46.722  2.348  12.394 0.0000000000
74135  32.800  -13.152  25.038 0.0000000000
165061  34.198  -12.537  24.382 0.0000000000
184876  34.094  -14.234  25.113 0.0000000000
96004  44.244  5.804  11.933 0.0000000000
173044  46.186  7.597  12.098 0.0000000000
96024  45.385  5.752  10.178 0.0000000000
95046  47.752  5.285  9.335 0.0000000000
59481  6.456  -24.350  45.568 0.0000000000
90971  40.796  1.450  13.474 0.0000000000
90942  39.408  1.422  15.237 0.0000000000
168049  36.236  -2.387  17.441 0.0000000000
86098  38.175  -2.633  16.023 0.0000000000
84968  38.571  -4.242  17.409 0.0000000000
83869  39.630  -5.385  19.909 0.0000000000
60693  18.206  -23.935  35.108 0.0000000000
58450  19.615  -25.323  37.303 0.0000000000
59575  16.789  -24.691  37.329 0.0000000000
59549  16.009  -25.095  38.960 0.0000000000
60663  14.853  -23.626  37.224 0.0000000000
172383  11.141  -21.023  40.124 0.0000000000
63769  8.474  -21.476  42.742 0.0000000000
76266  27.709  -10.789  29.550 0.0000000000
72938  27.272  -13.676  28.153 0.0000000000
72929  25.631  -14.162  29.151 0.0000000000
63958  25.424  -20.903  32.897 0.0000000000
65055  26.340  -19.419  32.277 0.0000000000
77382  37.817  -9.856  25.239 0.0000000000
78409  36.805  -8.992  22.418 0.0000000000
89946  38.792  0.733  17.781 0.0000000000
164093  36.590  -0.475  19.637 0.0000000000
87111  35.213  -2.322  18.617 0.0000000000
61727  24.120  -22.697  33.659 0.0000000000
60691  22.978  -23.980  35.193 0.0000000000
61730  21.688  -23.157  33.169 0.0000000000
61731  19.805  -22.706  33.727 0.0000000000
63937  17.502  -21.460  34.781 0.0000000000
70614  24.663  -15.471  30.047 0.0000000000
171134  23.702  -16.977  31.183 0.0000000000
65072  24.165  -19.763  31.361 0.0000000000
78363  32.520  -9.015  25.883 0.0000000000
79370  32.197  -8.735  23.412 0.0000000000
77399  33.680  -10.360  24.077 0.0000000000
76358  36.177  -11.346  24.815 0.0000000000
100270  50.790  9.702  9.154 0.0000000000
98171  49.147  7.494  8.536 0.0000000000
96033  50.493  5.345  8.876 0.0000000000
93971  42.859  4.036  12.153 0.0000000000
90976  44.644  1.738  12.681 0.0000000000
90969  42.654  1.538  12.930 0.0000000000
89037  42.756  0.075  14.203 0.0000000000
88095  42.807  -1.389  15.490 0.0000000000
89018  38.111  -0.553  15.699 0.0000000000
87139  40.092  -2.388  15.478 0.0000000000
70662  31.435  -15.387  26.541 0.0000000000
70651  33.627  -15.675  27.187 0.0000000000
94980  43.480  5.337  14.254 0.0000000000
63885  13.982  -21.191  37.114 0.0000000000
62731  12.336  -22.459  38.369 0.0000000000
59542  11.383  -24.016  39.943 0.0000000000
59504  10.906  -25.069  42.133 0.0000000000
60605  8.170  -23.849  42.387 0.0000000000
61613  6.785  -23.048  43.544 0.0000000000
62625  5.679  -22.030  45.221 0.0000000000
63665  5.344  -21.086  47.712 0.0000000000
75252  30.070  -12.312  25.908 0.0000000000
71745  29.166  -14.452  27.393 0.0000000000
70627  29.007  -15.387  29.527 0.0000000000
67331  26.620  -17.481  29.967 0.0000000000
183505  34.807  -5.413  19.255 0.0000000000
78426  34.010  -8.961  21.181 0.0000000000
80431  35.627  -7.896  19.969 0.0000000000
81530  37.306  -6.486  19.810 0.0000000000
71740  36.046  -14.548  27.597 0.0000000000
102369  55.643  11.141  6.271 0.0000000000
100286  52.873  8.709  7.747 0.0000000000
99223  54.478  8.555  6.417 0.0000000000
93985  45.380  3.891  10.854 0.0000000000
92963  46.623  3.317  11.257 0.0000000000
185676  45.554  2.957  11.595 0.0000000000
182383  32.117  -13.401  25.068 0.0000000000
74154  33.463  -13.389  24.743 0.0000000000
71781  33.488  -14.399  25.117 0.0000000000
95021  43.981  5.068  11.524 0.0000000000
96014  44.970  5.907  10.669 0.0000000000
95034  45.012  5.134  10.435 0.0000000000
93996  46.135  4.675  10.127 0.0000000000
60583  5.515  -23.780  46.409 0.0000000000
91934  39.860  2.126  15.569 0.0000000000
91923  40.082  2.239  16.486 0.0000000000
84955  36.627  -4.028  17.827 0.0000000000
84969  37.842  -4.052  17.331 0.0000000000
83912  38.067  -4.552  17.872 0.0000000000
83897  39.006  -4.974  18.700 0.0000000000
83884  38.537  -5.192  19.201 0.0000000000
61709  17.028  -23.178  34.986 0.0000000000
182498  17.226  -24.134  35.885 0.0000000000
60677  16.601  -23.916  35.992 0.0000000000
60662  15.520  -23.927  37.057 0.0000000000
60679  15.032  -23.136  36.627 0.0000000000
75164  26.984  -11.194  30.609 0.0000000000
74084  26.076  -12.768  29.176 0.0000000000
74072  25.935  -12.752  30.174 0.0000000000
62777  25.421  -21.942  34.637 0.0000000000
182053  33.011  -6.555  24.297 0.0000000000
78373  38.221  -9.389  24.783 0.0000000000
88057  35.429  -1.592  19.219 0.0000000000
88042  35.437  -1.506  20.130 0.0000000000
62799  23.130  -22.139  32.459 0.0000000000
61728  23.207  -23.155  33.480 0.0000000000
62800  22.333  -22.005  32.504 0.0000000000
62790  20.135  -22.052  33.608 0.0000000000
63949  19.912  -21.685  33.947 0.0000000000
62779  18.601  -22.091  34.352 0.0000000000
71684  25.007  -14.519  32.237 0.0000000000
66130  22.911  -19.403  32.661 0.0000000000
67313  23.401  -18.738  31.630 0.0000000000
65059  23.230  -20.664  31.874 0.0000000000
62807  24.182  -21.434  32.266 0.0000000000
171149  32.613  -9.667  25.266 0.0000000000
77387  33.436  -10.696  24.660 0.0000000000
74133  35.605  -13.113  25.218 0.0000000000
75281  35.628  -12.097  24.762 0.0000000000
75280  36.172  -12.141  25.192 0.0000000000
75265  36.996  -11.909  25.885 0.0000000000
74131  36.715  -12.527  26.155 0.0000000000
98148  46.779  8.014  10.955 0.0000000000
99200  48.815  8.770  9.297 0.0000000000
98162  47.861  7.629  9.139 0.0000000000
95029  48.880  4.612  9.880 0.0000000000
96035  48.927  5.586  8.923 0.0000000000
95028  49.654  4.648  10.023 0.0000000000
93960  41.934  3.762  13.214 0.0000000000
91991  42.614  2.498  12.291 0.0000000000
91976  41.437  2.302  12.994 0.0000000000
89040  40.365  0.093  14.000 0.0000000000
89988  41.580  0.447  13.543 0.0000000000
88112  41.331  -0.743  14.307 0.0000000000
88103  42.396  -1.049  14.965 0.0000000000
88104  41.668  -1.239  14.792 0.0000000000
89947  38.196  0.377  17.389 0.0000000000
89956  38.170  0.252  16.523 0.0000000000
88087  37.718  -0.815  16.130 0.0000000000
86085  39.395  -3.443  16.368 0.0000000000
87140  39.302  -2.398  15.538 0.0000000000
86083  40.894  -3.181  16.513 0.0000000000
86094  41.274  -2.679  16.061 0.0000000000
155572  31.479  -15.657  27.988 0.0000000000
69539  32.861  -15.881  28.125 0.0000000000
93944  41.845  3.890  14.793 0.0000000000
93950  42.314  4.371  13.584 0.0000000000
94999  42.808  4.783  13.197 0.0000000000
59596  21.811  -24.340  35.489 0.0000000000
59572  21.513  -24.711  36.668 0.0000000000
59550  15.214  -25.001  38.949 0.0000000000
58414  16.114  -25.750  40.334 0.0000000000
59523  14.459  -25.431  40.326 0.0000000000
59525  13.046  -25.008  40.420 0.0000000000
64971  14.061  -20.104  38.489 0.0000000000
63886  13.362  -21.608  37.563 0.0000000000
63849  12.674  -20.717  38.726 0.0000000000
62690  10.153  -21.922  40.449 0.0000000000
61646  10.941  -22.586  39.529 0.0000000000
60629  10.428  -23.498  40.287 0.0000000000
186192  11.154  -24.607  40.865 0.0000000000
159512  9.889  -24.225  41.268 0.0000000000
59518  9.602  -24.568  41.832 0.0000000000
61628  9.073  -23.233  41.368 0.0000000000
157581  8.888  -21.054  44.228 0.0000000000
62665  7.567  -22.419  42.809 0.0000000000
63745  6.878  -21.821  43.882 0.0000000000
62640  6.257  -21.975  44.464 0.0000000000
63699  7.007  -20.813  45.362 0.0000000000
76294  29.989  -11.476  28.278 0.0000000000
75232  30.062  -11.914  26.701 0.0000000000
75233  29.267  -11.800  26.966 0.0000000000
72959  29.325  -13.993  26.534 0.0000000000
74107  28.442  -12.878  27.325 0.0000000000
70629  27.480  -15.438  29.175 0.0000000000
71720  28.626  -15.020  28.914 0.0000000000
70611  28.692  -15.745  29.938 0.0000000000
69517  24.593  -17.010  30.107 0.0000000000
69531  25.559  -16.441  29.431 0.0000000000
67333  25.907  -18.274  30.273 0.0000000000
67304  27.129  -18.531  32.682 0.0000000000
90957  44.750  1.331  13.300 0.0000000000
90965  45.928  1.703  13.046 0.0000000000
89984  45.607  0.995  14.360 0.0000000000
172920  33.922  -4.716  21.229 0.0000000000
84919  34.191  -4.120  19.933 0.0000000000
82702  33.963  -5.980  19.979 0.0000000000
159766  33.428  -9.585  23.114 0.0000000000
78414  32.955  -8.823  22.168 0.0000000000
78412  34.535  -9.335  21.814 0.0000000000
79387  38.088  -8.528  22.104 0.0000000000
79389  36.674  -8.923  21.507 0.0000000000
80422  37.472  -8.144  20.523 0.0000000000
80438  36.992  -7.194  19.816 0.0000000000
80429  38.015  -7.518  20.253 0.0000000000
81512  39.401  -6.505  20.839 0.0000000000
70649  35.070  -15.256  27.684 0.0000000000
102364  54.706  10.578  7.057 0.0000000000
99208  50.707  8.227  8.207 0.0000000000
100278  51.712  9.169  8.461 0.0000000000
99217  51.763  8.056  7.799 0.0000000000
98187  54.451  7.718  6.458 0.0000000000
98186  55.323  7.566  6.294 0.0000000000
65043  22.627  -20.027  32.902 0.0000000000
63960  21.852  -21.247  32.734 0.0000000000
93982  47.975  3.773  10.842 0.0000000000
93969  49.043  3.744  11.730 0.0000000000
92961  48.340  3.469  11.551 0.0000000000
75248  33.064  -11.254  26.187 0.0000000000
76345  33.358  -11.343  25.014 0.0000000000
74134  33.576  -12.760  24.658 0.0000000000
72990  34.546  -13.714  24.893 0.0000000000
72971  35.263  -13.675  25.366 0.0000000000
97031  45.791  7.144  13.221 0.0000000000
168022  45.273  6.853  11.976 0.0000000000
97054  45.800  7.044  10.764 0.0000000000
97062  46.087  6.832  10.042 0.0000000000
97071  47.016  6.686  9.323 0.0000000000
96038  46.696  6.000  9.419 0.0000000000
95031  47.297  4.852  9.685 0.0000000000
164760  7.344  -24.777  44.883 0.0000000000
92904  41.347  3.414  15.222 0.0000000000
92928  40.843  2.769  13.971 0.0000000000
165395  40.440  2.464  14.519 0.0000000000
90959  39.794  1.301  14.482 0.0000000000
89973  39.354  0.586  14.702 0.0000000000
87119  36.558  -1.808  17.227 0.0000000000
87142  37.489  -1.459  16.301 0.0000000000
163130  37.604  -2.818  16.489 0.0000000000
84982  38.339  -3.764  16.861 0.0000000000
160131  40.101  -4.108  17.657 0.0000000000
84954  39.776  -4.474  18.125 0.0000000000
83882  39.991  -4.997  19.623 0.0000000000
182209  31.039  -15.955  30.867 0.0000000000
59611  19.716  -24.152  35.051 0.0000000000
59586  20.460  -24.701  36.222 0.0000000000
157348  19.247  -24.607  35.771 0.0000000000
59574  18.456  -25.136  37.129 0.0000000000
58441  17.853  -25.296  38.487 0.0000000000
60646  15.218  -24.181  37.762 0.0000000000
59563  14.268  -24.263  38.423 0.0000000000
64955  12.538  -20.432  39.445 0.0000000000
63814  11.064  -20.614  40.889 0.0000000000
63816  9.773  -21.184  41.398 0.0000000000
62675  9.056  -22.339  41.434 0.0000000000
63767  9.894  -20.620  42.755 0.0000000000
155981  9.495  -20.966  44.287 0.0000000000
63697  9.344  -20.904  45.319 0.0000000000
76280  27.868  -11.076  28.751 0.0000000000
176752  28.089  -12.452  27.635 0.0000000000
75212  26.914  -12.395  28.287 0.0000000000
72939  26.699  -14.088  28.392 0.0000000000
70630  26.611  -15.589  29.048 0.0000000000
65070  25.337  -19.879  31.603 0.0000000000
66139  25.865  -19.578  31.763 0.0000000000
65042  25.732  -20.298  32.625 0.0000000000
164327  44.155  -0.148  15.080 0.0000000000
81504  32.999  -6.399  22.136 0.0000000000
77395  36.833  -9.686  24.397 0.0000000000
78397  36.270  -9.190  23.055 0.0000000000
78383  37.238  -9.216  23.982 0.0000000000
78395  37.727  -8.919  23.468 0.0000000000
102353  53.499  11.204  8.800 0.0000000000
61592  4.064  -22.946  47.836 0.0000000000
89939  38.935  0.611  18.618 0.0000000000
88977  37.715  0.199  18.916 0.0000000000
88987  37.076  -0.271  18.464 0.0000000000
88067  36.070  -1.269  18.224 0.0000000000
86064  35.662  -2.815  17.896 0.0000000000
84956  35.827  -3.688  17.946 0.0000000000
61717  24.426  -22.869  34.574 0.0000000000
60689  24.291  -23.539  35.725 0.0000000000
61718  23.742  -23.239  34.258 0.0000000000
60710  22.777  -23.833  34.494 0.0000000000
60712  21.400  -23.819  34.129 0.0000000000
62801  21.494  -22.019  32.878 0.0000000000
168436  20.527  -23.049  33.597 0.0000000000
160420  19.873  -23.709  34.401 0.0000000000
61719  18.721  -23.331  34.458 0.0000000000
61721  17.415  -22.650  34.670 0.0000000000
62768  16.515  -22.049  35.021 0.0000000000
74061  25.529  -13.387  30.507 0.0000000000
72893  25.324  -13.949  31.834 0.0000000000
70598  24.172  -15.890  30.540 0.0000000000
180514  24.219  -17.905  30.581 0.0000000000
169619  23.452  -17.128  32.416 0.0000000000
173984  23.469  -17.973  31.457 0.0000000000
66154  24.649  -19.171  30.984 0.0000000000
63970  24.570  -20.839  32.029 0.0000000000
62788  24.682  -22.106  33.420 0.0000000000
80375  32.647  -7.559  25.963 0.0000000000
79361  32.165  -7.447  24.441 0.0000000000
79360  32.120  -8.626  24.730 0.0000000000
78388  32.709  -9.435  23.750 0.0000000000
77398  34.534  -10.203  23.732 0.0000000000
76360  34.614  -11.348  24.231 0.0000000000
77386  35.033  -10.693  24.108 0.0000000000
77397  35.476  -10.046  23.918 0.0000000000
76357  36.897  -10.948  25.115 0.0000000000
156661  37.986  -10.716  26.141 0.0000000000
100271  50.044  9.740  9.534 0.0000000000
99209  50.107  8.647  8.606 0.0000000000
155721  50.005  7.683  8.294 0.0000000000
97083  48.594  6.382  8.744 0.0000000000
96047  49.333  6.117  8.587 0.0000000000
93987  43.987  3.630  11.420 0.0000000000
92000  44.973  2.672  11.754 0.0000000000
91990  43.838  2.392  12.065 0.0000000000
90977  43.958  1.883  12.609 0.0000000000
89999  43.652  1.042  13.591 0.0000000000
172149  41.257  1.693  13.107 0.0000000000
89987  42.430  0.454  13.690 0.0000000000
89986  43.195  0.559  13.980 0.0000000000
89024  43.732  -0.496  15.285 0.0000000000
88094  43.585  -1.005  15.790 0.0000000000
90926  39.076  1.214  16.567 0.0000000000
90943  38.920  0.691  15.421 0.0000000000
89029  39.162  -0.196  14.723 0.0000000000
87141  38.095  -1.948  15.851 0.0000000000
87149  39.638  -1.769  15.175 0.0000000000
87148  40.467  -1.833  15.069 0.0000000000
87137  41.668  -2.163  15.670 0.0000000000
71753  31.529  -14.944  25.687 0.0000000000
70670  32.728  -15.135  25.750 0.0000000000
159191  32.253  -15.664  26.852 0.0000000000
69538  33.533  -15.880  28.432 0.0000000000
95990  43.681  5.580  13.007 0.0000000000
95010  43.348  4.767  12.138 0.0000000000
165835  16.109  -20.591  35.841 0.0000000000
63884  15.149  -20.532  36.661 0.0000000000
62757  14.862  -21.899  36.253 0.0000000000
61699  14.180  -22.476  36.900 0.0000000000
61671  13.530  -23.259  37.754 0.0000000000
60637  12.875  -23.955  38.813 0.0000000000
62718  11.993  -22.039  38.790 0.0000000000
173493  11.813  -23.349  38.856 0.0000000000
60626  12.426  -24.136  39.327 0.0000000000
59526  12.286  -24.796  40.433 0.0000000000
58385  11.656  -25.129  41.953 0.0000000000
59497  8.432  -24.898  43.441 0.0000000000
62664  8.108  -22.594  42.268 0.0000000000
60606  7.560  -23.641  42.910 0.0000000000
59498  7.261  -24.326  43.884 0.0000000000
60596  6.151  -23.515  44.407 0.0000000000
60590  5.713  -23.400  45.041 0.0000000000
62626  5.195  -22.339  45.802 0.0000000000
63679  6.471  -20.614  46.319 0.0000000000
63680  5.658  -21.154  46.667 0.0000000000
62607  4.933  -22.313  46.635 0.0000000000
75250  31.782  -12.677  25.860 0.0000000000
75251  30.776  -12.327  26.020 0.0000000000
72975  30.757  -13.669  25.146 0.0000000000
71755  30.036  -14.460  26.008 0.0000000000
71744  29.808  -14.749  26.976 0.0000000000
70643  30.175  -15.280  28.361 0.0000000000
71746  28.589  -14.175  27.778 0.0000000000
71733  28.954  -14.711  28.212 0.0000000000
166420  29.637  -15.460  29.607 0.0000000000
170161  25.297  -14.559  29.533 0.0000000000
70631  25.761  -15.640  29.140 0.0000000000
69515  26.838  -16.845  29.692 0.0000000000
67312  26.577  -18.732  31.488 0.0000000000
67318  26.932  -18.148  31.073 0.0000000000
68388  27.440  -17.480  30.946 0.0000000000
91975  45.757  2.090  12.488 0.0000000000
87099  34.543  -2.893  19.767 0.0000000000
84938  34.790  -3.720  18.841 0.0000000000
83886  36.243  -5.028  18.944 0.0000000000
80405  32.178  -7.611  22.943 0.0000000000
80413  32.826  -7.616  21.545 0.0000000000
80423  33.267  -7.572  20.946 0.0000000000
78424  35.274  -9.210  21.457 0.0000000000
79414  35.018  -8.360  20.184 0.0000000000
80433  34.325  -7.362  19.961 0.0000000000
81533  35.012  -6.618  19.558 0.0000000000
82709  36.225  -5.794  19.380 0.0000000000
174108  37.028  -5.331  19.257 0.0000000000
82700  39.200  -5.780  20.055 0.0000000000
71752  33.726  -15.142  26.036 0.0000000000
71750  35.133  -14.575  26.475 0.0000000000
179657  36.496  -13.935  27.334 0.0000000000
159290  37.068  -13.893  28.059 0.0000000000
72946  37.016  -13.394  27.420 0.0000000000
103369  55.994  12.315  6.238 0.0000000000
101320  52.620  10.094  8.670 0.0000000000
101328  53.643  10.051  7.875 0.0000000000
99215  53.156  8.025  7.132 0.0000000000
164978  53.472  8.637  7.262 0.0000000000
101334  54.476  10.021  6.976 0.0000000000
101333  54.995  9.987  6.442 0.0000000000
101341  56.083  10.076  5.459 0.0000000000
158308  45.849  3.382  11.227 0.0000000000
92964  45.148  3.289  11.284 0.0000000000
72973  32.302  -13.789  25.029 0.0000000000
71765  32.684  -14.519  25.184 0.0000000000
95020  44.494  4.704  10.916 0.0000000000
93998  44.981  4.389  10.640 0.0000000000
83913  37.359  -4.336  17.787 0.0000000000
83899  37.566  -4.740  18.373 0.0000000000
83898  38.275  -4.882  18.553 0.0000000000
61710  16.426  -22.765  35.170 0.0000000000
60695  16.417  -23.408  35.479 0.0000000000
60696  15.934  -22.954  35.588 0.0000000000
60678  15.748  -23.508  36.216 0.0000000000
61697  15.311  -22.603  35.997 0.0000000000
75165  26.371  -12.025  30.860 0.0000000000
61716  25.037  -22.513  34.970 0.0000000000
62767  25.565  -22.125  35.389 0.0000000000
81485  32.643  -6.928  24.757 0.0000000000
62809  22.875  -21.639  32.245 0.0000000000
65060  22.808  -20.758  32.106 0.0000000000
158695  23.015  -20.097  32.083 0.0000000000
63972  23.077  -21.132  32.063 0.0000000000
62808  23.462  -21.587  32.162 0.0000000000
157433  32.943  -10.263  25.196 0.0000000000
77373  33.104  -10.698  25.603 0.0000000000
74150  35.794  -12.604  25.066 0.0000000000
74132  36.193  -12.780  25.611 0.0000000000
99193  47.325  8.396  10.664 0.0000000000
99202  47.452  8.306  10.043 0.0000000000
99201  47.992  8.409  9.563 0.0000000000
98163  47.337  7.848  9.630 0.0000000000
58341  8.836  -25.367  44.706 0.0000000000
92939  41.706  3.036  12.923 0.0000000000
89039  41.045  -0.093  13.908 0.0000000000
88105  40.868  -1.249  14.713 0.0000000000
88997  37.685  -0.136  17.044 0.0000000000
89009  37.395  -0.736  16.686 0.0000000000
86084  40.133  -3.338  16.411 0.0000000000
70642  30.859  -15.485  28.231 0.0000000000
70624  31.501  -15.742  28.775 0.0000000000
69528  31.925  -15.894  29.532 0.0000000000
93951  41.823  3.872  13.978 0.0000000000
93943  42.367  4.380  14.393 0.0000000000
59585  21.216  -24.554  36.063 0.0000000000
59551  14.370  -24.784  38.987 0.0000000000
59538  14.825  -25.265  39.619 0.0000000000
180290  14.099  -25.060  39.736 0.0000000000
59524  13.761  -25.186  40.388 0.0000000000
59539  13.424  -24.857  39.834 0.0000000000
64972  13.326  -20.412  38.578 0.0000000000
61634  9.889  -22.583  40.580 0.0000000000
61647  10.375  -22.787  40.111 0.0000000000
170886  9.967  -23.232  40.583 0.0000000000
60619  10.186  -23.859  40.747 0.0000000000
60612  9.602  -23.597  41.023 0.0000000000
60613  9.247  -23.954  41.513 0.0000000000
63719  8.191  -21.032  44.271 0.0000000000
63744  7.595  -21.451  43.671 0.0000000000
63720  7.378  -21.138  44.438 0.0000000000
76295  29.175  -11.199  28.219 0.0000000000
76314  29.621  -11.499  27.492 0.0000000000
74106  28.991  -12.535  26.783 0.0000000000
75234  28.616  -12.145  27.328 0.0000000000
70628  28.296  -15.374  29.385 0.0000000000
70612  27.964  -15.908  29.693 0.0000000000
69513  28.335  -16.277  30.284 0.0000000000
68403  24.813  -17.726  30.220 0.0000000000
174865  25.512  -17.881  30.043 0.0000000000
67334  25.316  -18.261  30.310 0.0000000000
89998  44.255  1.054  13.635 0.0000000000
90956  45.410  1.318  13.536 0.0000000000
83849  33.594  -5.442  21.154 0.0000000000
83871  33.765  -5.336  20.415 0.0000000000
155661  34.303  -9.804  23.231 0.0000000000
78400  34.022  -9.513  22.509 0.0000000000
78399  34.827  -9.551  22.681 0.0000000000
79386  38.734  -8.312  22.304 0.0000000000
79399  37.963  -8.308  21.287 0.0000000000
80421  38.188  -7.850  20.733 0.0000000000
80412  38.643  -7.811  21.210 0.0000000000
80420  39.296  -7.314  21.229 0.0000000000
102358  55.037  11.200  7.292 0.0000000000
99218  51.237  7.811  7.855 0.0000000000
99207  51.398  8.508  8.144 0.0000000000
98180  51.774  7.441  7.587 0.0000000000
66120  22.936  -19.514  33.447 0.0000000000
65026  22.127  -20.536  33.173 0.0000000000
65025  22.611  -20.082  33.722 0.0000000000
92962  47.493  3.260  11.363 0.0000000000
92949  46.929  2.746  11.908 0.0000000000
92948  47.926  2.936  12.202 0.0000000000
75267  33.143  -12.148  25.222 0.0000000000
72991  33.786  -13.844  24.835 0.0000000000
74153  34.032  -13.245  24.551 0.0000000000
71763  34.713  -14.289  25.616 0.0000000000
97033  44.504  6.211  12.658 0.0000000000
97032  45.140  6.747  12.793 0.0000000000
97043  44.788  6.398  11.950 0.0000000000
97055  45.197  6.563  11.186 0.0000000000
97063  45.493  6.393  10.350 0.0000000000
96023  45.958  6.021  9.763 0.0000000000
97072  46.451  6.588  9.585 0.0000000000
93995  46.808  4.424  10.126 0.0000000000
93994  47.623  4.233  10.192 0.0000000000
59480  6.727  -24.414  44.930 0.0000000000
92905  40.826  2.964  15.664 0.0000000000
92920  40.795  2.954  14.797 0.0000000000
91950  40.323  2.532  15.160 0.0000000000
91951  39.986  1.973  14.729 0.0000000000
87118  37.094  -2.135  16.735 0.0000000000
86074  36.954  -2.909  17.047 0.0000000000
84981  39.039  -3.882  16.918 0.0000000000
84967  39.341  -4.309  17.602 0.0000000000
83910  39.341  -4.697  18.234 0.0000000000
83883  39.310  -5.213  19.370 0.0000000000
83868  40.214  -5.144  20.233 0.0000000000
60692  18.879  -24.143  35.141 0.0000000000
59599  18.384  -24.410  35.631 0.0000000000
59590  17.056  -24.398  36.504 0.0000000000
59589  17.760  -24.527  36.113 0.0000000000
154946  17.704  -24.922  36.986 0.0000000000
58452  18.112  -25.206  37.773 0.0000000000
59560  17.349  -25.040  37.950 0.0000000000
59562  14.868  -24.496  38.382 0.0000000000
60647  14.524  -23.998  37.880 0.0000000000
63791  10.965  -20.423  41.758 0.0000000000
63815  10.251  -21.064  41.046 0.0000000000
63792  10.135  -20.708  41.897 0.0000000000
179481  9.305  -21.300  41.883 0.0000000000
63718  9.277  -20.993  44.731 0.0000000000
162221  28.568  -10.320  30.533 0.0000000000
77300  28.307  -10.468  29.959 0.0000000000
77318  28.877  -10.567  29.432 0.0000000000
75192  27.194  -11.729  28.431 0.0000000000
75177  27.081  -11.369  29.198 0.0000000000
74093  26.503  -12.902  28.474 0.0000000000
72928  26.055  -13.614  28.636 0.0000000000
71722  26.880  -14.844  28.712 0.0000000000
165306  26.162  -15.094  28.843 0.0000000000
63969  25.192  -20.630  32.292 0.0000000000
82671  33.582  -5.648  22.562 0.0000000000
78384  36.540  -9.371  23.796 0.0000000000
78374  37.532  -9.544  24.576 0.0000000000
78372  38.962  -9.174  24.928 0.0000000000
78382  37.940  -9.088  24.157 0.0000000000
78381  38.723  -9.018  24.246 0.0000000000
60579  3.359  -23.310  48.011 0.0000000000
89940  38.256  0.400  18.604 0.0000000000
88979  36.412  -0.668  18.878 0.0000000000
88988  36.583  -0.751  18.131 0.0000000000
88068  35.606  -1.654  18.559 0.0000000000
86065  35.184  -3.243  18.400 0.0000000000
60708  24.041  -23.356  35.016 0.0000000000
61729  22.347  -23.245  33.170 0.0000000000
60729  22.601  -23.611  33.807 0.0000000000
60730  21.895  -23.558  33.609 0.0000000000
60711  22.121  -23.891  34.272 0.0000000000
63946  21.607  -20.938  33.536 0.0000000000
63947  21.166  -21.470  33.214 0.0000000000
171430  20.438  -22.505  33.373 0.0000000000
60713  20.597  -23.658  34.079 0.0000000000
60732  20.028  -23.315  33.940 0.0000000000
60733  19.423  -23.272  34.181 0.0000000000
63936  18.240  -21.571  34.654 0.0000000000
61720  18.161  -22.812  34.484 0.0000000000
62780  17.810  -22.060  34.578 0.0000000000
62781  17.120  -21.998  34.731 0.0000000000
74048  25.597  -13.409  31.456 0.0000000000
70584  24.026  -15.763  31.380 0.0000000000
71685  24.465  -15.110  31.793 0.0000000000
68389  24.090  -17.190  30.536 0.0000000000
66140  23.579  -19.582  31.650 0.0000000000
66155  23.942  -19.171  31.247 0.0000000000
67322  23.971  -18.459  30.976 0.0000000000
65071  24.815  -19.835  31.397 0.0000000000
65058  24.338  -20.350  31.648 0.0000000000
61737  24.156  -22.285  33.038 0.0000000000
62797  24.486  -21.805  32.800 0.0000000000
62778  24.857  -22.341  34.178 0.0000000000
79338  32.659  -8.277  26.312 0.0000000000
79348  32.252  -8.248  25.505 0.0000000000
164511  32.278  -9.025  25.245 0.0000000000
156404  33.005  -10.022  24.468 0.0000000000
78375  32.403  -9.366  24.594 0.0000000000
78387  33.584  -9.958  23.744 0.0000000000
179917  34.264  -11.870  24.301 0.0000000000
76361  33.912  -11.323  24.394 0.0000000000
76359  35.391  -11.392  24.441 0.0000000000
77385  35.812  -10.595  24.353 0.0000000000
77384  36.528  -10.414  24.620 0.0000000000
76330  37.555  -11.381  26.180 0.0000000000
76343  37.136  -11.326  25.599 0.0000000000
183557  46.157  7.487  12.790 0.0000000000
101313  50.248  10.161  10.056 0.0000000000
100263  49.652  9.928  10.203 0.0000000000
98161  48.547  8.021  8.906 0.0000000000
99199  49.591  9.078  9.108 0.0000000000
99210  49.330  8.321  8.732 0.0000000000
96037  47.403  6.001  9.207 0.0000000000
97070  47.791  6.747  9.009 0.0000000000
96036  48.153  5.829  9.027 0.0000000000
96034  49.700  5.424  8.855 0.0000000000
96046  50.102  5.975  8.440 0.0000000000
92950  43.336  3.405  11.731 0.0000000000
92002  43.864  2.973  11.708 0.0000000000
169014  43.217  2.693  11.939 0.0000000000
90979  42.459  2.009  12.604 0.0000000000
90978  43.155  2.062  12.458 0.0000000000
90968  43.414  1.506  13.057 0.0000000000
91977  40.906  2.190  13.413 0.0000000000
89038  41.979  -0.204  14.054 0.0000000000
89036  43.469  -0.002  14.659 0.0000000000
89025  42.633  -0.467  14.582 0.0000000000
88102  43.100  -0.734  15.140 0.0000000000
90925  39.608  1.663  16.962 0.0000000000
90916  39.211  1.153  17.379 0.0000000000
89965  38.341  0.118  15.665 0.0000000000
89030  38.580  -0.378  15.134 0.0000000000
89974  38.777  0.185  15.063 0.0000000000
87129  37.661  -2.231  16.226 0.0000000000
87147  41.278  -1.773  15.151 0.0000000000
87138  40.884  -2.307  15.536 0.0000000000
70661  32.141  -15.342  26.106 0.0000000000
158671  33.100  -15.956  28.961 0.0000000000
95989  44.199  5.955  13.244 0.0000000000
94988  43.265  5.290  13.487 0.0000000000
95011  42.900  4.623  12.591 0.0000000000
93970  43.550  4.217  11.622 0.0000000000
60690  23.649  -23.787  35.447 0.0000000000
60675  23.896  -23.993  36.139 0.0000000000
59594  23.192  -24.172  35.908 0.0000000000
58457  20.119  -25.012  36.764 0.0000000000
59536  16.417  -25.480  39.534 0.0000000000
63903  16.726  -20.687  35.545 0.0000000000
64984  14.277  -20.355  37.642 0.0000000000
64983  15.040  -20.154  37.521 0.0000000000
163149  14.544  -20.629  37.027 0.0000000000
63905  15.047  -21.257  36.157 0.0000000000
63906  14.586  -21.228  36.574 0.0000000000
62758  14.322  -21.912  36.733 0.0000000000
62730  12.868  -22.071  37.997 0.0000000000
62744  13.349  -22.498  37.594 0.0000000000
61672  12.859  -22.982  38.086 0.0000000000
60649  13.207  -23.682  38.265 0.0000000000
60650  12.655  -23.525  38.463 0.0000000000
63833  11.825  -20.810  39.684 0.0000000000
63850  12.170  -21.192  39.020 0.0000000000
63834  11.255  -21.699  39.539 0.0000000000
60628  10.964  -23.439  39.786 0.0000000000
61659  11.414  -23.080  39.199 0.0000000000
60627  11.685  -23.748  39.343 0.0000000000
60638  12.250  -23.665  38.859 0.0000000000
59541  11.985  -24.322  39.864 0.0000000000
59527  11.567  -24.483  40.425 0.0000000000
59516  11.045  -24.865  41.431 0.0000000000
60604  8.891  -24.290  42.062 0.0000000000
59506  9.376  -24.865  42.499 0.0000000000
59507  8.609  -24.619  42.712 0.0000000000
63793  8.839  -21.429  42.294 0.0000000000
62676  8.575  -21.996  42.048 0.0000000000
164724  8.078  -22.081  42.523 0.0000000000
62652  6.995  -22.462  43.364 0.0000000000
61622  7.278  -23.012  43.061 0.0000000000
60600  7.371  -24.024  43.415 0.0000000000
60607  7.106  -23.495  43.315 0.0000000000
183597  6.749  -23.747  43.858 0.0000000000
61614  6.372  -23.115  44.012 0.0000000000
63722  6.272  -21.364  45.011 0.0000000000
61609  5.940  -22.775  44.565 0.0000000000
61603  5.438  -22.787  45.386 0.0000000000
63678  7.470  -20.418  46.330 0.0000000000
168072  6.953  -20.328  46.918 0.0000000000
63664  6.155  -20.602  47.191 0.0000000000
63681  4.990  -21.773  47.249 0.0000000000
75269  30.460  -12.480  25.542 0.0000000000
74138  30.198  -13.030  25.468 0.0000000000
71768  30.493  -14.302  25.429 0.0000000000
72976  30.176  -13.856  25.457 0.0000000000
70654  30.371  -15.174  27.600 0.0000000000
71732  29.655  -14.946  27.892 0.0000000000
74108  27.809  -13.135  27.809 0.0000000000
71734  27.966  -13.909  28.014 0.0000000000
70644  29.495  -15.193  28.847 0.0000000000
70609  30.006  -15.671  30.068 0.0000000000
70610  29.333  -15.711  30.071 0.0000000000
71698  24.902  -14.644  30.259 0.0000000000
72917  25.325  -14.000  29.958 0.0000000000
68401  26.132  -17.096  29.517 0.0000000000
69530  26.334  -16.343  29.290 0.0000000000
66138  26.321  -19.157  31.772 0.0000000000
67311  27.052  -18.329  31.950 0.0000000000
67310  27.528  -17.736  31.714 0.0000000000
91989  44.499  2.233  12.170 0.0000000000
91988  45.129  2.127  12.282 0.0000000000
87087  34.632  -2.595  20.284 0.0000000000
86043  34.374  -3.280  20.364 0.0000000000
84939  34.531  -4.273  19.235 0.0000000000
83888  34.830  -4.818  19.059 0.0000000000
83887  35.481  -4.659  18.711 0.0000000000
171550  35.476  -5.269  19.099 0.0000000000
79371  31.995  -8.197  24.055 0.0000000000
80398  32.096  -7.533  23.674 0.0000000000
79381  32.011  -8.118  23.302 0.0000000000
79390  33.292  -8.620  21.467 0.0000000000
79391  32.750  -8.238  21.833 0.0000000000
79405  33.081  -8.119  21.249 0.0000000000
79404  33.690  -8.292  20.756 0.0000000000
78410  35.970  -9.170  22.076 0.0000000000
79413  35.826  -8.520  20.382 0.0000000000
79415  34.322  -8.072  20.171 0.0000000000
80432  34.900  -7.728  19.915 0.0000000000
80441  34.800  -7.147  19.758 0.0000000000
80440  35.369  -7.237  19.743 0.0000000000
81523  37.716  -6.985  19.931 0.0000000000
81531  36.589  -6.536  19.685 0.0000000000
82708  37.167  -5.908  19.595 0.0000000000
171925  37.646  -5.511  19.508 0.0000000000
82701  38.117  -6.018  19.860 0.0000000000
82690  39.518  -5.938  20.491 0.0000000000
70659  33.455  -15.495  26.497 0.0000000000
70658  34.055  -15.341  26.689 0.0000000000
71731  35.663  -15.006  27.850 0.0000000000
71741  35.430  -14.793  27.233 0.0000000000
71749  35.825  -14.249  26.891 0.0000000000
179546  36.545  -14.370  27.959 0.0000000000
74105  37.456  -12.888  27.504 0.0000000000
164829  55.421  11.375  6.871 0.0000000000
103370  55.722  11.790  6.656 0.0000000000
102368  56.002  10.848  5.615 0.0000000000
100277  52.489  9.343  8.312 0.0000000000
184082  52.987  9.261  8.050 0.0000000000
101329  53.070  9.744  8.206 0.0000000000
99224  53.825  8.214  6.737 0.0000000000
100292  53.980  8.976  7.029 0.0000000000
100291  54.507  9.389  6.701 0.0000000000
161133  55.068  9.048  6.112 0.0000000000
93984  46.204  3.963  10.645 0.0000000000
180475  46.150  2.886  11.691 0.0000000000
91987  46.256  2.443  12.183 0.0000000000
72992  33.081  -13.876  24.926 0.0000000000
96003  44.641  5.959  11.318 0.0000000000
96015  44.517  5.421  10.989 0.0000000000
95033  45.704  5.235  10.015 0.0000000000
93997  45.529  4.525  10.385 0.0000000000
158404  5.837  -23.862  45.612 0.0000000000
91933  40.332  2.542  15.837 0.0000000000
90934  39.415  1.726  16.106 0.0000000000
86075  36.359  -3.276  17.522 0.0000000000
84970  37.122  -3.724  17.363 0.0000000000
83911  38.775  -4.678  18.021 0.0000000000
60694  17.606  -23.637  35.033 0.0000000000
59600  17.697  -24.084  35.496 0.0000000000
60676  17.063  -23.756  35.422 0.0000000000
60661  16.254  -24.184  36.749 0.0000000000
182405  15.287  -23.526  36.809 0.0000000000
155116  10.562  -20.514  43.585 0.0000000000
76267  27.636  -10.650  30.279 0.0000000000
75178  26.476  -11.844  29.822 0.0000000000
74073  25.660  -13.437  29.545 0.0000000000
62787  25.260  -21.746  33.876 0.0000000000
63945  25.618  -21.125  33.593 0.0000000000
81490  32.985  -6.507  23.541 0.0000000000
77372  38.199  -10.165  25.826 0.0000000000
78361  38.516  -9.642  25.432 0.0000000000
88041  35.975  -0.934  19.632 0.0000000000
87098  34.892  -2.226  19.650 0.0000000000
61738  23.561  -22.571  32.931 0.0000000000
61739  22.758  -22.715  32.803 0.0000000000
61740  21.945  -22.697  32.865 0.0000000000
63948  20.548  -21.630  33.598 0.0000000000
62791  19.406  -22.083  33.989 0.0000000000
61732  18.987  -22.716  34.143 0.0000000000
70571  24.153  -15.798  32.389 0.0000000000
67314  23.063  -18.713  32.406 0.0000000000
68379  23.182  -17.894  32.189 0.0000000000
66141  23.161  -19.316  32.038 0.0000000000
168577  23.679  -20.256  31.734 0.0000000000
63971  23.780  -20.923  31.910 0.0000000000
62798  23.833  -22.002  32.574 0.0000000000
74151  35.304  -12.751  24.761 0.0000000000
75282  34.865  -12.165  24.422 0.0000000000
76344  36.663  -11.671  25.359 0.0000000000
75266  36.541  -12.229  25.648 0.0000000000
75247  37.266  -12.188  26.502 0.0000000000
98149  46.224  7.595  11.253 0.0000000000
99185  47.280  8.398  11.456 0.0000000000
100272  49.205  9.427  9.725 0.0000000000
99191  48.460  9.115  9.974 0.0000000000
95045  48.522  5.113  9.347 0.0000000000
95044  49.291  5.007  9.358 0.0000000000
95043  50.062  4.979  9.419 0.0000000000
95042  50.807  5.009  9.552 0.0000000000
169993  50.394  4.736  10.121 0.0000000000
92938  42.215  3.570  12.531 0.0000000000
92951  42.711  3.160  12.102 0.0000000000
92952  42.201  2.935  12.434 0.0000000000
90980  42.035  2.369  12.625 0.0000000000
90958  40.239  1.305  13.954 0.0000000000
89989  40.747  0.664  13.671 0.0000000000
89026  42.008  -0.762  14.524 0.0000000000
88096  42.058  -1.639  15.291 0.0000000000
89955  38.660  0.753  16.964 0.0000000000
89008  37.870  -0.303  16.270 0.0000000000
86097  38.891  -2.968  15.967 0.0000000000
86096  39.721  -2.950  15.866 0.0000000000
86095  40.504  -2.844  15.925 0.0000000000
70653  31.095  -15.428  27.416 0.0000000000
70652  31.802  -15.657  27.402 0.0000000000
70641  32.106  -15.792  28.113 0.0000000000
69540  32.396  -15.884  28.841 0.0000000000
93932  42.474  4.271  15.200 0.0000000000
94989  42.838  4.889  13.968 0.0000000000
93959  42.471  4.219  12.858 0.0000000000
59595  22.500  -24.303  35.670 0.0000000000
59584  21.971  -24.525  36.194 0.0000000000
59537  15.636  -25.429  39.578 0.0000000000
58415  15.230  -25.609  40.280 0.0000000000
58399  14.065  -25.509  40.967 0.0000000000
58400  13.398  -25.321  40.981 0.0000000000
63865  13.545  -20.707  37.799 0.0000000000
63866  12.980  -21.159  38.127 0.0000000000
63867  12.486  -21.644  38.475 0.0000000000
62707  10.654  -21.885  39.945 0.0000000000
60618  10.876  -24.047  40.428 0.0000000000
59528  10.554  -24.434  41.039 0.0000000000
59517  10.328  -24.748  41.636 0.0000000000
59505  10.153  -25.004  42.322 0.0000000000
60614  8.633  -23.586  41.799 0.0000000000
63743  8.312  -21.232  43.530 0.0000000000
63770  7.822  -21.766  43.010 0.0000000000
62651  7.325  -22.009  43.302 0.0000000000
62653  6.480  -22.527  43.911 0.0000000000
63721  6.725  -21.369  44.597 0.0000000000
63654  5.104  -20.703  48.448 0.0000000000
75253  29.498  -12.174  26.383 0.0000000000
74121  29.439  -12.974  26.118 0.0000000000
72947  28.871  -13.324  26.844 0.0000000000
178771  28.867  -13.910  27.190 0.0000000000
71735  27.467  -14.340  28.389 0.0000000000
71721  27.837  -14.907  28.850 0.0000000000
69516  24.713  -16.338  29.870 0.0000000000
68402  25.325  -17.207  29.781 0.0000000000
174263  26.043  -17.749  29.865 0.0000000000
65040  26.856  -19.379  33.507 0.0000000000
66129  26.749  -19.123  32.826 0.0000000000
90966  45.272  1.673  12.840 0.0000000000
84902  34.159  -3.994  20.824 0.0000000000
83870  33.976  -4.638  20.355 0.0000000000
162175  34.221  -5.062  19.630 0.0000000000
82711  34.547  -5.949  19.512 0.0000000000
78401  32.737  -9.087  22.893 0.0000000000
178164  33.324  -9.289  22.488 0.0000000000
78413  33.665  -9.162  21.885 0.0000000000
79379  37.554  -8.839  22.668 0.0000000000
79388  37.390  -8.729  21.849 0.0000000000
79400  37.243  -8.579  21.138 0.0000000000
160842  36.591  -7.965  20.091 0.0000000000
80430  37.388  -7.616  20.059 0.0000000000
81522  38.333  -6.842  20.129 0.0000000000
81513  38.723  -7.226  20.626 0.0000000000
70639  34.677  -15.599  28.171 0.0000000000
70650  34.359  -15.500  27.433 0.0000000000
70638  35.487  -15.414  28.407 0.0000000000
71730  36.187  -14.931  28.301 0.0000000000
102363  55.190  10.807  6.620 0.0000000000
100279  50.895  9.055  8.594 0.0000000000
100269  51.368  9.605  8.860 0.0000000000
100287  52.112  8.613  8.017 0.0000000000
99222  55.139  8.232  6.043 0.0000000000
98193  55.934  8.037  5.896 0.0000000000
65044  22.363  -20.634  32.387 0.0000000000
180387  23.189  -18.250  32.871 0.0000000000
93981  48.753  3.913  11.052 0.0000000000
93980  49.453  4.088  11.312 0.0000000000
75283  33.746  -11.995  24.582 0.0000000000
74152  34.692  -12.993  24.581 0.0000000000
176180  35.104  -13.293  24.889 0.0000000000
72970  35.921  -13.437  25.824 0.0000000000
97042  45.679  7.203  11.596 0.0000000000
98156  46.378  7.493  10.441 0.0000000000
98164  46.700  7.309  9.692 0.0000000000
177049  47.290  7.295  9.318 0.0000000000
95047  47.102  5.463  9.401 0.0000000000
95032  46.472  5.221  9.656 0.0000000000
95030  48.084  4.671  9.755 0.0000000000
177067  48.431  4.208  10.353 0.0000000000
164887  7.975  -25.051  44.818 0.0000000000
92919  41.283  3.409  14.376 0.0000000000
91963  40.394  2.016  14.011 0.0000000000
185994  40.052  1.689  14.279 0.0000000000
89990  40.011  0.620  14.099 0.0000000000
89028  39.761  -0.039  14.280 0.0000000000
88077  36.958  -1.287  16.985 0.0000000000
84983  37.658  -3.461  16.875 0.0000000000
86086  38.224  -3.213  16.410 0.0000000000
165429  38.788  -3.468  16.455 0.0000000000
84980  39.758  -3.843  16.977 0.0000000000
84953  40.313  -4.346  18.361 0.0000000000
83895  40.429  -4.590  19.101 0.0000000000
83896  39.759  -4.829  18.788 0.0000000000
83881  40.566  -4.894  19.852 0.0000000000
69511  31.323  -15.890  30.274 0.0000000000
59610  20.479  -24.233  35.185 0.0000000000
174870  20.677  -24.449  35.708 0.0000000000
59598  20.070  -24.506  35.673 0.0000000000
158856  19.848  -24.785  36.201 0.0000000000
59587  19.389  -24.986  36.562 0.0000000000
59588  18.550  -24.889  36.405 0.0000000000
59573  18.987  -25.174  36.981 0.0000000000
180242  16.656  -25.215  39.006 0.0000000000
59576  15.970  -24.431  37.610 0.0000000000
59561  15.621  -24.701  38.323 0.0000000000
60636  13.657  -24.232  38.756 0.0000000000
63813  11.825  -20.362  40.603 0.0000000000
178988  10.575  -21.255  40.422 0.0000000000
62691  9.628  -21.871  41.023 0.0000000000
63768  9.158  -21.038  42.792 0.0000000000
157141  9.721  -20.802  43.619 0.0000000000
63742  8.983  -21.043  43.559 0.0000000000
156982  8.820  -20.924  44.894 0.0000000000
157603  28.690  -10.822  28.756 0.0000000000
76296  28.444  -11.270  28.192 0.0000000000
75210  28.208  -11.845  27.796 0.0000000000
76297  27.805  -11.589  28.171 0.0000000000
75211  27.532  -12.286  27.967 0.0000000000
74092  27.088  -12.996  28.103 0.0000000000
75193  26.595  -12.135  28.821 0.0000000000
170279  26.678  -13.473  28.278 0.0000000000
69529  27.138  -16.145  29.450 0.0000000000
66153  25.404  -19.438  31.232 0.0000000000
181767  25.969  -19.851  32.312 0.0000000000
65041  26.314  -19.808  32.937 0.0000000000
63957  25.948  -20.472  33.313 0.0000000000
65024  26.489  -20.028  33.753 0.0000000000
89972  44.366  0.322  14.612 0.0000000000
89971  44.998  0.572  14.651 0.0000000000
82681  33.322  -5.898  21.613 0.0000000000
78385  35.855  -9.554  23.597 0.0000000000
78398  35.558  -9.388  22.869 0.0000000000
78396  36.987  -9.010  23.292 0.0000000000
79378  38.273  -8.676  22.860 0.0000000000
102360  53.887  10.743  8.118 0.0000000000
97079  51.398  6.352  7.943 0.0000000000
97092  51.910  6.774  7.635 0.0000000000
61597  4.726  -22.734  47.099 0.0000000000
90906  39.448  0.963  18.188 0.0000000000
174863  38.371  0.472  18.103 0.0000000000
88986  37.724  0.113  18.009 0.0000000000
88078  36.522  -1.194  17.619 0.0000000000
184671  36.144  -1.696  17.655 0.0000000000
88056  35.860  -1.187  18.888 0.0000000000
87110  35.732  -1.994  18.008 0.0000000000
83900  36.203  -4.433  18.350 0.0000000000
61708  24.654  -23.039  35.343 0.0000000000
60709  23.404  -23.647  34.741 0.0000000000
60728  23.159  -23.546  34.131 0.0000000000
59608  22.316  -24.115  34.963 0.0000000000
59609  21.635  -24.132  34.791 0.0000000000
174940  20.934  -24.036  34.688 0.0000000000
62789  20.772  -22.034  33.232 0.0000000000
61741  21.131  -22.720  33.158 0.0000000000
60731  21.186  -23.378  33.522 0.0000000000
175125  20.320  -23.955  34.673 0.0000000000
60714  19.184  -23.757  34.651 0.0000000000
158112  18.608  -23.748  34.802 0.0000000000
60715  18.130  -23.485  34.723 0.0000000000
179508  16.867  -22.532  34.838 0.0000000000
74060  25.910  -12.834  31.120 0.0000000000
72905  25.190  -13.939  30.874 0.0000000000
169130  24.816  -14.502  31.300 0.0000000000
71699  24.426  -15.191  30.868 0.0000000000
69496  24.211  -16.555  30.350 0.0000000000
67321  24.735  -18.423  30.559 0.0000000000
69476  23.698  -16.500  31.834 0.0000000000
68378  23.454  -17.286  31.683 0.0000000000
68390  23.776  -17.626  31.031 0.0000000000
65057  24.972  -20.292  31.798 0.0000000000
63959  24.842  -21.211  32.545 0.0000000000
62796  25.106  -21.538  33.141 0.0000000000
80383  32.338  -7.449  25.213 0.0000000000
182589  32.094  -7.949  24.810 0.0000000000
176506  32.163  -8.931  24.083 0.0000000000
173634  34.178  -10.750  24.079 0.0000000000
77396  36.147  -9.849  24.197 0.0000000000
77383  37.198  -10.160  24.907 0.0000000000
76342  37.544  -10.631  25.571 0.0000000000
101312  50.752  10.168  9.697 0.0000000000
100280  50.264  9.294  8.970 0.0000000000
98170  50.719  7.499  7.984 0.0000000000
98172  48.447  7.217  8.718 0.0000000000
97082  49.027  6.804  8.546 0.0000000000
97081  49.674  6.779  8.343 0.0000000000
97080  50.540  6.704  8.053 0.0000000000
92965  44.497  3.155  11.470 0.0000000000
92001  44.346  2.661  11.805 0.0000000000
90967  44.124  1.418  13.161 0.0000000000
159816  43.960  0.615  14.070 0.0000000000
92940  41.168  2.767  13.328 0.0000000000
90970  41.877  1.682  12.887 0.0000000000
90002  41.367  1.098  13.199 0.0000000000
90001  42.125  1.008  13.217 0.0000000000
90000  42.914  1.045  13.450 0.0000000000
90935  39.080  1.163  15.877 0.0000000000
89964  38.677  0.697  16.143 0.0000000000
181062  39.680  -0.577  14.600 0.0000000000
88098  38.059  -1.238  15.755 0.0000000000
165672  38.652  -2.357  15.706 0.0000000000
88097  38.777  -1.678  15.451 0.0000000000
181023  38.487  -0.974  15.318 0.0000000000
88107  39.150  -0.974  14.959 0.0000000000
88106  40.027  -1.175  14.785 0.0000000000
87128  42.025  -2.482  16.237 0.0000000000
87136  42.422  -1.974  15.840 0.0000000000
70671  32.162  -14.887  25.520 0.0000000000
70660  32.860  -15.546  26.447 0.0000000000
156236  33.239  -15.685  26.808 0.0000000000
179105  32.416  -15.791  27.542 0.0000000000
184587  33.388  -15.850  27.775 0.0000000000
70640  33.958  -15.755  27.936 0.0000000000
170607  44.049  5.807  12.606 0.0000000000
94998  43.268  5.089  12.771 0.0000000000
96005  43.707  5.399  12.292 0.0000000000
168228  44.105  4.305  11.254 0.0000000000
59582  23.425  -24.417  36.669 0.0000000000
63922  16.829  -21.341  34.977 0.0000000000
63923  16.081  -21.318  35.368 0.0000000000
63904  15.521  -20.889  35.938 0.0000000000
62756  15.404  -21.733  35.776 0.0000000000
61698  14.654  -22.515  36.538 0.0000000000
61686  14.443  -23.004  37.002 0.0000000000
62743  13.804  -22.091  37.152 0.0000000000
61687  13.883  -22.820  37.287 0.0000000000
60664  14.169  -23.452  37.515 0.0000000000
60648  13.873  -23.850  38.062 0.0000000000
62719  11.489  -22.326  39.117 0.0000000000
61658  11.852  -22.762  38.773 0.0000000000
61673  12.259  -23.158  38.524 0.0000000000
59552  13.146  -24.427  39.317 0.0000000000
59540  12.707  -24.626  39.851 0.0000000000
59514  12.688  -25.122  41.058 0.0000000000
59515  11.816  -24.929  41.119 0.0000000000
58384  12.409  -25.252  41.760 0.0000000000
58356  9.002  -25.328  43.980 0.0000000000
59487  8.271  -25.072  44.227 0.0000000000
61629  8.578  -22.829  41.787 0.0000000000
61620  8.206  -23.196  42.100 0.0000000000
61621  7.769  -23.107  42.538 0.0000000000
59508  7.929  -24.316  43.030 0.0000000000
163073  7.769  -24.612  43.674 0.0000000000
59488  7.578  -24.744  44.285 0.0000000000
59489  7.000  -24.365  44.356 0.0000000000
60595  6.524  -24.003  44.467 0.0000000000
60589  6.163  -23.947  44.948 0.0000000000
60591  5.346  -23.347  45.826 0.0000000000
61604  5.076  -22.780  46.178 0.0000000000
165417  8.013  -20.556  45.776 0.0000000000
63700  5.999  -21.196  45.724 0.0000000000
62606  5.332  -21.831  46.133 0.0000000000
75268  32.593  -12.598  25.606 0.0000000000
74136  31.945  -13.128  25.318 0.0000000000
72974  31.540  -13.542  25.067 0.0000000000
74137  30.986  -12.890  25.380 0.0000000000
184931  31.250  -13.964  25.108 0.0000000000
71767  31.051  -14.378  25.284 0.0000000000
71754  30.818  -14.827  25.893 0.0000000000
72958  29.723  -13.689  25.798 0.0000000000
71743  30.586  -15.045  26.726 0.0000000000
72948  28.394  -13.577  27.466 0.0000000000
173025  28.237  -14.510  28.362 0.0000000000
70626  30.442  -15.527  29.199 0.0000000000
156368  30.677  -15.728  29.968 0.0000000000
70613  25.123  -15.822  29.509 0.0000000000
71724  25.687  -14.871  29.077 0.0000000000
66152  26.055  -19.115  31.245 0.0000000000
67319  26.311  -18.604  30.799 0.0000000000
67332  26.495  -18.061  30.336 0.0000000000
66137  26.699  -18.890  32.161 0.0000000000
177259  26.983  -17.735  30.458 0.0000000000
154885  27.234  -17.182  30.275 0.0000000000
69495  27.895  -16.865  30.657 0.0000000000
91999  45.637  2.540  12.004 0.0000000000
91974  46.338  2.096  12.673 0.0000000000
87086  34.978  -2.057  20.613 0.0000000000
86054  34.748  -2.965  19.078 0.0000000000
86055  34.454  -3.531  19.501 0.0000000000
83901  35.362  -4.027  18.427 0.0000000000
81491  32.460  -6.970  24.017 0.0000000000
172541  32.332  -7.052  23.360 0.0000000000
79380  32.336  -8.374  22.632 0.0000000000
169680  32.461  -7.665  22.207 0.0000000000
81499  32.585  -6.906  22.678 0.0000000000
81505  32.719  -7.079  21.942 0.0000000000
81514  33.080  -6.804  21.322 0.0000000000
164330  33.442  -6.976  20.661 0.0000000000
78411  35.248  -9.363  22.176 0.0000000000
78425  34.697  -9.057  21.117 0.0000000000
79401  35.938  -8.981  21.084 0.0000000000
79402  35.200  -8.860  20.744 0.0000000000
79403  34.470  -8.660  20.609 0.0000000000
79416  33.779  -7.549  20.371 0.0000000000
81525  33.850  -6.782  20.199 0.0000000000
81524  34.379  -6.663  19.756 0.0000000000
82710  35.301  -5.956  19.366 0.0000000000
80439  36.154  -7.274  19.783 0.0000000000
81532  35.766  -6.585  19.591 0.0000000000
172463  36.964  -4.900  18.709 0.0000000000
83885  37.744  -5.120  19.080 0.0000000000
82707  38.158  -5.410  19.522 0.0000000000
82706  38.829  -5.487  19.685 0.0000000000
81521  38.900  -6.335  20.313 0.0000000000
82699  39.899  -5.492  20.380 0.0000000000
71764  33.293  -14.913  25.528 0.0000000000
72972  33.951  -14.686  25.531 0.0000000000
71742  34.742  -15.066  26.947 0.0000000000
71751  34.398  -14.885  26.185 0.0000000000
72957  35.522  -13.994  26.109 0.0000000000
72956  36.184  -13.706  26.544 0.0000000000
71729  36.841  -14.549  28.532 0.0000000000
72955  36.648  -13.419  26.883 0.0000000000
74119  37.010  -12.879  26.834 0.0000000000
75227  37.495  -12.430  27.077 0.0000000000
101321  51.971  9.827  8.800 0.0000000000
102354  52.813  10.755  9.037 0.0000000000
101319  53.243  10.434  8.465 0.0000000000
98179  52.299  7.161  7.379 0.0000000000
99216  52.390  7.881  7.509 0.0000000000
98188  53.635  7.518  6.819 0.0000000000
100285  53.455  9.301  7.669 0.0000000000
101335  54.037  9.705  7.283 0.0000000000
101327  54.211  10.346  7.493 0.0000000000
101342  55.553  10.416  6.006 0.0000000000
100300  55.591  9.580  5.796 0.0000000000
60716  17.648  -23.186  34.747 0.0000000000
63717  9.831  -20.967  44.940 0.0000000000
63851  11.734  -21.630  39.213 0.0000000000
65056  25.524  -20.103  32.040 0.0000000000
69497  23.888  -16.438  30.948 0.0000000000
69545  32.957  -15.777  27.238 0.0000000000
70669  33.220  -15.321  25.989 0.0000000000
71710  25.161  -15.162  29.490 0.0000000000
71723  26.089  -14.471  28.632 0.0000000000
72892  25.841  -13.449  32.380 0.0000000000
76279  28.302  -10.674  29.271 0.0000000000
79412  36.632  -8.612  20.711 0.0000000000
181252  27.136  -11.114  29.909 0.0000000000
182687  34.934  -4.318  18.773 0.0000000000
184751  44.317  5.579  11.409 0.0000000000
185208  36.718  -2.323  17.112 0.0000000000
