#!ascii label  , from subject sub-v2s13x29107_ses-1 vox2ras=TkReg
1257
73082  -26.902  -12.876  -32.798 0.4285714328
75377  -27.109  -11.479  -34.175 0.2857142985
74290  -27.295  -11.952  -33.726 0.4285714328
75378  -27.786  -11.417  -34.023 0.4285714328
75379  -29.044  -10.993  -33.996 0.4285714328
75396  -27.379  -10.880  -34.540 0.2857142985
75397  -28.328  -10.807  -34.328 0.4285714328
76519  -29.304  -9.923  -34.424 0.4285714328
77599  -28.038  -8.985  -35.289 0.4285714328
77600  -28.550  -8.971  -35.046 0.4285714328
78731  -28.683  -7.881  -35.524 0.4285714328
79949  -29.266  -7.121  -35.756 0.4285714328
81172  -28.493  -6.819  -37.314 0.5714285970
79968  -28.852  -6.888  -36.519 0.5714285970
81154  -29.522  -6.527  -36.328 0.4285714328
81155  -30.229  -6.268  -36.173 0.2857142985
81173  -29.175  -6.419  -37.094 0.7142857313
81174  -29.849  -6.047  -36.856 0.7142857313
83545  -31.328  -5.125  -37.995 0.7142857313
154921  -32.164  -4.870  -37.761 0.4285714328
82371  -30.277  -5.725  -37.439 0.7142857313
82372  -30.933  -5.373  -37.245 0.5714285970
154037  -32.749  -4.780  -38.539 0.5714285970
82409  -30.742  -5.489  -38.668 0.5714285970
83566  -31.938  -5.004  -38.498 0.5714285970
83585  -32.926  -4.798  -39.379 0.5714285970
83586  -33.502  -4.563  -39.057 0.5714285970
154161  -31.358  -5.204  -38.940 0.5714285970
83587  -34.282  -4.362  -38.980 0.4285714328
84711  -34.028  -4.164  -40.575 0.5714285970
85820  -35.355  -3.450  -39.295 0.5714285970
83608  -32.445  -4.693  -40.931 0.7142857313
84712  -34.555  -3.745  -40.424 0.7142857313
85834  -34.897  -3.403  -39.974 0.7142857313
86938  -35.236  -2.894  -39.342 0.5714285970
84710  -33.305  -4.517  -40.715 0.5714285970
83606  -30.732  -4.893  -40.596 0.5714285970
84734  -34.018  -4.025  -41.774 0.8571428657
86954  -34.849  -2.569  -39.714 0.7142857313
86955  -35.285  -2.145  -39.212 0.5714285970
84733  -33.524  -4.092  -41.915 0.7142857313
84723  -32.713  -4.318  -41.558 0.5714285970
88007  -34.206  -1.258  -40.021 0.7142857313
88008  -35.392  -1.337  -39.225 0.5714285970
85850  -34.410  -3.782  -41.868 0.7142857313
86953  -34.387  -2.240  -40.174 0.7142857313
89023  -34.271  -0.199  -40.011 0.5714285970
86969  -34.495  -3.210  -41.210 0.7142857313
157510  -35.547  0.005  -39.489 0.5714285970
86978  -34.557  -3.476  -42.680 0.5714285970
178815  -34.249  -2.603  -41.691 0.7142857313
89022  -33.793  -0.913  -40.564 0.7142857313
173550  -34.095  0.341  -40.196 0.7142857313
89046  -33.654  -1.173  -42.154 0.7142857313
89035  -33.554  -0.537  -41.148 0.7142857313
90091  -33.531  0.383  -40.950 0.7142857313
91183  -33.845  1.726  -40.380 0.7142857313
91184  -34.393  1.475  -39.983 0.5714285970
89034  -33.388  -0.094  -41.722 0.7142857313
86984  -34.695  -3.099  -43.813 0.5714285970
92229  -33.708  2.603  -40.398 0.5714285970
93343  -34.023  3.196  -40.000 0.5714285970
90101  -33.158  0.416  -42.138 0.8571428657
89045  -33.731  -0.571  -42.946 0.8571428657
177511  -33.226  3.064  -40.854 0.7142857313
92238  -33.128  2.418  -41.043 0.7142857313
179761  -33.018  1.049  -41.810 0.8571428657
91192  -33.055  1.589  -41.329 0.7142857313
156509  -32.851  4.500  -42.018 0.8571428657
94532  -33.261  4.362  -40.635 0.5714285970
93362  -32.951  3.014  -41.472 0.8571428657
93372  -32.906  2.896  -42.349 0.8571428657
91212  -33.150  1.134  -42.956 0.8571428657
92250  -32.934  2.250  -41.805 0.8571428657
95698  -32.955  5.371  -43.085 0.8571428657
177633  -32.713  6.440  -42.421 0.8571428657
155597  -32.767  7.347  -43.213 0.8571428657
94540  -32.899  3.760  -41.932 0.8571428657
156410  -32.890  6.000  -43.683 0.8571428657
97890  -32.909  6.395  -44.593 1.0000000000
97876  -32.798  6.840  -43.824 1.0000000000
154198  -32.972  4.648  -43.305 0.8571428657
175783  -32.811  7.067  -44.562 1.0000000000
96790  -33.153  5.631  -44.724 1.0000000000
166192  -32.765  7.708  -44.999 1.0000000000
100064  -32.095  7.790  -47.320 0.7142857313
97901  -32.876  6.774  -45.500 1.0000000000
100045  -32.651  8.278  -45.757 1.0000000000
103326  -30.996  10.732  -48.023 1.0000000000
102235  -30.335  9.658  -48.649 0.8571428657
103339  -29.884  10.769  -49.511 0.8571428657
104467  -30.418  11.010  -48.909 1.0000000000
105566  -27.900  13.223  -50.402 0.8571428657
177715  -28.910  12.266  -50.444 0.8571428657
104483  -29.484  11.884  -50.029 1.0000000000
107719  -27.469  14.361  -49.944 0.8571428657
107726  -27.817  14.540  -50.510 0.8571428657
176267  -27.577  15.076  -48.865 0.7142857313
107707  -28.759  14.113  -46.524 0.5714285970
159387  -27.596  15.989  -47.908 0.7142857313
108695  -27.356  15.804  -49.187 0.5714285970
108673  -28.998  16.075  -44.830 0.5714285970
107699  -28.850  15.286  -45.514 0.5714285970
109632  -28.924  16.711  -44.261 0.4285714328
111614  -28.176  18.110  -45.851 0.4285714328
110618  -27.882  17.785  -46.703 0.4285714328
110589  -28.260  17.784  -42.918 0.2857142985
164749  -28.274  18.532  -43.068 0.2857142985
110597  -28.429  17.912  -43.625 0.2857142985
112502  -28.369  19.075  -42.470 0.2857142985
83598  -33.540  -4.515  -39.872 0.5714285970
163928  -34.743  -1.677  -39.572 0.5714285970
93352  -33.589  3.555  -40.449 0.5714285970
92239  -33.421  1.933  -40.772 0.7142857313
95692  -32.807  5.164  -41.795 0.8571428657
96762  -32.747  5.939  -42.019 0.8571428657
170334  -32.727  6.610  -43.041 0.8571428657
101152  -31.972  9.262  -46.826 0.8571428657
112486  -28.923  19.613  -41.408 0.1428571492
166254  -26.571  -11.217  -34.503 0.2857142985
76536  -27.162  -10.219  -34.989 0.2857142985
76517  -27.904  -10.192  -34.766 0.2857142985
77583  -28.277  -9.525  -34.939 0.4285714328
78691  -29.802  -8.361  -34.832 0.4285714328
78707  -27.329  -9.007  -35.711 0.2857142985
182558  -28.609  -7.380  -36.113 0.4285714328
79927  -29.492  -7.774  -35.159 0.4285714328
78730  -28.100  -7.869  -36.211 0.5714285970
81175  -30.571  -5.782  -36.654 0.4285714328
81190  -28.895  -6.341  -37.913 0.2857142985
82370  -29.591  -6.004  -37.710 0.7142857313
82393  -30.676  -5.478  -37.927 0.7142857313
174018  -30.813  -5.485  -39.399 0.5714285970
84700  -35.333  -3.852  -39.095 0.4285714328
83595  -31.286  -5.220  -39.754 0.7142857313
83596  -31.841  -4.990  -40.251 0.7142857313
183576  -33.914  -4.372  -39.422 0.7142857313
84699  -34.943  -3.754  -39.686 0.5714285970
85851  -34.642  -3.633  -40.944 0.7142857313
86970  -34.646  -3.089  -40.351 0.7142857313
170581  -31.923  -4.529  -41.219 0.5714285970
90082  -34.962  0.320  -39.621 0.5714285970
84732  -33.199  -4.010  -42.174 0.5714285970
89008  -35.794  -0.595  -39.323 0.5714285970
88025  -33.733  -1.598  -41.394 0.7142857313
88006  -33.959  -1.925  -40.721 0.7142857313
90081  -34.439  0.683  -39.962 0.5714285970
90090  -33.154  0.761  -41.387 0.7142857313
155677  -32.917  4.450  -41.378 0.5714285970
160156  -33.027  3.505  -42.927 1.0000000000
98961  -32.804  7.565  -44.022 1.0000000000
95712  -33.435  4.831  -45.081 1.0000000000
100054  -32.498  8.011  -46.758 0.8571428657
101168  -31.195  8.862  -48.057 0.7142857313
101158  -31.674  8.991  -47.613 1.0000000000
102214  -31.813  10.030  -46.503 1.0000000000
102225  -31.103  9.972  -48.029 0.7142857313
101167  -30.804  8.938  -48.324 0.7142857313
103340  -30.432  10.171  -48.844 0.8571428657
104482  -28.365  12.529  -50.131 0.8571428657
155467  -30.021  12.212  -49.343 1.0000000000
104452  -30.413  11.863  -48.665 1.0000000000
107714  -27.616  14.192  -48.842 0.7142857313
109639  -28.665  16.833  -45.198 0.7142857313
107706  -28.508  14.812  -46.691 0.5714285970
108681  -28.468  15.576  -46.365 0.7142857313
109646  -28.195  16.249  -46.627 0.7142857313
108654  -29.066  15.853  -43.112 0.4285714328
165153  -28.304  18.798  -43.833 0.2857142985
111610  -28.252  18.335  -45.125 0.4285714328
109651  -27.723  16.886  -47.166 0.4285714328
111613  -27.744  18.676  -46.435 0.4285714328
112515  -28.346  19.168  -43.194 0.2857142985
112533  -28.159  18.884  -44.679 0.4285714328
82391  -29.396  -5.901  -38.645 0.4285714328
82408  -30.130  -5.660  -39.283 0.4285714328
109631  -28.628  17.376  -44.487 0.4285714328
111602  -28.396  18.095  -44.419 0.2857142985
74274  -26.735  -12.437  -33.431 0.4285714328
74291  -28.062  -11.928  -33.534 0.4285714328
75376  -26.468  -11.859  -34.007 0.2857142985
170699  -28.522  -11.437  -33.825 0.4285714328
76518  -28.624  -10.063  -34.603 0.4285714328
161637  -28.466  -8.535  -35.288 0.4285714328
78709  -29.062  -8.531  -34.971 0.4285714328
79948  -27.456  -8.376  -36.321 0.4285714328
79967  -28.228  -7.341  -36.768 0.4285714328
82392  -30.128  -5.728  -38.312 0.5714285970
83584  -32.121  -5.054  -39.365 0.5714285970
83597  -32.688  -4.853  -40.121 0.5714285970
175519  -34.860  -4.058  -39.309 0.4285714328
86939  -35.738  -2.741  -38.850 0.5714285970
83607  -31.503  -4.760  -40.742 0.7142857313
84724  -33.310  -4.311  -41.386 0.7142857313
173857  -31.138  -5.058  -40.326 0.7142857313
85858  -34.141  -3.847  -42.526 0.5714285970
89024  -34.890  -0.666  -39.501 0.5714285970
155762  -33.854  0.004  -40.517 0.7142857313
85866  -34.367  -3.502  -43.345 0.7142857313
88033  -34.506  -2.532  -42.950 0.8571428657
91193  -33.446  1.210  -40.833 0.7142857313
88042  -35.041  -2.402  -44.381 0.8571428657
94531  -33.069  3.699  -41.089 0.8571428657
94546  -32.899  4.219  -42.650 0.8571428657
165299  -32.844  4.898  -42.517 0.8571428657
92259  -32.979  2.012  -42.867 0.8571428657
95707  -33.173  5.139  -44.007 1.0000000000
98971  -32.659  7.448  -46.108 1.0000000000
100063  -31.685  8.353  -47.682 0.8571428657
106648  -27.594  13.675  -49.730 0.8571428657
171393  -28.027  14.723  -47.873 0.7142857313
108688  -28.100  15.409  -47.365 0.7142857313
163056  -28.678  16.115  -45.750 0.5714285970
161948  -29.115  15.339  -44.391 0.5714285970
109612  -28.837  16.269  -42.779 0.4285714328
109622  -28.909  16.625  -43.375 0.4285714328
110619  -28.254  17.178  -46.070 0.4285714328
169037  -28.064  18.369  -42.395 0.2857142985
110598  -28.694  17.258  -43.839 0.2857142985
77582  -27.610  -9.602  -35.185 0.2857142985
101157  -31.274  9.375  -47.987 1.0000000000
115203  -26.584  22.139  -46.976 0.2857142985
116059  -25.822  22.742  -45.915 0.1428571492
113422  -27.098  20.089  -46.403 0.2857142985
114311  -26.851  21.188  -47.238 0.2857142985
178594  -26.695  22.182  -45.787 0.1428571492
116049  -27.099  22.965  -44.887 0.1428571492
112532  -27.777  19.611  -45.029 0.1428571492
113413  -27.455  20.220  -45.683 0.2857142985
113401  -27.813  20.417  -45.034 0.1428571492
113431  -26.615  20.113  -48.417 0.2857142985
113426  -26.558  20.482  -47.545 0.2857142985
112551  -29.119  19.112  -49.336 0.2857142985
111641  -26.807  18.173  -50.472 0.2857142985
178556  -27.404  18.744  -47.118 0.2857142985
109664  -27.500  16.583  -50.250 0.2857142985
112540  -26.709  19.228  -48.376 0.2857142985
113427  -26.852  19.959  -47.152 0.2857142985
184076  -29.510  17.311  -47.978 0.1428571492
110649  -27.451  17.258  -50.357 0.2857142985
111635  -26.560  18.130  -49.650 0.2857142985
114281  -27.904  21.231  -45.024 0.1428571492
111627  -26.790  18.391  -48.335 0.2857142985
112541  -27.036  19.128  -47.614 0.2857142985
111616  -32.299  18.349  -46.648 0.1428571492
111621  -31.025  18.441  -46.971 0.1428571492
110642  -28.592  17.732  -49.711 0.4285714328
109655  -26.979  16.941  -49.084 0.2857142985
108689  -30.463  15.565  -46.625 0.2857142985
108702  -29.098  15.748  -49.284 0.4285714328
108707  -27.593  16.021  -50.235 0.2857142985
108682  -31.255  15.467  -45.117 0.1428571492
109652  -30.186  16.212  -47.088 0.2857142985
108708  -27.697  15.513  -50.357 0.4285714328
107721  -29.582  15.046  -48.819 0.5714285970
108709  -28.168  15.303  -50.316 0.7142857313
107693  -31.309  14.760  -44.711 0.1428571492
107701  -30.946  14.631  -45.644 0.1428571492
155699  -30.019  14.399  -48.349 0.4285714328
105512  -31.983  13.295  -43.554 0.2857142985
105519  -31.520  13.194  -44.486 0.7142857313
107727  -28.425  13.983  -50.576 0.7142857313
104453  -30.924  11.706  -47.677 0.8571428657
105543  -30.766  13.035  -47.135 0.8571428657
106649  -29.807  13.669  -49.101 0.5714285970
105513  -32.427  13.034  -42.958 0.2857142985
106634  -30.271  13.714  -47.993 0.7142857313
104451  -28.488  12.041  -47.990 0.5714285970
179441  -30.132  13.038  -48.721 0.8571428657
104413  -32.720  12.319  -42.702 0.1428571492
105527  -31.422  12.525  -45.241 0.7142857313
103249  -33.121  11.732  -42.154 0.1428571492
93409  -32.855  3.262  -46.260 0.5714285970
96798  -33.008  5.996  -46.320 0.8571428657
182635  -32.856  6.235  -46.844 0.8571428657
96807  -32.692  5.816  -46.940 0.4285714328
174434  -32.569  6.475  -47.112 0.5714285970
102213  -31.449  10.437  -47.177 0.8571428657
101132  -32.269  9.827  -45.022 0.8571428657
103313  -31.316  11.217  -46.918 0.8571428657
102157  -33.080  10.903  -42.231 0.2857142985
103292  -31.936  11.380  -44.599 0.8571428657
183984  -31.407  12.097  -45.783 0.8571428657
105542  -30.366  12.546  -48.399 0.8571428657
102158  -33.397  10.335  -41.679 0.4285714328
103293  -32.260  10.872  -44.048 0.7142857313
104430  -31.747  12.199  -44.530 0.7142857313
93398  -32.444  3.008  -45.747 0.2857142985
95719  -33.536  4.371  -46.181 0.5714285970
169386  -32.975  4.186  -46.581 0.5714285970
179767  -33.071  6.034  -45.378 0.8571428657
101144  -32.472  9.056  -45.356 0.8571428657
101143  -32.125  9.543  -45.907 0.8571428657
102204  -31.942  10.319  -45.586 0.8571428657
103303  -31.814  11.078  -45.367 0.8571428657
101109  -32.854  9.770  -42.902 0.4285714328
102186  -32.604  10.336  -43.541 0.8571428657
102194  -32.085  10.596  -44.771 0.8571428657
101097  -33.108  9.659  -42.079 0.4285714328
88052  -33.111  -1.835  -44.689 0.7142857313
89060  -31.498  -0.030  -44.798 0.4285714328
88053  -34.278  -2.188  -45.269 0.7142857313
91220  -33.857  0.688  -44.616 0.8571428657
91243  -32.862  1.079  -45.629 0.5714285970
92288  -32.465  2.250  -45.704 0.5714285970
92274  -31.720  2.714  -44.402 0.4285714328
92275  -33.809  2.096  -44.782 0.8571428657
92290  -33.906  2.090  -46.330 0.5714285970
93410  -33.537  2.933  -46.578 0.5714285970
93381  -33.543  3.351  -44.039 0.8571428657
94561  -33.810  3.488  -45.153 0.7142857313
93411  -33.851  2.882  -46.528 0.5714285970
97862  -32.733  7.055  -42.478 0.7142857313
98936  -32.798  7.801  -42.615 0.7142857313
100024  -32.709  8.796  -43.963 0.7142857313
98914  -33.357  8.086  -40.541 0.2857142985
99987  -33.129  8.313  -41.229 0.4285714328
99996  -33.112  8.998  -41.725 0.5714285970
85857  -33.577  -3.680  -43.027 0.4285714328
88040  -32.586  -1.966  -43.477 0.4285714328
89052  -31.888  -0.827  -43.362 0.4285714328
90108  -33.416  0.373  -42.974 0.7142857313
90115  -34.105  -0.076  -44.691 0.7142857313
90114  -33.721  0.551  -43.832 0.7142857313
93386  -33.529  2.613  -44.223 0.8571428657
164224  -32.783  6.210  -41.499 0.7142857313
98913  -33.095  7.478  -40.852 0.2857142985
97846  -32.875  6.747  -41.213 0.5714285970
97854  -32.755  6.640  -41.892 0.5714285970
85856  -32.586  -3.593  -42.236 0.4285714328
86976  -31.110  -2.282  -41.789 0.5714285970
88041  -33.788  -2.718  -44.476 0.5714285970
90109  -34.140  -0.383  -44.113 0.7142857313
164698  -33.645  4.523  -40.031 0.4285714328
95674  -33.211  5.727  -40.341 0.4285714328
97833  -33.188  6.657  -40.396 0.4285714328
84709  -29.923  -4.999  -40.314 0.5714285970
159203  -36.058  -1.155  -39.122 0.4285714328
159674  -36.300  0.105  -39.503 0.4285714328
92219  -34.916  2.767  -39.380 0.4285714328
170150  -34.235  2.132  -40.020 0.4285714328
93331  -34.991  3.418  -39.161 0.4285714328
94520  -33.991  3.867  -39.847 0.4285714328
79928  -30.087  -7.246  -35.392 0.1428571492
91185  -35.021  1.211  -39.642 0.4285714328
91173  -35.622  1.730  -39.416 0.4285714328
183768  -35.381  2.344  -39.277 0.4285714328
81156  -30.986  -6.122  -36.009 0.1428571492
82373  -31.965  -5.328  -36.499 0.1428571492
83568  -34.498  -4.525  -38.115 0.2857142985
86942  -38.294  -1.796  -39.299 0.2857142985
170168  -38.931  0.482  -40.176 0.2857142985
89011  -38.275  -0.009  -40.097 0.2857142985
86922  -36.351  -3.105  -38.508 0.4285714328
90070  -38.134  0.688  -39.842 0.2857142985
164479  -37.711  0.274  -39.793 0.2857142985
87993  -36.614  -1.447  -38.980 0.2857142985
91176  -37.882  1.215  -39.339 0.2857142985
90068  -36.753  0.800  -39.516 0.4285714328
81138  -31.404  -6.729  -35.571 0.1428571492
82351  -31.881  -6.003  -35.928 0.1428571492
79950  -29.928  -6.723  -35.813 0.1428571492
83527  -33.293  -4.888  -36.733 0.2857142985
84682  -37.205  -4.014  -37.986 0.2857142985
177647  -38.305  -3.118  -38.469 0.2857142985
86923  -37.094  -2.740  -38.375 0.2857142985
85805  -36.262  -3.700  -38.518 0.2857142985
86924  -37.901  -2.583  -38.645 0.2857142985
81157  -32.717  -6.282  -35.671 0.1428571492
83530  -35.758  -5.328  -36.749 0.2857142985
82334  -33.276  -5.841  -35.742 0.2857142985
83549  -35.534  -4.898  -37.273 0.2857142985
83528  -34.141  -4.935  -36.631 0.2857142985
176082  -32.439  -4.944  -36.943 0.2857142985
84665  -36.059  -4.538  -37.826 0.2857142985
75398  -28.970  -10.484  -34.307 0.2857142985
78692  -30.446  -8.637  -34.745 0.1428571492
77584  -29.740  -9.165  -34.625 0.2857142985
79929  -30.974  -7.476  -35.259 0.1428571492
73083  -27.517  -12.939  -32.545 0.2857142985
73084  -28.187  -12.838  -32.622 0.1428571492
73060  -26.335  -13.215  -32.374 0.2857142985
71722  -26.579  -13.658  -31.590 0.1428571492
82352  -32.716  -5.445  -36.174 0.1428571492
82354  -34.433  -5.417  -36.087 0.2857142985
84666  -36.798  -4.530  -37.638 0.2857142985
86925  -38.643  -2.601  -38.960 0.2857142985
85806  -36.829  -3.520  -38.288 0.2857142985
87995  -38.746  -0.836  -40.132 0.2857142985
87992  -35.877  -1.829  -38.892 0.4285714328
89009  -36.672  -0.610  -39.348 0.4285714328
90069  -37.484  0.781  -39.646 0.2857142985
91156  -37.574  1.746  -38.875 0.2857142985
89076  -33.549  -0.918  -45.687 0.7142857313
92220  -36.083  2.300  -39.048 0.4285714328
93400  -34.082  2.394  -46.372 0.5714285970
92218  -34.390  2.679  -39.835 0.4285714328
95686  -33.318  5.024  -40.335 0.4285714328
96742  -33.575  6.135  -39.793 0.2857142985
98896  -33.454  7.528  -40.139 0.2857142985
103338  -29.387  10.893  -49.387 0.7142857313
156657  -32.776  8.958  -43.207 0.7142857313
106620  -28.309  14.037  -47.501 0.4285714328
106633  -28.034  13.438  -48.454 0.5714285970
106663  -28.483  13.192  -50.689 0.7142857313
101098  -33.393  9.589  -41.387 0.2857142985
104444  -31.238  11.972  -46.519 0.8571428657
105568  -29.417  12.773  -49.946 0.8571428657
180884  -31.863  12.567  -43.913 0.5714285970
110633  -26.973  17.567  -48.321 0.2857142985
107708  -30.554  14.861  -46.546 0.4285714328
162753  -30.164  15.164  -47.508 0.4285714328
115160  -28.017  22.379  -44.350 0.1428571492
110634  -29.103  17.757  -48.590 0.2857142985
110628  -30.048  17.289  -47.168 0.1428571492
168844  -26.610  19.345  -49.126 0.2857142985
74276  -28.487  -12.348  -33.072 0.1428571492
75380  -29.730  -11.111  -33.774 0.1428571492
164211  -28.919  -9.358  -34.762 0.2857142985
81140  -32.893  -7.067  -35.518 0.1428571492
172669  -34.174  -6.585  -35.579 0.1428571492
83546  -33.013  -4.729  -37.584 0.2857142985
83548  -34.719  -4.781  -37.318 0.2857142985
84681  -36.472  -4.058  -38.151 0.2857142985
85821  -39.265  -2.805  -39.172 0.2857142985
84679  -35.090  -4.274  -38.746 0.2857142985
173934  -39.261  -1.862  -39.910 0.2857142985
165725  -32.441  -3.038  -42.511 0.5714285970
85804  -35.860  -3.554  -38.851 0.2857142985
88039  -31.630  -1.248  -42.658 0.2857142985
91177  -38.563  1.049  -39.379 0.2857142985
92205  -37.868  2.018  -38.173 0.2857142985
88062  -34.278  -1.564  -45.537 0.7142857313
89063  -34.507  -1.135  -45.214 0.5714285970
91218  -31.855  1.790  -43.996 0.4285714328
90129  -31.764  0.434  -45.137 0.5714285970
92221  -36.899  1.988  -38.999 0.4285714328
94560  -31.801  3.720  -45.375 0.2857142985
92203  -36.621  2.594  -38.575 0.2857142985
92230  -34.858  2.060  -39.624 0.4285714328
156772  -33.609  1.468  -45.811 0.7142857313
94583  -32.386  4.023  -46.231 0.2857142985
93319  -35.534  3.639  -38.790 0.1428571492
157896  -34.126  5.270  -39.155 0.4285714328
95664  -34.057  4.583  -39.452 0.4285714328
96732  -34.274  5.896  -38.970 0.1428571492
100036  -32.676  8.566  -44.786 0.8571428657
97820  -33.923  6.394  -39.256 0.1428571492
171051  -32.856  7.480  -41.761 0.5714285970
99988  -33.474  8.737  -40.604 0.2857142985
103282  -32.506  11.122  -43.394 0.7142857313
155808  -30.966  12.544  -46.872 0.8571428657
103238  -33.982  11.542  -41.094 0.2857142985
104397  -33.639  12.040  -41.588 0.1428571492
182763  -28.130  19.401  -44.297 0.2857142985
104425  -32.462  11.798  -43.216 0.4285714328
103250  -33.511  11.196  -41.645 0.4285714328
179003  -32.886  13.219  -42.439 0.1428571492
106610  -30.973  13.846  -45.795 0.5714285970
160844  -32.468  13.891  -42.859 0.1428571492
106597  -31.487  14.118  -44.267 0.1428571492
108674  -31.687  15.477  -44.409 0.1428571492
114282  -28.273  20.695  -44.504 0.1428571492
107715  -30.380  14.316  -47.281 0.5714285970
107694  -31.724  14.865  -44.014 0.1428571492
109640  -31.291  16.222  -45.453 0.1428571492
171696  -28.533  16.908  -49.838 0.2857142985
109656  -29.645  16.518  -48.044 0.2857142985
109647  -30.751  16.235  -46.176 0.2857142985
163034  -31.171  16.956  -45.715 0.1428571492
110621  -31.247  17.549  -46.071 0.1428571492
111615  -31.528  18.200  -46.487 0.1428571492
111637  -29.065  18.501  -48.927 0.2857142985
167328  -29.817  19.459  -49.001 0.2857142985
112543  -30.280  19.127  -48.177 0.1428571492
74293  -29.953  -11.726  -33.431 0.1428571492
78712  -31.598  -8.132  -35.075 0.1428571492
87996  -39.682  -0.741  -41.037 0.2857142985
99972  -33.687  8.362  -39.916 0.2857142985
177597  -32.465  18.959  -48.003 0.1428571492
113435  -30.195  19.924  -49.648 0.2857142985
73098  -26.163  -12.824  -33.075 0.2857142985
74275  -27.591  -12.484  -33.112 0.2857142985
165902  -28.726  -11.900  -33.434 0.1428571492
74292  -29.217  -11.560  -33.596 0.1428571492
76504  -29.548  -10.517  -34.099 0.1428571492
76520  -30.062  -9.974  -34.278 0.1428571492
79951  -30.601  -6.729  -35.663 0.1428571492
175434  -31.659  -5.099  -37.141 0.2857142985
82350  -31.300  -5.541  -36.519 0.1428571492
83567  -33.641  -4.579  -38.259 0.2857142985
86994  -34.760  -2.669  -44.668 0.5714285970
86983  -34.212  -3.280  -43.949 0.4285714328
93344  -34.485  3.304  -39.587 0.4285714328
89053  -34.844  -1.518  -44.553 0.7142857313
92266  -33.414  2.072  -43.903 0.7142857313
98952  -32.781  8.161  -43.418 0.7142857313
156915  -33.231  5.326  -45.750 0.8571428657
94554  -33.398  4.239  -44.307 0.8571428657
158852  -32.777  8.170  -44.227 0.8571428657
100044  -32.354  8.770  -46.317 0.8571428657
105553  -27.989  12.941  -49.423 0.5714285970
107731  -28.019  13.732  -50.725 0.7142857313
108701  -27.483  15.162  -50.073 0.5714285970
160802  -27.242  16.680  -48.326 0.2857142985
174182  -27.220  16.301  -49.345 0.2857142985
183559  -27.556  18.212  -47.091 0.2857142985
157772  -32.962  5.210  -40.967 0.4285714328
78710  -30.287  -7.919  -35.001 0.1428571492
168646  -30.537  -5.402  -40.053 0.5714285970
84680  -35.792  -4.078  -38.505 0.2857142985
90067  -35.820  0.824  -39.519 0.4285714328
104445  -31.557  11.519  -46.000 0.8571428657
166044  -30.689  12.490  -47.710 0.8571428657
111609  -27.984  18.873  -45.509 0.2857142985
110627  -27.407  17.551  -47.522 0.2857142985
112535  -27.515  19.491  -45.945 0.2857142985
91219  -33.491  1.351  -43.769 0.8571428657
114306  -27.084  21.513  -46.606 0.2857142985
115198  -26.446  22.222  -46.282 0.1428571492
115199  -27.211  21.609  -45.999 0.2857142985
115180  -26.715  22.518  -45.361 0.1428571492
114307  -27.154  20.834  -46.171 0.2857142985
114315  -26.639  20.936  -47.983 0.2857142985
114300  -27.538  21.003  -45.571 0.1428571492
112537  -26.742  19.795  -47.819 0.2857142985
111636  -28.454  18.441  -50.074 0.2857142985
112558  -26.594  18.754  -49.799 0.2857142985
161131  -26.997  17.647  -50.518 0.2857142985
115159  -27.627  22.044  -44.903 0.1428571492
110648  -27.150  17.058  -50.080 0.2857142985
178672  -28.020  17.639  -50.316 0.2857142985
109660  -27.842  16.254  -50.396 0.2857142985
112549  -26.573  18.569  -49.019 0.2857142985
169184  -29.106  16.733  -49.004 0.2857142985
111628  -29.584  18.531  -48.117 0.1428571492
111629  -30.251  18.588  -47.551 0.1428571492
111626  -26.654  17.715  -49.081 0.2857142985
111622  -31.702  18.705  -47.072 0.1428571492
111630  -31.010  18.941  -47.496 0.1428571492
107720  -28.643  14.812  -50.093 0.5714285970
108703  -29.794  15.739  -48.115 0.4285714328
109661  -28.330  16.034  -50.080 0.5714285970
108683  -31.790  16.150  -44.787 0.1428571492
110620  -30.583  17.042  -46.353 0.2857142985
106664  -29.119  13.591  -50.097 0.7142857313
106596  -31.182  13.962  -45.050 0.4285714328
156108  -30.719  14.097  -46.443 0.5714285970
104436  -31.166  12.620  -46.022 0.7142857313
105533  -30.929  13.300  -46.397 0.7142857313
106635  -30.628  13.614  -47.135 0.7142857313
104424  -32.212  12.451  -43.338 0.5714285970
103263  -32.777  11.409  -42.777 0.4285714328
104437  -31.667  11.806  -45.229 0.8571428657
94584  -33.401  3.475  -46.555 0.5714285970
95718  -33.012  5.113  -46.490 0.5714285970
96820  -32.154  5.929  -47.272 0.4285714328
95731  -32.321  4.728  -46.665 0.4285714328
101133  -32.552  9.324  -44.497 0.8571428657
102195  -32.419  10.088  -44.250 0.8571428657
102173  -32.802  10.625  -42.877 0.4285714328
170258  -33.036  10.245  -42.344 0.5714285970
103281  -32.117  11.758  -43.844 0.8571428657
101123  -32.665  9.549  -43.725 0.7142857313
89061  -32.411  -0.702  -44.469 0.4285714328
89077  -33.975  -0.934  -45.634 0.7142857313
90140  -33.593  -0.323  -45.448 0.7142857313
91232  -33.753  0.959  -45.271 0.7142857313
91242  -32.063  1.014  -45.421 0.4285714328
169300  -32.530  1.511  -45.755 0.5714285970
92294  -33.817  2.399  -46.581 0.5714285970
168208  -32.107  1.715  -45.065 0.4285714328
181698  -31.376  2.599  -43.867 0.2857142985
93387  -33.898  2.659  -45.263 0.7142857313
100010  -32.918  8.337  -42.099 0.5714285970
180870  -32.828  8.452  -42.765 0.7142857313
86977  -33.125  -3.087  -43.504 0.5714285970
88032  -31.917  -2.154  -42.492 0.5714285970
95675  -33.653  5.290  -39.747 0.4285714328
97834  -33.639  6.913  -39.681 0.2857142985
89010  -37.492  -0.356  -39.624 0.2857142985
159759  -37.092  0.175  -39.619 0.4285714328
93332  -35.486  2.912  -39.039 0.4285714328
94506  -34.538  3.970  -39.314 0.4285714328
91174  -36.439  1.520  -39.331 0.4285714328
83547  -33.875  -4.685  -37.399 0.2857142985
83569  -35.317  -4.542  -37.988 0.2857142985
87994  -37.896  -0.987  -39.548 0.2857142985
86941  -37.365  -1.834  -38.893 0.2857142985
86940  -36.482  -2.258  -38.615 0.2857142985
91175  -37.209  1.358  -39.320 0.4285714328
79930  -31.839  -7.435  -35.337 0.1428571492
81139  -32.199  -6.822  -35.549 0.1428571492
82353  -33.629  -5.299  -36.082 0.2857142985
85807  -37.671  -3.380  -38.226 0.2857142985
171679  -33.481  -6.616  -35.559 0.1428571492
83529  -34.951  -5.132  -36.682 0.2857142985
83550  -36.319  -4.985  -37.198 0.2857142985
73063  -28.663  -13.171  -32.165 0.1428571492
73061  -27.076  -13.220  -32.124 0.1428571492
167060  -29.028  -12.763  -32.677 0.1428571492
96731  -33.878  5.797  -39.359 0.2857142985
162116  -28.296  21.518  -44.492 0.1428571492
73085  -29.852  -12.733  -32.700 0.1428571492
75381  -30.458  -11.271  -33.681 0.1428571492
113384  -28.479  20.192  -43.848 0.1428571492
158116  -29.001  11.531  -47.079 0.5714285970
102212  -29.553  10.046  -47.764 0.4285714328
103312  -29.424  10.605  -46.728 0.4285714328
103325  -29.150  10.865  -48.102 0.5714285970
102224  -29.896  9.763  -48.544 0.4285714328
102223  -29.502  10.249  -48.822 0.5714285970
161709  -28.699  11.451  -48.797 0.4285714328
100062  -30.853  8.336  -47.821 0.4285714328
101156  -30.271  8.986  -48.084 0.4285714328
101151  -29.985  8.870  -46.996 0.4285714328
171480  -29.869  9.419  -47.679 0.5714285970
102234  -29.905  10.297  -49.041 0.5714285970
98992  -32.081  6.987  -47.290 0.5714285970
90072  -41.011  0.440  -39.607 0.1428571492
90055  -39.426  0.901  -39.240 0.1428571492
91158  -38.972  1.283  -38.449 0.1428571492
81171  -27.763  -7.290  -37.557 0.2857142985
167573  -39.198  -0.068  -40.762 0.1428571492
88983  -42.221  -0.188  -38.115 0.1428571492
89014  -41.368  0.017  -40.422 0.1428571492
88967  -41.769  -0.003  -37.288 0.1428571492
90057  -41.526  0.688  -38.408 0.1428571492
90026  -41.470  0.919  -36.861 0.1428571492
162059  -27.599  -7.817  -36.902 0.2857142985
86943  -40.226  -1.629  -41.193 0.1428571492
88011  -41.022  -1.048  -42.028 0.1428571492
89015  -42.235  -0.207  -40.066 0.1428571492
87950  -41.664  -1.055  -36.873 0.1428571492
87997  -42.699  -0.935  -39.599 0.1428571492
88915  -41.242  -0.596  -33.524 0.1428571492
160466  -41.024  -0.761  -35.612 0.1428571492
88928  -40.954  -0.326  -34.247 0.1428571492
78744  -26.954  -8.223  -36.999 0.2857142985
84668  -38.398  -4.418  -37.686 0.1428571492
84684  -39.045  -3.960  -38.206 0.1428571492
85809  -39.568  -3.431  -38.854 0.1428571492
172951  -37.857  -4.014  -37.917 0.1428571492
85822  -40.069  -2.743  -39.999 0.1428571492
161139  -42.368  -1.896  -40.820 0.1428571492
85823  -40.803  -3.332  -40.560 0.1428571492
158627  -42.604  -1.669  -38.455 0.1428571492
86957  -41.300  -2.079  -42.132 0.1428571492
86893  -41.590  -2.056  -36.594 0.1428571492
86872  -40.843  -2.365  -34.917 0.1428571492
88888  -41.166  -1.467  -33.540 0.1428571492
87930  -40.891  -1.576  -35.226 0.1428571492
77615  -26.616  -9.314  -35.860 0.2857142985
77597  -26.205  -9.748  -35.656 0.2857142985
174471  -36.519  -5.495  -36.700 0.1428571492
82374  -38.612  -5.037  -37.292 0.1428571492
83570  -39.236  -4.771  -37.814 0.1428571492
164747  -39.784  -4.192  -38.522 0.1428571492
85837  -41.617  -3.515  -41.313 0.1428571492
84685  -40.347  -3.691  -39.405 0.1428571492
85792  -42.386  -3.324  -37.621 0.1428571492
86892  -41.074  -2.199  -35.680 0.1428571492
85779  -41.785  -2.978  -36.738 0.1428571492
87888  -42.019  -1.168  -32.777 0.1428571492
87887  -41.558  -1.529  -33.055 0.1428571492
82355  -35.231  -5.690  -36.294 0.1428571492
83532  -37.712  -5.440  -36.819 0.1428571492
83531  -37.209  -5.714  -36.579 0.1428571492
83553  -39.851  -5.391  -37.816 0.1428571492
82375  -39.069  -5.589  -37.228 0.1428571492
83589  -41.952  -5.391  -40.267 0.1428571492
83571  -40.012  -4.836  -38.305 0.1428571492
84702  -42.602  -4.202  -40.199 0.1428571492
83588  -41.280  -5.039  -39.886 0.1428571492
85810  -42.857  -3.430  -38.752 0.1428571492
85736  -40.880  -3.203  -34.612 0.1428571492
156487  -41.943  -3.668  -36.803 0.1428571492
86822  -41.341  -2.098  -33.124 0.1428571492
85719  -40.922  -3.040  -33.814 0.1428571492
82338  -36.152  -6.375  -36.111 0.1428571492
82335  -33.954  -5.905  -35.683 0.1428571492
81161  -39.620  -6.921  -37.081 0.1428571492
81176  -39.305  -6.353  -37.044 0.1428571492
82357  -37.864  -5.943  -36.527 0.1428571492
82376  -40.344  -6.016  -37.956 0.1428571492
166921  -39.694  -5.952  -37.447 0.1428571492
167385  -38.313  -5.526  -36.897 0.1428571492
177840  -43.067  -5.366  -39.137 0.1428571492
82417  -42.236  -5.951  -40.293 0.1428571492
84670  -42.810  -4.074  -38.173 0.1428571492
84650  -41.873  -4.281  -36.463 0.1428571492
84686  -42.928  -4.166  -39.240 0.1428571492
85758  -40.999  -2.905  -35.361 0.1428571492
79954  -39.626  -7.496  -36.920 0.1428571492
81159  -38.315  -7.000  -36.254 0.1428571492
174113  -37.567  -7.011  -36.001 0.1428571492
81204  -41.589  -6.646  -39.495 0.1428571492
79970  -40.240  -7.288  -37.496 0.1428571492
82412  -42.680  -5.853  -39.852 0.1428571492
82411  -42.075  -6.297  -40.049 0.1428571492
84649  -41.487  -3.573  -36.080 0.1428571492
83555  -42.812  -4.734  -37.753 0.1428571492
81178  -40.658  -6.715  -38.056 0.1428571492
82410  -41.487  -5.857  -39.617 0.1428571492
84713  -41.655  -4.097  -40.846 0.1428571492
85808  -38.878  -3.276  -38.566 0.1428571492
86823  -41.873  -1.909  -32.782 0.1428571492
88890  -43.010  -0.255  -32.650 0.1428571492
87910  -40.859  -1.741  -34.350 0.1428571492
87969  -42.062  -1.455  -37.527 0.1428571492
89012  -39.571  0.179  -40.808 0.1428571492
90056  -40.451  0.781  -38.880 0.1428571492
84637  -41.097  -3.588  -35.334 0.1428571492
84607  -40.897  -3.794  -33.936 0.1428571492
86824  -42.453  -1.701  -32.557 0.1428571492
173927  -43.631  0.346  -32.719 0.1428571492
98990  -31.335  7.717  -47.697 0.4285714328
89955  -42.176  0.150  -32.903 0.1428571492
158508  -40.934  -1.012  -34.050 0.1428571492
88889  -41.789  -0.526  -33.000 0.1428571492
88946  -40.964  -0.010  -35.171 0.1428571492
89984  -41.674  0.609  -33.353 0.1428571492
91159  -39.925  1.172  -38.258 0.1428571492
91157  -38.225  1.495  -38.679 0.1428571492
153721  -29.327  12.045  -45.891 0.4285714328
105541  -28.442  12.907  -47.666 0.4285714328
113444  -30.571  20.149  -50.173 0.1428571492
182319  -29.146  20.003  -50.710 0.1428571492
90071  -39.909  0.495  -39.978 0.1428571492
84667  -37.564  -4.524  -37.595 0.1428571492
165421  -35.976  -5.892  -36.405 0.1428571492
82336  -34.751  -6.209  -35.805 0.1428571492
83551  -37.156  -5.089  -37.086 0.1428571492
93321  -37.014  2.796  -38.099 0.1428571492
165584  -36.615  3.271  -38.148 0.1428571492
88009  -39.984  -0.277  -41.277 0.1428571492
89013  -40.355  0.116  -40.780 0.1428571492
88999  -42.008  0.287  -39.263 0.1428571492
90039  -42.043  0.282  -38.309 0.1428571492
176423  -42.043  -0.688  -37.603 0.1428571492
87984  -42.468  -0.780  -38.340 0.1428571492
89025  -40.706  -0.429  -41.516 0.1428571492
167291  -41.357  -0.642  -36.383 0.1428571492
88966  -41.256  0.085  -36.217 0.1428571492
85835  -41.064  -2.542  -41.640 0.1428571492
88010  -40.426  -0.854  -41.812 0.1428571492
88012  -42.008  -1.019  -41.114 0.1428571492
87949  -41.207  -1.399  -36.050 0.1428571492
159225  -40.864  -0.919  -34.774 0.1428571492
83552  -37.972  -5.003  -37.201 0.1428571492
169725  -41.312  -2.924  -41.832 0.1428571492
86944  -42.781  -2.059  -39.522 0.1428571492
84701  -41.144  -4.179  -40.358 0.1428571492
86909  -42.139  -2.361  -37.535 0.1428571492
86926  -42.671  -2.612  -38.512 0.1428571492
85778  -41.312  -2.832  -36.008 0.1428571492
83572  -40.585  -4.510  -39.066 0.1428571492
86927  -42.802  -2.940  -39.554 0.1428571492
84714  -42.046  -4.172  -40.780 0.1428571492
181211  -41.199  -3.228  -35.681 0.1428571492
81158  -37.339  -6.307  -36.203 0.1428571492
81177  -39.969  -6.525  -37.459 0.1428571492
82358  -38.562  -6.242  -36.634 0.1428571492
83599  -41.688  -4.682  -40.476 0.1428571492
83601  -42.270  -5.302  -40.379 0.1428571492
82394  -40.678  -5.377  -38.678 0.1428571492
82395  -41.011  -6.236  -38.718 0.1428571492
83573  -43.067  -4.762  -38.759 0.1428571492
84669  -42.364  -4.158  -37.249 0.1428571492
83533  -41.866  -5.005  -36.177 0.1428571492
81191  -41.155  -6.874  -38.781 0.1428571492
71746  -25.065  -13.931  -31.786 0.1428571492
71772  -25.583  -13.191  -32.738 0.1428571492
71770  -24.110  -13.511  -32.814 0.1428571492
74289  -25.978  -12.393  -33.664 0.1428571492
75395  -25.832  -11.503  -34.449 0.1428571492
74303  -25.193  -11.810  -34.322 0.1428571492
76515  -25.910  -10.866  -34.995 0.1428571492
76535  -26.442  -10.256  -35.247 0.1428571492
75393  -24.536  -11.512  -34.415 0.1428571492
76514  -24.975  -10.626  -35.269 0.1428571492
76534  -25.669  -10.200  -35.470 0.1428571492
78706  -25.038  -9.161  -35.967 0.1428571492
78743  -26.148  -8.303  -36.946 0.1428571492
78728  -25.625  -8.721  -36.446 0.1428571492
79966  -27.192  -7.739  -37.428 0.1428571492
79965  -26.479  -7.743  -37.489 0.2857142985
82390  -28.655  -6.135  -38.516 0.2857142985
84720  -29.605  -3.643  -40.576 0.4285714328
85849  -31.890  -3.886  -41.568 0.4285714328
85848  -30.967  -3.052  -41.401 0.4285714328
97922  -31.856  6.510  -47.372 0.2857142985
97921  -30.722  6.879  -46.819 0.2857142985
98991  -31.719  7.756  -47.550 0.2857142985
102183  -27.386  9.939  -44.035 0.2857142985
102185  -28.809  10.191  -44.067 0.2857142985
161950  -29.506  11.230  -45.980 0.2857142985
166861  -29.544  11.487  -45.046 0.4285714328
78729  -26.616  -8.790  -36.364 0.1428571492
79964  -25.741  -7.791  -37.202 0.1428571492
81170  -26.478  -7.201  -37.900 0.2857142985
81189  -28.209  -6.634  -37.997 0.1428571492
74288  -25.296  -12.294  -33.861 0.1428571492
75394  -25.114  -11.284  -34.817 0.1428571492
76533  -24.902  -9.882  -35.587 0.1428571492
79947  -25.294  -8.113  -36.772 0.1428571492
81186  -26.163  -6.572  -37.911 0.2857142985
81188  -27.536  -6.806  -38.120 0.2857142985
81187  -26.852  -6.772  -38.151 0.2857142985
82389  -27.243  -6.197  -38.433 0.2857142985
81203  -27.962  -6.259  -38.511 0.2857142985
179059  -28.953  -5.822  -39.038 0.2857142985
83594  -29.316  -5.289  -39.899 0.4285714328
163998  -29.142  -4.593  -40.109 0.4285714328
85833  -28.903  -3.679  -40.367 0.2857142985
95730  -31.498  5.179  -46.482 0.2857142985
96806  -30.916  5.839  -46.484 0.2857142985
97912  -31.145  6.390  -47.065 0.2857142985
98970  -29.761  6.928  -45.619 0.2857142985
98979  -30.314  7.299  -46.479 0.2857142985
100052  -30.259  8.107  -47.155 0.2857142985
101131  -29.407  8.884  -44.744 0.2857142985
101121  -27.416  9.164  -44.293 0.2857142985
102193  -29.368  9.760  -44.608 0.2857142985
82406  -28.366  -5.778  -38.980 0.2857142985
96819  -31.672  5.858  -47.110 0.2857142985
176481  -30.600  6.356  -46.474 0.2857142985
96797  -30.570  5.310  -45.561 0.2857142985
98969  -29.109  6.899  -45.223 0.2857142985
100034  -29.318  8.214  -45.124 0.2857142985
161185  -29.905  7.721  -46.117 0.2857142985
100043  -29.781  8.261  -45.636 0.2857142985
101130  -28.022  8.724  -44.413 0.2857142985
101142  -29.937  8.916  -45.874 0.2857142985
97889  -28.586  6.544  -44.833 0.2857142985
98959  -27.395  7.343  -44.757 0.2857142985
161483  -29.486  7.516  -45.422 0.2857142985
84708  -29.574  -4.250  -40.403 0.4285714328
84721  -30.279  -4.241  -40.703 0.4285714328
76516  -26.699  -10.691  -34.848 0.1428571492
77598  -26.910  -9.703  -35.449 0.1428571492
82407  -29.421  -5.691  -39.437 0.4285714328
74304  -25.751  -11.974  -34.064 0.1428571492
73097  -25.438  -12.764  -33.361 0.1428571492
102203  -29.830  9.651  -46.409 0.2857142985
100035  -29.746  8.737  -45.231 0.2857142985
79977  -27.077  -7.373  -37.902 0.1428571492
77614  -25.945  -9.271  -36.072 0.1428571492
77596  -25.544  -9.652  -35.769 0.1428571492
71771  -24.974  -13.567  -32.467 0.1428571492
73096  -24.735  -12.600  -33.573 0.1428571492
77581  -24.130  -10.148  -35.117 0.1428571492
81169  -25.742  -7.183  -37.563 0.2857142985
101122  -28.882  9.182  -44.300 0.2857142985
83593  -28.749  -4.990  -39.763 0.4285714328
100032  -27.169  7.772  -44.746 0.2857142985
86968  -30.229  -2.361  -41.331 0.2857142985
116104  -28.577  22.652  -51.248 0.1428571492
115223  -28.716  21.857  -51.834 0.1428571492
114327  -27.799  20.834  -51.356 0.1428571492
112568  -27.717  19.518  -51.132 0.1428571492
112560  -28.405  19.688  -50.976 0.1428571492
116102  -28.480  23.489  -50.515 0.1428571492
155067  -27.413  20.112  -51.062 0.1428571492
114319  -26.716  20.748  -48.799 0.1428571492
117054  -26.081  23.896  -47.587 0.1428571492
86975  -30.319  -1.718  -41.559 0.2857142985
88031  -30.847  -1.299  -41.999 0.2857142985
113442  -29.104  20.243  -51.312 0.1428571492
114337  -29.078  21.596  -52.251 0.1428571492
181795  -28.599  19.178  -50.241 0.1428571492
113454  -28.141  20.781  -51.798 0.1428571492
113447  -28.312  20.198  -51.591 0.1428571492
111643  -27.408  17.987  -50.657 0.1428571492
114320  -26.959  20.658  -49.643 0.1428571492
112550  -27.826  18.812  -50.866 0.1428571492
115214  -27.900  22.413  -49.915 0.1428571492
117061  -27.017  23.900  -48.490 0.1428571492
115211  -27.461  22.120  -48.999 0.1428571492
116094  -26.796  22.515  -47.671 0.1428571492
116091  -25.680  22.897  -47.253 0.1428571492
115210  -27.041  21.463  -48.400 0.1428571492
112567  -27.331  19.470  -50.988 0.1428571492
113441  -26.986  19.856  -50.370 0.1428571492
176762  -30.876  -3.703  -41.027 0.2857142985
115219  -28.276  21.793  -51.291 0.1428571492
116101  -28.376  23.465  -50.470 0.1428571492
114332  -28.655  21.169  -52.052 0.1428571492
114324  -27.346  20.698  -50.500 0.1428571492
115218  -27.888  21.592  -50.562 0.1428571492
117068  -27.896  24.688  -50.622 0.1428571492
171768  -27.434  21.413  -49.749 0.1428571492
113448  -29.180  20.684  -52.137 0.1428571492
96788  -28.763  5.829  -44.375 0.1428571492
96796  -29.860  5.719  -45.095 0.1428571492
96795  -29.307  6.197  -44.981 0.1428571492
101120  -26.156  8.256  -44.510 0.1428571492
101116  -23.546  9.609  -43.743 0.1428571492
165356  -23.866  9.965  -43.975 0.1428571492
178549  -31.150  4.785  -45.661 0.1428571492
101119  -25.655  8.973  -44.387 0.1428571492
103273  -23.318  10.995  -44.034 0.1428571492
103275  -24.602  11.187  -43.995 0.1428571492
103274  -23.795  11.430  -43.944 0.2857142985
90128  -31.347  0.673  -44.545 0.2857142985
91217  -31.219  1.286  -43.527 0.1428571492
94558  -30.564  4.418  -44.041 0.1428571492
156638  -30.925  4.312  -44.634 0.1428571492
95716  -30.036  5.193  -44.706 0.1428571492
164198  -33.714  10.093  -40.940 0.1428571492
97888  -28.071  6.273  -44.369 0.1428571492
153914  -25.913  9.714  -44.168 0.1428571492
103278  -27.466  10.890  -43.652 0.1428571492
103276  -25.542  11.194  -43.812 0.1428571492
104420  -25.244  11.872  -43.576 0.2857142985
104411  -27.745  12.452  -43.123 0.2857142985
179933  -28.137  14.643  -42.483 0.2857142985
183700  -27.474  14.752  -42.321 0.2857142985
108653  -28.819  15.764  -42.559 0.2857142985
111557  -27.290  18.574  -40.738 0.1428571492
104429  -29.239  11.759  -44.090 0.2857142985
104421  -26.147  11.838  -43.476 0.2857142985
104412  -28.666  12.468  -43.240 0.2857142985
106609  -28.993  13.729  -45.831 0.2857142985
105505  -28.299  13.174  -42.944 0.2857142985
106573  -26.952  13.778  -42.638 0.2857142985
107692  -29.121  14.612  -44.830 0.2857142985
107670  -27.517  14.198  -42.548 0.2857142985
106557  -26.753  14.508  -42.412 0.2857142985
169690  -29.161  15.382  -43.592 0.2857142985
109621  -28.457  16.921  -42.762 0.1428571492
108643  -26.452  15.769  -41.838 0.2857142985
165709  -28.589  19.773  -43.027 0.1428571492
113352  -28.812  19.654  -42.154 0.1428571492
106556  -25.930  14.496  -42.354 0.1428571492
162196  -25.108  14.436  -42.137 0.1428571492
104418  -23.700  12.018  -43.538 0.2857142985
107658  -27.024  15.222  -42.143 0.2857142985
109601  -27.939  16.745  -42.236 0.1428571492
182472  -27.765  16.329  -42.013 0.2857142985
110579  -27.365  17.459  -41.789 0.1428571492
109588  -26.700  17.261  -41.393 0.1428571492
104395  -21.312  12.191  -42.089 0.2857142985
108629  -25.820  16.332  -41.356 0.1428571492
156618  -19.473  13.257  -39.044 0.1428571492
102143  -33.822  10.785  -41.090 0.1428571492
99956  -34.014  8.307  -39.219 0.1428571492
93379  -30.717  4.054  -43.797 0.1428571492
95711  -29.624  4.955  -44.012 0.1428571492
102144  -34.152  10.529  -40.526 0.1428571492
95710  -28.983  5.198  -43.968 0.1428571492
97875  -27.023  6.745  -44.183 0.1428571492
173661  -25.988  7.360  -44.121 0.1428571492
98950  -26.139  7.669  -44.340 0.1428571492
100018  -23.580  8.972  -43.487 0.1428571492
103248  -21.574  11.532  -42.394 0.1428571492
155257  -26.575  10.228  -43.969 0.1428571492
104405  -22.544  12.322  -43.194 0.2857142985
104409  -25.818  12.511  -43.164 0.1428571492
104410  -26.737  12.494  -43.134 0.1428571492
105504  -27.276  13.127  -42.873 0.2857142985
106571  -25.681  13.821  -42.525 0.1428571492
109587  -25.967  17.072  -41.072 0.1428571492
109599  -26.610  16.505  -41.579 0.1428571492
110550  -26.525  18.499  -40.436 0.1428571492
110567  -27.641  18.234  -41.640 0.1428571492
101069  -33.804  9.178  -40.102 0.1428571492
101088  -33.615  9.424  -40.738 0.1428571492
102124  -33.973  9.863  -40.313 0.1428571492
155003  -29.118  14.020  -45.133 0.2857142985
156704  -29.166  14.627  -43.803 0.2857142985
161084  -27.906  17.627  -42.327 0.1428571492
170674  -28.105  18.735  -41.863 0.1428571492
107671  -28.582  15.190  -42.420 0.2857142985
109611  -28.563  16.296  -42.465 0.2857142985
105532  -28.946  12.493  -46.882 0.2857142985
93384  -31.338  3.612  -44.104 0.1428571492
92265  -30.999  3.347  -43.662 0.1428571492
106621  -28.809  13.406  -46.840 0.2857142985
94582  -31.777  4.582  -46.103 0.1428571492
157114  -34.143  7.725  -38.901 0.1428571492
104435  -29.347  12.464  -44.747 0.2857142985
102184  -28.194  10.408  -43.831 0.1428571492
167475  -28.610  10.697  -43.831 0.1428571492
103279  -28.406  11.080  -43.634 0.1428571492
96789  -29.422  5.477  -44.450 0.1428571492
97887  -27.439  6.796  -44.427 0.1428571492
100022  -26.586  7.703  -44.578 0.1428571492
96786  -27.646  6.097  -44.063 0.1428571492
96787  -28.307  5.573  -43.996 0.1428571492
100021  -25.520  8.298  -44.312 0.1428571492
180253  -25.089  9.048  -44.286 0.1428571492
102181  -23.666  10.496  -44.108 0.1428571492
153779  -25.151  9.814  -44.262 0.1428571492
95717  -30.675  4.716  -44.916 0.1428571492
103261  -22.765  11.353  -43.505 0.1428571492
102182  -24.500  10.413  -44.189 0.1428571492
155258  -25.781  10.453  -44.006 0.1428571492
95706  -29.863  4.612  -43.769 0.1428571492
103277  -26.437  11.071  -43.690 0.2857142985
173502  -29.031  12.274  -43.595 0.2857142985
104423  -28.066  11.728  -43.403 0.2857142985
107659  -27.919  15.265  -42.109 0.2857142985
107672  -29.028  15.068  -42.951 0.2857142985
107657  -26.209  15.104  -42.142 0.1428571492
108644  -27.382  15.969  -41.932 0.2857142985
111558  -28.021  18.856  -41.095 0.1428571492
182047  -28.806  13.036  -43.121 0.2857142985
105518  -29.244  13.138  -44.089 0.2857142985
106574  -28.247  13.943  -42.749 0.2857142985
106586  -29.130  13.738  -43.577 0.2857142985
160396  -28.989  14.295  -43.164 0.2857142985
114254  -28.954  20.570  -43.315 0.1428571492
109600  -27.287  16.725  -41.849 0.2857142985
104408  -24.966  12.487  -43.161 0.1428571492
105503  -26.316  13.245  -42.775 0.2857142985
110566  -26.936  17.950  -41.119 0.1428571492
81168  -24.941  -6.763  -37.216 0.1428571492
162921  -26.537  -6.032  -38.237 0.1428571492
155936  -24.201  -5.780  -37.224 0.1428571492
83563  -24.984  -4.689  -38.045 0.1428571492
84678  -25.345  -4.037  -38.589 0.1428571492
83565  -26.179  -5.267  -38.313 0.1428571492
184535  -26.164  -4.763  -38.486 0.1428571492
82405  -27.648  -5.651  -38.830 0.1428571492
85819  -26.022  -3.612  -39.315 0.1428571492
84706  -27.480  -3.713  -39.675 0.1428571492
84707  -28.309  -4.250  -39.840 0.1428571492
85832  -28.039  -3.323  -40.246 0.1428571492
84695  -25.220  -3.341  -39.166 0.1428571492
85830  -26.321  -2.982  -40.087 0.1428571492
85845  -28.421  -2.790  -40.710 0.1428571492
86966  -28.642  -2.180  -41.074 0.1428571492
89043  -30.140  -0.473  -41.860 0.1428571492
181403  -30.384  0.053  -42.202 0.1428571492
105498  -22.046  13.043  -42.757 0.1428571492
82404  -26.908  -5.498  -38.605 0.1428571492
83583  -28.814  -5.501  -39.475 0.1428571492
82387  -25.445  -5.273  -37.988 0.1428571492
108642  -25.625  15.630  -41.782 0.1428571492
163019  -31.326  -0.226  -44.015 0.1428571492
85847  -30.076  -3.159  -40.925 0.1428571492
82388  -25.846  -5.867  -37.955 0.1428571492
82369  -25.467  -6.359  -37.617 0.1428571492
83582  -28.127  -5.095  -39.332 0.1428571492
86967  -29.402  -2.303  -41.054 0.1428571492
82368  -24.793  -6.064  -37.398 0.1428571492
181307  -25.250  -5.777  -37.711 0.1428571492
83544  -24.156  -4.701  -37.698 0.1428571492
83564  -25.721  -4.709  -38.324 0.1428571492
83579  -26.128  -4.331  -38.719 0.1428571492
84696  -26.858  -4.148  -39.139 0.1428571492
83581  -27.298  -4.938  -38.977 0.1428571492
84705  -26.790  -3.430  -39.607 0.1428571492
85829  -25.642  -2.958  -39.851 0.1428571492
84697  -27.633  -4.387  -39.333 0.1428571492
85844  -27.804  -2.634  -40.600 0.1428571492
173676  -24.744  -3.588  -38.620 0.1428571492
81153  -24.339  -7.018  -36.641 0.1428571492
73064  -29.507  -13.177  -32.232 0.1428571492
78708  -28.022  -8.430  -35.705 0.4285714328
82337  -35.538  -6.284  -36.037 0.1428571492
82356  -36.654  -6.073  -36.283 0.1428571492
82416  -29.860  -5.520  -39.886 0.5714285970
83580  -26.592  -4.817  -38.695 0.1428571492
83600  -41.992  -4.711  -40.570 0.1428571492
84683  -38.378  -3.691  -38.135 0.1428571492
84698  -34.349  -4.120  -39.791 0.5714285970
84722  -31.171  -4.424  -41.020 0.5714285970
84725  -33.833  -4.177  -41.195 0.7142857313
84726  -34.333  -3.884  -41.246 0.8571428657
85705  -41.180  -2.835  -33.156 0.1428571492
85824  -42.817  -3.628  -39.665 0.1428571492
85831  -27.202  -2.948  -40.233 0.1428571492
85836  -41.280  -3.460  -41.351 0.1428571492
85838  -42.439  -3.449  -40.639 0.1428571492
85846  -29.153  -2.966  -40.807 0.1428571492
85855  -31.774  -3.026  -41.881 0.5714285970
86837  -41.004  -2.278  -33.683 0.1428571492
86851  -40.826  -2.530  -34.284 0.1428571492
86956  -40.937  -1.525  -41.918 0.1428571492
86958  -41.765  -2.838  -41.536 0.1428571492
87889  -42.700  -1.041  -32.573 0.1428571492
88054  -34.997  -2.044  -45.211 0.7142857313
88916  -41.542  -0.019  -33.218 0.1428571492
89000  -42.441  -0.115  -38.948 0.1428571492
89044  -30.947  -0.539  -42.452 0.2857142985
89062  -33.515  -1.410  -45.401 0.7142857313
89075  -32.682  -0.103  -45.314 0.5714285970
89083  -33.421  -0.582  -45.624 0.7142857313
89983  -41.217  0.179  -33.731 0.1428571492
90080  -33.899  0.838  -40.365 0.7142857313
90130  -33.891  -0.140  -45.215 0.7142857313
90138  -32.329  0.509  -45.447 0.5714285970
90139  -33.037  0.141  -45.424 0.7142857313
91204  -32.939  1.505  -42.145 0.8571428657
91230  -31.658  0.994  -45.026 0.4285714328
91231  -33.810  1.463  -44.721 0.8571428657
91244  -33.493  0.516  -45.383 0.5714285970
92204  -37.236  2.286  -38.428 0.2857142985
92276  -34.041  1.812  -45.716 0.7142857313
92289  -33.288  1.822  -46.345 0.5714285970
93320  -36.067  3.089  -38.670 0.4285714328
93380  -33.103  2.758  -43.356 1.0000000000
93385  -31.766  3.263  -44.916 0.2857142985
93399  -33.169  2.470  -46.463 0.5714285970
94507  -35.042  4.038  -38.941 0.4285714328
94553  -30.113  4.236  -43.603 0.1428571492
94559  -31.143  3.966  -44.392 0.1428571492
94569  -31.432  4.320  -45.434 0.1428571492
94570  -33.862  3.519  -45.840 0.7142857313
94585  -33.514  3.603  -46.485 0.5714285970
95713  -33.688  4.119  -45.377 0.5714285970
95732  -32.670  5.065  -46.751 0.5714285970
95733  -33.211  4.245  -46.582 0.5714285970
95744  -32.179  5.411  -47.058 0.2857142985
96718  -34.825  5.952  -38.541 0.1428571492
96753  -32.917  6.039  -40.967 0.4285714328
96771  -32.769  5.973  -42.750 0.8571428657
96778  -26.885  6.468  -43.915 0.1428571492
96779  -27.385  5.934  -43.884 0.1428571492
96805  -30.264  6.020  -45.844 0.2857142985
96821  -32.397  5.665  -47.178 0.4285714328
97874  -26.437  7.056  -44.165 0.1428571492
97911  -30.206  6.619  -46.089 0.2857142985
97923  -32.325  6.182  -47.325 0.4285714328
98881  -33.783  7.662  -39.460 0.1428571492
98882  -34.457  7.220  -38.591 0.1428571492
98951  -27.047  7.288  -44.568 0.1428571492
98960  -28.638  7.401  -45.134 0.2857142985
98980  -32.439  7.216  -46.971 0.5714285970
98989  -30.833  7.567  -47.309 0.2857142985
98999  -31.291  8.381  -47.890 0.7142857313
99997  -33.334  9.019  -41.133 0.2857142985
100023  -27.012  8.352  -44.590 0.1428571492
100033  -27.573  7.909  -44.823 0.1428571492
100053  -32.086  8.489  -47.178 0.8571428657
101108  -22.967  9.521  -43.321 0.1428571492
101117  -24.136  9.276  -43.826 0.1428571492
101118  -24.506  9.662  -44.117 0.1428571492
101141  -29.782  9.356  -45.279 0.2857142985
102226  -31.594  9.701  -47.374 1.0000000000
102236  -30.772  9.414  -48.426 0.7142857313
103260  -22.147  11.535  -42.907 0.1428571492
103262  -23.200  11.767  -43.668 0.2857142985
103280  -28.883  11.047  -43.887 0.1428571492
103291  -29.292  10.784  -44.458 0.1428571492
103302  -29.703  10.420  -45.396 0.2857142985
103314  -31.658  10.788  -46.235 0.8571428657
103354  -29.442  11.443  -50.016 0.7142857313
104396  -21.845  12.289  -42.666 0.2857142985
104419  -24.390  11.919  -43.562 0.2857142985
104422  -27.100  11.752  -43.393 0.2857142985
104464  -28.327  12.165  -49.163 0.8571428657
104465  -28.901  11.756  -49.818 0.4285714328
104466  -29.927  11.430  -49.608 1.0000000000
105506  -29.029  12.942  -43.430 0.2857142985
105525  -29.162  12.936  -45.828 0.2857142985
105526  -31.163  13.240  -45.483 0.7142857313
105540  -28.208  12.695  -48.508 0.5714285970
105567  -28.316  12.948  -50.646 0.7142857313
105577  -28.045  13.403  -50.752 0.8571428657
106572  -26.318  13.975  -42.548 0.2857142985
106595  -29.197  13.909  -44.348 0.2857142985
106662  -27.756  13.820  -50.551 0.7142857313
107700  -28.953  14.448  -45.774 0.5714285970
107728  -29.331  14.285  -49.572 0.5714285970
108645  -28.237  15.921  -42.184 0.2857142985
108662  -29.146  16.013  -43.904 0.4285714328
108690  -30.852  15.475  -45.925 0.4285714328
108700  -27.422  15.830  -50.033 0.2857142985
109659  -27.238  16.498  -49.894 0.2857142985
110612  -28.426  17.664  -45.188 0.4285714328
110635  -29.724  17.954  -47.637 0.1428571492
110640  -26.872  17.107  -49.622 0.2857142985
110641  -27.995  17.025  -50.238 0.2857142985
110647  -26.753  17.578  -49.929 0.2857142985
111619  -27.201  18.266  -47.684 0.2857142985
111620  -30.342  18.122  -47.105 0.1428571492
111631  -31.809  19.092  -47.691 0.1428571492
111642  -27.231  18.601  -50.795 0.2857142985
112542  -29.527  18.998  -48.585 0.1428571492
112559  -26.857  18.986  -50.528 0.2857142985
112561  -29.285  19.744  -49.987 0.1428571492
112569  -31.182  19.914  -50.376 0.1428571492
113421  -26.732  20.664  -46.840 0.2857142985
113440  -26.688  19.386  -49.895 0.2857142985
113455  -28.491  20.638  -51.985 0.1428571492
114328  -28.317  21.250  -51.702 0.1428571492
114333  -29.316  21.185  -52.386 0.1428571492
115206  -27.098  21.762  -47.620 0.1428571492
115224  -29.157  22.076  -51.981 0.1428571492
115228  -29.618  21.690  -52.574 0.1428571492
116080  -25.500  22.836  -46.627 0.1428571492
116095  -27.139  23.101  -48.579 0.1428571492
116107  -28.915  22.303  -51.699 0.1428571492
153351  -28.632  8.296  -44.757 0.2857142985
153501  -32.932  9.024  -42.474 0.5714285970
154232  -26.546  9.209  -44.315 0.1428571492
154434  -32.801  5.708  -41.435 0.7142857313
154617  -29.188  13.362  -44.933 0.2857142985
155931  -28.172  9.596  -44.100 0.2857142985
156214  -29.956  8.337  -46.401 0.2857142985
156536  -30.716  17.804  -46.596 0.1428571492
157611  -23.926  10.820  -44.195 0.1428571492
158444  -27.650  13.632  -42.723 0.2857142985
158935  -32.660  -0.445  -45.095 0.7142857313
159443  -34.026  2.968  -46.068 0.5714285970
160146  -32.789  6.692  -46.548 0.8571428657
160425  -28.702  14.476  -42.800 0.2857142985
160443  -37.944  -6.480  -36.285 0.1428571492
160789  -28.813  11.722  -43.561 0.2857142985
161165  -32.795  5.468  -42.410 0.8571428657
161569  -30.485  13.096  -47.775 0.8571428657
163302  -33.006  3.569  -46.500 0.5714285970
164715  -31.713  7.208  -47.486 0.2857142985
164788  -33.985  7.084  -39.064 0.1428571492
165043  -29.234  12.506  -43.918 0.2857142985
165414  -27.932  6.955  -44.793 0.2857142985
168197  -34.577  5.417  -38.800 0.4285714328
168767  -31.305  7.031  -47.418 0.2857142985
168805  -33.122  3.987  -43.416 0.8571428657
168858  -27.271  19.356  -46.762 0.2857142985
168950  -28.846  13.620  -43.039 0.2857142985
169038  -27.851  20.174  -51.506 0.1428571492
169909  -27.392  21.762  -45.438 0.1428571492
170267  -26.711  20.020  -49.369 0.2857142985
170416  -27.086  21.227  -49.084 0.1428571492
170585  -28.571  17.284  -43.289 0.2857142985
170612  -42.304  -4.713  -40.497 0.1428571492
170774  -42.737  -4.940  -39.837 0.1428571492
171077  -34.413  -1.685  -43.425 0.8571428657
174075  -41.532  -1.050  -33.147 0.1428571492
174112  -37.221  -1.055  -39.282 0.2857142985
174173  -42.555  -2.618  -40.432 0.1428571492
174267  -24.811  8.796  -44.063 0.1428571492
174611  -24.066  10.309  -44.126 0.1428571492
174871  -32.029  15.458  -43.887 0.1428571492
174944  -25.084  10.625  -44.114 0.1428571492
175767  -42.315  -0.546  -32.715 0.1428571492
176731  -28.723  11.479  -47.966 0.5714285970
177535  -29.846  6.294  -45.468 0.2857142985
177562  -30.254  4.699  -44.204 0.1428571492
178245  -41.506  -0.455  -41.150 0.1428571492
180272  -22.859  10.717  -43.702 0.1428571492
180453  -33.618  4.069  -40.236 0.5714285970
181366  -28.459  16.610  -45.883 0.5714285970
181786  -28.550  17.660  -44.085 0.2857142985
182867  -28.395  13.456  -47.556 0.5714285970
182967  -31.967  -0.008  -45.091 0.4285714328
183000  -30.678  18.558  -47.246 0.1428571492
183125  -27.937  7.531  -44.947 0.2857142985
183543  -31.695  13.710  -43.936 0.1428571492
183644  -33.030  0.908  -42.354 0.8571428657
184015  -26.589  7.311  -44.403 0.1428571492
184030  -27.008  18.025  -50.764 0.2857142985
184756  -31.774  -2.575  -42.111 0.5714285970
