#!ascii label  , from subject sub-v2s13x29103_ses-1 vox2ras=TkReg
857
70577  23.891  -13.208  46.448 0.0000000000
83754  48.130  -3.255  28.861 0.0000000000
86160  50.550  -0.932  23.424 0.0000000000
76935  47.234  -8.737  38.107 0.0000000000
65533  31.569  -16.225  43.087 0.0000000000
65453  28.978  -16.251  48.476 0.0000000000
89593  49.172  1.952  26.402 0.0000000000
87213  51.806  -0.366  31.989 0.0000000000
75570  43.014  -9.450  41.648 0.0000000000
67944  36.642  -15.188  44.099 0.0000000000
90747  55.021  2.728  22.297 0.0000000000
89673  48.276  1.511  21.181 0.0000000000
79177  44.086  -7.038  35.461 0.0000000000
85933  48.385  -2.690  35.561 0.0000000000
67947  28.164  -14.645  45.168 0.0000000000
67911  26.584  -14.401  47.963 0.0000000000
87289  48.881  -0.692  27.594 0.0000000000
89552  51.191  1.762  29.466 0.0000000000
170871  50.267  -0.743  31.329 0.0000000000
69329  43.726  -13.953  40.878 0.0000000000
65483  33.031  -16.261  46.200 0.0000000000
66672  34.252  -16.092  44.036 0.0000000000
64358  35.489  -17.151  46.165 0.0000000000
93145  52.426  4.698  22.886 0.0000000000
89667  53.564  1.127  20.533 0.0000000000
160670  51.005  2.659  21.556 0.0000000000
88518  48.203  1.174  23.098 0.0000000000
88533  47.303  1.173  21.610 0.0000000000
86183  48.507  -0.948  21.909 0.0000000000
85057  48.864  -2.153  20.162 0.0000000000
85037  51.284  -2.348  21.905 0.0000000000
75598  45.240  -8.832  40.562 0.0000000000
178865  44.092  -8.103  38.995 0.0000000000
80178  45.507  -6.039  39.197 0.0000000000
82502  46.128  -4.262  36.815 0.0000000000
157022  47.993  -5.367  37.373 0.0000000000
81308  49.813  -4.473  35.501 0.0000000000
76963  50.099  -8.553  35.907 0.0000000000
66634  31.022  -15.582  45.967 0.0000000000
87343  47.481  0.320  23.755 0.0000000000
88478  50.400  2.003  25.283 0.0000000000
89589  52.863  1.830  27.367 0.0000000000
159850  53.330  -0.617  29.801 0.0000000000
71913  40.317  -12.217  42.835 0.0000000000
71909  42.974  -11.442  42.607 0.0000000000
71929  45.296  -12.376  40.492 0.0000000000
73154  47.426  -11.418  38.449 0.0000000000
74392  48.978  -10.496  36.811 0.0000000000
69314  37.724  -13.823  42.086 0.0000000000
69267  38.831  -14.379  44.143 0.0000000000
87368  57.851  -0.256  21.906 0.0000000000
91994  48.089  3.699  21.171 0.0000000000
89671  49.960  1.129  20.489 0.0000000000
85082  50.159  -2.648  18.422 0.0000000000
84889  48.957  -2.497  32.444 0.0000000000
84854  50.099  -1.388  34.702 0.0000000000
82536  51.133  -4.319  33.095 0.0000000000
170843  24.050  -13.809  47.915 0.0000000000
69243  25.456  -13.639  47.059 0.0000000000
67893  25.469  -14.664  48.172 0.0000000000
162827  49.303  -1.846  28.419 0.0000000000
86045  50.111  -0.902  29.605 0.0000000000
84917  49.873  -1.637  29.812 0.0000000000
65462  34.389  -16.794  46.769 0.0000000000
95431  51.242  5.451  22.119 0.0000000000
91978  51.922  4.041  22.563 0.0000000000
93147  50.361  4.670  21.954 0.0000000000
87341  49.858  -0.122  23.669 0.0000000000
87355  48.646  0.474  23.028 0.0000000000
163996  50.330  -1.288  22.921 0.0000000000
85038  50.005  -2.045  21.844 0.0000000000
76936  46.528  -8.480  38.855 0.0000000000
78053  45.467  -7.431  39.852 0.0000000000
156112  46.061  -6.768  39.067 0.0000000000
170227  46.264  -5.277  38.650 0.0000000000
79161  47.208  -6.936  37.484 0.0000000000
79168  48.432  -6.861  36.335 0.0000000000
76955  48.606  -8.667  36.854 0.0000000000
66636  29.469  -15.038  45.651 0.0000000000
66612  30.128  -15.367  47.669 0.0000000000
65466  31.269  -16.123  47.559 0.0000000000
87314  47.853  -0.135  25.606 0.0000000000
86162  47.266  -0.834  24.165 0.0000000000
88479  48.047  1.080  24.808 0.0000000000
89610  48.704  2.222  24.289 0.0000000000
89602  49.157  2.389  25.115 0.0000000000
89599  51.961  1.845  26.401 0.0000000000
90697  50.749  2.329  26.766 0.0000000000
88401  51.555  0.760  31.251 0.0000000000
89540  52.409  1.514  29.825 0.0000000000
87232  52.787  0.027  30.491 0.0000000000
84902  53.086  -2.009  30.480 0.0000000000
84886  52.708  -2.353  31.319 0.0000000000
70613  40.945  -13.085  43.595 0.0000000000
71912  41.013  -11.887  42.854 0.0000000000
70629  42.497  -13.081  42.834 0.0000000000
70664  44.636  -13.038  40.641 0.0000000000
71940  46.383  -12.069  39.245 0.0000000000
152933  35.458  -15.735  44.506 0.0000000000
67963  36.099  -14.973  43.092 0.0000000000
69287  36.941  -14.565  43.189 0.0000000000
69285  38.212  -14.183  43.634 0.0000000000
67943  37.330  -15.174  44.112 0.0000000000
91958  55.256  4.355  23.260 0.0000000000
90759  56.481  1.711  21.707 0.0000000000
88566  52.702  0.277  19.663 0.0000000000
89650  47.662  1.745  21.809 0.0000000000
89652  46.996  1.621  21.096 0.0000000000
163509  47.722  2.166  21.584 0.0000000000
91995  47.579  3.395  21.093 0.0000000000
89649  47.814  2.427  21.538 0.0000000000
90782  49.803  1.840  20.891 0.0000000000
156876  48.786  0.791  20.539 0.0000000000
83877  50.083  -3.130  20.637 0.0000000000
174441  48.995  -2.059  19.558 0.0000000000
74333  42.216  -10.416  40.869 0.0000000000
74346  42.810  -10.350  39.291 0.0000000000
78071  44.064  -7.621  37.730 0.0000000000
75662  43.609  -9.075  37.081 0.0000000000
83657  46.989  -3.439  36.833 0.0000000000
82525  46.409  -4.230  34.707 0.0000000000
83684  47.653  -3.311  34.620 0.0000000000
82538  47.754  -3.827  33.177 0.0000000000
176068  48.988  -2.013  34.414 0.0000000000
85964  49.666  -1.360  34.271 0.0000000000
85953  49.624  -1.592  34.950 0.0000000000
80236  50.413  -6.288  34.138 0.0000000000
82523  50.300  -4.129  34.430 0.0000000000
81334  50.817  -5.882  33.642 0.0000000000
80261  51.998  -6.197  32.562 0.0000000000
67928  27.375  -14.252  46.608 0.0000000000
67891  27.910  -14.870  48.183 0.0000000000
159638  27.555  -16.217  48.506 0.0000000000
170146  26.504  -15.441  48.491 0.0000000000
87304  48.625  0.124  27.131 0.0000000000
89569  50.174  1.784  28.088 0.0000000000
88439  50.104  1.002  28.709 0.0000000000
88415  50.785  0.690  30.434 0.0000000000
88386  51.166  0.457  32.005 0.0000000000
156947  32.648  -16.213  44.934 0.0000000000
65531  32.809  -16.438  42.811 0.0000000000
170375  33.569  -16.227  45.157 0.0000000000
66632  34.752  -16.331  45.846 0.0000000000
159350  35.750  -16.213  45.387 0.0000000000
66629  36.949  -16.054  44.838 0.0000000000
64356  36.744  -17.557  45.136 0.0000000000
91976  53.670  3.829  22.990 0.0000000000
90761  54.521  2.088  21.638 0.0000000000
90749  53.169  2.915  22.265 0.0000000000
89647  52.366  1.680  21.145 0.0000000000
89669  51.902  1.307  20.740 0.0000000000
155807  47.417  0.314  22.957 0.0000000000
87364  47.529  0.721  22.583 0.0000000000
87363  47.734  0.837  22.539 0.0000000000
87369  47.910  0.667  21.819 0.0000000000
87380  48.206  -0.070  20.837 0.0000000000
179116  48.546  -1.510  21.186 0.0000000000
85047  49.617  -2.470  21.084 0.0000000000
75584  44.031  -9.004  41.578 0.0000000000
75599  43.521  -8.796  40.699 0.0000000000
76894  44.351  -8.085  40.421 0.0000000000
78063  44.682  -6.927  39.079 0.0000000000
80200  44.999  -6.057  37.864 0.0000000000
80225  44.886  -5.943  36.237 0.0000000000
174226  45.822  -4.704  38.165 0.0000000000
82472  46.508  -4.142  38.009 0.0000000000
82486  48.608  -3.414  36.991 0.0000000000
83655  49.444  -3.130  36.297 0.0000000000
81293  49.120  -4.490  36.585 0.0000000000
161821  49.419  -6.105  35.636 0.0000000000
79186  50.440  -7.493  34.994 0.0000000000
67964  28.921  -14.962  43.906 0.0000000000
66653  30.020  -15.386  44.204 0.0000000000
66652  31.191  -15.797  44.924 0.0000000000
66610  31.546  -15.849  46.736 0.0000000000
65449  32.270  -16.760  47.372 0.0000000000
88506  47.666  1.178  23.374 0.0000000000
88503  48.789  1.579  23.603 0.0000000000
87329  50.145  0.392  24.202 0.0000000000
88490  52.164  0.455  25.346 0.0000000000
88466  53.358  0.500  26.588 0.0000000000
88456  53.537  0.426  27.280 0.0000000000
90674  51.950  2.309  28.614 0.0000000000
88438  53.521  0.725  28.326 0.0000000000
153100  39.130  -12.876  40.730 0.0000000000
71934  40.368  -12.075  41.626 0.0000000000
73131  41.640  -10.972  41.904 0.0000000000
179206  42.872  -10.486  42.353 0.0000000000
70646  43.690  -12.944  41.812 0.0000000000
71920  44.268  -11.803  41.629 0.0000000000
74317  44.374  -9.890  41.667 0.0000000000
156848  45.378  -10.519  40.818 0.0000000000
74344  46.705  -10.368  39.344 0.0000000000
75637  47.727  -10.246  38.244 0.0000000000
75661  48.783  -9.811  37.355 0.0000000000
74359  48.227  -10.902  37.518 0.0000000000
70649  38.660  -13.089  41.967 0.0000000000
70614  39.421  -13.133  43.330 0.0000000000
67960  40.669  -15.356  43.577 0.0000000000
177236  38.524  -16.174  44.316 0.0000000000
66668  39.678  -16.658  43.406 0.0000000000
88529  58.281  0.473  21.945 0.0000000000
157708  49.200  4.942  21.232 0.0000000000
91992  49.862  3.932  21.672 0.0000000000
89670  50.690  1.350  20.683 0.0000000000
88568  51.151  0.191  19.631 0.0000000000
87396  49.209  -0.649  19.510 0.0000000000
87395  50.036  -0.569  19.241 0.0000000000
87415  51.013  -1.117  18.672 0.0000000000
160460  43.396  -9.324  38.772 0.0000000000
177883  47.693  -3.726  30.749 0.0000000000
181833  48.790  -2.929  30.895 0.0000000000
86014  49.854  -1.513  31.658 0.0000000000
87191  50.437  -0.449  33.166 0.0000000000
85961  51.162  -0.770  33.492 0.0000000000
83682  50.138  -2.632  35.195 0.0000000000
160871  50.979  -2.280  33.624 0.0000000000
83699  51.799  -2.825  32.359 0.0000000000
83698  52.313  -3.544  31.796 0.0000000000
160422  49.557  -9.552  36.661 0.0000000000
75694  50.468  -9.303  35.540 0.0000000000
69229  24.697  -13.703  47.646 0.0000000000
69244  23.822  -13.373  47.502 0.0000000000
177591  48.858  -2.651  28.557 0.0000000000
84927  49.388  -2.200  29.182 0.0000000000
83753  48.845  -2.860  29.438 0.0000000000
94302  50.940  5.232  22.180 0.0000000000
93148  50.144  5.257  21.778 0.0000000000
86161  49.477  -0.586  23.150 0.0000000000
86174  51.331  -1.435  22.896 0.0000000000
78061  46.525  -7.732  38.501 0.0000000000
79155  46.601  -6.857  38.257 0.0000000000
78070  47.170  -7.894  37.732 0.0000000000
78069  47.803  -7.929  37.024 0.0000000000
76948  48.120  -8.955  37.399 0.0000000000
66596  29.151  -15.338  48.227 0.0000000000
66613  29.462  -15.050  47.194 0.0000000000
66595  29.699  -15.746  48.318 0.0000000000
64333  29.162  -17.096  48.155 0.0000000000
88468  48.656  1.053  26.415 0.0000000000
88469  48.325  1.051  25.598 0.0000000000
89594  48.875  2.090  25.564 0.0000000000
89603  48.524  2.140  24.744 0.0000000000
175510  49.341  2.443  25.771 0.0000000000
90707  50.279  2.469  26.152 0.0000000000
89592  49.679  2.366  26.356 0.0000000000
87212  52.100  0.219  31.281 0.0000000000
88400  52.260  0.747  30.770 0.0000000000
86012  52.683  -0.814  30.941 0.0000000000
84903  52.846  -1.857  30.983 0.0000000000
161823  52.391  -1.486  31.540 0.0000000000
69282  41.641  -13.936  43.360 0.0000000000
70612  41.754  -13.021  43.259 0.0000000000
69299  42.296  -13.934  42.890 0.0000000000
67945  35.752  -15.591  44.440 0.0000000000
66670  35.591  -15.408  43.632 0.0000000000
174151  36.248  -15.184  43.865 0.0000000000
67979  36.696  -14.582  42.675 0.0000000000
69271  37.090  -14.879  43.764 0.0000000000
69270  37.576  -14.805  43.910 0.0000000000
159056  36.826  -15.159  44.083 0.0000000000
91974  55.573  3.442  22.893 0.0000000000
91957  56.084  4.047  23.091 0.0000000000
163952  55.835  2.742  22.378 0.0000000000
90746  56.554  2.361  22.210 0.0000000000
90760  55.580  2.047  21.727 0.0000000000
90767  48.808  2.231  21.102 0.0000000000
83888  50.559  -3.795  20.235 0.0000000000
83889  49.756  -3.247  19.902 0.0000000000
74318  42.547  -9.842  41.336 0.0000000000
74332  42.592  -10.171  40.278 0.0000000000
75600  42.925  -9.348  40.811 0.0000000000
79170  44.312  -6.919  36.478 0.0000000000
78086  43.889  -7.703  35.894 0.0000000000
84825  48.021  -2.973  36.167 0.0000000000
83672  47.395  -3.260  35.582 0.0000000000
83671  48.258  -2.654  35.394 0.0000000000
83683  48.451  -2.563  34.522 0.0000000000
85942  48.743  -2.311  35.188 0.0000000000
85955  49.005  -1.903  35.028 0.0000000000
84841  49.193  -2.279  35.657 0.0000000000
79185  50.843  -7.347  34.435 0.0000000000
80250  51.250  -7.077  33.840 0.0000000000
79193  51.833  -7.142  33.241 0.0000000000
69256  26.748  -14.046  46.986 0.0000000000
69272  26.838  -14.093  45.841 0.0000000000
67910  27.196  -14.285  47.511 0.0000000000
67909  27.777  -14.462  47.498 0.0000000000
67892  27.285  -14.730  48.128 0.0000000000
66598  27.429  -15.439  48.617 0.0000000000
86086  48.737  -1.536  27.369 0.0000000000
163387  48.044  -2.060  26.477 0.0000000000
87290  48.436  -0.782  26.996 0.0000000000
168354  49.118  0.176  27.820 0.0000000000
88440  49.527  1.065  27.959 0.0000000000
87269  49.636  0.249  28.499 0.0000000000
86030  50.270  -0.861  30.382 0.0000000000
87245  50.384  -0.013  29.861 0.0000000000
167721  50.587  0.039  30.917 0.0000000000
88403  50.896  0.544  31.277 0.0000000000
88387  50.925  0.304  31.971 0.0000000000
179810  32.444  -16.168  45.580 0.0000000000
65461  34.945  -16.946  46.579 0.0000000000
65481  34.633  -16.514  46.331 0.0000000000
65480  35.171  -16.534  46.058 0.0000000000
66631  35.213  -16.190  45.537 0.0000000000
65479  35.801  -16.689  45.788 0.0000000000
166789  36.437  -16.851  45.417 0.0000000000
94300  52.432  5.475  22.603 0.0000000000
94276  53.020  5.229  22.922 0.0000000000
93122  53.784  4.890  23.207 0.0000000000
93144  53.103  4.581  23.090 0.0000000000
91977  52.728  3.837  22.775 0.0000000000
91990  51.455  3.293  22.052 0.0000000000
90750  52.287  3.042  22.166 0.0000000000
90764  51.849  2.285  21.560 0.0000000000
184121  51.848  1.728  21.153 0.0000000000
89648  51.298  1.777  21.123 0.0000000000
87356  47.899  0.981  22.883 0.0000000000
86176  48.904  -0.717  22.615 0.0000000000
87362  48.241  0.230  22.608 0.0000000000
86184  48.073  -0.087  21.900 0.0000000000
86192  48.237  -0.685  21.172 0.0000000000
85046  50.656  -2.773  21.303 0.0000000000
83865  51.742  -3.060  21.625 0.0000000000
75583  44.675  -8.875  41.030 0.0000000000
76873  44.163  -8.475  40.891 0.0000000000
76893  44.663  -8.085  40.584 0.0000000000
79149  45.500  -6.820  39.558 0.0000000000
79146  44.926  -7.006  39.875 0.0000000000
79151  44.901  -6.769  39.347 0.0000000000
162151  45.037  -6.484  38.779 0.0000000000
80188  45.352  -5.959  38.588 0.0000000000
81268  45.556  -5.318  38.329 0.0000000000
80187  45.528  -5.651  38.657 0.0000000000
163097  47.368  -5.386  37.889 0.0000000000
81265  46.761  -4.850  38.287 0.0000000000
81280  47.499  -4.720  37.917 0.0000000000
172115  47.491  -3.453  37.339 0.0000000000
153697  48.111  -4.419  37.549 0.0000000000
81279  48.660  -4.071  37.098 0.0000000000
81294  48.632  -4.941  36.990 0.0000000000
78076  49.182  -7.748  35.994 0.0000000000
79167  49.034  -6.563  35.986 0.0000000000
78085  49.799  -7.420  35.518 0.0000000000
79175  49.831  -6.665  35.159 0.0000000000
155805  27.506  -14.444  44.270 0.0000000000
176849  27.909  -14.626  43.347 0.0000000000
67965  28.308  -14.743  44.125 0.0000000000
66635  30.245  -15.228  46.256 0.0000000000
66654  29.453  -15.111  44.510 0.0000000000
158522  30.513  -15.510  45.044 0.0000000000
66673  30.677  -15.688  44.037 0.0000000000
66633  31.591  -15.881  45.753 0.0000000000
87331  47.496  -0.051  24.390 0.0000000000
170702  47.278  -0.210  23.434 0.0000000000
89609  49.355  2.218  24.629 0.0000000000
89617  48.810  2.054  24.002 0.0000000000
88492  49.413  1.524  24.045 0.0000000000
88491  50.218  1.193  24.723 0.0000000000
87328  51.320  0.113  24.695 0.0000000000
171236  51.068  0.961  25.225 0.0000000000
89590  52.244  2.130  27.036 0.0000000000
88467  52.859  1.430  26.826 0.0000000000
180674  53.475  0.468  26.971 0.0000000000
89588  53.339  1.082  27.329 0.0000000000
89568  50.908  1.983  28.648 0.0000000000
90675  51.356  2.249  28.242 0.0000000000
90659  51.523  2.101  29.007 0.0000000000
88413  53.307  0.436  29.498 0.0000000000
89539  53.046  1.083  29.381 0.0000000000
87255  53.499  -0.097  29.316 0.0000000000
175039  53.607  0.217  28.651 0.0000000000
86043  53.352  -0.798  29.596 0.0000000000
70647  39.881  -12.392  42.278 0.0000000000
70666  39.756  -12.511  41.203 0.0000000000
71922  40.664  -11.869  42.448 0.0000000000
73106  42.252  -11.447  42.798 0.0000000000
73108  41.310  -11.387  42.434 0.0000000000
175477  42.420  -10.963  42.508 0.0000000000
74306  42.251  -10.608  42.148 0.0000000000
69313  43.206  -14.107  41.957 0.0000000000
69312  43.656  -13.718  41.539 0.0000000000
178272  45.067  -12.753  40.527 0.0000000000
71931  44.212  -12.658  41.377 0.0000000000
73130  44.877  -11.634  41.129 0.0000000000
73117  44.244  -10.698  41.832 0.0000000000
158904  44.923  -10.645  41.271 0.0000000000
73129  45.503  -11.518  40.487 0.0000000000
167161  46.923  -11.797  38.835 0.0000000000
73141  46.562  -11.313  39.528 0.0000000000
180182  47.070  -11.221  38.981 0.0000000000
75613  47.090  -10.017  38.804 0.0000000000
74343  47.404  -10.772  38.683 0.0000000000
74360  47.906  -10.930  38.055 0.0000000000
73165  47.784  -11.343  38.115 0.0000000000
65530  33.517  -16.326  43.155 0.0000000000
65549  33.090  -16.436  42.073 0.0000000000
65548  33.735  -16.276  42.335 0.0000000000
69315  37.084  -14.211  41.948 0.0000000000
69331  37.385  -13.917  41.209 0.0000000000
69330  38.079  -13.415  41.313 0.0000000000
183605  38.266  -13.468  42.241 0.0000000000
69268  38.440  -14.187  43.825 0.0000000000
70615  38.799  -13.700  43.354 0.0000000000
70599  39.084  -13.745  43.777 0.0000000000
160407  39.986  -13.330  43.813 0.0000000000
69284  39.788  -14.495  44.149 0.0000000000
66647  38.056  -15.986  44.406 0.0000000000
65512  40.141  -16.644  42.906 0.0000000000
88530  57.998  0.287  21.883 0.0000000000
86198  58.156  -1.630  21.971 0.0000000000
89645  54.024  1.564  21.041 0.0000000000
87370  47.428  0.785  22.200 0.0000000000
87371  46.932  0.192  21.432 0.0000000000
93166  47.435  3.850  20.748 0.0000000000
93165  47.843  3.962  20.937 0.0000000000
93187  47.889  4.357  20.692 0.0000000000
93164  48.500  4.505  20.979 0.0000000000
93163  49.609  4.951  21.601 0.0000000000
91993  48.972  4.121  21.333 0.0000000000
88546  50.439  0.574  20.067 0.0000000000
86201  48.367  -1.004  20.468 0.0000000000
87379  48.559  -0.827  20.008 0.0000000000
86200  48.631  -1.535  20.023 0.0000000000
85066  49.453  -2.492  19.020 0.0000000000
86210  49.588  -1.226  19.092 0.0000000000
86226  49.852  -1.849  18.746 0.0000000000
86209  50.319  -1.140  18.816 0.0000000000
86225  50.609  -1.772  18.481 0.0000000000
155853  43.763  -8.499  40.090 0.0000000000
75615  43.366  -9.045  39.638 0.0000000000
76917  43.722  -8.615  39.085 0.0000000000
81296  45.386  -5.331  36.931 0.0000000000
82540  46.564  -4.456  33.778 0.0000000000
83700  48.326  -3.075  33.081 0.0000000000
82563  47.520  -4.120  31.844 0.0000000000
83712  48.031  -3.584  31.452 0.0000000000
171957  48.228  -3.291  30.705 0.0000000000
83725  48.747  -2.893  31.553 0.0000000000
84905  49.324  -2.397  31.015 0.0000000000
84888  49.390  -2.137  32.084 0.0000000000
85963  49.889  -1.223  34.324 0.0000000000
85974  50.020  -0.878  33.776 0.0000000000
87177  50.239  -0.721  33.734 0.0000000000
87176  50.769  -0.410  33.221 0.0000000000
85962  50.469  -0.893  34.009 0.0000000000
82510  49.774  -3.551  35.880 0.0000000000
83670  49.763  -2.654  35.740 0.0000000000
157552  50.043  -3.582  35.218 0.0000000000
82537  50.686  -4.761  33.709 0.0000000000
161335  50.672  -3.718  33.853 0.0000000000
83690  51.112  -3.164  33.173 0.0000000000
159533  51.309  -2.333  33.065 0.0000000000
82550  51.691  -3.856  32.442 0.0000000000
154414  52.924  -6.057  31.568 0.0000000000
170563  48.978  -10.168  37.154 0.0000000000
75660  49.310  -9.894  36.986 0.0000000000
74378  49.229  -10.219  36.857 0.0000000000
69257  26.158  -13.831  46.369 0.0000000000
69242  26.069  -13.957  47.465 0.0000000000
69227  25.928  -14.339  48.020 0.0000000000
69228  25.411  -14.043  47.828 0.0000000000
67894  24.745  -14.339  48.106 0.0000000000
84950  48.445  -2.265  27.204 0.0000000000
86085  49.074  -1.444  27.879 0.0000000000
86064  49.430  -0.766  28.292 0.0000000000
86046  49.731  -1.338  29.030 0.0000000000
64345  33.407  -17.321  47.286 0.0000000000
65463  33.684  -16.641  46.914 0.0000000000
64344  34.110  -17.444  47.037 0.0000000000
64343  34.692  -17.580  46.735 0.0000000000
94301  51.722  5.413  22.503 0.0000000000
93146  51.705  4.973  22.607 0.0000000000
91979  51.146  4.398  22.291 0.0000000000
91991  50.659  3.652  21.925 0.0000000000
87342  48.849  0.765  23.286 0.0000000000
86182  49.193  -1.463  22.121 0.0000000000
86175  49.728  -1.385  22.546 0.0000000000
85029  50.788  -1.757  22.381 0.0000000000
76892  45.528  -8.300  40.081 0.0000000000
76916  46.030  -8.160  39.530 0.0000000000
78062  46.033  -7.529  39.310 0.0000000000
169678  45.601  -6.168  39.202 0.0000000000
80177  45.839  -5.270  38.953 0.0000000000
80186  46.160  -5.968  38.817 0.0000000000
80185  46.855  -5.879  38.175 0.0000000000
80199  47.488  -6.127  37.379 0.0000000000
80198  47.981  -6.235  36.830 0.0000000000
79160  47.797  -6.977  36.812 0.0000000000
78077  48.470  -7.875  36.472 0.0000000000
76954  49.384  -8.796  36.466 0.0000000000
67946  28.855  -14.881  44.872 0.0000000000
67926  28.785  -14.766  46.139 0.0000000000
66611  30.873  -15.528  47.184 0.0000000000
65451  30.477  -16.084  48.122 0.0000000000
87315  47.446  -0.812  25.040 0.0000000000
87330  47.692  0.195  24.805 0.0000000000
88493  47.785  0.996  24.091 0.0000000000
89601  49.803  2.400  25.531 0.0000000000
89600  50.802  2.251  25.958 0.0000000000
89591  51.229  2.292  26.608 0.0000000000
90696  51.618  2.317  27.253 0.0000000000
89531  51.489  1.125  30.674 0.0000000000
89541  51.853  1.587  30.069 0.0000000000
89530  52.037  1.231  30.512 0.0000000000
87231  53.171  -0.734  30.210 0.0000000000
86029  53.139  -1.321  30.085 0.0000000000
86011  53.071  -1.402  30.459 0.0000000000
83723  52.925  -2.500  30.986 0.0000000000
177379  40.279  -12.517  43.275 0.0000000000
71901  41.149  -12.381  43.276 0.0000000000
71911  41.867  -12.100  43.022 0.0000000000
71910  42.700  -12.226  42.752 0.0000000000
162022  44.056  -13.494  40.908 0.0000000000
70663  45.280  -12.805  40.085 0.0000000000
71941  45.806  -12.360  39.770 0.0000000000
71950  46.573  -12.189  38.665 0.0000000000
66671  34.897  -15.774  43.872 0.0000000000
66695  34.262  -16.060  43.031 0.0000000000
66694  34.853  -15.650  42.819 0.0000000000
66714  35.356  -15.323  41.540 0.0000000000
67980  35.977  -14.896  42.127 0.0000000000
69301  37.435  -14.244  42.824 0.0000000000
69300  38.150  -13.882  42.970 0.0000000000
69286  37.647  -14.410  43.555 0.0000000000
67941  38.335  -14.865  44.209 0.0000000000
90745  57.414  2.689  22.474 0.0000000000
164791  57.034  1.047  21.582 0.0000000000
88531  56.987  0.302  21.345 0.0000000000
88543  53.118  0.706  20.097 0.0000000000
88523  47.673  1.164  22.051 0.0000000000
89651  47.671  1.901  21.714 0.0000000000
161116  47.478  2.255  21.341 0.0000000000
90769  47.145  2.929  20.845 0.0000000000
90768  47.706  2.679  21.404 0.0000000000
173939  47.818  3.019  21.343 0.0000000000
160574  48.371  3.147  21.330 0.0000000000
90766  49.517  2.943  21.246 0.0000000000
89672  49.204  1.348  20.673 0.0000000000
88547  49.495  0.636  20.215 0.0000000000
85056  49.315  -2.703  20.403 0.0000000000
83890  49.186  -2.712  19.730 0.0000000000
83899  49.557  -3.033  19.347 0.0000000000
73144  41.810  -10.944  40.920 0.0000000000
78064  44.273  -7.539  38.653 0.0000000000
76937  43.869  -8.355  38.087 0.0000000000
170984  43.834  -8.280  37.161 0.0000000000
76956  43.670  -8.514  36.286 0.0000000000
156612  46.575  -3.818  36.518 0.0000000000
82513  46.046  -4.376  35.735 0.0000000000
82512  46.708  -3.769  35.619 0.0000000000
82524  47.015  -3.718  34.919 0.0000000000
152960  47.058  -3.998  34.188 0.0000000000
82551  47.238  -4.370  32.587 0.0000000000
174400  47.523  -3.767  33.829 0.0000000000
83692  48.052  -3.155  33.829 0.0000000000
84878  48.838  -2.393  33.108 0.0000000000
84877  49.369  -1.888  33.047 0.0000000000
84867  49.292  -1.780  33.959 0.0000000000
85954  49.381  -1.612  34.732 0.0000000000
163699  50.015  -5.396  34.756 0.0000000000
173557  50.076  -4.498  34.855 0.0000000000
81320  50.317  -5.124  34.224 0.0000000000
81333  51.215  -5.442  33.056 0.0000000000
81347  51.752  -4.928  32.465 0.0000000000
67948  27.500  -14.332  45.477 0.0000000000
67927  28.057  -14.482  46.404 0.0000000000
67890  28.533  -14.814  47.599 0.0000000000
66597  28.268  -15.573  48.546 0.0000000000
65454  28.145  -16.670  48.162 0.0000000000
65455  27.000  -16.142  48.411 0.0000000000
182924  26.039  -14.830  48.279 0.0000000000
86111  48.024  -0.980  26.413 0.0000000000
87305  48.255  0.021  26.412 0.0000000000
88457  49.068  1.033  27.190 0.0000000000
89581  49.572  1.860  27.195 0.0000000000
181759  50.686  1.473  29.081 0.0000000000
87256  50.118  0.363  29.111 0.0000000000
88423  50.538  0.836  29.539 0.0000000000
89543  50.990  1.271  29.960 0.0000000000
88414  51.117  1.004  30.694 0.0000000000
88385  51.380  0.406  32.021 0.0000000000
67976  42.528  -14.731  42.492 0.0000000000
65517  32.093  -16.279  43.940 0.0000000000
65532  32.234  -16.408  42.989 0.0000000000
65516  32.914  -16.345  43.852 0.0000000000
65515  33.668  -16.264  44.207 0.0000000000
65482  34.103  -16.392  46.182 0.0000000000
66651  34.388  -16.229  45.513 0.0000000000
66650  34.882  -15.997  44.994 0.0000000000
66649  35.601  -15.942  45.020 0.0000000000
66648  36.230  -15.780  44.798 0.0000000000
67925  37.152  -15.441  44.553 0.0000000000
66630  36.422  -15.932  44.888 0.0000000000
65499  37.183  -17.007  45.009 0.0000000000
64370  37.419  -17.656  44.596 0.0000000000
91959  54.384  4.361  23.264 0.0000000000
90748  54.092  2.806  22.296 0.0000000000
90762  53.612  2.156  21.624 0.0000000000
90763  52.734  2.225  21.637 0.0000000000
89646  53.168  1.614  21.091 0.0000000000
89668  52.739  1.192  20.611 0.0000000000
88544  52.305  0.754  20.183 0.0000000000
88567  51.928  0.289  19.704 0.0000000000
86185  47.012  -0.244  21.985 0.0000000000
88532  47.879  1.199  21.749 0.0000000000
179231  48.336  0.638  20.850 0.0000000000
86191  48.479  -1.546  20.581 0.0000000000
85039  49.050  -1.856  21.529 0.0000000000
85048  48.900  -2.120  20.826 0.0000000000
75585  43.442  -8.964  41.396 0.0000000000
76874  43.836  -8.650  41.104 0.0000000000
76895  44.047  -8.312  40.557 0.0000000000
78044  44.484  -7.802  40.139 0.0000000000
78042  44.943  -7.384  40.218 0.0000000000
78054  44.743  -7.246  39.754 0.0000000000
78055  44.496  -7.521  39.558 0.0000000000
79157  44.380  -7.074  38.266 0.0000000000
79163  44.304  -7.010  37.494 0.0000000000
79162  44.648  -6.435  37.389 0.0000000000
79169  44.498  -6.448  35.786 0.0000000000
80212  45.009  -5.946  37.203 0.0000000000
81282  45.410  -5.514  37.755 0.0000000000
167612  45.906  -4.600  37.226 0.0000000000
81266  45.980  -4.690  38.520 0.0000000000
82473  45.972  -4.379  38.089 0.0000000000
82501  46.415  -3.836  37.320 0.0000000000
83638  46.869  -3.623  37.188 0.0000000000
83637  47.413  -3.373  37.038 0.0000000000
84805  48.421  -2.900  36.461 0.0000000000
84823  48.838  -2.595  36.049 0.0000000000
83635  49.084  -2.987  36.618 0.0000000000
82500  49.124  -3.612  36.719 0.0000000000
81309  49.494  -4.976  35.957 0.0000000000
80210  49.062  -5.453  36.319 0.0000000000
80224  49.736  -5.660  35.262 0.0000000000
80237  50.112  -6.511  34.706 0.0000000000
66696  30.877  -15.903  43.127 0.0000000000
66674  30.076  -15.536  43.182 0.0000000000
65501  31.382  -16.050  43.987 0.0000000000
65500  31.933  -16.074  45.011 0.0000000000
178844  32.596  -16.358  46.818 0.0000000000
65465  32.074  -16.336  47.156 0.0000000000
65464  32.883  -16.632  47.102 0.0000000000
87357  47.565  0.829  23.215 0.0000000000
88519  47.892  1.318  23.207 0.0000000000
88505  48.037  1.606  23.497 0.0000000000
88504  48.241  1.510  23.319 0.0000000000
171026  49.390  0.803  23.730 0.0000000000
87340  50.942  -0.475  23.978 0.0000000000
87339  52.307  -0.718  24.096 0.0000000000
87327  52.745  -0.380  24.797 0.0000000000
88489  53.033  0.001  25.425 0.0000000000
88477  51.529  1.434  25.759 0.0000000000
88476  52.757  0.803  26.060 0.0000000000
90676  50.690  2.179  27.737 0.0000000000
90684  51.869  2.394  27.914 0.0000000000
90683  52.465  2.228  28.242 0.0000000000
89550  52.705  1.687  29.158 0.0000000000
89567  52.912  1.802  28.492 0.0000000000
89566  53.336  1.272  28.060 0.0000000000
89578  53.546  0.748  27.751 0.0000000000
70683  39.766  -12.686  40.311 0.0000000000
158682  40.753  -11.927  41.048 0.0000000000
71933  41.005  -11.590  41.840 0.0000000000
71932  41.257  -11.519  40.966 0.0000000000
74319  42.188  -10.410  41.626 0.0000000000
74305  42.630  -10.000  41.938 0.0000000000
74304  43.158  -9.761  42.065 0.0000000000
69298  42.836  -14.015  42.406 0.0000000000
70628  43.157  -13.244  42.256 0.0000000000
70627  43.259  -12.379  42.359 0.0000000000
70665  44.069  -13.243  41.242 0.0000000000
71921  43.690  -12.063  42.064 0.0000000000
73118  43.601  -11.088  42.216 0.0000000000
159317  43.499  -10.280  42.181 0.0000000000
74303  43.902  -9.827  42.040 0.0000000000
74316  44.843  -9.713  41.286 0.0000000000
74331  45.485  -9.793  40.618 0.0000000000
73142  45.893  -10.930  40.199 0.0000000000
183228  46.140  -10.398  39.945 0.0000000000
75597  45.923  -9.476  39.991 0.0000000000
75614  46.441  -9.174  39.316 0.0000000000
75638  47.156  -9.414  38.502 0.0000000000
76949  47.999  -9.639  37.869 0.0000000000
75636  48.455  -10.358  37.605 0.0000000000
73200  48.421  -10.822  37.156 0.0000000000
73184  47.853  -11.295  37.549 0.0000000000
73201  47.879  -11.201  37.156 0.0000000000
65550  32.399  -16.510  42.178 0.0000000000
66716  34.232  -16.037  42.085 0.0000000000
70668  38.643  -13.017  41.161 0.0000000000
70667  39.193  -12.771  41.652 0.0000000000
70648  39.220  -12.889  42.520 0.0000000000
159456  38.751  -13.363  42.783 0.0000000000
70631  39.133  -13.240  43.091 0.0000000000
70630  39.707  -12.693  42.935 0.0000000000
69283  40.825  -14.129  43.762 0.0000000000
67959  41.543  -14.931  43.256 0.0000000000
66628  37.288  -15.548  44.469 0.0000000000
67942  37.843  -15.285  44.247 0.0000000000
66646  38.760  -15.721  44.280 0.0000000000
66669  39.116  -16.562  43.932 0.0000000000
66645  39.354  -16.074  44.006 0.0000000000
67961  39.865  -15.804  43.839 0.0000000000
87375  58.278  -0.361  22.013 0.0000000000
165480  50.301  3.041  21.518 0.0000000000
90765  50.452  2.224  21.169 0.0000000000
181079  51.334  1.301  20.702 0.0000000000
88545  51.408  0.814  20.256 0.0000000000
88548  48.778  0.051  20.109 0.0000000000
88569  49.713  0.023  19.684 0.0000000000
86211  48.978  -1.373  19.484 0.0000000000
179142  50.467  -0.034  19.514 0.0000000000
87394  50.925  -0.491  19.111 0.0000000000
86224  51.448  -1.570  18.411 0.0000000000
181456  47.366  -3.580  28.843 0.0000000000
75616  43.058  -9.571  39.998 0.0000000000
74345  43.128  -9.797  39.026 0.0000000000
82564  46.920  -4.521  31.767 0.0000000000
83726  47.603  -3.597  30.205 0.0000000000
83738  48.160  -3.261  29.835 0.0000000000
84918  49.428  -2.356  30.056 0.0000000000
84904  49.901  -1.673  30.698 0.0000000000
85994  49.836  -1.276  32.662 0.0000000000
85993  50.020  -0.639  33.019 0.0000000000
87214  50.647  -0.180  32.539 0.0000000000
87190  50.965  0.049  32.562 0.0000000000
87189  51.187  0.119  32.617 0.0000000000
85973  51.311  -0.427  32.939 0.0000000000
84840  49.468  -2.018  35.467 0.0000000000
84855  50.037  -2.029  35.142 0.0000000000
83681  50.398  -2.118  34.823 0.0000000000
160335  50.377  -3.157  34.622 0.0000000000
83691  50.723  -2.707  34.076 0.0000000000
84866  50.663  -1.689  34.246 0.0000000000
84865  51.053  -1.436  33.516 0.0000000000
84876  51.611  -1.857  32.713 0.0000000000
85992  51.782  -1.225  32.346 0.0000000000
84887  52.155  -2.124  31.938 0.0000000000
83710  52.472  -2.808  31.691 0.0000000000
82561  52.723  -4.273  31.422 0.0000000000
81346  52.425  -5.322  31.827 0.0000000000
81359  53.004  -5.141  31.134 0.0000000000
76947  48.988  -9.343  37.049 0.0000000000
75695  49.971  -9.867  36.001 0.0000000000
75676  50.036  -9.320  36.159 0.0000000000
78084  50.655  -8.382  35.393 0.0000000000
64331  31.936  -17.319  47.517 0.0000000000
65477  37.472  -16.269  44.748 0.0000000000
65478  36.706  -16.319  45.060 0.0000000000
65484  32.192  -16.126  46.223 0.0000000000
66667  40.498  -16.314  43.197 0.0000000000
67940  39.116  -15.221  44.219 0.0000000000
67962  36.699  -14.873  43.591 0.0000000000
69269  38.133  -14.731  44.171 0.0000000000
69332  36.849  -14.305  41.190 0.0000000000
70632  38.727  -13.675  43.295 0.0000000000
71930  44.807  -12.467  40.982 0.0000000000
71949  47.123  -11.860  38.285 0.0000000000
73107  41.672  -11.504  42.704 0.0000000000
73119  41.896  -11.073  42.446 0.0000000000
74361  43.253  -9.890  38.162 0.0000000000
74379  48.763  -10.495  37.118 0.0000000000
74391  49.438  -10.177  36.468 0.0000000000
74406  49.646  -10.123  36.051 0.0000000000
75569  43.476  -9.320  41.758 0.0000000000
75677  49.641  -9.885  36.578 0.0000000000
76962  50.594  -8.931  35.690 0.0000000000
78043  44.630  -7.568  40.155 0.0000000000
79145  45.077  -6.994  39.839 0.0000000000
79150  45.157  -6.617  39.380 0.0000000000
79156  44.681  -6.619  38.255 0.0000000000
80179  45.278  -6.334  38.913 0.0000000000
80211  48.534  -5.877  36.630 0.0000000000
80249  51.405  -6.408  33.237 0.0000000000
81267  45.723  -4.970  38.451 0.0000000000
81281  45.712  -4.874  37.831 0.0000000000
82487  48.050  -3.664  37.330 0.0000000000
82488  47.362  -3.935  37.770 0.0000000000
82489  46.307  -3.800  37.698 0.0000000000
82490  46.005  -4.214  37.759 0.0000000000
82511  49.526  -3.996  36.223 0.0000000000
82539  47.160  -4.244  33.437 0.0000000000
82549  52.201  -4.373  31.975 0.0000000000
82562  48.005  -3.794  32.387 0.0000000000
82586  46.990  -3.870  29.998 0.0000000000
83614  46.871  -3.614  37.506 0.0000000000
83636  48.091  -3.182  36.909 0.0000000000
83656  47.687  -3.089  36.208 0.0000000000
83709  52.844  -3.227  31.148 0.0000000000
83711  48.548  -3.050  32.299 0.0000000000
83724  48.828  -2.905  30.317 0.0000000000
84806  48.218  -3.001  36.621 0.0000000000
84807  47.462  -3.262  36.687 0.0000000000
84822  49.260  -2.493  36.026 0.0000000000
84824  48.366  -2.769  36.034 0.0000000000
84842  48.233  -2.773  35.651 0.0000000000
84856  49.326  -1.694  34.702 0.0000000000
84857  48.937  -2.086  34.906 0.0000000000
84868  48.646  -2.429  33.818 0.0000000000
84938  48.851  -2.199  27.839 0.0000000000
85932  48.775  -2.410  35.484 0.0000000000
85941  49.144  -1.930  35.103 0.0000000000
85975  49.789  -1.199  33.607 0.0000000000
86013  50.259  -0.610  32.266 0.0000000000
86063  49.918  -0.395  29.041 0.0000000000
87244  53.300  -0.063  29.867 0.0000000000
87288  53.584  0.048  27.207 0.0000000000
87376  58.076  -0.794  22.086 0.0000000000
88360  51.158  0.304  32.356 0.0000000000
88402  51.146  0.727  31.362 0.0000000000
88422  53.437  0.600  28.978 0.0000000000
89542  51.390  1.463  30.117 0.0000000000
89549  53.250  1.243  28.736 0.0000000000
89551  51.694  1.868  29.601 0.0000000000
89579  53.011  1.857  27.840 0.0000000000
89580  50.112  2.235  27.091 0.0000000000
89611  48.305  2.018  24.176 0.0000000000
89618  48.422  1.988  23.719 0.0000000000
90646  52.170  1.950  29.524 0.0000000000
90658  51.958  2.130  29.177 0.0000000000
90673  52.370  2.113  28.905 0.0000000000
90685  51.124  2.300  27.467 0.0000000000
90686  50.547  2.305  27.022 0.0000000000
90695  52.415  2.251  27.621 0.0000000000
90698  50.147  2.395  26.401 0.0000000000
90708  49.704  2.441  25.834 0.0000000000
91975  54.652  3.535  22.966 0.0000000000
93120  55.250  4.981  23.030 0.0000000000
93123  52.197  5.174  22.749 0.0000000000
94323  49.616  5.299  21.517 0.0000000000
95429  52.556  5.622  22.367 0.0000000000
156171  52.778  0.757  30.050 0.0000000000
156885  43.725  -7.605  35.175 0.0000000000
158670  44.185  -8.106  39.860 0.0000000000
160277  47.266  -3.905  30.495 0.0000000000
164361  50.656  0.015  31.812 0.0000000000
164897  38.207  -15.491  44.357 0.0000000000
168518  28.490  -14.836  43.430 0.0000000000
171204  46.085  -11.732  39.824 0.0000000000
171432  51.388  -1.057  33.073 0.0000000000
172218  30.940  -16.644  47.891 0.0000000000
172539  44.660  -6.304  36.622 0.0000000000
173200  48.386  -1.563  26.874 0.0000000000
174740  29.948  -15.249  45.095 0.0000000000
174815  34.177  -16.139  44.834 0.0000000000
174875  36.679  -15.519  44.549 0.0000000000
176420  46.787  -3.471  36.216 0.0000000000
178014  36.159  -16.351  45.348 0.0000000000
180241  52.530  -6.131  32.004 0.0000000000
180413  49.300  -1.821  19.122 0.0000000000
180859  38.189  -16.505  44.435 0.0000000000
182325  29.619  -15.365  47.992 0.0000000000
183345  47.042  -4.391  38.037 0.0000000000
184030  46.104  -4.128  37.385 0.0000000000
