#!ascii label  , from subject sub-v2s13x29103_ses-1 vox2ras=TkReg
1207
158136  19.905  -9.161  37.051 0.0000000000
74307  33.666  -9.737  41.704 0.0000000000
94373  39.486  5.161  16.073 0.0000000000
81430  32.112  -5.023  26.052 0.0000000000
171259  37.012  -6.588  33.364 0.0000000000
97559  50.936  7.514  7.792 0.0000000000
93168  38.783  3.859  20.859 0.0000000000
85070  35.386  -2.265  19.614 0.0000000000
71963  15.428  -11.980  38.288 0.0000000000
75622  26.626  -8.601  38.621 0.0000000000
73212  29.963  -10.853  36.101 0.0000000000
75740  22.680  -9.660  33.656 0.0000000000
93270  46.150  3.828  12.363 0.0000000000
173611  23.628  -7.948  41.655 0.0000000000
76867  18.923  -7.841  42.096 0.0000000000
96529  44.385  7.132  15.590 0.0000000000
74299  13.680  -10.599  42.791 0.0000000000
66687  9.954  -15.603  43.512 0.0000000000
178879  35.204  -3.356  23.662 0.0000000000
81399  34.789  -5.679  29.105 0.0000000000
77032  34.374  -9.483  29.979 0.0000000000
75735  32.183  -9.561  33.552 0.0000000000
90751  39.763  2.576  22.239 0.0000000000
89676  37.470  1.052  20.538 0.0000000000
87373  38.134  -1.083  20.612 0.0000000000
164990  41.582  5.276  22.342 0.0000000000
74419  18.835  -10.498  35.364 0.0000000000
70758  16.286  -12.574  36.073 0.0000000000
74388  17.557  -10.311  37.173 0.0000000000
174751  23.194  -8.451  38.390 0.0000000000
75685  24.102  -8.688  36.334 0.0000000000
178576  21.402  -9.032  35.934 0.0000000000
73269  20.099  -11.191  33.639 0.0000000000
93250  40.320  4.325  13.744 0.0000000000
96518  41.719  6.693  18.475 0.0000000000
95485  41.817  6.205  16.076 0.0000000000
94422  42.592  4.760  13.262 0.0000000000
76819  18.139  -7.892  44.712 0.0000000000
75563  16.388  -8.903  42.332 0.0000000000
76822  15.490  -8.083  44.739 0.0000000000
70568  10.674  -11.874  47.894 0.0000000000
70584  10.974  -11.979  45.932 0.0000000000
67938  9.189  -14.655  45.854 0.0000000000
65472  7.729  -15.926  45.808 0.0000000000
67904  7.070  -14.600  47.410 0.0000000000
83727  35.824  -4.130  31.636 0.0000000000
80282  35.982  -5.936  31.244 0.0000000000
160530  35.833  -7.461  29.678 0.0000000000
77020  35.949  -8.897  31.256 0.0000000000
74481  27.057  -10.226  33.303 0.0000000000
74432  30.630  -10.778  34.639 0.0000000000
74480  28.664  -10.403  32.443 0.0000000000
75773  29.561  -9.610  30.559 0.0000000000
83833  33.042  -3.401  24.857 0.0000000000
82707  34.117  -4.943  21.889 0.0000000000
167922  31.313  -5.997  23.282 0.0000000000
96603  55.116  6.780  7.967 0.0000000000
95579  52.430  5.333  6.516 0.0000000000
94357  38.922  5.078  18.673 0.0000000000
92026  36.688  2.850  19.240 0.0000000000
95455  41.620  6.234  20.755 0.0000000000
74323  30.541  -9.805  40.388 0.0000000000
73158  31.582  -10.494  39.118 0.0000000000
155686  28.221  -9.528  37.270 0.0000000000
75718  25.477  -9.267  34.729 0.0000000000
74485  23.860  -9.850  32.404 0.0000000000
177079  47.604  4.995  13.941 0.0000000000
94430  48.178  4.666  12.140 0.0000000000
94455  48.433  5.214  9.804 0.0000000000
180226  49.549  4.983  7.704 0.0000000000
76901  22.412  -8.109  39.794 0.0000000000
76927  19.334  -8.358  39.557 0.0000000000
153333  21.568  -7.624  42.109 0.0000000000
76898  25.240  -8.430  40.279 0.0000000000
94403  45.418  4.833  13.938 0.0000000000
75608  17.030  -9.912  40.325 0.0000000000
73151  14.572  -11.707  40.274 0.0000000000
70677  12.322  -13.540  41.205 0.0000000000
75539  12.951  -10.038  45.233 0.0000000000
70622  11.538  -12.804  43.623 0.0000000000
171677  4.450  -13.205  49.119 0.0000000000
83868  38.014  -2.490  22.452 0.0000000000
84955  33.806  -2.565  27.317 0.0000000000
83756  34.574  -3.181  29.298 0.0000000000
81412  33.835  -5.250  28.080 0.0000000000
79261  34.643  -6.956  27.923 0.0000000000
75798  34.408  -9.376  28.641 0.0000000000
75820  32.325  -9.784  28.672 0.0000000000
74382  32.389  -9.689  37.115 0.0000000000
75699  33.693  -8.806  35.523 0.0000000000
76984  35.004  -8.962  33.101 0.0000000000
75759  32.711  -9.003  31.625 0.0000000000
75801  31.167  -9.348  29.413 0.0000000000
82704  36.351  -3.556  21.567 0.0000000000
81494  34.654  -5.133  20.285 0.0000000000
89636  39.690  0.921  22.686 0.0000000000
88525  38.807  0.354  21.714 0.0000000000
162792  38.982  -0.245  22.124 0.0000000000
156951  40.539  3.367  22.885 0.0000000000
74402  19.095  -9.831  35.972 0.0000000000
74404  17.662  -10.593  36.357 0.0000000000
75674  18.544  -9.573  37.260 0.0000000000
75648  22.032  -8.513  37.658 0.0000000000
75670  22.216  -8.594  37.007 0.0000000000
159141  20.972  -8.878  36.677 0.0000000000
74417  19.936  -9.869  35.186 0.0000000000
94391  39.878  4.826  14.922 0.0000000000
154513  40.269  5.863  17.081 0.0000000000
96522  41.732  6.436  16.975 0.0000000000
94381  40.506  5.536  15.736 0.0000000000
94390  40.573  5.011  14.640 0.0000000000
70576  10.245  -12.795  47.749 0.0000000000
69252  10.233  -12.663  46.962 0.0000000000
69254  9.249  -13.560  46.771 0.0000000000
66622  8.695  -14.913  46.176 0.0000000000
67923  8.379  -14.650  46.728 0.0000000000
66604  7.857  -14.898  46.754 0.0000000000
81351  36.548  -5.072  32.727 0.0000000000
79214  36.398  -5.981  32.056 0.0000000000
170531  36.213  -7.109  30.853 0.0000000000
163526  36.438  -7.669  32.085 0.0000000000
166737  34.281  -9.151  40.732 0.0000000000
74507  26.147  -10.248  31.964 0.0000000000
73287  27.667  -10.414  32.912 0.0000000000
73305  26.702  -10.459  31.478 0.0000000000
73318  27.765  -10.485  31.293 0.0000000000
82658  32.483  -3.830  25.231 0.0000000000
81456  31.926  -4.649  23.731 0.0000000000
97547  50.414  7.309  8.413 0.0000000000
98531  51.738  8.667  8.738 0.0000000000
98543  51.976  8.530  8.055 0.0000000000
169468  52.753  6.792  7.036 0.0000000000
97565  51.449  7.193  7.186 0.0000000000
183953  39.053  4.843  20.120 0.0000000000
93205  37.899  4.242  18.711 0.0000000000
93169  38.053  3.632  20.305 0.0000000000
87385  36.056  -0.878  19.743 0.0000000000
88552  36.186  0.689  19.677 0.0000000000
86215  34.943  -1.561  19.307 0.0000000000
94303  40.690  4.871  21.827 0.0000000000
94326  39.824  4.964  20.874 0.0000000000
95463  40.142  5.842  19.330 0.0000000000
71997  16.074  -12.203  36.720 0.0000000000
70725  14.097  -12.981  38.244 0.0000000000
74325  29.105  -9.288  40.138 0.0000000000
164621  29.581  -9.929  38.907 0.0000000000
180967  27.702  -8.993  38.083 0.0000000000
75703  23.397  -9.010  35.299 0.0000000000
75701  25.138  -8.985  35.459 0.0000000000
75719  24.703  -9.223  34.762 0.0000000000
74458  24.942  -9.601  33.539 0.0000000000
74460  23.185  -9.792  32.918 0.0000000000
155390  21.717  -10.315  33.217 0.0000000000
78202  33.785  -7.832  26.815 0.0000000000
93257  46.767  4.176  13.004 0.0000000000
94416  48.145  4.826  13.028 0.0000000000
93269  46.867  4.059  12.024 0.0000000000
93296  47.511  4.284  9.730 0.0000000000
93304  47.664  4.085  8.960 0.0000000000
165440  48.521  5.142  8.952 0.0000000000
153330  22.785  -7.826  41.112 0.0000000000
153329  21.645  -7.689  40.939 0.0000000000
153334  22.391  -7.690  42.098 0.0000000000
153720  24.005  -8.090  41.281 0.0000000000
76879  23.790  -8.163  40.610 0.0000000000
96550  46.441  6.445  14.339 0.0000000000
95494  45.114  6.303  14.527 0.0000000000
93261  43.133  4.288  12.740 0.0000000000
76884  19.077  -7.886  41.239 0.0000000000
75606  18.036  -9.010  39.551 0.0000000000
76886  17.695  -8.611  41.121 0.0000000000
75581  15.131  -9.563  42.021 0.0000000000
74313  15.420  -9.879  41.393 0.0000000000
73123  14.340  -10.875  41.231 0.0000000000
71946  13.174  -12.417  40.379 0.0000000000
71923  13.308  -11.953  41.605 0.0000000000
75506  12.470  -9.777  46.948 0.0000000000
69278  10.540  -13.484  44.454 0.0000000000
70608  11.357  -12.447  44.486 0.0000000000
69294  10.999  -13.594  43.547 0.0000000000
69324  11.428  -14.477  42.049 0.0000000000
84976  34.307  -2.095  26.200 0.0000000000
83740  35.265  -4.437  30.468 0.0000000000
171567  35.141  -3.367  30.295 0.0000000000
82604  34.531  -4.150  29.258 0.0000000000
82619  34.227  -4.237  28.787 0.0000000000
81400  34.475  -5.030  28.919 0.0000000000
80316  34.272  -5.918  28.161 0.0000000000
80314  34.841  -6.227  28.698 0.0000000000
77031  35.390  -9.145  30.084 0.0000000000
78176  35.361  -8.128  28.579 0.0000000000
178183  34.260  -9.505  29.278 0.0000000000
75819  33.033  -9.889  28.551 0.0000000000
75799  32.914  -9.642  29.184 0.0000000000
73171  30.798  -10.779  37.610 0.0000000000
74364  32.200  -10.088  38.390 0.0000000000
73209  31.157  -10.595  36.664 0.0000000000
74451  31.630  -10.041  34.117 0.0000000000
74429  32.210  -9.557  34.850 0.0000000000
75716  32.782  -9.323  34.241 0.0000000000
170567  34.846  -8.529  34.309 0.0000000000
75748  33.510  -9.166  33.171 0.0000000000
172362  33.522  -9.236  32.468 0.0000000000
165941  32.335  -9.120  32.270 0.0000000000
74568  28.965  -10.064  29.292 0.0000000000
75784  30.181  -9.331  30.024 0.0000000000
83847  36.804  -3.300  23.470 0.0000000000
83870  37.039  -3.292  21.939 0.0000000000
182963  35.877  -3.900  22.807 0.0000000000
80396  32.690  -6.105  21.215 0.0000000000
81485  34.053  -5.356  21.199 0.0000000000
159020  55.906  5.685  7.555 0.0000000000
93151  39.255  3.671  21.435 0.0000000000
90772  38.117  2.383  20.824 0.0000000000
168872  38.311  1.697  21.103 0.0000000000
171039  37.800  -0.456  20.408 0.0000000000
86202  37.340  -1.712  20.118 0.0000000000
94278  41.680  4.961  22.895 0.0000000000
93149  40.449  4.310  22.152 0.0000000000
72005  17.224  -11.886  35.738 0.0000000000
73216  16.772  -11.419  36.687 0.0000000000
73195  16.496  -11.003  37.809 0.0000000000
75624  25.052  -8.479  38.527 0.0000000000
75644  25.404  -8.542  37.905 0.0000000000
152446  24.201  -8.525  37.517 0.0000000000
159041  22.944  -8.853  35.833 0.0000000000
167986  22.214  -9.295  34.873 0.0000000000
74462  21.411  -10.003  33.873 0.0000000000
74416  20.618  -9.688  34.975 0.0000000000
161389  19.006  -10.952  34.695 0.0000000000
92116  45.245  2.890  11.516 0.0000000000
76848  23.463  -7.869  42.806 0.0000000000
97480  42.916  7.261  17.759 0.0000000000
177590  42.912  6.893  16.660 0.0000000000
95483  43.369  6.393  15.384 0.0000000000
95496  43.745  6.002  14.822 0.0000000000
171671  42.511  5.750  14.752 0.0000000000
93249  41.079  4.423  13.376 0.0000000000
174207  18.483  -8.026  43.597 0.0000000000
76855  17.502  -8.414  42.686 0.0000000000
76838  17.389  -8.238  43.371 0.0000000000
76840  16.123  -8.355  43.609 0.0000000000
75552  14.587  -8.988  43.383 0.0000000000
73078  11.525  -10.678  47.038 0.0000000000
172657  10.818  -11.703  46.657 0.0000000000
69265  9.878  -13.476  45.752 0.0000000000
67956  9.813  -14.559  44.717 0.0000000000
66664  9.124  -15.673  44.697 0.0000000000
82575  35.818  -5.081  31.392 0.0000000000
174578  35.408  -5.704  30.309 0.0000000000
80302  35.115  -6.190  29.247 0.0000000000
79234  35.807  -6.743  30.222 0.0000000000
78160  36.185  -7.666  30.306 0.0000000000
77021  35.123  -9.217  30.991 0.0000000000
73232  28.693  -10.485  35.212 0.0000000000
73230  30.636  -11.167  35.545 0.0000000000
73249  29.176  -10.620  34.640 0.0000000000
74454  29.791  -10.517  33.741 0.0000000000
74478  29.998  -10.218  33.120 0.0000000000
74503  30.492  -9.699  32.617 0.0000000000
74505  29.198  -10.200  32.119 0.0000000000
180075  28.023  -10.539  30.138 0.0000000000
152686  34.552  -3.178  24.014 0.0000000000
83860  34.923  -4.087  22.950 0.0000000000
82684  33.353  -4.058  23.412 0.0000000000
81479  32.157  -5.268  22.433 0.0000000000
97556  54.351  7.454  7.866 0.0000000000
96612  53.632  6.444  7.272 0.0000000000
95473  39.327  5.352  17.412 0.0000000000
93227  37.951  4.111  16.338 0.0000000000
93210  37.857  4.286  17.898 0.0000000000
90787  36.752  1.865  19.961 0.0000000000
165954  35.323  1.112  18.332 0.0000000000
96481  43.187  6.799  21.935 0.0000000000
96496  42.832  6.864  21.179 0.0000000000
97459  42.837  7.178  20.313 0.0000000000
96513  41.814  6.747  19.241 0.0000000000
95466  40.644  6.168  18.816 0.0000000000
73120  32.199  -10.295  41.449 0.0000000000
74336  32.422  -10.297  40.525 0.0000000000
73147  31.144  -10.349  39.673 0.0000000000
158020  30.560  -10.660  38.270 0.0000000000
175710  28.824  -10.040  36.975 0.0000000000
75665  26.468  -8.707  37.165 0.0000000000
159066  27.144  -9.205  36.031 0.0000000000
164493  27.532  -9.664  35.769 0.0000000000
74456  26.602  -9.901  34.086 0.0000000000
171242  25.542  -9.838  33.157 0.0000000000
74509  24.483  -10.025  31.841 0.0000000000
95530  49.335  5.205  11.988 0.0000000000
93281  47.509  4.360  10.649 0.0000000000
94451  48.568  5.119  10.697 0.0000000000
95550  49.512  5.915  10.576 0.0000000000
182498  49.256  6.018  9.882 0.0000000000
95559  49.549  6.168  8.498 0.0000000000
96606  49.979  6.183  7.842 0.0000000000
95572  50.622  5.483  6.997 0.0000000000
76943  21.203  -8.371  38.604 0.0000000000
75651  19.844  -8.698  38.343 0.0000000000
76926  20.283  -8.098  39.587 0.0000000000
76883  19.967  -7.783  40.845 0.0000000000
76866  19.771  -7.698  41.715 0.0000000000
76850  21.898  -7.654  42.751 0.0000000000
181969  19.444  -7.817  43.140 0.0000000000
76818  19.262  -7.799  44.251 0.0000000000
74292  33.014  -9.798  42.866 0.0000000000
73122  31.550  -10.076  41.786 0.0000000000
152616  30.299  -9.644  41.095 0.0000000000
152527  28.320  -8.795  40.649 0.0000000000
75591  26.721  -8.586  41.133 0.0000000000
75605  26.107  -8.516  39.581 0.0000000000
76921  24.286  -8.410  38.964 0.0000000000
76923  22.641  -8.354  38.936 0.0000000000
96549  47.277  6.015  14.246 0.0000000000
94402  46.294  4.680  13.990 0.0000000000
93259  45.180  4.089  13.178 0.0000000000
94405  43.907  5.156  13.960 0.0000000000
178044  44.552  4.253  13.201 0.0000000000
92104  44.939  3.268  12.138 0.0000000000
75626  18.302  -9.178  38.830 0.0000000000
74351  17.338  -10.159  38.750 0.0000000000
74353  16.089  -10.724  39.332 0.0000000000
75594  16.722  -9.521  40.991 0.0000000000
74340  15.939  -10.530  40.083 0.0000000000
71954  15.075  -11.964  38.988 0.0000000000
169291  13.968  -12.261  39.393 0.0000000000
69352  12.957  -14.064  39.670 0.0000000000
75538  13.700  -9.296  44.707 0.0000000000
74286  13.481  -10.284  43.597 0.0000000000
73099  12.149  -11.670  44.337 0.0000000000
71914  12.728  -12.052  42.781 0.0000000000
70659  11.981  -13.290  42.105 0.0000000000
69224  5.696  -13.436  48.571 0.0000000000
86179  39.080  -1.232  22.892 0.0000000000
83831  35.332  -2.835  24.243 0.0000000000
84996  34.315  -2.307  25.481 0.0000000000
83813  33.341  -2.854  26.097 0.0000000000
83795  32.935  -3.521  26.475 0.0000000000
83767  33.971  -2.883  28.090 0.0000000000
83777  33.577  -3.304  27.589 0.0000000000
81423  32.650  -5.070  26.873 0.0000000000
80326  33.141  -5.822  27.126 0.0000000000
165458  33.995  -7.071  27.344 0.0000000000
78201  34.332  -7.748  27.449 0.0000000000
78189  35.151  -7.211  28.408 0.0000000000
78190  34.861  -7.830  28.006 0.0000000000
171115  34.096  -9.036  27.424 0.0000000000
74580  33.346  -9.977  27.937 0.0000000000
74595  32.837  -10.672  27.262 0.0000000000
160730  36.717  -7.460  33.950 0.0000000000
75619  33.218  -9.631  39.655 0.0000000000
75641  33.195  -9.352  38.337 0.0000000000
75663  33.724  -8.814  37.210 0.0000000000
74398  31.307  -10.278  35.833 0.0000000000
160215  33.087  -9.113  36.127 0.0000000000
76968  34.667  -8.367  36.062 0.0000000000
76967  35.559  -7.926  35.666 0.0000000000
76972  36.124  -7.862  34.163 0.0000000000
78105  36.120  -8.051  33.213 0.0000000000
77008  35.855  -8.918  32.033 0.0000000000
77010  34.131  -9.228  31.454 0.0000000000
75768  33.339  -9.161  31.197 0.0000000000
177198  31.068  -9.177  31.955 0.0000000000
75769  32.439  -9.035  30.857 0.0000000000
75781  32.689  -9.349  29.949 0.0000000000
173170  31.634  -9.631  28.823 0.0000000000
85050  38.207  -1.932  21.525 0.0000000000
85052  37.367  -2.654  20.744 0.0000000000
83894  35.767  -3.399  20.330 0.0000000000
82706  35.063  -4.585  21.875 0.0000000000
164630  35.082  -4.676  20.633 0.0000000000
83895  34.931  -3.932  19.711 0.0000000000
162667  51.702  5.296  6.564 0.0000000000
88524  39.285  0.365  22.378 0.0000000000
87365  39.446  -0.164  22.696 0.0000000000
89632  40.154  1.378  22.972 0.0000000000
75690  19.497  -9.418  36.538 0.0000000000
75691  18.809  -9.670  36.658 0.0000000000
171914  19.223  -9.295  37.304 0.0000000000
75672  20.612  -8.832  37.266 0.0000000000
75671  21.450  -8.673  37.141 0.0000000000
75689  20.279  -9.169  36.449 0.0000000000
94383  39.375  4.849  15.545 0.0000000000
94392  39.198  4.469  14.979 0.0000000000
178030  38.901  4.533  15.543 0.0000000000
158610  39.735  5.565  17.039 0.0000000000
95477  40.674  5.861  16.424 0.0000000000
95478  39.969  5.513  16.370 0.0000000000
94382  39.918  5.188  15.628 0.0000000000
69220  9.600  -13.056  47.911 0.0000000000
69238  9.687  -13.056  47.191 0.0000000000
69239  9.140  -13.364  47.353 0.0000000000
67922  8.728  -14.404  46.761 0.0000000000
67902  8.543  -14.175  47.199 0.0000000000
67903  8.129  -14.427  47.261 0.0000000000
80264  37.093  -5.898  33.525 0.0000000000
80273  36.722  -5.737  32.809 0.0000000000
79205  36.798  -6.364  32.775 0.0000000000
79215  36.527  -6.866  32.097 0.0000000000
78115  36.689  -7.283  32.778 0.0000000000
75572  34.329  -9.265  42.290 0.0000000000
74320  33.662  -9.652  40.905 0.0000000000
73288  27.062  -10.348  32.396 0.0000000000
74531  25.962  -10.453  31.168 0.0000000000
73320  26.436  -10.693  30.697 0.0000000000
82659  32.163  -4.345  25.675 0.0000000000
81447  31.767  -5.081  24.769 0.0000000000
97550  50.815  7.824  8.488 0.0000000000
98523  51.100  8.247  9.093 0.0000000000
97549  51.280  8.213  8.242 0.0000000000
97558  51.661  7.884  7.598 0.0000000000
94327  39.139  4.656  20.601 0.0000000000
93188  38.567  4.463  20.060 0.0000000000
86204  35.718  -1.568  19.638 0.0000000000
87400  35.268  -0.851  19.356 0.0000000000
85071  34.646  -2.237  19.203 0.0000000000
93167  39.461  4.308  21.219 0.0000000000
94325  40.550  5.219  21.218 0.0000000000
94347  39.490  5.136  20.215 0.0000000000
71980  15.744  -12.024  37.524 0.0000000000
70739  15.311  -12.579  37.018 0.0000000000
71981  15.141  -12.354  37.708 0.0000000000
70740  14.662  -12.917  37.517 0.0000000000
71964  14.628  -12.376  38.326 0.0000000000
75620  27.967  -8.961  39.264 0.0000000000
74350  28.203  -9.214  38.575 0.0000000000
75621  27.446  -8.825  38.621 0.0000000000
75721  22.924  -9.286  34.528 0.0000000000
75720  23.885  -9.196  34.659 0.0000000000
75739  23.540  -9.432  33.810 0.0000000000
152507  22.358  -10.073  33.040 0.0000000000
74461  22.046  -9.911  33.584 0.0000000000
77071  34.028  -8.514  27.092 0.0000000000
93311  48.049  3.736  8.414 0.0000000000
76863  23.140  -7.839  41.504 0.0000000000
174061  22.745  -7.756  41.625 0.0000000000
153335  23.153  -7.822  42.064 0.0000000000
180479  24.179  -8.094  41.745 0.0000000000
76880  23.379  -7.953  41.114 0.0000000000
97498  44.638  7.582  16.012 0.0000000000
96528  45.164  7.438  15.450 0.0000000000
96542  45.634  6.844  14.729 0.0000000000
160218  44.779  6.769  14.983 0.0000000000
76885  18.406  -8.310  40.765 0.0000000000
76868  18.294  -8.201  41.615 0.0000000000
74298  14.285  -9.909  42.287 0.0000000000
74314  14.641  -10.177  41.604 0.0000000000
74315  14.037  -10.686  41.955 0.0000000000
73124  13.784  -11.450  41.602 0.0000000000
73111  13.585  -11.188  42.300 0.0000000000
74257  11.837  -10.128  47.439 0.0000000000
67973  10.073  -14.815  43.973 0.0000000000
67972  10.521  -14.245  43.787 0.0000000000
154637  10.872  -14.379  43.179 0.0000000000
165031  34.884  -4.905  29.675 0.0000000000
80315  34.530  -5.810  28.588 0.0000000000
77041  35.067  -9.118  29.143 0.0000000000
154392  33.569  -9.521  29.643 0.0000000000
73192  29.863  -10.807  36.657 0.0000000000
73190  30.819  -10.721  37.063 0.0000000000
73211  30.545  -11.057  35.987 0.0000000000
75736  31.487  -9.807  33.533 0.0000000000
75717  32.201  -9.639  34.161 0.0000000000
75734  32.855  -9.325  33.642 0.0000000000
75749  32.776  -9.261  32.871 0.0000000000
75750  31.958  -9.396  32.936 0.0000000000
83848  35.905  -3.351  23.608 0.0000000000
155758  36.203  -3.641  23.043 0.0000000000
83859  35.509  -3.806  23.138 0.0000000000
91981  39.466  3.111  21.793 0.0000000000
90771  38.626  2.326  21.205 0.0000000000
172517  38.764  1.677  21.468 0.0000000000
88535  38.260  -0.413  20.867 0.0000000000
169417  38.394  0.289  21.158 0.0000000000
87383  37.649  -1.115  20.198 0.0000000000
94277  42.217  5.280  23.278 0.0000000000
91961  40.202  2.955  22.623 0.0000000000
93125  40.747  3.989  22.747 0.0000000000
91980  39.882  3.256  22.200 0.0000000000
93150  39.813  3.885  21.852 0.0000000000
74387  18.148  -9.976  36.834 0.0000000000
73194  17.091  -10.790  36.851 0.0000000000
179093  16.718  -11.060  37.216 0.0000000000
74389  16.989  -10.606  37.531 0.0000000000
76940  23.850  -8.465  38.252 0.0000000000
75645  24.626  -8.495  38.056 0.0000000000
75646  23.356  -8.497  37.667 0.0000000000
155266  21.630  -8.829  36.418 0.0000000000
75687  22.531  -8.714  36.388 0.0000000000
152595  21.985  -9.063  35.633 0.0000000000
75704  22.685  -9.078  35.235 0.0000000000
74436  21.452  -9.538  34.775 0.0000000000
74418  19.403  -10.018  35.440 0.0000000000
74438  19.464  -10.464  34.893 0.0000000000
96517  42.339  7.062  18.935 0.0000000000
96521  42.397  6.989  18.113 0.0000000000
96526  42.479  6.866  17.251 0.0000000000
96531  42.412  6.572  16.411 0.0000000000
170825  43.067  6.689  16.033 0.0000000000
95484  42.580  6.213  15.543 0.0000000000
95498  41.805  5.851  15.275 0.0000000000
94409  40.228  4.655  14.315 0.0000000000
94408  40.827  4.762  14.028 0.0000000000
175143  18.596  -7.926  44.195 0.0000000000
76837  17.930  -8.044  43.955 0.0000000000
76821  16.651  -8.050  44.119 0.0000000000
173603  16.019  -8.124  44.201 0.0000000000
75551  15.495  -8.733  43.143 0.0000000000
76841  15.227  -8.461  43.942 0.0000000000
71888  10.834  -11.190  48.200 0.0000000000
71890  10.801  -11.450  47.412 0.0000000000
67920  9.409  -13.879  46.145 0.0000000000
69264  10.234  -12.846  46.095 0.0000000000
69279  10.048  -13.815  45.020 0.0000000000
67937  9.602  -14.221  45.451 0.0000000000
67957  9.382  -14.990  45.105 0.0000000000
66643  8.320  -15.747  45.565 0.0000000000
163324  7.636  -14.631  47.208 0.0000000000
67885  6.918  -13.927  48.004 0.0000000000
156912  36.060  -5.457  31.662 0.0000000000
81364  36.172  -5.069  32.004 0.0000000000
81386  35.659  -5.485  30.922 0.0000000000
80290  35.664  -6.038  30.583 0.0000000000
79233  35.958  -6.434  30.865 0.0000000000
78147  36.302  -8.035  30.981 0.0000000000
77030  36.048  -8.673  30.533 0.0000000000
74455  27.428  -10.142  34.232 0.0000000000
73267  27.981  -10.381  33.656 0.0000000000
73286  28.537  -10.441  33.105 0.0000000000
73285  29.240  -10.474  33.600 0.0000000000
74479  29.280  -10.375  32.989 0.0000000000
180274  29.571  -10.233  32.674 0.0000000000
74530  28.313  -10.376  30.679 0.0000000000
83832  33.772  -3.186  24.452 0.0000000000
83850  33.959  -3.600  23.745 0.0000000000
83851  33.183  -3.676  24.136 0.0000000000
81467  31.671  -5.220  23.117 0.0000000000
80369  31.585  -5.875  22.462 0.0000000000
97563  53.302  7.330  7.435 0.0000000000
179265  52.806  6.013  6.759 0.0000000000
95578  53.341  5.135  6.635 0.0000000000
95468  39.385  5.463  18.186 0.0000000000
94369  38.334  4.684  17.471 0.0000000000
94362  38.345  4.714  18.289 0.0000000000
92045  36.982  3.390  18.766 0.0000000000
93211  37.381  3.861  18.334 0.0000000000
92046  36.509  2.916  18.422 0.0000000000
90807  36.020  2.274  18.215 0.0000000000
90773  37.679  1.840  20.682 0.0000000000
90785  37.688  2.548  20.477 0.0000000000
163866  37.159  1.698  20.305 0.0000000000
87418  34.970  -0.212  18.920 0.0000000000
88572  35.421  0.555  18.989 0.0000000000
88582  34.902  0.330  18.292 0.0000000000
95414  42.040  5.529  22.624 0.0000000000
96466  42.914  6.356  22.481 0.0000000000
95432  42.355  5.984  22.275 0.0000000000
96483  42.169  6.369  21.264 0.0000000000
97449  43.432  7.410  20.842 0.0000000000
96502  42.204  6.698  20.538 0.0000000000
96512  42.263  6.943  19.745 0.0000000000
96503  41.566  6.492  19.912 0.0000000000
95457  39.673  5.479  19.697 0.0000000000
95464  39.496  5.513  18.998 0.0000000000
73134  31.627  -10.172  40.958 0.0000000000
157339  31.616  -10.303  40.168 0.0000000000
73148  30.743  -10.185  39.698 0.0000000000
156484  28.959  -9.660  38.385 0.0000000000
73161  30.264  -10.249  39.025 0.0000000000
74366  28.930  -9.907  37.640 0.0000000000
73173  29.570  -10.446  37.236 0.0000000000
153002  24.965  -8.546  37.374 0.0000000000
155016  25.729  -8.614  37.277 0.0000000000
75666  25.275  -8.611  36.753 0.0000000000
74415  25.996  -8.947  35.349 0.0000000000
75682  26.456  -8.867  36.021 0.0000000000
74414  26.897  -9.325  35.366 0.0000000000
74433  26.973  -9.779  34.702 0.0000000000
74434  26.303  -9.402  34.686 0.0000000000
74459  24.121  -9.585  33.209 0.0000000000
74484  24.739  -9.762  32.745 0.0000000000
74483  25.420  -9.974  32.356 0.0000000000
74463  20.709  -10.493  33.780 0.0000000000
177602  21.179  -10.531  33.371 0.0000000000
95506  48.064  5.330  14.031 0.0000000000
94399  48.788  5.242  13.398 0.0000000000
94429  48.884  5.004  12.611 0.0000000000
183557  49.424  5.149  12.554 0.0000000000
94438  48.752  4.936  11.630 0.0000000000
93298  46.409  3.567  10.600 0.0000000000
93282  46.927  4.002  11.069 0.0000000000
94456  48.016  4.682  9.318 0.0000000000
94452  48.004  4.759  10.220 0.0000000000
95540  49.144  5.420  11.102 0.0000000000
95551  48.947  5.596  10.259 0.0000000000
176573  48.881  5.665  9.453 0.0000000000
94461  48.926  4.913  8.187 0.0000000000
95556  49.047  5.646  8.676 0.0000000000
95560  49.478  5.577  8.000 0.0000000000
96597  49.982  6.726  8.414 0.0000000000
76924  21.849  -8.225  39.180 0.0000000000
76925  21.101  -8.116  39.356 0.0000000000
76902  21.718  -7.961  39.915 0.0000000000
76865  21.247  -7.618  41.464 0.0000000000
76882  20.923  -7.722  40.780 0.0000000000
153328  20.503  -7.648  41.390 0.0000000000
153332  20.558  -7.663  42.142 0.0000000000
76849  22.702  -7.743  42.747 0.0000000000
167676  21.389  -7.617  43.440 0.0000000000
76852  20.135  -7.720  42.949 0.0000000000
76835  19.713  -7.760  43.601 0.0000000000
73109  32.192  -10.138  42.313 0.0000000000
175976  29.119  -9.163  40.828 0.0000000000
76877  25.275  -8.444  41.160 0.0000000000
75592  26.013  -8.535  40.693 0.0000000000
76920  25.148  -8.435  39.313 0.0000000000
76899  24.420  -8.356  39.980 0.0000000000
182985  23.012  -8.232  39.593 0.0000000000
76942  21.946  -8.412  38.392 0.0000000000
93235  37.580  3.719  16.059 0.0000000000
95508  45.840  5.233  14.150 0.0000000000
164540  46.616  5.398  14.222 0.0000000000
94419  45.692  4.325  13.674 0.0000000000
95511  43.328  5.533  14.360 0.0000000000
156331  43.319  5.030  13.695 0.0000000000
93273  43.664  3.764  12.452 0.0000000000
93260  43.916  4.248  12.955 0.0000000000
93272  44.551  3.804  12.662 0.0000000000
92105  44.156  3.241  12.161 0.0000000000
76945  19.793  -8.451  38.976 0.0000000000
75625  19.100  -8.791  38.684 0.0000000000
76928  18.645  -8.754  39.294 0.0000000000
75607  17.514  -9.477  39.946 0.0000000000
75627  17.710  -9.651  39.182 0.0000000000
74338  17.237  -10.111  39.564 0.0000000000
74352  16.733  -10.461  39.042 0.0000000000
74339  16.607  -10.335  39.837 0.0000000000
76870  16.987  -8.771  42.193 0.0000000000
75579  16.524  -9.179  41.676 0.0000000000
73136  14.733  -11.155  40.582 0.0000000000
74327  15.723  -10.235  40.774 0.0000000000
74341  15.282  -10.744  40.298 0.0000000000
73149  15.540  -11.078  39.680 0.0000000000
71944  14.671  -11.949  39.652 0.0000000000
181654  14.438  -12.208  39.024 0.0000000000
70676  12.767  -12.956  40.803 0.0000000000
70693  13.047  -12.928  40.108 0.0000000000
69338  12.737  -13.705  40.332 0.0000000000
69339  12.185  -14.410  40.781 0.0000000000
168273  13.295  -9.454  45.531 0.0000000000
74271  13.222  -10.105  44.387 0.0000000000
71892  11.246  -11.464  46.204 0.0000000000
71894  11.427  -11.707  45.489 0.0000000000
71903  11.901  -12.182  44.032 0.0000000000
71902  12.457  -11.850  43.563 0.0000000000
71915  12.158  -12.376  43.257 0.0000000000
71925  12.316  -12.563  42.439 0.0000000000
70641  11.902  -12.875  42.869 0.0000000000
69212  6.170  -12.840  48.773 0.0000000000
70564  5.863  -12.222  49.238 0.0000000000
70565  4.620  -12.559  49.560 0.0000000000
69213  5.292  -12.695  48.956 0.0000000000
83829  37.070  -2.816  24.037 0.0000000000
85012  35.080  -2.320  25.084 0.0000000000
84995  34.949  -1.939  25.842 0.0000000000
84977  33.772  -2.447  26.545 0.0000000000
183914  33.823  -2.448  25.901 0.0000000000
83794  33.380  -2.987  26.870 0.0000000000
83755  34.853  -2.996  29.763 0.0000000000
84930  34.450  -2.412  28.611 0.0000000000
170280  34.002  -4.673  28.426 0.0000000000
82620  33.864  -3.780  28.285 0.0000000000
82632  33.410  -4.252  27.721 0.0000000000
172188  32.855  -4.514  27.211 0.0000000000
81422  33.271  -5.136  27.511 0.0000000000
80325  33.827  -5.881  27.674 0.0000000000
79262  34.270  -6.392  27.750 0.0000000000
79244  35.484  -6.727  29.461 0.0000000000
79251  35.185  -6.693  28.833 0.0000000000
78175  35.575  -7.381  28.972 0.0000000000
77050  34.832  -8.704  28.302 0.0000000000
77070  34.474  -8.504  27.670 0.0000000000
75838  34.306  -9.166  27.975 0.0000000000
75839  33.740  -9.616  27.501 0.0000000000
75818  33.915  -9.561  28.208 0.0000000000
74581  32.611  -10.206  28.018 0.0000000000
74596  32.041  -10.700  27.560 0.0000000000
73145  32.001  -10.378  39.530 0.0000000000
158899  32.528  -10.151  39.740 0.0000000000
74348  32.120  -10.291  39.263 0.0000000000
74383  32.035  -10.017  37.432 0.0000000000
74363  32.483  -9.796  37.982 0.0000000000
164131  33.677  -8.920  37.871 0.0000000000
75664  33.043  -9.321  37.546 0.0000000000
73246  30.637  -11.056  35.160 0.0000000000
73229  30.625  -11.272  35.582 0.0000000000
74412  31.213  -10.496  35.146 0.0000000000
75700  32.697  -9.289  35.520 0.0000000000
75680  33.764  -8.764  36.446 0.0000000000
154397  34.710  -8.422  35.132 0.0000000000
157089  34.470  -8.866  33.688 0.0000000000
170466  35.423  -8.483  33.633 0.0000000000
76997  35.693  -8.739  32.783 0.0000000000
76998  35.020  -9.208  32.458 0.0000000000
75758  33.442  -9.180  31.789 0.0000000000
76999  34.153  -9.235  32.106 0.0000000000
75761  30.308  -9.474  31.774 0.0000000000
75771  30.753  -9.117  31.193 0.0000000000
174746  30.626  -9.232  29.699 0.0000000000
75783  30.868  -9.117  30.306 0.0000000000
75782  31.766  -9.166  30.122 0.0000000000
75800  32.081  -9.466  29.351 0.0000000000
85041  38.668  -1.607  22.638 0.0000000000
85042  38.363  -1.895  22.145 0.0000000000
83880  37.558  -2.805  21.412 0.0000000000
83881  36.947  -3.135  21.129 0.0000000000
83893  36.568  -2.901  20.407 0.0000000000
83882  36.322  -3.369  20.890 0.0000000000
81466  33.676  -4.531  22.691 0.0000000000
82697  34.629  -4.462  22.514 0.0000000000
80394  34.300  -5.547  20.556 0.0000000000
81477  34.748  -4.961  21.106 0.0000000000
82728  35.368  -4.091  20.442 0.0000000000
82729  34.870  -4.638  19.985 0.0000000000
96609  56.747  6.106  7.029 0.0000000000
96620  56.761  6.567  6.156 0.0000000000
154048  51.147  5.759  6.755 0.0000000000
160193  51.257  4.383  6.972 0.0000000000
159073  39.647  1.739  22.411 0.0000000000
89637  39.115  1.176  21.959 0.0000000000
87372  38.393  -0.981  21.214 0.0000000000
90736  40.162  2.173  22.768 0.0000000000
73214  18.040  -10.820  35.585 0.0000000000
74403  18.435  -10.210  36.122 0.0000000000
75675  17.989  -9.779  37.571 0.0000000000
76941  22.647  -8.469  38.095 0.0000000000
75647  22.662  -8.513  37.483 0.0000000000
75688  20.951  -9.052  36.113 0.0000000000
75706  20.414  -9.395  35.670 0.0000000000
75707  19.726  -9.524  35.836 0.0000000000
93242  39.569  4.319  14.234 0.0000000000
171861  41.325  6.425  17.772 0.0000000000
172019  41.912  6.687  17.718 0.0000000000
96523  40.976  6.142  17.112 0.0000000000
95476  41.273  6.113  16.482 0.0000000000
164867  41.180  5.860  15.832 0.0000000000
95499  41.033  5.461  15.056 0.0000000000
173022  40.366  5.220  15.182 0.0000000000
76797  18.216  -7.775  45.434 0.0000000000
182750  17.629  -7.945  44.537 0.0000000000
162509  17.699  -7.842  45.151 0.0000000000
67921  9.038  -14.273  46.512 0.0000000000
66623  8.104  -15.242  46.208 0.0000000000
67884  7.678  -14.212  47.683 0.0000000000
165723  36.905  -5.396  33.180 0.0000000000
81363  36.434  -5.406  32.411 0.0000000000
79223  36.253  -6.580  31.422 0.0000000000
78132  36.367  -7.421  31.499 0.0000000000
78133  36.295  -8.280  31.677 0.0000000000
183003  27.292  -10.342  32.859 0.0000000000
73303  27.924  -10.474  32.222 0.0000000000
73319  27.122  -10.618  30.949 0.0000000000
82669  32.506  -3.911  24.520 0.0000000000
81455  32.533  -4.132  23.838 0.0000000000
82685  32.078  -4.315  24.247 0.0000000000
162009  31.819  -4.732  24.310 0.0000000000
97546  50.524  7.618  9.106 0.0000000000
97540  50.807  7.726  10.011 0.0000000000
98522  51.404  8.382  9.935 0.0000000000
164687  53.496  8.172  7.804 0.0000000000
97557  52.518  8.084  7.574 0.0000000000
97564  52.233  7.379  7.183 0.0000000000
96613  52.016  6.686  6.833 0.0000000000
94348  39.069  5.048  19.566 0.0000000000
94358  38.409  4.666  19.146 0.0000000000
93189  37.970  4.092  19.542 0.0000000000
92025  37.165  3.262  19.555 0.0000000000
88551  37.127  0.290  20.248 0.0000000000
89677  36.814  1.220  20.106 0.0000000000
88553  35.687  -0.125  19.431 0.0000000000
87401  34.614  -0.965  18.874 0.0000000000
164804  41.208  5.391  21.764 0.0000000000
95433  41.832  5.710  22.037 0.0000000000
95448  41.071  5.767  20.976 0.0000000000
95456  41.079  6.065  20.315 0.0000000000
95449  40.306  5.633  20.308 0.0000000000
70741  14.187  -13.564  37.682 0.0000000000
69367  13.795  -13.729  38.375 0.0000000000
74337  29.900  -9.772  39.705 0.0000000000
74349  28.894  -9.411  39.255 0.0000000000
75642  27.551  -9.007  37.503 0.0000000000
162510  23.643  -8.788  35.910 0.0000000000
75684  24.829  -8.719  36.189 0.0000000000
75702  24.265  -8.908  35.533 0.0000000000
75737  25.050  -9.446  34.194 0.0000000000
75738  24.391  -9.392  34.014 0.0000000000
157015  23.185  -10.065  32.193 0.0000000000
74486  22.609  -10.262  32.368 0.0000000000
74487  21.977  -10.609  32.596 0.0000000000
79271  33.371  -7.153  26.716 0.0000000000
176341  47.438  4.735  13.776 0.0000000000
94400  48.003  5.052  13.684 0.0000000000
94417  47.498  4.537  13.376 0.0000000000
94431  47.516  4.406  12.573 0.0000000000
93268  47.531  4.357  11.617 0.0000000000
93297  46.953  3.930  10.145 0.0000000000
93305  47.082  3.740  9.340 0.0000000000
94462  48.239  4.468  8.579 0.0000000000
93310  48.718  4.040  8.071 0.0000000000
76881  22.209  -7.842  40.581 0.0000000000
76864  22.127  -7.689  41.411 0.0000000000
76878  24.531  -8.305  40.858 0.0000000000
153327  23.022  -8.010  40.392 0.0000000000
96551  45.763  5.987  14.310 0.0000000000
95509  45.033  5.611  14.185 0.0000000000
76905  19.186  -8.071  40.395 0.0000000000
76906  18.543  -8.511  39.950 0.0000000000
76907  17.834  -8.767  40.307 0.0000000000
75593  17.245  -9.182  40.691 0.0000000000
75564  15.695  -9.034  42.467 0.0000000000
75580  15.888  -9.355  41.836 0.0000000000
73137  14.177  -11.584  40.830 0.0000000000
71945  13.894  -12.063  40.133 0.0000000000
71935  13.549  -11.989  40.966 0.0000000000
71936  12.984  -12.360  41.204 0.0000000000
75520  13.291  -9.198  46.337 0.0000000000
75521  12.725  -9.944  46.074 0.0000000000
70609  10.876  -12.776  44.916 0.0000000000
70596  11.167  -12.218  45.212 0.0000000000
70623  11.052  -12.985  44.223 0.0000000000
69307  11.485  -13.377  42.841 0.0000000000
158347  11.218  -14.080  42.743 0.0000000000
86118  34.867  -1.681  26.588 0.0000000000
84954  34.285  -2.042  26.946 0.0000000000
83728  35.480  -3.745  30.973 0.0000000000
82603  34.855  -3.880  29.826 0.0000000000
83766  34.222  -3.416  28.776 0.0000000000
176147  34.240  -5.396  28.482 0.0000000000
79253  34.625  -6.304  28.223 0.0000000000
79252  34.903  -6.628  28.404 0.0000000000
77040  35.787  -8.335  29.285 0.0000000000
156433  33.681  -9.683  28.814 0.0000000000
73170  30.960  -10.683  37.882 0.0000000000
73157  31.821  -10.358  38.822 0.0000000000
73189  31.134  -10.573  37.468 0.0000000000
73208  31.350  -10.398  37.088 0.0000000000
74431  31.061  -10.554  34.639 0.0000000000
74430  31.575  -10.082  34.655 0.0000000000
75715  33.125  -9.094  34.737 0.0000000000
76974  34.055  -8.750  34.554 0.0000000000
75733  33.547  -9.056  33.905 0.0000000000
182102  33.966  -9.052  33.401 0.0000000000
76985  34.222  -9.125  32.919 0.0000000000
174654  32.958  -9.175  32.167 0.0000000000
75772  30.200  -9.335  30.883 0.0000000000
75785  29.564  -9.614  29.642 0.0000000000
75802  30.320  -9.457  29.153 0.0000000000
75821  30.961  -9.662  28.567 0.0000000000
74583  30.252  -9.824  28.206 0.0000000000
83857  37.478  -3.036  22.841 0.0000000000
180206  37.294  -3.182  22.375 0.0000000000
83858  36.874  -3.429  22.691 0.0000000000
82695  36.236  -3.771  22.395 0.0000000000
80381  33.349  -5.475  21.544 0.0000000000
80395  33.595  -5.874  20.861 0.0000000000
96611  54.837  6.082  7.646 0.0000000000
91997  38.397  3.020  20.854 0.0000000000
91996  38.942  3.034  21.310 0.0000000000
89654  38.071  1.012  20.955 0.0000000000
89653  38.584  1.017  21.387 0.0000000000
170981  37.248  -0.524  20.115 0.0000000000
86203  36.577  -1.657  19.851 0.0000000000
85062  36.228  -2.299  19.865 0.0000000000
95413  42.604  5.842  22.926 0.0000000000
93124  41.296  4.268  23.151 0.0000000000
94279  41.089  4.747  22.422 0.0000000000
73215  17.456  -11.241  35.890 0.0000000000
71995  17.054  -11.549  36.187 0.0000000000
71996  16.694  -12.013  36.261 0.0000000000
181017  16.482  -11.818  36.741 0.0000000000
71979  16.343  -11.598  37.269 0.0000000000
73175  15.998  -11.490  38.077 0.0000000000
75623  25.767  -8.507  38.584 0.0000000000
75667  24.545  -8.602  36.859 0.0000000000
75669  23.007  -8.545  36.985 0.0000000000
75686  23.365  -8.652  36.416 0.0000000000
74435  22.099  -9.579  34.191 0.0000000000
160593  20.842  -9.990  34.353 0.0000000000
74437  20.137  -10.367  34.423 0.0000000000
93284  45.639  3.418  11.867 0.0000000000
93283  46.290  3.684  11.486 0.0000000000
92115  45.877  3.190  11.056 0.0000000000
155649  24.127  -8.031  42.965 0.0000000000
97475  43.734  7.761  18.525 0.0000000000
97479  43.591  7.617  17.791 0.0000000000
97484  43.836  7.528  16.955 0.0000000000
97499  44.061  7.387  16.222 0.0000000000
96530  43.723  6.890  15.808 0.0000000000
96543  44.066  6.541  15.210 0.0000000000
95497  43.105  5.982  14.959 0.0000000000
94406  42.523  5.278  14.026 0.0000000000
94389  41.762  5.452  14.504 0.0000000000
94407  41.661  4.948  13.774 0.0000000000
94423  41.795  4.504  13.107 0.0000000000
76853  18.801  -7.937  42.959 0.0000000000
76854  18.174  -8.170  42.437 0.0000000000
161498  18.047  -8.177  43.182 0.0000000000
76856  16.885  -8.544  42.850 0.0000000000
76820  17.252  -8.040  44.035 0.0000000000
76839  16.778  -8.284  43.473 0.0000000000
76857  16.272  -8.631  42.966 0.0000000000
75565  14.846  -9.263  42.682 0.0000000000
75566  14.071  -9.720  43.062 0.0000000000
73083  11.150  -11.183  46.911 0.0000000000
70585  10.568  -12.300  46.409 0.0000000000
70597  10.684  -12.518  45.649 0.0000000000
159220  10.378  -13.124  45.330 0.0000000000
67955  10.191  -14.180  44.391 0.0000000000
65508  8.892  -16.341  44.346 0.0000000000
66642  8.922  -15.371  45.435 0.0000000000
183137  35.938  -4.743  31.686 0.0000000000
81375  35.537  -5.001  30.875 0.0000000000
81387  35.310  -5.220  30.343 0.0000000000
155272  35.120  -5.652  29.755 0.0000000000
80291  35.412  -6.151  29.918 0.0000000000
183827  36.043  -8.283  29.897 0.0000000000
77022  34.253  -9.357  30.797 0.0000000000
73213  29.242  -10.606  35.844 0.0000000000
164768  29.490  -10.738  35.213 0.0000000000
73248  29.919  -10.810  34.844 0.0000000000
73264  30.174  -10.731  34.458 0.0000000000
73266  28.833  -10.518  33.933 0.0000000000
73265  29.567  -10.660  34.193 0.0000000000
74453  30.391  -10.483  33.935 0.0000000000
74477  30.760  -10.009  33.396 0.0000000000
75751  31.223  -9.523  32.843 0.0000000000
74504  29.846  -9.941  32.340 0.0000000000
74528  29.652  -9.745  31.497 0.0000000000
74506  28.453  -10.348  31.671 0.0000000000
74529  29.004  -10.071  31.138 0.0000000000
74551  28.400  -10.357  29.820 0.0000000000
83849  34.725  -3.697  23.427 0.0000000000
82683  34.218  -4.076  23.120 0.0000000000
82698  32.573  -4.599  23.010 0.0000000000
81478  33.063  -5.043  22.226 0.0000000000
80382  32.542  -5.576  21.868 0.0000000000
96604  54.237  6.821  7.643 0.0000000000
94368  38.843  4.994  17.043 0.0000000000
94374  38.945  4.848  16.198 0.0000000000
93218  37.884  4.239  17.098 0.0000000000
93219  37.387  3.860  17.510 0.0000000000
92008  37.963  2.933  20.534 0.0000000000
92009  37.561  3.116  20.128 0.0000000000
90791  36.516  2.227  19.490 0.0000000000
89689  36.334  1.574  19.583 0.0000000000
89697  36.080  1.961  18.980 0.0000000000
89698  35.685  1.706  18.481 0.0000000000
96482  42.584  6.411  21.831 0.0000000000
97469  42.905  7.378  19.464 0.0000000000
95462  40.823  6.141  19.637 0.0000000000
96514  41.255  6.475  19.092 0.0000000000
96519  41.094  6.396  18.417 0.0000000000
95471  40.574  6.135  17.910 0.0000000000
95472  39.857  5.741  17.682 0.0000000000
74322  32.527  -10.304  41.311 0.0000000000
74321  33.012  -10.126  41.110 0.0000000000
73132  32.188  -10.318  40.795 0.0000000000
73146  31.778  -10.377  39.869 0.0000000000
73159  31.325  -10.547  39.050 0.0000000000
73160  30.935  -10.496  39.008 0.0000000000
163103  30.958  -10.657  38.328 0.0000000000
73172  30.299  -10.732  37.448 0.0000000000
73193  29.400  -10.532  36.541 0.0000000000
75643  26.253  -8.639  37.826 0.0000000000
174108  26.864  -8.740  37.488 0.0000000000
74386  27.092  -8.865  37.126 0.0000000000
75683  25.615  -8.737  36.085 0.0000000000
74401  26.959  -8.926  36.618 0.0000000000
74385  27.633  -9.226  36.934 0.0000000000
181665  28.198  -9.695  36.793 0.0000000000
74384  28.606  -10.120  36.406 0.0000000000
74399  28.245  -10.128  35.819 0.0000000000
74413  27.701  -10.030  35.118 0.0000000000
74457  25.731  -9.601  33.970 0.0000000000
173901  26.212  -9.938  33.464 0.0000000000
74482  26.253  -10.105  32.781 0.0000000000
74508  25.322  -10.199  31.548 0.0000000000
74533  24.639  -10.330  31.085 0.0000000000
74488  21.372  -10.888  32.862 0.0000000000
80335  32.085  -5.724  25.886 0.0000000000
95538  50.427  5.819  11.743 0.0000000000
94439  48.101  4.703  11.156 0.0000000000
96573  50.110  6.242  10.902 0.0000000000
96584  49.766  6.580  9.870 0.0000000000
95555  49.316  6.151  9.218 0.0000000000
96592  50.054  7.061  9.076 0.0000000000
96605  50.447  6.830  7.797 0.0000000000
96615  50.923  6.876  7.336 0.0000000000
95571  50.606  6.177  7.239 0.0000000000
75650  20.543  -8.628  38.075 0.0000000000
75673  19.901  -8.950  37.661 0.0000000000
76944  20.463  -8.375  38.811 0.0000000000
76903  21.014  -7.884  40.067 0.0000000000
76904  20.415  -7.863  40.285 0.0000000000
157095  19.839  -8.000  40.126 0.0000000000
153331  19.598  -7.739  42.515 0.0000000000
76833  22.240  -7.680  43.486 0.0000000000
76851  21.017  -7.657  42.801 0.0000000000
76836  19.034  -7.893  43.632 0.0000000000
76796  18.797  -7.783  44.993 0.0000000000
74308  33.040  -10.062  41.969 0.0000000000
74309  32.555  -10.157  42.166 0.0000000000
73121  31.903  -10.202  41.586 0.0000000000
73135  31.246  -9.973  41.254 0.0000000000
74311  30.747  -9.754  41.588 0.0000000000
162599  30.870  -9.834  40.932 0.0000000000
75602  28.414  -9.015  39.849 0.0000000000
154059  27.120  -8.645  39.374 0.0000000000
75603  27.431  -8.585  40.728 0.0000000000
75604  26.845  -8.553  40.261 0.0000000000
76900  23.627  -8.268  39.770 0.0000000000
76922  23.425  -8.370  38.987 0.0000000000
75649  21.290  -8.541  37.847 0.0000000000
93226  38.446  4.355  15.908 0.0000000000
96539  48.014  6.549  14.456 0.0000000000
95507  47.457  5.263  14.134 0.0000000000
94401  47.093  4.842  14.001 0.0000000000
94418  46.335  4.249  13.582 0.0000000000
93258  45.922  4.030  13.119 0.0000000000
93271  45.398  3.724  12.574 0.0000000000
95510  44.168  5.562  14.310 0.0000000000
94404  44.592  5.040  13.902 0.0000000000
175468  43.426  4.636  13.200 0.0000000000
94421  44.104  4.681  13.513 0.0000000000
94420  44.936  4.491  13.614 0.0000000000
174125  19.332  -9.034  37.990 0.0000000000
75652  18.603  -9.308  37.986 0.0000000000
75653  17.865  -9.679  38.366 0.0000000000
74368  17.440  -10.204  37.950 0.0000000000
74369  16.853  -10.530  38.259 0.0000000000
73174  16.287  -10.911  38.566 0.0000000000
73162  15.682  -11.431  38.938 0.0000000000
76869  17.596  -8.524  41.949 0.0000000000
75578  17.072  -8.934  41.453 0.0000000000
75595  16.140  -9.717  41.216 0.0000000000
74326  16.425  -10.100  40.587 0.0000000000
71955  13.930  -12.523  38.864 0.0000000000
70709  13.616  -13.148  38.943 0.0000000000
70692  13.362  -12.518  39.524 0.0000000000
70710  13.177  -13.372  39.608 0.0000000000
69368  13.331  -14.012  39.052 0.0000000000
76823  14.533  -8.491  44.680 0.0000000000
75537  14.319  -8.827  44.047 0.0000000000
75553  13.869  -9.524  43.839 0.0000000000
74259  12.105  -10.373  46.602 0.0000000000
73082  11.882  -10.854  46.200 0.0000000000
73086  12.116  -11.032  45.420 0.0000000000
71897  11.663  -11.951  44.781 0.0000000000
73092  11.900  -11.482  45.081 0.0000000000
73091  12.365  -11.189  44.642 0.0000000000
74287  12.921  -10.767  44.147 0.0000000000
74300  13.185  -10.897  43.470 0.0000000000
73112  13.103  -11.402  42.992 0.0000000000
73125  13.248  -11.722  42.218 0.0000000000
71924  12.849  -12.232  41.981 0.0000000000
70658  12.494  -12.800  41.607 0.0000000000
162859  11.584  -13.859  42.262 0.0000000000
69323  11.875  -14.073  41.623 0.0000000000
69211  6.972  -13.219  48.575 0.0000000000
69223  6.416  -13.415  48.401 0.0000000000
67886  6.003  -13.975  48.070 0.0000000000
87360  39.205  -0.733  22.638 0.0000000000
83830  36.302  -2.919  24.122 0.0000000000
159649  34.401  -2.684  24.723 0.0000000000
156083  33.605  -2.813  25.279 0.0000000000
83814  32.949  -3.324  25.619 0.0000000000
160782  32.583  -3.846  25.910 0.0000000000
82644  32.490  -4.295  26.525 0.0000000000
84942  34.337  -2.160  27.746 0.0000000000
83778  33.207  -3.578  27.173 0.0000000000
80334  32.498  -5.751  26.488 0.0000000000
79272  32.975  -6.464  26.633 0.0000000000
79263  33.656  -6.466  27.226 0.0000000000
74594  33.312  -10.426  26.963 0.0000000000
78103  36.938  -7.073  33.611 0.0000000000
74335  32.949  -9.979  40.339 0.0000000000
74334  33.825  -9.378  40.228 0.0000000000
74347  32.647  -9.863  38.948 0.0000000000
172564  33.455  -9.337  39.020 0.0000000000
75618  34.239  -8.924  39.464 0.0000000000
76951  35.532  -7.915  37.368 0.0000000000
181793  30.551  -11.180  35.696 0.0000000000
174878  31.151  -10.439  36.426 0.0000000000
74397  31.749  -10.050  36.587 0.0000000000
74411  31.555  -10.054  35.226 0.0000000000
74396  32.444  -9.518  36.318 0.0000000000
75681  33.027  -9.209  36.785 0.0000000000
76959  34.622  -8.355  36.907 0.0000000000
76958  35.599  -7.852  36.573 0.0000000000
76973  35.466  -8.116  34.642 0.0000000000
78094  36.673  -7.420  34.685 0.0000000000
78104  36.513  -7.667  33.135 0.0000000000
78116  36.261  -8.181  32.462 0.0000000000
77009  34.989  -9.178  31.701 0.0000000000
75780  33.404  -9.355  30.489 0.0000000000
170281  31.676  -9.153  32.384 0.0000000000
75760  31.909  -8.942  31.671 0.0000000000
75770  31.444  -8.943  30.991 0.0000000000
154253  30.833  -10.041  27.933 0.0000000000
74582  31.659  -10.061  28.143 0.0000000000
86187  38.721  -1.296  22.307 0.0000000000
86188  38.421  -1.438  21.685 0.0000000000
86194  38.216  -1.600  21.056 0.0000000000
83869  37.619  -2.884  22.096 0.0000000000
85060  37.596  -2.179  20.479 0.0000000000
85061  37.018  -2.292  20.192 0.0000000000
181405  35.837  -2.834  19.931 0.0000000000
82696  35.462  -4.183  22.540 0.0000000000
82705  35.726  -4.085  21.831 0.0000000000
82717  35.368  -4.413  21.198 0.0000000000
181858  35.312  -3.646  20.025 0.0000000000
83901  35.034  -3.070  19.631 0.0000000000
96614  51.292  6.487  6.907 0.0000000000
95570  51.862  5.958  6.619 0.0000000000
93335  52.212  4.794  6.542 0.0000000000
67901  8.870  -13.917  47.030 0.0000000000
69253  9.749  -13.193  46.474 0.0000000000
73098  12.689  -11.310  43.855 0.0000000000
73133  31.923  -10.274  40.681 0.0000000000
73150  15.041  -11.416  40.005 0.0000000000
73163  15.267  -11.647  39.495 0.0000000000
73168  31.560  -10.403  37.921 0.0000000000
73169  31.377  -10.528  38.299 0.0000000000
73191  30.585  -10.876  36.775 0.0000000000
73210  30.628  -10.992  36.135 0.0000000000
73228  31.052  -10.663  36.078 0.0000000000
73231  29.875  -11.088  35.427 0.0000000000
73247  30.463  -11.039  35.072 0.0000000000
73250  28.309  -10.391  34.478 0.0000000000
73304  27.327  -10.456  31.671 0.0000000000
74262  12.345  -10.519  45.758 0.0000000000
74272  12.629  -10.661  44.946 0.0000000000
74324  29.797  -9.500  40.569 0.0000000000
74328  14.983  -10.466  40.959 0.0000000000
74365  29.765  -10.300  38.137 0.0000000000
74367  28.252  -9.373  37.887 0.0000000000
74400  27.751  -9.566  36.362 0.0000000000
74452  31.024  -10.344  34.073 0.0000000000
74550  28.956  -10.019  30.192 0.0000000000
75587  34.320  -9.254  41.387 0.0000000000
75668  23.792  -8.566  36.964 0.0000000000
75705  21.118  -9.281  35.522 0.0000000000
76952  34.510  -8.475  37.690 0.0000000000
80361  31.504  -5.351  23.993 0.0000000000
81438  31.949  -4.845  25.348 0.0000000000
82565  36.244  -4.588  32.247 0.0000000000
82576  35.649  -4.586  31.179 0.0000000000
82633  32.946  -4.011  27.056 0.0000000000
82670  32.026  -4.399  24.869 0.0000000000
82716  35.845  -3.799  21.069 0.0000000000
85043  37.980  -2.379  21.755 0.0000000000
85051  37.901  -2.228  21.034 0.0000000000
86195  37.903  -1.708  20.504 0.0000000000
87366  38.679  -0.844  21.904 0.0000000000
87384  36.922  -1.036  19.952 0.0000000000
88526  38.579  -0.331  21.459 0.0000000000
88536  37.909  0.275  20.692 0.0000000000
89690  35.779  1.305  19.054 0.0000000000
90752  39.187  2.225  21.749 0.0000000000
90786  37.076  2.469  20.074 0.0000000000
93126  40.227  3.665  22.456 0.0000000000
93190  37.565  3.642  19.787 0.0000000000
93206  37.447  3.792  19.135 0.0000000000
94304  40.115  4.627  21.550 0.0000000000
94361  38.850  5.061  17.848 0.0000000000
94375  38.377  4.573  16.672 0.0000000000
95467  40.002  5.855  18.490 0.0000000000
95479  39.366  5.254  16.683 0.0000000000
95495  44.466  6.127  14.658 0.0000000000
95539  49.766  5.626  11.450 0.0000000000
96495  43.433  7.173  21.478 0.0000000000
96525  43.455  7.116  16.466 0.0000000000
96541  46.375  7.118  14.666 0.0000000000
96548  47.931  5.664  14.214 0.0000000000
97485  43.181  7.231  17.148 0.0000000000
152477  41.153  5.162  14.368 0.0000000000
153326  21.534  -7.786  40.460 0.0000000000
154204  31.199  -10.087  40.416 0.0000000000
155483  8.736  -13.688  47.528 0.0000000000
155861  26.065  -8.688  36.676 0.0000000000
155996  46.941  4.443  13.702 0.0000000000
159021  24.655  -8.264  41.515 0.0000000000
160564  36.346  2.466  18.876 0.0000000000
162862  32.171  -10.336  39.911 0.0000000000
163477  31.932  -9.760  35.708 0.0000000000
167614  36.503  -0.234  19.871 0.0000000000
169863  31.122  -10.597  38.529 0.0000000000
170296  32.024  -10.331  40.201 0.0000000000
172696  11.511  -11.080  46.439 0.0000000000
177753  27.067  -8.742  37.981 0.0000000000
179160  17.183  -11.118  36.371 0.0000000000
180310  27.691  -8.706  40.013 0.0000000000
182299  49.681  6.580  8.997 0.0000000000
182916  31.568  -10.466  39.577 0.0000000000
183009  51.620  4.760  6.711 0.0000000000
183923  42.124  6.079  21.774 0.0000000000
184060  32.449  -10.257  40.141 0.0000000000
