#!ascii label  , from subject sub-v2s13x29117_ses-1 vox2ras=TkReg
2063
195059  -33.682  -75.441  -50.914 0.5000000000
11566  -32.949  -75.551  -51.011 0.6000000238
15700  -40.647  -72.504  -45.892 0.3000000119
11553  -32.413  -76.178  -50.489 0.5000000000
15734  -40.010  -72.076  -47.540 0.4000000060
15735  -40.805  -71.802  -47.070 0.4000000060
211860  -41.443  -71.688  -46.731 0.4000000060
201794  -41.095  -72.070  -46.339 0.3000000119
16787  -41.396  -71.429  -47.545 0.4000000060
15746  -34.727  -72.432  -50.407 0.5000000000
14773  -34.312  -72.792  -50.997 0.5000000000
12612  -33.893  -74.725  -51.174 0.5000000000
207934  -33.332  -73.236  -50.113 0.6000000238
14772  -33.400  -73.178  -50.897 0.5000000000
12611  -32.443  -74.713  -51.326 0.6000000238
13639  -40.658  -73.797  -45.051 0.3000000119
12610  -31.621  -74.652  -51.124 0.5000000000
210871  -39.093  -72.355  -49.042 0.5000000000
14754  -38.821  -72.731  -48.559 0.5000000000
14705  -41.076  -73.083  -45.394 0.3000000119
13702  -31.637  -73.387  -50.763 0.6000000238
11552  -31.716  -75.551  -50.687 0.5000000000
16798  -40.917  -71.348  -48.496 0.5000000000
15742  -40.164  -71.763  -48.447 0.4000000060
16774  -42.084  -71.436  -46.764 0.4000000060
15720  -42.372  -71.736  -45.970 0.3000000119
15702  -42.125  -72.323  -45.527 0.3000000119
16806  -41.157  -70.645  -49.426 0.4000000060
16788  -42.167  -70.988  -47.669 0.4000000060
16789  -42.605  -71.038  -47.111 0.4000000060
17895  -42.381  -70.473  -48.601 0.4000000060
16785  -37.170  -71.752  -46.859 0.6999999881
15732  -36.753  -71.995  -47.518 0.6999999881
15740  -36.298  -72.040  -48.383 0.6999999881
12613  -34.584  -74.318  -51.131 0.5000000000
15698  -36.589  -72.380  -45.755 0.6999999881
15715  -36.519  -72.360  -46.623 0.6999999881
14752  -35.321  -72.937  -48.259 0.8000000119
14761  -35.054  -72.673  -49.234 0.5000000000
190710  -33.857  -73.390  -49.127 0.6999999881
13715  -35.989  -73.992  -50.775 0.5000000000
187135  -35.289  -73.342  -46.796 0.6999999881
14775  -37.834  -72.645  -50.259 0.4000000060
15749  -38.388  -72.345  -50.034 0.5000000000
207951  -42.080  -73.546  -44.755 0.3000000119
13685  -33.313  -73.861  -48.313 0.6000000238
15761  -38.630  -71.540  -50.469 0.5000000000
15751  -39.631  -71.808  -49.311 0.5000000000
14706  -42.345  -72.764  -44.978 0.3000000119
13693  -32.886  -73.563  -49.374 0.5000000000
16818  -40.347  -70.530  -50.082 0.5000000000
19179  -41.886  -69.043  -49.556 0.4000000060
17914  -41.582  -69.801  -49.619 0.4000000060
17897  -43.669  -70.156  -47.713 0.4000000060
180708  -43.957  -70.477  -46.391 0.4000000060
16775  -42.709  -71.273  -46.458 0.4000000060
19169  -43.713  -68.527  -49.148 0.3000000119
17906  -42.913  -69.886  -48.820 0.4000000060
16713  -37.419  -71.553  -42.452 0.5000000000
15666  -37.149  -72.036  -43.656 0.6000000238
16724  -38.200  -71.317  -43.586 0.6000000238
16756  -37.796  -71.498  -45.612 0.6000000238
16772  -37.528  -71.576  -46.222 0.6000000238
16689  -36.709  -71.080  -40.875 0.5000000000
16701  -36.453  -71.612  -41.421 0.5000000000
16712  -36.752  -71.901  -42.177 0.6000000238
15684  -37.054  -72.137  -44.467 0.6000000238
200436  -36.676  -72.348  -45.079 0.6999999881
15757  -35.286  -72.135  -50.893 0.6000000238
10443  -40.814  -76.825  -43.907 0.3000000119
16667  -35.136  -71.248  -40.058 0.6999999881
16700  -35.787  -71.881  -41.212 0.6000000238
15635  -36.010  -72.134  -41.946 0.6000000238
15647  -36.948  -72.038  -42.977 0.6000000238
15665  -36.543  -72.396  -43.703 0.6999999881
14702  -35.504  -73.169  -45.558 0.6999999881
16814  -36.722  -71.281  -50.277 0.6000000238
16823  -36.768  -71.468  -50.855 0.6000000238
203203  -35.915  -73.174  -51.151 0.5000000000
17751  -34.600  -70.480  -39.586 0.6999999881
15626  -34.933  -72.115  -40.980 0.6000000238
15633  -34.590  -72.442  -41.441 0.6000000238
215974  -35.014  -72.838  -42.775 0.6000000238
14671  -34.791  -73.294  -44.067 0.6999999881
14721  -34.947  -73.516  -46.022 0.6999999881
15759  -37.485  -72.126  -50.772 0.5000000000
13621  -41.244  -74.570  -44.880 0.3000000119
16645  -33.331  -70.972  -39.310 0.6999999881
16666  -33.685  -71.364  -39.668 0.6000000238
213632  -33.542  -72.242  -40.519 0.6999999881
14652  -34.404  -73.087  -42.855 0.6000000238
14670  -34.260  -73.334  -43.568 0.6000000238
13671  -33.520  -73.985  -47.517 0.6999999881
17920  -37.836  -70.713  -50.436 0.5000000000
17922  -39.250  -70.193  -50.267 0.5000000000
14621  -33.355  -72.593  -41.101 0.6000000238
14651  -33.125  -73.396  -42.652 0.6000000238
13635  -33.680  -73.912  -45.366 0.6000000238
190723  -33.157  -74.085  -47.007 0.6000000238
210912  -32.961  -74.029  -47.718 0.6000000238
19176  -39.802  -69.640  -49.344 0.5000000000
200402  -42.645  -72.031  -45.321 0.3000000119
184371  -32.550  -72.111  -39.937 0.6999999881
14612  -32.126  -72.683  -40.496 0.6000000238
14633  -33.069  -73.060  -41.833 0.6000000238
13590  -33.158  -73.610  -43.309 0.6000000238
13603  -32.837  -73.991  -43.889 0.5000000000
13614  -32.803  -74.184  -44.734 0.5000000000
13654  -31.608  -74.279  -46.971 0.5000000000
13683  -31.318  -73.537  -48.977 0.5000000000
19178  -41.085  -69.198  -49.556 0.5000000000
21739  -45.817  -67.114  -48.493 0.3000000119
20451  -45.283  -67.460  -48.652 0.3000000119
211756  -44.948  -68.143  -48.690 0.3000000119
17879  -44.268  -69.895  -47.374 0.4000000060
13682  -30.835  -73.486  -48.431 0.5000000000
20449  -43.357  -68.026  -48.955 0.3000000119
186658  -43.776  -68.079  -48.999 0.3000000119
17907  -43.507  -69.569  -48.655 0.4000000060
19006  -37.475  -69.317  -40.620 0.5000000000
17802  -37.830  -70.499  -41.230 0.5000000000
17803  -38.444  -70.272  -41.572 0.5000000000
17818  -38.741  -70.487  -42.251 0.5000000000
20293  -35.766  -68.691  -40.866 0.5000000000
20274  -36.207  -68.985  -40.400 0.5000000000
203514  -36.369  -70.008  -40.077 0.5000000000
16703  -38.045  -70.951  -42.061 0.5000000000
16714  -38.477  -70.942  -42.820 0.5000000000
17857  -39.033  -70.811  -45.038 0.6000000238
17874  -38.712  -70.889  -45.806 0.6000000238
18986  -35.001  -69.585  -39.827 0.5000000000
188632  -38.643  -70.716  -46.768 0.6000000238
16797  -37.889  -70.893  -48.104 0.8000000119
10429  -41.006  -77.151  -43.143 0.3000000119
20291  -34.105  -69.089  -40.533 0.6000000238
18968  -34.525  -69.975  -39.563 0.6000000238
189227  -35.817  -70.321  -39.891 0.6000000238
190531  -39.274  -70.374  -46.900 0.4000000060
10444  -41.323  -76.467  -43.434 0.3000000119
18966  -33.263  -69.979  -39.472 0.6999999881
17903  -38.465  -70.398  -48.525 0.5000000000
16802  -36.755  -71.368  -49.192 0.6000000238
12521  -41.814  -74.961  -44.074 0.3000000119
13623  -42.257  -74.041  -44.200 0.3000000119
198143  -32.681  -70.030  -39.391 0.6999999881
19155  -40.398  -69.531  -47.955 0.4000000060
16644  -32.632  -71.076  -39.229 0.6000000238
15606  -32.210  -71.635  -39.455 0.6999999881
17905  -39.718  -69.752  -48.389 0.4000000060
16760  -43.154  -71.460  -45.479 0.3000000119
16642  -31.356  -70.995  -38.908 0.6000000238
15605  -31.419  -71.789  -39.201 0.6999999881
14632  -32.258  -73.328  -41.617 0.6000000238
13588  -31.879  -74.197  -42.728 0.5000000000
12506  -31.570  -74.584  -43.208 0.5000000000
182231  -32.035  -74.475  -46.010 0.6000000238
19157  -41.866  -68.743  -48.275 0.4000000060
19166  -41.232  -69.035  -48.766 0.4000000060
21705  -45.234  -67.267  -46.665 0.3000000119
21722  -45.572  -67.019  -48.118 0.3000000119
22959  -47.550  -66.230  -47.103 0.3000000119
21724  -46.961  -66.663  -47.387 0.3000000119
19139  -45.651  -68.530  -47.833 0.4000000060
17859  -43.627  -70.958  -45.729 0.3000000119
182941  -31.524  -73.175  -40.754 0.6000000238
13573  -31.046  -74.285  -41.689 0.5000000000
12505  -31.202  -74.711  -42.811 0.5000000000
12518  -31.487  -74.735  -43.743 0.5000000000
13632  -30.615  -74.569  -45.960 0.5000000000
13653  -30.794  -74.141  -46.781 0.6000000238
13667  -30.238  -73.557  -47.352 0.5000000000
19158  -42.581  -68.444  -48.000 0.3000000119
196338  -44.079  -67.719  -47.605 0.3000000119
13544  -30.960  -73.764  -40.968 0.5000000000
12504  -30.452  -75.151  -43.077 0.5000000000
12545  -30.195  -74.730  -45.243 0.5000000000
12515  -29.139  -74.746  -43.932 0.5000000000
218033  -35.800  -68.065  -42.390 0.5000000000
20294  -36.501  -68.481  -40.981 0.5000000000
19007  -38.145  -69.419  -40.926 0.5000000000
20313  -39.408  -68.499  -41.558 0.5000000000
19056  -39.509  -69.567  -42.022 0.5000000000
17819  -39.380  -70.088  -42.523 0.5000000000
191085  -34.311  -68.855  -41.322 0.5000000000
20275  -36.962  -68.855  -40.636 0.5000000000
17831  -39.931  -70.179  -43.684 0.4000000060
20292  -34.949  -68.830  -40.822 0.5000000000
17842  -40.047  -70.263  -44.413 0.4000000060
9481  -40.816  -77.941  -42.713 0.3000000119
10424  -41.716  -76.974  -41.799 0.3000000119
19030  -33.633  -69.037  -41.423 0.6000000238
17858  -40.220  -70.207  -45.181 0.4000000060
17875  -39.220  -70.538  -46.219 0.4000000060
19005  -32.356  -69.380  -40.698 0.6000000238
18984  -32.844  -69.628  -39.887 0.6000000238
11491  -41.597  -75.765  -43.724 0.3000000119
12507  -41.982  -75.241  -43.303 0.3000000119
18983  -31.854  -69.577  -40.037 0.6000000238
17876  -40.397  -69.826  -46.886 0.4000000060
18964  -30.650  -69.821  -39.194 0.6000000238
194693  -41.865  -69.368  -46.091 0.4000000060
19136  -41.852  -69.131  -47.063 0.4000000060
14691  -42.603  -73.138  -44.377 0.3000000119
17747  -30.777  -70.527  -38.725 0.6999999881
210182  -43.326  -68.371  -46.659 0.3000000119
20401  -43.737  -68.216  -46.085 0.3000000119
195673  -37.408  -67.837  -41.440 0.5000000000
21625  -37.986  -68.140  -41.150 0.5000000000
21626  -38.716  -68.303  -41.285 0.5000000000
21645  -39.998  -67.881  -41.805 0.4000000060
20332  -35.325  -68.367  -42.157 0.5000000000
20333  -40.393  -68.877  -42.289 0.4000000060
180985  -40.587  -69.279  -42.811 0.4000000060
20331  -34.662  -68.629  -42.662 0.6000000238
19076  -41.348  -69.408  -43.817 0.4000000060
19094  -41.316  -69.652  -44.535 0.4000000060
11480  -42.239  -75.578  -41.924 0.3000000119
11470  -42.046  -76.197  -41.677 0.3000000119
19004  -31.481  -69.501  -40.851 0.6000000238
19115  -40.879  -69.900  -45.295 0.4000000060
19135  -41.133  -69.646  -46.262 0.4000000060
19117  -42.222  -69.248  -45.474 0.4000000060
20400  -42.929  -68.797  -45.653 0.4000000060
19137  -42.575  -68.837  -46.604 0.3000000119
20382  -44.197  -67.937  -45.394 0.3000000119
17746  -30.290  -70.120  -38.501 0.6000000238
21660  -36.576  -67.489  -42.703 0.5000000000
21642  -37.912  -67.469  -41.655 0.5000000000
216134  -39.218  -66.473  -42.147 0.4000000060
21644  -39.325  -67.732  -41.571 0.4000000060
20357  -35.286  -68.223  -43.098 0.5000000000
21683  -36.380  -67.362  -43.508 0.5000000000
21646  -40.537  -67.341  -41.979 0.4000000060
211609  -33.654  -69.073  -42.693 0.6000000238
20356  -34.527  -68.671  -43.604 0.6000000238
20378  -35.012  -68.278  -44.071 0.6000000238
20315  -40.707  -68.150  -42.164 0.4000000060
19055  -33.336  -69.146  -42.286 0.6000000238
19073  -33.371  -69.275  -43.838 0.6000000238
20335  -42.046  -68.326  -43.150 0.4000000060
20359  -42.281  -68.704  -43.745 0.4000000060
19028  -31.926  -69.578  -42.248 0.6000000238
19095  -41.902  -69.400  -44.799 0.4000000060
21684  -43.243  -67.906  -43.714 0.4000000060
216068  -43.533  -68.149  -44.398 0.4000000060
22907  -44.210  -66.922  -43.442 0.4000000060
197745  -42.920  -73.802  -42.964 0.3000000119
13591  -43.418  -73.586  -42.358 0.3000000119
19003  -30.718  -69.563  -41.111 0.6000000238
21685  -44.080  -67.670  -44.219 0.4000000060
15668  -44.083  -71.988  -43.299 0.3000000119
202776  -43.265  -73.251  -43.056 0.3000000119
18981  -29.982  -69.380  -39.950 0.6000000238
18962  -29.539  -69.311  -38.650 0.6000000238
20271  -29.061  -68.734  -40.141 0.6999999881
216282  -29.329  -68.448  -42.206 0.6999999881
18980  -29.502  -69.106  -39.648 0.6000000238
20289  -28.731  -68.262  -40.320 0.6999999881
21638  -28.795  -67.598  -41.457 0.6999999881
21598  -28.416  -67.818  -39.088 0.6000000238
21658  -29.432  -67.943  -42.726 0.6999999881
22883  -29.097  -66.977  -42.739 0.6000000238
22838  -28.204  -67.143  -39.566 0.6999999881
22870  -28.755  -66.912  -41.957 0.6999999881
22871  -37.802  -66.929  -42.400 0.5000000000
24160  -38.651  -66.106  -42.940 0.5000000000
21704  -36.001  -67.510  -44.226 0.5000000000
22930  -36.470  -67.066  -44.310 0.5000000000
22904  -36.952  -66.843  -43.692 0.5000000000
24185  -39.009  -65.741  -43.329 0.5000000000
24162  -39.965  -65.933  -42.526 0.4000000060
22875  -40.358  -66.734  -42.009 0.4000000060
186878  -33.762  -68.915  -45.151 0.6000000238
21702  -34.830  -68.286  -44.878 0.6000000238
209691  -35.294  -67.871  -45.307 0.6000000238
22956  -36.141  -67.069  -45.595 0.6000000238
217912  -41.576  -66.896  -42.357 0.4000000060
19072  -32.577  -69.466  -43.645 0.6000000238
21737  -34.481  -68.313  -46.438 0.6000000238
21738  -35.105  -67.891  -46.077 0.6000000238
21663  -42.073  -67.529  -42.771 0.4000000060
19052  -31.210  -69.672  -42.686 0.6000000238
19092  -32.206  -69.370  -44.321 0.6000000238
19112  -32.502  -69.209  -44.941 0.6000000238
20423  -33.264  -68.878  -46.396 0.6000000238
20424  -33.757  -68.625  -47.069 0.6000000238
21664  -42.897  -67.479  -43.134 0.4000000060
24168  -45.002  -65.274  -42.769 0.4000000060
19070  -31.059  -69.398  -43.769 0.6000000238
19111  -31.967  -69.187  -44.754 0.6000000238
20396  -32.000  -68.974  -45.351 0.6000000238
20445  -32.423  -68.573  -47.979 0.6000000238
20460  -33.022  -68.301  -48.842 0.6000000238
24187  -44.615  -66.071  -42.987 0.4000000060
188323  -30.600  -69.652  -42.370 0.6000000238
20374  -30.912  -68.974  -44.379 0.5000000000
203317  -31.450  -68.726  -45.598 0.6000000238
20421  -31.736  -68.586  -46.420 0.6000000238
20458  -31.983  -68.167  -48.528 0.6000000238
21777  -32.395  -67.454  -49.324 0.6999999881
19001  -29.394  -69.158  -40.744 0.6999999881
214486  -30.198  -69.183  -43.025 0.6000000238
21701  -30.523  -68.307  -44.908 0.6000000238
20420  -31.057  -68.232  -46.230 0.6000000238
21776  -31.804  -67.482  -48.835 0.6000000238
22997  -32.740  -67.063  -49.275 0.6000000238
25527  -33.869  -65.506  -48.802 0.6000000238
21736  -30.622  -67.499  -46.939 0.6000000238
22982  -30.989  -67.216  -48.097 0.6000000238
22984  -32.234  -67.002  -48.539 0.6000000238
217569  -33.666  -66.192  -48.192 0.6000000238
198110  -30.096  -67.719  -44.486 0.6000000238
21700  -30.219  -67.320  -45.506 0.6000000238
22968  -30.659  -66.751  -47.484 0.5000000000
203324  -31.692  -66.855  -47.779 0.6000000238
24248  -33.680  -66.477  -47.194 0.6000000238
22952  -30.121  -66.156  -46.274 0.5000000000
205968  -28.241  -66.769  -40.490 0.6999999881
22882  -28.622  -66.112  -42.543 0.6999999881
22926  -29.395  -65.913  -44.761 0.5000000000
24203  -29.726  -65.285  -45.917 0.6000000238
24247  -30.452  -66.039  -46.794 0.5000000000
182485  -31.615  -66.587  -46.965 0.5000000000
25486  -29.853  -64.323  -45.966 0.6000000238
181789  -29.545  -57.219  -44.705 0.6000000238
216953  -30.041  -58.246  -44.354 0.6000000238
34226  -29.156  -58.526  -44.843 0.6000000238
24183  -37.541  -66.333  -43.859 0.5000000000
24207  -37.310  -66.202  -44.755 0.5000000000
25456  -38.702  -65.506  -44.075 0.5000000000
25432  -40.426  -65.510  -42.811 0.5000000000
25433  -41.207  -65.465  -42.657 0.4000000060
21758  -34.969  -67.723  -47.540 0.5000000000
186594  -35.975  -67.075  -46.180 0.5000000000
24259  -36.592  -66.238  -47.602 0.5000000000
191362  -42.087  -65.362  -42.625 0.4000000060
26654  -43.396  -64.533  -43.002 0.4000000060
22986  -35.544  -67.234  -47.741 0.5000000000
22987  -36.051  -66.726  -48.103 0.5000000000
22888  -42.598  -66.852  -42.753 0.4000000060
24166  -43.321  -65.544  -42.642 0.4000000060
25437  -44.578  -64.699  -42.674 0.4000000060
190495  -34.277  -67.706  -49.159 0.5000000000
23007  -35.194  -66.672  -49.680 0.5000000000
22998  -35.431  -67.056  -48.778 0.5000000000
22890  -43.724  -66.176  -42.814 0.4000000060
21786  -33.533  -67.123  -49.759 0.6000000238
24285  -34.490  -66.233  -49.968 0.6000000238
24279  -33.547  -66.451  -49.547 0.6000000238
25538  -34.105  -65.836  -49.932 0.5000000000
25515  -34.151  -64.870  -48.108 0.4000000060
26724  -33.992  -63.758  -48.366 0.4000000060
27949  -33.914  -63.120  -48.914 0.4000000060
25502  -34.897  -65.105  -46.160 0.6000000238
192599  -34.506  -65.279  -47.088 0.6000000238
26707  -34.391  -63.499  -47.195 0.5000000000
27943  -34.197  -62.683  -47.008 0.4000000060
29192  -33.622  -62.034  -48.283 0.4000000060
30453  -33.931  -61.510  -47.078 0.4000000060
22837  -27.740  -66.558  -38.934 0.6999999881
22955  -33.221  -66.847  -45.789 0.6000000238
25503  -35.057  -64.115  -46.281 0.5000000000
217983  -34.567  -62.551  -46.462 0.4000000060
24177  -28.403  -65.213  -43.266 0.6000000238
22953  -31.648  -65.963  -45.621 0.5000000000
22929  -33.086  -66.679  -45.011 0.5000000000
25488  -35.407  -64.628  -45.392 0.5000000000
26696  -35.533  -63.765  -45.498 0.5000000000
27944  -34.967  -63.152  -46.265 0.4000000060
190826  -34.867  -60.793  -45.817 0.4000000060
24202  -29.228  -64.644  -45.373 0.6000000238
24205  -33.617  -66.407  -44.340 0.5000000000
197441  -28.353  -56.326  -42.928 0.6999999881
36582  -30.178  -57.406  -43.295 0.6000000238
36567  -29.713  -57.497  -41.112 0.6999999881
36591  -30.550  -58.011  -43.699 0.6000000238
35339  -30.400  -58.143  -40.460 0.6000000238
34198  -29.973  -58.764  -43.790 0.6000000238
201437  -31.219  -58.590  -42.463 0.6000000238
34157  -31.013  -58.569  -40.854 0.6000000238
34149  -30.615  -58.631  -39.985 0.6000000238
31562  -31.165  -60.533  -38.480 0.6000000238
34210  -28.319  -58.871  -44.381 0.5000000000
34186  -30.773  -59.048  -43.169 0.6000000238
32963  -31.601  -59.613  -42.287 0.6000000238
32948  -31.974  -59.819  -41.633 0.6000000238
32916  -31.304  -59.667  -39.655 0.6000000238
25458  -40.158  -65.169  -43.494 0.5000000000
34184  -27.873  -58.796  -42.334 0.5000000000
34185  -29.146  -58.906  -42.684 0.5000000000
209860  -32.239  -60.351  -41.621 0.5000000000
31572  -32.299  -60.830  -40.001 0.5000000000
24236  -37.121  -66.110  -45.700 0.4000000060
25490  -38.305  -65.235  -45.599 0.5000000000
26692  -41.224  -64.557  -44.085 0.5000000000
25434  -41.736  -64.974  -43.050 0.4000000060
34167  -28.251  -59.023  -41.694 0.5000000000
34168  -29.509  -59.258  -42.071 0.5000000000
30391  -32.124  -61.189  -41.173 0.5000000000
30377  -32.389  -61.503  -40.278 0.5000000000
25489  -37.706  -65.506  -45.984 0.5000000000
26677  -43.194  -64.272  -43.719 0.4000000060
26678  -44.232  -64.026  -43.530 0.4000000060
27929  -45.261  -63.402  -44.497 0.4000000060
34166  -27.208  -59.054  -41.539 0.5000000000
31604  -29.760  -60.245  -41.065 0.5000000000
30390  -31.328  -61.109  -41.268 0.6000000238
29112  -31.381  -62.371  -40.208 0.6000000238
26655  -44.280  -64.362  -42.929 0.4000000060
31587  -27.540  -60.636  -40.095 0.6000000238
207303  -29.338  -60.660  -40.711 0.6000000238
30374  -29.971  -61.374  -40.718 0.6999999881
24281  -35.985  -66.163  -49.424 0.4000000060
24286  -35.322  -65.951  -49.899 0.5000000000
29070  -25.280  -62.687  -38.503 0.6000000238
212741  -34.547  -65.082  -49.892 0.5000000000
27959  -35.335  -63.390  -49.442 0.4000000060
26573  -26.133  -64.007  -38.099 0.6000000238
27958  -34.354  -63.693  -49.468 0.4000000060
25360  -26.973  -64.729  -38.831 0.6000000238
183744  -27.596  -65.453  -40.033 0.6000000238
30465  -34.771  -61.252  -48.585 0.4000000060
25427  -27.963  -64.387  -43.027 0.6000000238
24131  -28.211  -66.216  -41.060 0.6999999881
25472  -29.473  -63.737  -45.694 0.6000000238
25454  -30.758  -64.409  -44.292 0.6000000238
24204  -30.834  -64.667  -45.192 0.5000000000
22928  -32.190  -66.226  -44.697 0.5000000000
36566  -28.244  -56.883  -40.902 0.6999999881
35338  -29.613  -57.745  -40.211 0.6999999881
35328  -29.323  -58.005  -39.401 0.6000000238
35329  -29.952  -58.173  -39.784 0.6000000238
34139  -29.617  -58.863  -38.521 0.6000000238
213900  -30.717  -59.711  -38.735 0.6000000238
31550  -30.817  -60.861  -37.614 0.6999999881
30338  -31.561  -61.290  -38.233 0.6000000238
31563  -31.990  -60.999  -39.147 0.6000000238
184614  -38.963  -64.968  -45.348 0.5000000000
25491  -39.715  -64.672  -45.108 0.5000000000
25477  -39.925  -64.891  -44.255 0.5000000000
188912  -41.708  -64.308  -44.945 0.5000000000
29071  -32.434  -62.454  -38.424 0.6000000238
29060  -32.120  -62.628  -37.559 0.5000000000
26699  -41.363  -64.273  -45.805 0.5000000000
26693  -42.238  -64.366  -44.217 0.5000000000
26695  -44.627  -63.794  -44.932 0.4000000060
27848  -31.392  -63.805  -39.370 0.6000000238
27865  -32.148  -63.029  -39.367 0.6000000238
27828  -32.707  -63.631  -37.900 0.5000000000
24260  -37.166  -65.762  -47.223 0.5000000000
29091  -25.639  -62.186  -38.996 0.6000000238
30370  -26.217  -61.244  -39.635 0.4000000060
31586  -26.694  -60.640  -39.969 0.6000000238
27863  -29.546  -63.050  -40.382 0.6000000238
212888  -30.517  -62.912  -39.958 0.6000000238
26590  -32.411  -64.494  -38.710 0.6000000238
24282  -36.701  -65.647  -49.180 0.4000000060
25528  -38.244  -64.812  -48.505 0.4000000060
29092  -26.233  -62.339  -39.292 0.5000000000
29108  -27.278  -62.019  -40.037 0.5000000000
29109  -28.165  -61.947  -40.426 0.6000000238
29110  -28.960  -62.019  -40.533 0.6999999881
26601  -29.443  -63.587  -40.866 0.6000000238
207113  -29.938  -64.054  -40.240 0.6000000238
25361  -31.291  -65.113  -39.386 0.6000000238
25535  -36.407  -65.202  -49.516 0.5000000000
27845  -25.958  -62.814  -38.799 0.6000000238
27876  -27.806  -63.123  -41.413 0.6000000238
27878  -28.872  -63.037  -41.375 0.6000000238
25393  -30.703  -65.375  -40.673 0.6000000238
24115  -31.934  -65.954  -39.891 0.6000000238
24097  -32.901  -66.066  -39.261 0.6000000238
184846  -36.030  -64.167  -49.530 0.4000000060
26600  -27.167  -63.985  -40.364 0.5000000000
214104  -27.360  -63.347  -40.837 0.6000000238
194587  -28.949  -63.332  -42.674 0.6000000238
25414  -30.690  -65.283  -41.670 0.6000000238
197352  -32.051  -66.135  -40.660 0.6000000238
26587  -27.050  -64.270  -39.531 0.6000000238
25390  -27.576  -64.961  -41.062 0.6000000238
25411  -27.508  -64.134  -41.876 0.6000000238
26648  -28.941  -63.304  -43.640 0.6000000238
25413  -30.116  -64.467  -42.397 0.6000000238
26672  -30.001  -63.664  -44.712 0.6000000238
25470  -28.837  -63.691  -44.896 0.6000000238
24180  -32.258  -66.158  -43.935 0.5000000000
180878  -33.102  -66.354  -43.617 0.5000000000
37873  -27.450  -56.299  -41.226 0.6999999881
36559  -28.207  -57.136  -40.100 0.6999999881
39085  -25.344  -55.030  -40.362 0.6999999881
37850  -26.059  -56.478  -39.550 0.6999999881
36558  -27.377  -56.988  -39.798 0.6999999881
36546  -28.070  -57.396  -39.436 0.6999999881
190190  -29.037  -58.418  -38.667 0.6000000238
215258  -29.694  -60.038  -37.138 0.6000000238
31534  -29.874  -60.666  -36.480 0.5000000000
31561  -30.403  -60.152  -37.853 0.6999999881
30318  -30.685  -61.684  -36.364 0.5000000000
29050  -31.167  -62.292  -36.295 0.5000000000
199300  -32.335  -63.435  -36.533 0.5000000000
26698  -40.350  -64.352  -45.847 0.4000000060
26700  -42.516  -64.231  -45.990 0.5000000000
26702  -44.593  -63.778  -47.101 0.5000000000
200594  -44.827  -63.739  -46.195 0.5000000000
27942  -45.593  -62.711  -46.052 0.4000000060
25517  -38.282  -65.012  -47.373 0.4000000060
26711  -42.215  -64.227  -46.923 0.4000000060
26574  -32.855  -64.360  -38.109 0.6000000238
199084  -32.770  -65.133  -38.480 0.6000000238
206315  -33.372  -65.006  -37.797 0.6000000238
197823  -33.235  -66.263  -39.859 0.6000000238
24080  -34.068  -65.958  -38.543 0.6000000238
24143  -31.281  -65.702  -42.090 0.6000000238
24145  -32.592  -66.245  -41.433 0.6000000238
24099  -34.381  -66.101  -39.119 0.6000000238
25428  -30.151  -64.011  -43.665 0.6000000238
24134  -33.632  -66.234  -40.524 0.5000000000
24156  -31.993  -65.969  -43.128 0.6000000238
199686  -32.323  -66.176  -42.269 0.5000000000
24157  -32.697  -66.233  -43.008 0.5000000000
39070  -24.152  -54.669  -39.428 0.6999999881
37848  -24.747  -55.772  -38.868 0.6999999881
36544  -25.820  -56.829  -38.807 0.6999999881
36545  -26.637  -57.013  -39.236 0.6999999881
35306  -26.501  -57.870  -38.048 0.6000000238
35308  -28.164  -58.200  -38.503 0.6999999881
34117  -28.518  -59.207  -37.454 0.4000000060
39069  -23.559  -54.546  -38.960 0.6999999881
39058  -24.091  -55.254  -38.641 0.6999999881
37836  -25.066  -56.386  -38.442 0.6000000238
35305  -25.729  -57.595  -37.680 0.6000000238
31533  -29.359  -60.292  -36.323 0.5000000000
40274  -20.862  -53.380  -39.285 0.6999999881
215513  -21.992  -54.063  -38.577 0.6999999881
30297  -30.168  -61.466  -35.194 0.5000000000
40273  -19.895  -53.174  -39.426 0.6999999881
30298  -30.632  -61.905  -35.662 0.5000000000
40255  -18.260  -53.429  -39.102 0.6000000238
40254  -17.375  -53.647  -39.384 0.6000000238
39050  -16.209  -54.341  -39.153 0.6000000238
37833  -15.181  -55.098  -38.653 0.5000000000
36496  -15.543  -56.302  -36.733 0.5000000000
26712  -43.575  -64.136  -47.232 0.4000000060
27941  -45.142  -63.145  -46.761 0.4000000060
24118  -34.647  -66.117  -39.704 0.6000000238
34115  -26.652  -58.623  -37.058 0.5000000000
195798  -27.847  -58.978  -37.418 0.5000000000
39057  -23.348  -54.990  -38.225 0.6000000238
37834  -23.830  -55.660  -37.924 0.6000000238
36517  -25.061  -57.168  -37.314 0.6000000238
35283  -25.444  -57.833  -36.898 0.6000000238
199994  -27.258  -59.054  -36.739 0.5000000000
32892  -28.602  -59.549  -36.935 0.5000000000
31504  -29.548  -60.753  -35.494 0.5000000000
40258  -21.316  -53.861  -38.582 0.6999999881
39055  -21.774  -54.524  -38.064 0.6000000238
37824  -22.830  -55.753  -37.343 0.6000000238
36515  -23.895  -56.528  -37.020 0.6000000238
35270  -23.517  -57.374  -36.081 0.6000000238
30272  -30.292  -61.512  -34.485 0.5000000000
39053  -19.911  -54.333  -38.091 0.6999999881
39038  -21.410  -55.177  -37.577 0.6000000238
37822  -20.978  -55.907  -37.102 0.6000000238
36502  -22.076  -57.054  -36.326 0.6000000238
35269  -22.606  -57.515  -36.004 0.6000000238
39052  -18.882  -54.143  -38.209 0.6000000238
39037  -20.437  -55.233  -37.519 0.6000000238
37804  -20.293  -56.225  -36.748 0.6000000238
35267  -21.204  -57.347  -36.080 0.6000000238
39034  -17.514  -54.565  -37.735 0.6000000238
37819  -18.135  -55.329  -37.034 0.6000000238
36500  -19.073  -56.617  -36.100 0.6000000238
36486  -20.292  -57.336  -35.916 0.6000000238
37818  -17.188  -55.183  -37.129 0.5000000000
37817  -16.124  -55.174  -37.528 0.5000000000
37801  -17.750  -55.887  -36.508 0.5000000000
36499  -18.228  -56.547  -36.048 0.6000000238
36485  -19.485  -57.260  -35.762 0.6000000238
29191  -44.634  -63.153  -47.169 0.4000000060
36494  -14.170  -56.686  -37.666 0.5000000000
36497  -16.374  -56.524  -36.148 0.5000000000
36483  -17.818  -57.186  -35.609 0.6000000238
35220  -18.699  -58.584  -34.756 0.6000000238
35266  -14.578  -57.546  -36.143 0.5000000000
35241  -15.542  -57.831  -35.040 0.5000000000
36481  -16.041  -57.259  -35.570 0.4000000060
214223  -16.947  -57.809  -35.068 0.5000000000
35219  -17.848  -58.511  -34.515 0.6000000238
34092  -26.458  -58.773  -36.365 0.6000000238
32831  -27.406  -59.497  -35.424 0.5000000000
215671  -28.592  -60.056  -35.298 0.5000000000
34091  -25.734  -58.438  -36.047 0.6000000238
32830  -26.730  -59.207  -35.254 0.5000000000
211444  -29.375  -60.735  -34.533 0.5000000000
34072  -24.294  -58.532  -35.007 0.6999999881
34046  -24.731  -59.068  -34.565 0.6999999881
35248  -22.228  -58.116  -35.632 0.6000000238
34070  -22.613  -58.769  -35.234 0.6999999881
34069  -21.028  -58.631  -35.211 0.6000000238
34043  -22.141  -59.296  -34.847 0.6999999881
34068  -20.260  -58.643  -35.103 0.6000000238
32802  -21.129  -59.546  -34.292 0.6999999881
34067  -19.485  -58.646  -34.951 0.6000000238
32801  -20.422  -59.515  -34.022 0.6999999881
34037  -13.587  -58.690  -33.950 0.5000000000
35216  -14.969  -58.234  -34.471 0.5000000000
35242  -16.386  -57.907  -34.888 0.4000000060
35198  -17.268  -58.641  -33.895 0.6000000238
34019  -19.019  -59.272  -33.291 0.6000000238
35194  -14.378  -58.406  -33.815 0.5000000000
35217  -15.762  -58.336  -34.144 0.4000000060
35197  -16.804  -58.619  -33.269 0.5000000000
32811  -28.825  -60.353  -34.234 0.5000000000
32810  -28.201  -60.005  -34.100 0.5000000000
34048  -26.132  -58.966  -34.971 0.6000000238
32778  -26.437  -59.671  -33.514 0.5000000000
32759  -27.383  -59.743  -32.728 0.5000000000
34045  -23.924  -59.235  -34.586 0.6999999881
201804  -22.944  -59.755  -34.016 0.6999999881
32773  -22.427  -59.769  -33.420 0.6000000238
32750  -19.675  -59.425  -33.140 0.6999999881
184928  -21.586  -59.613  -33.106 0.6000000238
34018  -18.226  -58.941  -33.171 0.6000000238
34004  -19.427  -59.101  -32.750 0.6000000238
35162  -15.226  -57.755  -32.110 0.5000000000
35164  -16.577  -57.884  -32.189 0.4000000060
34003  -17.887  -58.546  -32.634 0.6000000238
37713  -15.449  -56.555  -31.793 0.4000000060
37714  -16.227  -56.752  -31.817 0.4000000060
190889  -16.869  -57.004  -31.878 0.5000000000
35165  -17.230  -57.607  -31.942 0.5000000000
32776  -24.891  -59.693  -33.405 0.6000000238
32758  -26.136  -59.702  -32.774 0.5000000000
32775  -24.093  -59.740  -33.397 0.6000000238
32726  -25.826  -59.539  -32.014 0.5000000000
32755  -23.759  -59.670  -32.697 0.6000000238
32722  -22.733  -59.209  -32.142 0.6000000238
33976  -23.934  -59.035  -31.613 0.5000000000
180834  -22.166  -58.402  -31.812 0.6000000238
33973  -20.431  -58.444  -32.077 0.6999999881
35170  -21.827  -57.777  -31.880 0.5000000000
35167  -19.241  -58.013  -32.010 0.6000000238
36420  -18.887  -57.321  -32.019 0.5000000000
38965  -16.935  -56.178  -32.127 0.4000000060
37748  -18.709  -56.013  -32.571 0.5000000000
48576  -13.206  -47.064  -32.140 0.4000000060
51141  -14.516  -45.971  -32.231 0.3000000119
48591  -14.349  -47.217  -33.076 0.4000000060
33946  -25.968  -58.537  -31.004 0.5000000000
47325  -14.157  -49.204  -33.438 0.3000000119
48607  -14.810  -47.906  -33.667 0.4000000060
35171  -23.233  -58.074  -31.424 0.5000000000
35135  -25.390  -57.942  -30.912 0.5000000000
45004  -14.905  -50.834  -35.207 0.3000000119
47327  -15.410  -48.477  -34.302 0.4000000060
206193  -22.965  -57.430  -31.464 0.5000000000
43824  -15.506  -51.477  -36.042 0.3000000119
36423  -21.577  -56.970  -32.080 0.6000000238
37717  -19.877  -56.455  -32.422 0.6999999881
37718  -20.578  -56.308  -32.441 0.6000000238
195275  -18.292  -55.384  -32.848 0.5000000000
37749  -19.430  -55.916  -32.689 0.5000000000
38988  -19.013  -55.390  -32.926 0.4000000060
203157  -20.417  -54.501  -33.081 0.4000000060
49863  -14.308  -46.537  -30.345 0.3000000119
51117  -14.276  -45.918  -31.262 0.3000000119
51131  -15.317  -45.743  -32.095 0.3000000119
51160  -15.161  -45.831  -33.147 0.3000000119
49919  -15.443  -46.254  -33.924 0.4000000060
36403  -24.255  -57.332  -31.076 0.5000000000
47337  -15.803  -49.414  -34.961 0.4000000060
48618  -15.706  -47.442  -34.511 0.4000000060
37721  -23.868  -56.665  -31.311 0.5000000000
46202  -15.983  -50.278  -35.714 0.4000000060
47348  -16.682  -48.646  -35.556 0.4000000060
36424  -22.412  -57.039  -31.812 0.5000000000
181262  -23.486  -56.008  -31.669 0.5000000000
45014  -16.694  -50.686  -36.077 0.4000000060
38966  -22.353  -55.647  -32.208 0.5000000000
37750  -20.120  -55.778  -32.743 0.5000000000
38991  -21.405  -54.917  -32.722 0.5000000000
199605  -17.291  -53.946  -33.387 0.3000000119
41354  -18.455  -53.478  -33.711 0.4000000060
40196  -19.955  -54.097  -33.360 0.4000000060
40177  -21.059  -54.355  -32.971 0.4000000060
47274  -14.308  -48.794  -30.048 0.3000000119
49878  -15.345  -46.378  -31.200 0.3000000119
51143  -15.563  -45.460  -32.695 0.4000000060
51161  -15.767  -45.310  -33.389 0.4000000060
37695  -27.185  -56.707  -30.501 0.4000000060
49932  -16.396  -46.133  -34.802 0.4000000060
200864  -26.585  -56.542  -30.619 0.4000000060
47338  -16.061  -48.495  -34.989 0.4000000060
49941  -16.896  -46.843  -35.392 0.4000000060
37694  -25.382  -56.456  -30.951 0.4000000060
48627  -17.010  -47.906  -35.714 0.4000000060
38967  -23.037  -55.297  -32.092 0.5000000000
45024  -17.137  -50.157  -36.260 0.4000000060
43826  -17.893  -50.937  -35.503 0.3000000119
40160  -22.934  -54.581  -32.449 0.5000000000
42570  -19.366  -52.299  -34.356 0.3000000119
199852  -15.385  -48.064  -30.767 0.3000000119
48563  -15.748  -47.264  -31.077 0.3000000119
49891  -15.971  -46.479  -31.486 0.3000000119
49905  -16.680  -45.514  -32.443 0.4000000060
51162  -16.460  -44.804  -33.578 0.4000000060
197402  -17.526  -44.214  -34.084 0.3000000119
51176  -16.624  -44.962  -34.305 0.4000000060
36384  -28.671  -56.721  -30.568 0.4000000060
37689  -29.807  -55.933  -30.825 0.4000000060
49942  -17.498  -46.223  -35.547 0.4000000060
180804  -26.086  -55.933  -30.744 0.4000000060
37722  -24.202  -55.907  -31.429 0.4000000060
47355  -17.888  -48.903  -36.359 0.3000000119
38968  -23.897  -55.244  -31.821 0.4000000060
45015  -17.545  -50.474  -36.097 0.3000000119
46212  -18.279  -49.594  -36.374 0.3000000119
45017  -19.204  -50.582  -35.587 0.3000000119
40197  -20.646  -53.890  -33.260 0.4000000060
46140  -15.384  -49.666  -30.774 0.3000000119
49892  -16.577  -46.444  -31.824 0.4000000060
49906  -17.589  -45.861  -32.823 0.4000000060
51146  -17.419  -44.469  -33.679 0.4000000060
212905  -30.472  -55.181  -30.947 0.4000000060
38922  -28.825  -55.338  -30.273 0.4000000060
51188  -17.884  -45.224  -35.290 0.4000000060
38941  -27.222  -55.363  -30.511 0.4000000060
48629  -18.055  -47.399  -36.202 0.4000000060
38939  -25.892  -55.087  -31.124 0.4000000060
40148  -26.996  -54.621  -30.806 0.4000000060
49958  -18.888  -47.199  -36.432 0.3000000119
184232  -25.352  -54.117  -31.883 0.4000000060
188071  -19.797  -49.096  -36.369 0.3000000119
40161  -23.610  -54.565  -32.236 0.5000000000
45027  -18.914  -49.998  -36.086 0.3000000119
45028  -19.694  -50.096  -35.809 0.3000000119
41340  -23.532  -53.319  -32.815 0.5000000000
192937  -20.765  -51.791  -34.521 0.3000000119
41359  -22.477  -53.010  -33.303 0.4000000060
42550  -19.757  -52.911  -34.005 0.4000000060
47299  -16.643  -49.148  -31.506 0.3000000119
51165  -18.522  -44.327  -34.475 0.3000000119
52559  -18.769  -44.064  -34.641 0.3000000119
40129  -29.967  -54.597  -30.311 0.4000000060
49943  -18.269  -46.252  -35.975 0.3000000119
201681  -28.518  -54.710  -30.182 0.4000000060
197833  -29.703  -53.942  -30.030 0.3000000119
49944  -19.031  -46.195  -36.283 0.3000000119
216635  -26.767  -53.805  -31.340 0.4000000060
208978  -28.199  -54.084  -30.264 0.4000000060
48641  -20.243  -47.691  -36.727 0.3000000119
192020  -20.435  -48.902  -36.305 0.3000000119
42526  -25.023  -52.939  -32.452 0.4000000060
45018  -19.955  -50.662  -35.390 0.3000000119
45005  -21.198  -51.187  -34.792 0.3000000119
43815  -21.872  -51.474  -34.376 0.3000000119
42554  -22.895  -52.322  -33.481 0.3000000119
52568  -19.327  -44.508  -35.619 0.3000000119
52569  -19.214  -43.850  -35.172 0.3000000119
52582  -20.128  -45.230  -36.541 0.3000000119
41302  -29.337  -53.280  -29.984 0.3000000119
41320  -27.430  -53.281  -30.902 0.4000000060
202009  -28.873  -52.580  -30.068 0.4000000060
48643  -21.257  -47.192  -36.233 0.3000000119
41330  -26.204  -53.251  -31.819 0.4000000060
42517  -26.878  -52.893  -31.428 0.4000000060
211715  -20.872  -49.306  -35.918 0.3000000119
45006  -21.347  -50.383  -35.162 0.3000000119
42537  -24.417  -52.367  -32.675 0.3000000119
43816  -22.421  -51.146  -34.217 0.3000000119
202062  -21.708  -46.192  -35.773 0.3000000119
48631  -21.629  -47.583  -35.663 0.3000000119
43768  -27.031  -52.027  -31.418 0.3000000119
43769  -27.611  -51.676  -30.986 0.3000000119
47339  -21.860  -49.261  -35.026 0.3000000119
43778  -25.078  -52.138  -32.365 0.3000000119
207946  -22.414  -50.433  -34.387 0.3000000119
43788  -23.929  -51.791  -32.968 0.3000000119
190085  -22.275  -45.679  -34.862 0.3000000119
53862  -22.871  -44.096  -33.911 0.3000000119
49934  -22.064  -47.338  -35.032 0.3000000119
43780  -26.512  -51.459  -31.669 0.3000000119
51181  -22.669  -46.153  -34.376 0.3000000119
195413  -23.062  -44.995  -33.891 0.3000000119
42551  -20.531  -52.795  -33.945 0.4000000060
43812  -19.003  -51.660  -34.719 0.3000000119
43814  -20.292  -51.339  -34.893 0.3000000119
15748  -36.105  -71.737  -49.595 0.6000000238
15767  -35.155  -72.254  -51.217 0.5000000000
197537  -34.391  -73.348  -51.326 0.5000000000
14780  -33.252  -73.329  -51.100 0.5000000000
13714  -35.195  -73.432  -51.273 0.5000000000
13695  -37.758  -73.608  -49.102 0.5000000000
15731  -36.155  -72.528  -47.428 0.6999999881
17892  -38.352  -70.657  -47.603 0.6999999881
215871  -35.545  -73.180  -46.220 0.6999999881
14740  -34.974  -73.394  -47.593 0.6999999881
13705  -37.011  -73.790  -49.948 0.4000000060
196637  -33.867  -73.936  -46.892 0.6999999881
16817  -38.857  -70.788  -50.473 0.5000000000
189202  -43.277  -72.114  -44.298 0.3000000119
17923  -40.322  -69.950  -50.144 0.5000000000
20448  -42.584  -68.334  -49.086 0.3000000119
17841  -39.393  -70.602  -44.176 0.6000000238
16739  -37.653  -71.717  -44.899 0.6000000238
17830  -39.411  -70.386  -43.284 0.5000000000
16668  -35.722  -70.975  -40.120 0.6000000238
14689  -36.107  -72.771  -45.120 0.6999999881
11490  -41.120  -76.172  -44.111 0.3000000119
14635  -34.645  -72.726  -42.141 0.6000000238
14653  -34.919  -73.061  -43.358 0.6000000238
14701  -34.958  -73.418  -45.264 0.6999999881
17902  -37.922  -70.581  -49.190 0.5000000000
16816  -38.055  -71.040  -50.631 0.6000000238
15769  -36.891  -71.972  -50.989 0.5000000000
13615  -33.479  -73.842  -44.559 0.6000000238
13656  -33.428  -74.050  -46.213 0.6999999881
13574  -31.785  -73.895  -41.980 0.5000000000
181014  -32.173  -74.507  -45.156 0.5000000000
16743  -44.087  -71.158  -44.330 0.3000000119
15616  -31.794  -72.284  -39.803 0.6000000238
12547  -31.593  -74.797  -44.893 0.5000000000
20452  -45.930  -67.461  -48.537 0.3000000119
17893  -39.041  -70.291  -47.762 0.5000000000
17844  -44.270  -70.783  -44.783 0.3000000119
12527  -30.473  -75.008  -44.494 0.5000000000
19058  -40.998  -69.343  -43.296 0.4000000060
13576  -42.910  -74.288  -42.281 0.3000000119
19093  -32.898  -69.311  -44.408 0.6000000238
182460  -29.267  -69.005  -41.392 0.6999999881
20353  -30.151  -68.837  -43.352 0.6000000238
22927  -29.858  -66.586  -45.174 0.6000000238
20398  -33.378  -68.993  -45.649 0.6000000238
24250  -36.751  -66.189  -46.614 0.5000000000
24165  -42.305  -66.138  -42.535 0.4000000060
20447  -33.693  -68.356  -48.190 0.6000000238
185434  -34.339  -67.971  -48.346 0.5000000000
21755  -31.077  -67.546  -48.128 0.6000000238
26750  -34.139  -64.309  -49.470 0.4000000060
24093  -27.526  -65.794  -39.156 0.6000000238
214659  -28.209  -65.314  -42.520 0.6999999881
34199  -30.619  -58.606  -43.723 0.6000000238
25475  -38.463  -65.352  -44.844 0.4000000060
24272  -37.018  -65.727  -48.238 0.4000000060
27950  -34.388  -62.774  -49.152 0.4000000060
24233  -33.935  -66.381  -45.077 0.4000000060
24077  -26.816  -65.647  -37.856 0.6000000238
36568  -30.542  -57.928  -41.839 0.6000000238
32962  -31.530  -59.806  -42.252 0.6000000238
216713  -42.704  -64.220  -45.213 0.5000000000
32926  -28.021  -59.931  -40.476 0.5000000000
29072  -32.626  -63.025  -38.586 0.6000000238
32925  -27.105  -59.991  -40.336 0.4000000060
26647  -28.086  -63.617  -43.405 0.5000000000
25537  -37.697  -64.772  -49.037 0.5000000000
25392  -30.109  -64.782  -41.216 0.6000000238
27887  -27.864  -63.363  -42.233 0.5000000000
39079  -17.505  -54.401  -40.505 0.6000000238
36495  -14.912  -56.854  -36.630 0.5000000000
36505  -24.754  -57.343  -36.636 0.5000000000
37823  -21.915  -55.808  -37.184 0.6000000238
36503  -22.905  -56.927  -36.460 0.6000000238
35251  -24.656  -58.076  -35.548 0.6000000238
37820  -19.027  -55.528  -37.055 0.6000000238
35215  -14.283  -58.371  -34.709 0.5000000000
182576  -26.813  -59.573  -34.136 0.5000000000
32752  -20.829  -59.426  -32.931 0.6000000238
35182  -15.151  -58.176  -32.747 0.5000000000
35168  -20.051  -57.862  -32.040 0.6000000238
47312  -14.233  -48.366  -33.304 0.3000000119
33977  -24.652  -59.115  -31.496 0.5000000000
203485  -17.925  -54.598  -33.122 0.3000000119
35136  -26.078  -57.710  -30.777 0.4000000060
36405  -25.584  -57.261  -30.841 0.4000000060
40194  -18.693  -54.219  -33.415 0.4000000060
198131  -18.063  -52.745  -33.994 0.3000000119
40179  -22.525  -54.149  -32.746 0.5000000000
37686  -27.545  -56.055  -30.407 0.4000000060
47288  -16.102  -48.380  -31.132 0.3000000119
47357  -19.336  -48.668  -36.577 0.3000000119
41328  -24.824  -53.640  -32.281 0.4000000060
42553  -22.117  -52.493  -33.690 0.3000000119
49959  -19.665  -47.030  -36.711 0.3000000119
42535  -23.088  -52.936  -33.110 0.4000000060
46157  -17.283  -49.774  -31.839 0.3000000119
49961  -20.904  -46.609  -36.694 0.3000000119
42527  -25.661  -52.712  -32.134 0.4000000060
51180  -22.119  -46.395  -35.056 0.3000000119
14631  -25.150  -73.475  -41.796 0.5000000000
13584  -26.250  -74.232  -42.361 0.5000000000
13585  -27.146  -74.437  -42.655 0.5000000000
13601  -28.367  -74.341  -43.576 0.4000000060
218052  -25.036  -72.369  -40.207 0.5000000000
14618  -25.356  -73.667  -40.954 0.5000000000
13572  -26.303  -74.596  -41.571 0.5000000000
12500  -26.919  -74.767  -42.028 0.5000000000
13586  -27.994  -74.753  -42.836 0.5000000000
12514  -28.705  -74.947  -43.199 0.4000000060
15601  -25.079  -71.673  -39.234 0.4000000060
14609  -25.593  -73.369  -40.097 0.5000000000
12470  -26.975  -74.911  -41.295 0.5000000000
12503  -29.412  -75.254  -43.052 0.4000000060
14598  -25.858  -73.053  -39.372 0.5000000000
13539  -26.675  -74.263  -40.126 0.5000000000
13555  -26.457  -74.562  -40.824 0.5000000000
14599  -26.552  -73.266  -39.144 0.5000000000
13556  -27.175  -74.706  -40.566 0.5000000000
13540  -27.436  -74.276  -39.931 0.5000000000
213005  -29.006  -74.665  -40.748 0.5000000000
13558  -29.623  -74.606  -40.937 0.4000000060
15603  -26.200  -72.694  -38.734 0.5000000000
13519  -27.725  -73.743  -39.397 0.5000000000
13542  -28.957  -73.886  -39.821 0.5000000000
13543  -30.208  -73.862  -40.497 0.5000000000
18902  -24.357  -69.338  -35.586 0.5000000000
15574  -26.190  -71.827  -37.690 0.5000000000
16609  -26.503  -71.450  -37.141 0.5000000000
15589  -27.258  -72.383  -37.997 0.5000000000
16610  -27.202  -71.484  -37.058 0.5000000000
14601  -28.064  -73.177  -38.907 0.5000000000
15590  -27.973  -72.347  -37.920 0.5000000000
186569  -29.278  -73.271  -39.335 0.5000000000
14611  -29.727  -73.558  -39.852 0.5000000000
17696  -25.986  -70.113  -35.910 0.5000000000
20211  -25.524  -68.976  -35.608 0.5000000000
21557  -26.019  -67.842  -36.121 0.5000000000
16594  -27.564  -70.914  -36.671 0.5000000000
18905  -26.874  -69.173  -36.031 0.5000000000
20224  -27.186  -68.615  -36.425 0.5000000000
15577  -28.345  -71.793  -37.434 0.5000000000
16611  -28.273  -71.102  -36.975 0.5000000000
18922  -27.886  -69.707  -36.562 0.5000000000
14592  -29.167  -72.394  -38.391 0.5000000000
16612  -28.941  -71.185  -37.348 0.5000000000
216207  -29.469  -72.774  -38.908 0.5000000000
14603  -30.071  -72.855  -39.318 0.5000000000
184672  -31.473  -72.793  -40.213 0.5000000000
25331  -26.194  -65.333  -37.441 0.5000000000
24065  -27.096  -66.373  -37.628 0.6000000238
212700  -27.225  -68.016  -36.781 0.5000000000
20225  -27.831  -68.999  -36.677 0.5000000000
21567  -27.542  -67.731  -37.270 0.5000000000
18953  -29.428  -69.768  -37.863 0.5000000000
20249  -29.092  -69.003  -38.262 0.5000000000
15592  -30.330  -71.716  -38.570 0.5000000000
16627  -30.097  -71.177  -38.198 0.5000000000
15604  -29.911  -72.297  -38.722 0.5000000000
27824  -24.966  -63.291  -38.067 0.5000000000
25344  -25.861  -64.589  -37.618 0.5000000000
22821  -28.030  -67.257  -38.632 0.6000000238
36598  -27.714  -56.910  -45.305 0.5000000000
36599  -28.996  -57.128  -45.202 0.6000000238
36589  -26.786  -56.422  -44.529 0.5000000000
37896  -27.557  -56.283  -44.511 0.5000000000
37891  -28.757  -56.634  -44.479 0.6000000238
37884  -27.635  -55.822  -43.296 0.6000000238
39129  -26.992  -55.419  -43.523 0.5000000000
39111  -26.712  -55.143  -42.554 0.6000000238
39110  -25.546  -54.132  -42.525 0.5000000000
37881  -27.455  -55.853  -42.374 0.6000000238
37880  -26.898  -55.611  -41.787 0.6000000238
40300  -24.771  -53.615  -42.105 0.5000000000
39098  -25.523  -54.462  -41.398 0.6000000238
37863  -26.331  -56.132  -40.231 0.6000000238
41449  -22.999  -53.419  -41.229 0.5000000000
40277  -24.249  -54.110  -40.295 0.5000000000
41446  -20.771  -53.304  -40.450 0.5000000000
39091  -19.663  -53.712  -40.883 0.6000000238
37847  -17.483  -56.200  -40.188 0.6000000238
187593  -18.009  -55.159  -40.686 0.5000000000
213608  -21.817  -53.375  -39.871 0.6000000238
40288  -22.972  -53.558  -40.286 0.5000000000
184193  -18.436  -53.329  -40.260 0.5000000000
37845  -15.847  -55.616  -40.235 0.6000000238
39078  -16.920  -54.475  -40.332 0.6000000238
39049  -15.743  -54.678  -38.832 0.6000000238
17845  -44.858  -70.259  -44.912 0.3000000119
19078  -46.646  -69.075  -44.067 0.3000000119
187121  -45.695  -69.144  -46.726 0.3000000119
21665  -47.953  -67.951  -43.010 0.3000000119
19119  -46.349  -68.695  -46.389 0.3000000119
17861  -45.022  -69.888  -45.879 0.3000000119
17860  -44.302  -70.522  -45.630 0.3000000119
12491  -29.969  -75.144  -42.363 0.4000000060
17736  -29.323  -70.521  -37.501 0.5000000000
20259  -28.707  -68.420  -38.726 0.5000000000
35377  -29.245  -57.968  -45.216 0.5000000000
210551  -28.592  -75.199  -42.029 0.4000000060
12473  -28.965  -75.025  -41.417 0.5000000000
14589  -26.901  -72.818  -38.555 0.5000000000
18919  -24.691  -69.852  -35.901 0.5000000000
17707  -25.706  -70.486  -36.296 0.5000000000
20210  -24.826  -68.846  -35.508 0.5000000000
21538  -25.823  -68.482  -35.763 0.5000000000
18921  -27.236  -69.767  -36.231 0.5000000000
20235  -27.719  -68.351  -36.986 0.5000000000
19118  -45.567  -69.592  -45.492 0.3000000119
20384  -47.683  -67.572  -45.824 0.3000000119
20361  -47.326  -68.405  -44.286 0.3000000119
19097  -46.154  -69.278  -44.936 0.3000000119
20383  -47.006  -68.294  -45.779 0.3000000119
21686  -47.954  -67.751  -44.365 0.3000000119
42519  -28.175  -52.097  -30.456 0.3000000119
9482  -41.256  -77.510  -42.265 0.3000000119
10430  -41.420  -76.801  -42.685 0.3000000119
10513  -31.752  -76.215  -50.065 0.5000000000
11479  -41.821  -76.000  -42.664 0.3000000119
11505  -41.406  -75.614  -44.276 0.3000000119
11565  -32.270  -75.473  -51.047 0.5000000000
11568  -34.383  -75.286  -50.745 0.5000000000
12453  -27.929  -74.645  -40.377 0.5000000000
12471  -27.696  -74.937  -41.053 0.5000000000
12472  -28.411  -74.841  -40.882 0.5000000000
12474  -29.741  -74.956  -41.654 0.4000000060
12488  -27.544  -74.990  -41.763 0.5000000000
12489  -28.201  -75.082  -41.559 0.5000000000
12490  -29.195  -75.236  -42.208 0.4000000060
12492  -30.751  -74.835  -42.320 0.5000000000
12493  -42.765  -74.989  -41.613 0.3000000119
12501  -27.513  -74.872  -42.319 0.5000000000
12502  -28.648  -75.149  -42.594 0.4000000060
12508  -42.332  -75.069  -42.533 0.3000000119
12516  -29.990  -75.110  -43.829 0.5000000000
12517  -30.775  -75.034  -43.809 0.5000000000
12522  -42.436  -74.442  -43.344 0.3000000119
12526  -29.740  -74.785  -44.628 0.5000000000
12528  -31.221  -74.892  -44.384 0.5000000000
12546  -30.913  -74.893  -45.112 0.5000000000
12609  -31.381  -73.785  -50.980 0.6000000238
13518  -26.959  -73.830  -39.509 0.5000000000
13520  -28.513  -73.529  -39.351 0.5000000000
13538  -25.964  -74.059  -40.435 0.5000000000
13541  -28.201  -74.129  -39.835 0.5000000000
13554  -25.891  -74.268  -41.088 0.5000000000
13557  -28.649  -74.451  -40.297 0.5000000000
13571  -25.689  -74.079  -41.709 0.5000000000
13575  -32.443  -73.578  -42.314 0.5000000000
13583  -25.566  -73.777  -42.295 0.5000000000
13587  -31.354  -74.423  -42.286 0.5000000000
13589  -32.596  -73.843  -43.065 0.6000000238
13600  -27.598  -73.967  -43.280 0.5000000000
13602  -32.089  -74.311  -43.483 0.5000000000
13604  -33.585  -73.592  -43.789 0.6000000238
13605  -42.740  -73.592  -43.652 0.3000000119
13613  -29.660  -74.298  -45.251 0.5000000000
13616  -34.063  -73.708  -44.857 0.6000000238
13622  -41.717  -74.369  -44.622 0.3000000119
13633  -31.432  -74.760  -45.597 0.5000000000
13634  -32.892  -74.212  -45.543 0.5000000000
13636  -34.406  -73.660  -45.380 0.6999999881
13640  -41.492  -73.767  -45.066 0.3000000119
13641  -41.826  -73.005  -45.222 0.3000000119
13652  -30.156  -73.847  -46.554 0.6000000238
13655  -32.622  -74.241  -46.504 0.6000000238
13657  -34.173  -73.826  -46.111 0.6999999881
13668  -30.858  -73.828  -47.638 0.5000000000
13669  -31.543  -73.936  -47.985 0.5000000000
13670  -32.372  -74.119  -47.432 0.6000000238
13672  -34.598  -73.687  -46.850 0.6999999881
13684  -32.343  -73.874  -48.481 0.5000000000
13686  -34.164  -73.769  -47.822 0.6999999881
13703  -32.438  -73.331  -50.919 0.6000000238
13711  -32.005  -73.831  -51.174 0.5000000000
13712  -32.822  -73.877  -51.280 0.5000000000
13713  -33.715  -73.828  -51.342 0.5000000000
13716  -36.520  -73.464  -50.676 0.5000000000
14590  -27.638  -72.782  -38.470 0.5000000000
14591  -28.387  -72.662  -38.419 0.5000000000
14600  -27.286  -73.295  -38.997 0.5000000000
14602  -28.829  -72.981  -38.868 0.5000000000
14604  -30.972  -72.629  -39.662 0.6000000238
14608  -25.095  -72.884  -40.473 0.5000000000
14610  -26.241  -73.686  -39.756 0.5000000000
14619  -31.598  -73.564  -41.359 0.5000000000
14620  -32.617  -72.866  -41.124 0.6000000238
14634  -33.928  -72.699  -41.626 0.6000000238
14672  -35.435  -72.986  -43.801 0.6000000238
14686  -34.124  -73.539  -44.273 0.6000000238
14687  -34.607  -73.476  -44.748 0.6999999881
14688  -35.347  -73.162  -44.670 0.6999999881
14692  -43.010  -72.486  -44.325 0.3000000119
14722  -35.886  -72.930  -46.737 0.6999999881
14741  -35.589  -73.001  -47.445 0.6999999881
14751  -34.674  -73.232  -48.550 0.6999999881
14753  -38.260  -73.188  -48.851 0.5000000000
14760  -34.006  -72.922  -50.268 0.6000000238
14762  -37.567  -73.383  -49.772 0.4000000060
14763  -38.099  -73.035  -49.529 0.5000000000
14764  -38.592  -72.658  -49.267 0.5000000000
14774  -37.169  -72.883  -50.630 0.4000000060
14781  -34.730  -72.717  -51.268 0.5000000000
14782  -35.448  -72.564  -51.283 0.5000000000
14783  -36.291  -72.510  -51.142 0.5000000000
15575  -26.885  -71.947  -37.552 0.5000000000
15576  -27.583  -71.969  -37.449 0.5000000000
15587  -25.878  -72.109  -38.305 0.5000000000
15588  -26.558  -72.321  -38.128 0.5000000000
15591  -29.092  -71.806  -37.799 0.5000000000
15593  -30.880  -71.557  -38.844 0.5000000000
15602  -25.584  -72.337  -38.957 0.5000000000
15607  -32.949  -71.511  -39.560 0.6999999881
15614  -24.989  -71.755  -39.958 0.5000000000
15615  -25.293  -72.562  -39.729 0.4000000060
15617  -33.282  -71.955  -40.014 0.6000000238
15618  -34.001  -71.835  -40.150 0.6999999881
15619  -34.716  -71.757  -40.357 0.6999999881
15624  -32.906  -72.427  -40.526 0.6000000238
15625  -34.160  -72.280  -40.865 0.6000000238
15634  -35.265  -72.293  -41.597 0.6000000238
15645  -35.464  -72.541  -42.401 0.6000000238
15646  -36.189  -72.384  -42.816 0.6000000238
15664  -35.951  -72.690  -43.502 0.6000000238
15667  -43.449  -72.304  -43.821 0.3000000119
15682  -35.992  -72.794  -44.192 0.6999999881
15683  -36.470  -72.497  -44.497 0.6999999881
15685  -42.718  -72.481  -44.769 0.3000000119
15686  -43.115  -71.927  -44.772 0.3000000119
15697  -36.045  -72.832  -46.005 0.6999999881
15699  -37.194  -71.963  -45.476 0.6999999881
15701  -41.477  -72.470  -45.727 0.3000000119
15716  -37.012  -72.013  -46.186 0.6000000238
15719  -41.794  -71.921  -46.135 0.3000000119
15721  -42.802  -71.502  -45.858 0.3000000119
15741  -39.473  -72.254  -48.412 0.4000000060
15743  -40.623  -71.651  -47.785 0.4000000060
15747  -35.433  -72.086  -49.997 0.6000000238
15750  -38.979  -72.081  -49.759 0.5000000000
15756  -34.873  -72.404  -51.083 0.5000000000
15758  -36.023  -71.752  -50.656 0.6000000238
15760  -37.995  -71.804  -50.675 0.5000000000
15768  -35.677  -72.049  -51.136 0.5000000000
15770  -37.392  -71.501  -50.791 0.6000000238
16592  -26.092  -70.978  -36.707 0.5000000000
16593  -26.808  -70.987  -36.635 0.5000000000
16608  -25.806  -71.311  -37.270 0.5000000000
16626  -29.561  -71.181  -37.763 0.5000000000
16628  -30.626  -71.129  -38.587 0.5000000000
16643  -31.972  -71.188  -39.160 0.6000000238
16646  -33.992  -70.780  -39.467 0.6999999881
16687  -35.411  -71.635  -40.621 0.6000000238
16688  -36.113  -71.319  -40.704 0.6000000238
16702  -37.224  -71.203  -41.546 0.5000000000
16715  -38.983  -70.562  -42.856 0.5000000000
16723  -37.633  -71.753  -44.040 0.6000000238
16725  -38.875  -70.832  -43.496 0.5000000000
16726  -43.662  -71.709  -44.162 0.3000000119
16740  -38.131  -71.414  -44.504 0.6000000238
16741  -38.708  -71.052  -44.307 0.6000000238
16742  -43.693  -71.225  -44.989 0.3000000119
16757  -38.236  -71.213  -45.600 0.6000000238
16758  -38.483  -71.131  -45.099 0.6000000238
16759  -43.260  -71.024  -46.228 0.4000000060
16773  -38.135  -71.174  -46.179 0.6000000238
16784  -37.328  -71.426  -47.711 0.6999999881
16786  -37.877  -71.178  -47.043 0.6000000238
16795  -36.901  -71.602  -48.267 0.6999999881
16796  -37.359  -71.107  -48.706 0.6000000238
16799  -41.664  -70.917  -48.470 0.4000000060
16803  -37.417  -70.854  -49.896 0.6000000238
16804  -39.317  -71.357  -50.194 0.5000000000
16805  -40.402  -71.301  -49.338 0.5000000000
16807  -41.882  -70.337  -49.167 0.4000000060
16815  -37.361  -71.063  -50.619 0.6000000238
16819  -40.845  -70.116  -49.905 0.5000000000
17695  -25.396  -70.006  -35.885 0.5000000000
17708  -26.379  -70.481  -36.250 0.5000000000
17709  -27.037  -70.389  -36.305 0.5000000000
17710  -28.119  -70.425  -36.716 0.5000000000
17724  -28.749  -70.531  -37.084 0.5000000000
17737  -29.881  -70.469  -38.006 0.6000000238
17738  -30.333  -70.695  -38.371 0.5000000000
17748  -32.188  -70.550  -39.181 0.6999999881
17749  -32.966  -70.511  -39.262 0.6000000238
17750  -33.613  -70.420  -39.356 0.6999999881
17752  -35.187  -70.088  -39.669 0.5000000000
17763  -35.187  -70.686  -39.788 0.6000000238
17764  -36.435  -70.595  -40.307 0.5000000000
17765  -36.980  -69.968  -40.379 0.5000000000
17784  -37.162  -70.543  -40.761 0.5000000000
17785  -37.680  -69.926  -40.716 0.5000000000
17804  -39.022  -69.908  -41.819 0.5000000000
17820  -39.841  -69.991  -43.056 0.4000000060
17832  -40.396  -69.995  -43.948 0.4000000060
17843  -40.637  -69.971  -44.545 0.4000000060
17877  -43.124  -70.795  -46.998 0.4000000060
17878  -43.635  -70.522  -46.880 0.4000000060
17894  -39.754  -70.026  -47.374 0.4000000060
17896  -42.940  -70.506  -47.913 0.4000000060
17898  -44.989  -68.930  -48.008 0.4000000060
17904  -39.149  -69.991  -48.931 0.4000000060
17911  -38.017  -70.520  -50.024 0.5000000000
17912  -38.623  -70.212  -49.686 0.5000000000
17913  -39.353  -69.914  -49.729 0.5000000000
17915  -42.375  -69.564  -49.351 0.4000000060
17921  -38.410  -70.498  -50.378 0.5000000000
18903  -25.110  -69.450  -35.619 0.5000000000
18904  -25.816  -69.576  -35.715 0.5000000000
18918  -23.917  -69.777  -35.931 0.5000000000
18920  -26.531  -69.797  -35.960 0.5000000000
18937  -28.544  -69.877  -36.970 0.5000000000
18938  -29.033  -69.986  -37.340 0.5000000000
18952  -28.815  -69.307  -37.473 0.5000000000
18954  -29.864  -69.835  -38.311 0.6000000238
18963  -29.979  -69.557  -38.974 0.6000000238
18965  -32.092  -69.923  -39.508 0.6999999881
18967  -33.902  -69.950  -39.498 0.6999999881
18982  -30.840  -69.525  -40.195 0.6000000238
18985  -34.227  -69.548  -39.837 0.6000000238
18987  -35.835  -69.642  -39.950 0.5000000000
18988  -36.654  -69.476  -40.284 0.5000000000
19002  -30.014  -69.451  -40.936 0.6999999881
19025  -29.614  -69.331  -41.583 0.6999999881
19026  -30.287  -69.569  -41.726 0.6000000238
19027  -31.153  -69.615  -41.793 0.6000000238
19029  -32.732  -69.313  -41.630 0.6000000238
19031  -38.651  -69.616  -41.272 0.5000000000
19032  -39.215  -69.250  -41.540 0.5000000000
19033  -39.790  -69.016  -41.903 0.5000000000
19051  -30.631  -69.528  -43.067 0.6000000238
19053  -31.874  -69.640  -43.120 0.6000000238
19054  -32.626  -69.448  -42.693 0.6000000238
19057  -40.013  -69.522  -42.527 0.4000000060
19071  -31.737  -69.519  -43.785 0.6000000238
19074  -40.389  -69.724  -43.305 0.4000000060
19075  -40.865  -69.709  -43.887 0.4000000060
19091  -31.531  -69.306  -44.334 0.6000000238
19113  -33.129  -69.153  -45.081 0.6000000238
19114  -40.359  -70.084  -45.971 0.4000000060
19116  -41.559  -69.592  -45.370 0.4000000060
19138  -44.870  -69.713  -46.823 0.4000000060
19156  -41.133  -69.372  -47.492 0.4000000060
19159  -44.287  -69.013  -48.516 0.4000000060
19160  -45.449  -68.011  -48.429 0.3000000119
19165  -40.404  -69.464  -48.769 0.4000000060
19167  -42.002  -68.636  -49.111 0.3000000119
19168  -43.079  -68.975  -49.316 0.3000000119
19170  -44.406  -68.022  -48.818 0.3000000119
19177  -40.380  -69.503  -49.651 0.5000000000
19180  -42.572  -68.740  -49.485 0.4000000060
19187  -39.964  -69.833  -49.998 0.5000000000
19188  -40.593  -69.628  -49.900 0.5000000000
20209  -24.063  -68.725  -35.413 0.5000000000
20212  -26.211  -69.079  -35.758 0.5000000000
20223  -26.478  -68.534  -36.033 0.5000000000
20236  -28.245  -68.770  -37.257 0.5000000000
20248  -28.570  -68.577  -37.918 0.5000000000
20260  -29.125  -68.793  -39.192 0.6000000238
20270  -28.751  -68.331  -39.567 0.6000000238
20272  -34.763  -69.197  -40.128 0.5000000000
20273  -35.428  -69.104  -40.209 0.5000000000
20290  -29.013  -68.664  -40.900 0.6999999881
20295  -37.580  -68.697  -40.849 0.5000000000
20296  -38.120  -68.823  -40.973 0.5000000000
20297  -38.714  -68.974  -41.212 0.5000000000
20308  -29.459  -68.981  -41.969 0.6999999881
20309  -30.002  -69.361  -42.386 0.6000000238
20310  -34.062  -68.916  -42.187 0.6000000238
20311  -34.792  -68.656  -41.747 0.5000000000
20312  -36.003  -68.254  -41.625 0.5000000000
20314  -40.066  -68.468  -41.909 0.4000000060
20329  -29.761  -68.751  -42.713 0.6000000238
20330  -33.925  -68.991  -43.182 0.6000000238
20334  -40.994  -68.811  -42.741 0.4000000060
20336  -42.589  -68.094  -43.387 0.4000000060
20354  -30.521  -69.176  -43.605 0.5000000000
20355  -33.931  -68.986  -43.955 0.6000000238
20358  -41.608  -68.905  -43.356 0.4000000060
20360  -42.918  -68.449  -44.076 0.4000000060
20362  -47.571  -68.368  -43.267 0.3000000119
20373  -30.331  -68.633  -44.031 0.6000000238
20375  -31.464  -69.022  -44.924 0.6000000238
20376  -33.558  -69.104  -44.507 0.6000000238
20377  -34.288  -68.744  -44.500 0.6000000238
20379  -41.857  -69.239  -44.127 0.4000000060
20380  -42.497  -68.986  -44.640 0.4000000060
20381  -43.321  -68.541  -44.949 0.4000000060
20395  -31.013  -68.585  -45.282 0.6000000238
20397  -32.662  -68.976  -45.785 0.6000000238
20399  -33.980  -68.760  -45.924 0.6000000238
20402  -44.672  -67.526  -47.050 0.3000000119
20422  -32.462  -68.742  -46.939 0.6000000238
20425  -43.364  -68.060  -47.864 0.3000000119
20426  -45.121  -67.207  -48.493 0.3000000119
20427  -46.247  -67.986  -47.724 0.4000000060
20428  -46.138  -67.209  -48.127 0.3000000119
20443  -31.064  -67.872  -47.290 0.6000000238
20444  -31.684  -68.216  -47.820 0.6000000238
20446  -33.088  -68.593  -48.068 0.6000000238
20450  -44.286  -67.698  -48.751 0.3000000119
20459  -32.456  -68.312  -48.777 0.6000000238
20461  -33.502  -67.944  -49.196 0.6000000238
20462  -42.370  -68.559  -49.492 0.4000000060
20463  -43.105  -68.374  -49.374 0.3000000119
21558  -26.708  -67.972  -36.447 0.5000000000
21568  -28.076  -68.104  -37.585 0.5000000000
21582  -27.836  -67.453  -37.876 0.5000000000
21583  -28.286  -67.928  -38.293 0.5000000000
21610  -28.529  -67.834  -39.775 0.6999999881
21622  -28.764  -68.046  -40.930 0.6999999881
21623  -29.064  -68.440  -41.579 0.6999999881
21624  -37.212  -68.290  -41.038 0.5000000000
21639  -29.078  -67.768  -42.095 0.6999999881
21640  -36.383  -67.819  -42.182 0.5000000000
21641  -36.774  -67.984  -41.513 0.5000000000
21643  -38.638  -67.615  -41.473 0.5000000000
21648  -48.259  -67.304  -42.249 0.3000000119
21659  -36.018  -67.785  -42.926 0.5000000000
21661  -37.127  -67.493  -42.087 0.5000000000
21662  -41.248  -67.479  -42.286 0.4000000060
21680  -29.479  -67.351  -43.291 0.6000000238
21681  -29.866  -68.086  -43.493 0.6000000238
21682  -35.698  -67.840  -43.739 0.5000000000
21703  -35.467  -67.860  -44.538 0.6000000238
21706  -45.776  -66.961  -46.255 0.3000000119
21717  -30.377  -66.953  -46.569 0.6000000238
21718  -30.621  -67.892  -45.891 0.6000000238
21719  -34.675  -68.324  -45.629 0.6000000238
21720  -35.664  -67.447  -45.786 0.6000000238
21721  -35.960  -67.375  -44.979 0.5000000000
21723  -46.166  -66.915  -47.908 0.3000000119
21735  -30.501  -66.219  -46.990 0.5000000000
21756  -31.584  -67.850  -48.371 0.6000000238
21757  -34.387  -68.184  -47.362 0.6000000238
21766  -31.426  -67.451  -48.535 0.6000000238
21767  -31.995  -67.792  -48.935 0.6000000238
21768  -32.648  -67.850  -49.273 0.6000000238
21769  -34.932  -67.556  -48.544 0.5000000000
21778  -33.065  -67.488  -49.690 0.6000000238
21779  -33.820  -67.447  -49.713 0.5000000000
21780  -34.649  -67.263  -49.443 0.5000000000
22797  -25.398  -67.385  -36.122 0.5000000000
22799  -26.974  -67.493  -36.931 0.5000000000
22853  -28.518  -67.582  -40.323 0.6999999881
22861  -28.487  -66.835  -41.270 0.6999999881
22872  -38.444  -67.071  -41.866 0.5000000000
22873  -39.151  -66.977  -41.830 0.4000000060
22874  -39.877  -67.167  -41.823 0.4000000060
22884  -37.026  -67.097  -42.903 0.5000000000
22885  -38.640  -66.503  -42.321 0.4000000060
22886  -40.971  -66.744  -42.158 0.4000000060
22887  -42.019  -66.712  -42.506 0.4000000060
22889  -43.312  -66.871  -42.994 0.4000000060
22901  -29.234  -66.486  -43.671 0.6000000238
22902  -29.663  -67.068  -44.101 0.6000000238
22903  -32.841  -66.462  -44.314 0.5000000000
22905  -38.053  -66.386  -43.027 0.5000000000
22906  -43.531  -67.409  -43.429 0.4000000060
22931  -36.962  -66.622  -44.343 0.5000000000
22954  -32.395  -66.678  -45.870 0.5000000000
22957  -36.626  -66.732  -45.090 0.6000000238
22969  -30.847  -66.757  -47.522 0.5000000000
22970  -32.797  -66.816  -47.458 0.6000000238
22971  -35.488  -67.433  -46.688 0.5000000000
22972  -36.144  -66.811  -46.964 0.5000000000
22983  -31.408  -67.320  -48.479 0.6000000238
22985  -33.068  -66.711  -48.395 0.6000000238
22996  -31.977  -67.362  -49.018 0.6000000238
22999  -35.881  -66.612  -48.974 0.4000000060
23005  -33.150  -67.101  -49.639 0.6999999881
23006  -34.198  -66.897  -49.845 0.6000000238
23012  -33.821  -66.499  -49.800 0.6000000238
24064  -26.472  -66.108  -37.262 0.6000000238
24078  -27.340  -66.065  -38.342 0.6999999881
24079  -33.305  -65.896  -38.640 0.6000000238
24094  -27.863  -66.277  -39.795 0.6000000238
24095  -31.551  -65.640  -39.544 0.6000000238
24096  -32.217  -65.868  -39.352 0.6000000238
24098  -33.612  -66.142  -39.180 0.6000000238
24113  -27.923  -65.871  -40.614 0.6999999881
24114  -31.359  -65.784  -40.232 0.6000000238
24116  -32.529  -66.145  -39.907 0.6000000238
24117  -33.966  -66.231  -39.782 0.6000000238
24119  -35.271  -65.902  -40.056 0.6000000238
24132  -31.287  -65.848  -41.123 0.6000000238
24133  -32.888  -66.260  -40.606 0.5000000000
24142  -28.317  -65.985  -41.790 0.6999999881
24144  -31.878  -66.077  -41.635 0.6000000238
24149  -39.789  -66.457  -42.077 0.4000000060
24155  -28.872  -66.052  -43.228 0.6999999881
24158  -33.545  -66.198  -42.918 0.5000000000
24161  -39.283  -66.091  -42.581 0.5000000000
24163  -40.606  -66.099  -42.283 0.4000000060
24164  -41.519  -66.133  -42.386 0.4000000060
24167  -44.102  -65.398  -42.681 0.4000000060
24178  -28.871  -65.253  -44.177 0.5000000000
24179  -31.451  -65.493  -44.131 0.5000000000
24181  -33.899  -66.196  -43.669 0.5000000000
24184  -38.311  -65.966  -43.603 0.5000000000
24186  -39.708  -65.589  -43.044 0.5000000000
24206  -34.335  -66.065  -44.293 0.5000000000
24208  -37.995  -65.837  -44.394 0.4000000060
24229  -29.614  -64.232  -45.936 0.6000000238
24230  -30.201  -65.305  -46.276 0.5000000000
24231  -30.480  -65.305  -46.389 0.5000000000
24232  -30.656  -66.246  -47.027 0.5000000000
24234  -34.546  -65.875  -45.603 0.4000000060
24235  -36.454  -66.669  -46.000 0.5000000000
24237  -37.793  -65.698  -45.196 0.5000000000
24249  -34.358  -65.886  -46.569 0.6000000238
24251  -37.285  -65.779  -46.431 0.5000000000
24258  -34.147  -65.796  -47.627 0.6000000238
24270  -33.477  -66.297  -49.151 0.6000000238
24271  -36.409  -66.199  -48.620 0.5000000000
24280  -33.898  -65.873  -49.742 0.6000000238
25330  -25.485  -65.172  -37.250 0.5000000000
25345  -26.551  -64.812  -38.106 0.5000000000
25346  -27.138  -65.335  -38.569 0.6000000238
25347  -33.752  -65.616  -38.068 0.6000000238
25362  -32.008  -65.301  -39.041 0.6000000238
25363  -32.665  -65.684  -38.806 0.6000000238
25373  -27.309  -64.667  -40.256 0.6000000238
25374  -30.241  -64.803  -40.343 0.6000000238
25375  -30.923  -65.245  -39.898 0.6000000238
25391  -27.985  -65.572  -41.299 0.6999999881
25412  -27.805  -64.849  -42.060 0.6999999881
25429  -30.772  -64.925  -42.866 0.6000000238
25435  -42.906  -65.074  -42.732 0.4000000060
25436  -43.695  -64.878  -42.703 0.4000000060
25452  -28.403  -64.091  -44.071 0.6000000238
25453  -28.861  -64.137  -44.883 0.6000000238
25457  -39.435  -65.309  -43.779 0.5000000000
25459  -40.964  -65.022  -43.322 0.5000000000
25471  -29.222  -63.792  -45.463 0.6000000238
25473  -30.032  -63.881  -45.482 0.6000000238
25476  -39.181  -65.099  -44.553 0.5000000000
25478  -40.549  -64.780  -43.953 0.5000000000
25487  -35.033  -65.362  -45.112 0.5000000000
25516  -37.697  -65.347  -46.816 0.5000000000
25518  -38.918  -64.618  -47.922 0.4000000060
25526  -33.790  -65.587  -49.507 0.6000000238
25534  -34.101  -65.143  -49.718 0.5000000000
25536  -37.389  -65.137  -48.724 0.5000000000
25539  -34.591  -65.553  -50.005 0.5000000000
25540  -35.359  -65.136  -49.902 0.5000000000
26558  -33.076  -64.355  -37.388 0.6000000238
26572  -25.446  -63.907  -37.777 0.5000000000
26586  -26.633  -64.170  -38.720 0.6000000238
26588  -30.693  -64.524  -39.612 0.6000000238
26589  -31.594  -64.555  -39.097 0.6000000238
26611  -27.344  -64.098  -41.084 0.5000000000
26612  -29.748  -64.181  -40.961 0.6000000238
26629  -27.609  -63.635  -42.324 0.6000000238
26630  -27.653  -63.916  -42.640 0.6000000238
26631  -29.141  -63.437  -41.665 0.6000000238
26632  -29.549  -63.973  -41.964 0.6000000238
26646  -27.811  -63.551  -42.777 0.5000000000
26649  -29.495  -63.681  -43.143 0.6000000238
26653  -42.525  -64.756  -43.024 0.4000000060
26656  -45.313  -64.019  -42.892 0.4000000060
26669  -28.651  -63.542  -44.368 0.6000000238
26670  -29.006  -63.417  -44.495 0.6000000238
26671  -29.490  -63.430  -44.262 0.6000000238
26675  -41.607  -64.676  -43.564 0.4000000060
26676  -42.187  -64.584  -43.422 0.4000000060
26679  -44.918  -63.812  -43.353 0.4000000060
26687  -29.134  -63.626  -45.137 0.6000000238
26688  -29.474  -63.494  -45.148 0.6000000238
26691  -40.633  -64.460  -44.790 0.5000000000
26694  -43.588  -64.083  -45.051 0.5000000000
26697  -39.439  -64.574  -46.135 0.5000000000
26701  -43.736  -64.115  -46.163 0.5000000000
26710  -41.106  -64.252  -46.806 0.4000000060
26713  -44.289  -63.827  -47.694 0.4000000060
26729  -43.840  -63.850  -48.092 0.4000000060
26738  -33.949  -64.606  -49.176 0.4000000060
26739  -38.316  -64.479  -48.868 0.5000000000
26751  -34.479  -64.568  -49.745 0.4000000060
26752  -36.026  -64.716  -49.664 0.4000000060
26753  -36.850  -64.638  -49.327 0.5000000000
27808  -32.369  -63.225  -37.267 0.5000000000
27825  -25.700  -63.340  -38.261 0.6000000238
27826  -26.290  -63.490  -38.698 0.6000000238
27827  -32.492  -62.976  -38.002 0.5000000000
27846  -26.550  -62.989  -39.393 0.5000000000
27847  -26.975  -63.495  -39.960 0.5000000000
27849  -32.262  -63.751  -39.034 0.6000000238
27850  -32.676  -63.674  -38.593 0.6000000238
27862  -27.045  -62.801  -40.125 0.6000000238
27864  -31.463  -63.034  -39.747 0.6000000238
27877  -28.227  -63.046  -41.591 0.6000000238
27888  -28.394  -63.187  -42.265 0.6000000238
27903  -28.136  -63.427  -42.984 0.5000000000
27904  -28.519  -63.419  -43.736 0.5000000000
27939  -35.633  -62.955  -45.467 0.5000000000
27945  -44.504  -63.517  -47.399 0.4000000060
27946  -33.820  -62.699  -48.033 0.4000000060
27948  -44.127  -63.712  -47.938 0.4000000060
29003  -31.271  -62.428  -34.651 0.5000000000
29030  -31.117  -62.455  -35.381 0.5000000000
29051  -31.858  -62.890  -36.607 0.5000000000
29059  -31.601  -62.307  -37.118 0.6000000238
29093  -32.451  -62.475  -39.188 0.6000000238
29107  -26.701  -62.397  -39.702 0.5000000000
29111  -30.106  -62.277  -40.376 0.6000000238
29113  -32.208  -62.230  -39.906 0.6000000238
29121  -27.631  -62.619  -40.629 0.6000000238
29122  -28.263  -62.697  -40.959 0.6000000238
29123  -28.747  -62.626  -41.038 0.6999999881
29182  -34.927  -62.297  -46.061 0.4000000060
29185  -43.739  -62.613  -46.517 0.4000000060
29186  -45.238  -62.771  -46.539 0.4000000060
29187  -33.751  -62.056  -47.477 0.4000000060
29188  -34.151  -62.089  -46.712 0.4000000060
29201  -34.314  -61.940  -48.814 0.4000000060
29202  -35.261  -62.451  -49.154 0.4000000060
30249  -30.503  -61.321  -33.871 0.5000000000
30317  -30.176  -61.317  -35.979 0.5000000000
30330  -31.131  -61.668  -37.193 0.6999999881
30331  -31.915  -62.005  -37.926 0.6000000238
30339  -32.327  -61.777  -38.982 0.6000000238
30351  -25.481  -61.505  -39.333 0.6000000238
30352  -26.030  -61.817  -39.359 0.4000000060
30353  -32.405  -61.390  -39.845 0.5000000000
30371  -26.576  -61.855  -39.649 0.4000000060
30372  -27.890  -61.306  -40.147 0.6000000238
30373  -28.842  -61.268  -40.422 0.6999999881
30375  -31.268  -61.750  -40.717 0.6000000238
30376  -32.140  -61.653  -40.556 0.5000000000
30389  -30.417  -60.691  -41.151 0.6000000238
30392  -32.433  -61.151  -40.846 0.5000000000
30450  -34.927  -61.529  -45.904 0.4000000060
31535  -30.463  -61.133  -36.785 0.5000000000
31549  -30.223  -60.556  -37.181 0.6999999881
31571  -31.620  -60.298  -39.350 0.6000000238
31588  -28.436  -60.616  -40.345 0.6000000238
31589  -32.479  -60.786  -40.753 0.5000000000
31603  -28.942  -60.047  -40.749 0.5000000000
31605  -31.498  -60.453  -41.824 0.6000000238
31606  -32.049  -60.618  -41.575 0.5000000000
31607  -32.419  -60.769  -41.328 0.5000000000
31621  -31.857  -60.107  -41.886 0.5000000000
32723  -23.453  -59.380  -32.075 0.6000000238
32724  -24.205  -59.492  -32.005 0.5000000000
32725  -24.999  -59.515  -31.984 0.5000000000
32727  -26.733  -59.602  -32.147 0.5000000000
32751  -20.108  -59.264  -32.811 0.6999999881
32753  -22.194  -59.459  -32.625 0.6000000238
32754  -22.967  -59.602  -32.691 0.6000000238
32756  -24.549  -59.697  -32.682 0.6000000238
32757  -25.352  -59.691  -32.707 0.5000000000
32771  -20.264  -59.542  -33.313 0.6999999881
32772  -20.976  -59.618  -33.573 0.6999999881
32774  -23.307  -59.764  -33.411 0.6999999881
32777  -25.689  -59.644  -33.473 0.5000000000
32779  -27.140  -59.753  -33.461 0.5000000000
32800  -19.724  -59.436  -33.699 0.6999999881
32803  -22.328  -59.688  -34.283 0.6000000238
32804  -23.618  -59.680  -34.062 0.6999999881
32805  -24.419  -59.540  -34.028 0.6999999881
32806  -25.215  -59.436  -34.078 0.6999999881
32807  -26.061  -59.359  -34.235 0.5000000000
32808  -26.562  -59.315  -34.696 0.5000000000
32809  -27.817  -59.774  -34.798 0.5000000000
32832  -28.170  -59.781  -35.532 0.5000000000
32833  -28.916  -60.352  -35.033 0.5000000000
32860  -27.689  -59.449  -36.142 0.5000000000
32861  -28.393  -59.682  -36.316 0.5000000000
32862  -28.862  -60.080  -35.803 0.5000000000
32893  -29.122  -59.529  -37.393 0.4000000060
32908  -29.835  -59.450  -38.059 0.6000000238
32915  -30.603  -59.105  -39.321 0.6000000238
32917  -32.101  -60.219  -40.252 0.5000000000
32927  -31.788  -59.651  -40.580 0.6000000238
32928  -32.333  -60.278  -41.130 0.5000000000
32943  -26.582  -59.588  -40.829 0.4000000060
32944  -27.598  -59.416  -40.938 0.5000000000
32945  -28.612  -59.447  -41.112 0.5000000000
32946  -29.682  -59.779  -41.467 0.5000000000
32947  -30.705  -60.152  -41.746 0.6000000238
32961  -30.925  -59.612  -42.439 0.5000000000
33943  -23.730  -58.552  -31.381 0.5000000000
33944  -24.324  -58.628  -31.223 0.5000000000
33945  -25.069  -58.615  -31.141 0.5000000000
33971  -18.511  -58.315  -32.156 0.6000000238
33972  -19.241  -58.675  -32.263 0.6000000238
33974  -21.354  -58.532  -32.037 0.5000000000
33975  -23.199  -58.796  -31.719 0.6000000238
33978  -25.459  -59.123  -31.438 0.5000000000
34002  -17.228  -58.504  -32.798 0.5000000000
34005  -20.676  -58.941  -32.449 0.6000000238
34006  -21.447  -59.193  -32.517 0.6000000238
34017  -17.531  -58.762  -33.189 0.6000000238
34038  -17.859  -58.813  -33.715 0.6000000238
34039  -18.446  -58.959  -33.930 0.6000000238
34040  -19.186  -59.123  -34.203 0.6000000238
34041  -19.930  -59.189  -34.479 0.6000000238
34042  -20.674  -59.170  -34.685 0.6000000238
34044  -23.008  -59.425  -34.661 0.6999999881
34047  -25.479  -58.978  -34.712 0.6000000238
34066  -13.721  -58.606  -34.952 0.5000000000
34071  -23.479  -58.683  -35.106 0.6999999881
34073  -24.995  -58.580  -35.105 0.6000000238
34074  -25.634  -58.655  -35.351 0.6000000238
34075  -26.265  -58.851  -35.660 0.5000000000
34076  -26.960  -59.146  -35.935 0.6000000238
34093  -28.032  -59.369  -36.847 0.5000000000
34116  -27.653  -58.556  -37.947 0.5000000000
34118  -29.106  -59.011  -38.041 0.6000000238
34138  -28.402  -58.724  -38.032 0.4000000060
34148  -29.891  -58.573  -39.160 0.6000000238
34150  -31.122  -59.183  -40.005 0.6000000238
34158  -31.400  -59.091  -40.799 0.6000000238
34169  -31.553  -59.035  -41.794 0.6000000238
34187  -31.415  -59.348  -42.667 0.6000000238
34188  -31.495  -59.162  -42.565 0.6000000238
34196  -27.539  -58.848  -43.084 0.5000000000
34197  -28.684  -58.731  -43.364 0.5000000000
34211  -29.450  -58.621  -44.271 0.6000000238
34212  -30.073  -58.491  -44.187 0.6000000238
34213  -30.404  -58.219  -44.069 0.6000000238
34227  -29.623  -58.278  -44.686 0.6000000238
34237  -28.633  -58.301  -45.760 0.5000000000
35133  -23.955  -58.029  -31.176 0.5000000000
35134  -24.656  -58.007  -31.028 0.5000000000
35163  -15.966  -57.707  -32.053 0.4000000060
35166  -18.163  -57.545  -31.941 0.5000000000
35169  -20.937  -57.676  -32.039 0.6000000238
35183  -15.935  -58.094  -32.518 0.4000000060
35184  -16.677  -58.290  -32.663 0.5000000000
35185  -17.235  -58.168  -32.369 0.5000000000
35186  -17.802  -58.054  -32.182 0.6000000238
35195  -15.061  -58.377  -33.587 0.5000000000
35196  -15.714  -58.423  -33.227 0.4000000060
35218  -16.563  -58.467  -34.081 0.4000000060
35239  -14.041  -58.103  -35.677 0.5000000000
35240  -14.803  -57.914  -35.317 0.5000000000
35243  -17.467  -57.834  -35.135 0.5000000000
35244  -18.259  -57.901  -35.229 0.6000000238
35245  -19.076  -57.943  -35.344 0.6000000238
35246  -19.877  -57.963  -35.458 0.6000000238
35247  -20.678  -57.991  -35.577 0.6000000238
35249  -23.055  -58.043  -35.575 0.6000000238
35250  -23.908  -57.983  -35.520 0.6999999881
35252  -25.234  -58.283  -35.621 0.6000000238
35268  -21.902  -57.610  -35.940 0.6000000238
35271  -24.380  -57.519  -36.012 0.6000000238
35272  -25.968  -58.370  -36.706 0.6000000238
35284  -26.172  -58.148  -37.364 0.5000000000
35285  -26.921  -58.378  -37.733 0.5000000000
35307  -27.341  -58.045  -38.325 0.6000000238
35326  -27.765  -57.739  -38.898 0.6999999881
35327  -28.563  -57.856  -39.097 0.6999999881
35337  -28.813  -57.531  -39.745 0.6000000238
35345  -30.236  -57.875  -40.941 0.6000000238
35346  -31.004  -58.322  -41.475 0.6000000238
35358  -30.767  -58.423  -43.680 0.6000000238
35367  -29.836  -57.856  -44.632 0.6000000238
36383  -27.911  -56.764  -30.445 0.4000000060
36404  -24.975  -57.268  -30.954 0.5000000000
36406  -26.693  -57.276  -30.625 0.4000000060
36417  -15.685  -57.293  -31.843 0.4000000060
36418  -16.416  -57.455  -31.855 0.4000000060
36419  -18.414  -56.732  -32.092 0.5000000000
36421  -19.604  -57.206  -32.121 0.6999999881
36422  -20.338  -57.047  -32.198 0.6000000238
36425  -23.555  -57.395  -31.246 0.5000000000
36480  -15.283  -57.358  -35.778 0.5000000000
36482  -16.906  -57.258  -35.503 0.5000000000
36484  -18.669  -57.215  -35.678 0.6000000238
36498  -17.334  -56.509  -36.037 0.5000000000
36501  -19.876  -56.717  -36.236 0.6000000238
36504  -23.568  -56.835  -36.622 0.6000000238
36516  -24.468  -56.774  -37.086 0.6000000238
36527  -24.749  -56.564  -37.713 0.6000000238
36528  -25.392  -56.987  -38.038 0.6000000238
36529  -26.871  -57.524  -38.705 0.6999999881
36551  -18.269  -56.115  -40.269 0.5000000000
36560  -28.956  -57.254  -40.511 0.6999999881
36565  -27.654  -56.807  -40.475 0.6999999881
36574  -29.174  -56.899  -42.545 0.6999999881
36575  -29.947  -57.432  -42.176 0.6000000238
36581  -29.296  -56.832  -43.748 0.6000000238
36583  -30.821  -58.110  -42.962 0.6000000238
36590  -30.170  -57.553  -44.139 0.6000000238
36600  -29.379  -57.579  -45.202 0.5000000000
36607  -28.826  -57.722  -45.686 0.5000000000
37685  -26.849  -55.953  -30.555 0.4000000060
37687  -28.295  -55.972  -30.371 0.4000000060
37688  -29.091  -56.000  -30.522 0.4000000060
37693  -24.588  -56.562  -31.121 0.4000000060
37715  -17.588  -56.871  -31.969 0.5000000000
37716  -19.164  -56.592  -32.268 0.5000000000
37719  -22.023  -56.274  -32.142 0.5000000000
37720  -22.752  -56.175  -31.908 0.5000000000
37747  -17.903  -56.087  -32.386 0.5000000000
37751  -20.883  -55.556  -32.694 0.5000000000
37752  -21.699  -55.590  -32.451 0.5000000000
37799  -16.072  -55.864  -36.813 0.5000000000
37800  -16.838  -55.824  -36.599 0.5000000000
37802  -18.632  -56.011  -36.529 0.6000000238
37803  -19.467  -56.144  -36.608 0.6000000238
37805  -21.442  -56.524  -36.646 0.6000000238
37806  -22.420  -56.374  -36.789 0.6000000238
37807  -23.224  -56.391  -36.943 0.6000000238
37815  -14.476  -55.623  -38.891 0.5000000000
37816  -15.315  -55.635  -37.601 0.5000000000
37821  -19.850  -55.716  -37.118 0.6000000238
37825  -23.577  -56.002  -37.408 0.6000000238
37826  -24.185  -56.218  -37.508 0.6000000238
37835  -24.437  -55.966  -38.144 0.6000000238
37849  -25.397  -56.150  -39.188 0.6999999881
37855  -16.459  -55.024  -40.316 0.6000000238
37856  -17.257  -55.330  -40.573 0.6000000238
37857  -18.869  -55.483  -40.642 0.5000000000
37862  -25.684  -55.817  -39.933 0.6999999881
37864  -27.012  -56.472  -40.413 0.6999999881
37872  -26.646  -55.830  -41.012 0.6000000238
37874  -28.249  -56.575  -41.869 0.6999999881
37889  -26.982  -55.717  -43.949 0.5000000000
37890  -27.785  -56.048  -44.083 0.5000000000
37897  -28.285  -56.646  -44.877 0.5000000000
38921  -27.784  -55.511  -30.339 0.4000000060
38923  -29.542  -55.284  -30.435 0.4000000060
38924  -30.134  -55.220  -30.725 0.4000000060
38925  -30.571  -54.611  -30.658 0.4000000060
38938  -24.887  -55.771  -31.238 0.4000000060
38940  -26.544  -55.223  -30.794 0.4000000060
38943  -30.822  -55.144  -31.213 0.4000000060
38964  -15.984  -55.952  -32.072 0.4000000060
38969  -24.539  -55.255  -31.582 0.4000000060
38987  -17.427  -55.353  -32.693 0.4000000060
38989  -19.654  -55.301  -32.957 0.4000000060
38990  -20.278  -55.118  -32.927 0.4000000060
38992  -22.249  -54.919  -32.513 0.5000000000
39033  -16.569  -54.564  -38.090 0.5000000000
39035  -18.497  -54.776  -37.624 0.6000000238
39036  -19.453  -55.003  -37.581 0.6000000238
39039  -22.268  -55.134  -37.653 0.6000000238
39040  -23.324  -55.503  -37.725 0.6000000238
39048  -15.197  -54.933  -39.531 0.6000000238
39051  -17.809  -53.946  -38.431 0.6000000238
39054  -20.901  -54.461  -38.043 0.6000000238
39056  -22.562  -54.577  -38.226 0.6000000238
39067  -15.769  -54.830  -39.889 0.6000000238
39068  -16.623  -54.212  -39.753 0.6000000238
39071  -25.062  -55.507  -39.584 0.6999999881
39080  -18.377  -54.340  -40.733 0.5000000000
39084  -24.724  -54.814  -39.927 0.6999999881
39086  -25.981  -55.382  -40.754 0.6000000238
39097  -24.867  -54.215  -40.855 0.5000000000
39099  -26.239  -54.970  -41.849 0.6000000238
39112  -27.050  -55.330  -43.028 0.6000000238
39120  -26.476  -54.872  -43.182 0.6000000238
39128  -26.326  -55.081  -43.508 0.5000000000
40126  -27.486  -54.038  -30.652 0.4000000060
40127  -28.958  -53.993  -30.068 0.4000000060
40128  -29.281  -54.644  -30.164 0.4000000060
40147  -26.328  -54.486  -31.241 0.4000000060
40149  -31.177  -54.468  -31.073 0.4000000060
40162  -24.503  -54.498  -31.971 0.4000000060
40163  -25.769  -54.458  -31.515 0.4000000060
40164  -26.034  -53.908  -31.736 0.4000000060
40174  -18.708  -54.839  -33.140 0.4000000060
40175  -19.259  -54.859  -33.138 0.4000000060
40176  -19.816  -54.706  -33.144 0.4000000060
40178  -21.777  -54.271  -32.839 0.5000000000
40180  -23.253  -54.002  -32.645 0.5000000000
40193  -18.016  -53.927  -33.479 0.4000000060
40195  -19.343  -54.356  -33.339 0.4000000060
40256  -19.335  -53.515  -38.844 0.6999999881
40257  -20.390  -53.718  -38.668 0.6999999881
40259  -22.432  -53.990  -38.977 0.6999999881
40260  -22.991  -54.407  -38.702 0.6999999881
40270  -17.296  -53.831  -40.004 0.6000000238
40271  -17.949  -53.368  -39.816 0.6000000238
40272  -18.868  -53.052  -39.749 0.6999999881
40275  -21.738  -53.548  -39.265 0.6000000238
40276  -22.976  -53.995  -39.389 0.6999999881
40285  -17.811  -53.703  -40.255 0.6000000238
40286  -19.214  -53.228  -40.382 0.6000000238
40287  -20.078  -53.347  -40.569 0.6000000238
40289  -23.622  -53.567  -40.776 0.5000000000
40298  -23.623  -53.367  -41.740 0.5000000000
40299  -24.246  -53.532  -41.337 0.5000000000
41301  -28.579  -53.368  -30.140 0.4000000060
41327  -24.020  -53.849  -32.462 0.5000000000
41329  -25.552  -53.441  -32.100 0.4000000060
41337  -21.366  -53.742  -33.145 0.4000000060
41338  -22.111  -53.629  -33.055 0.4000000060
41339  -22.832  -53.509  -32.951 0.5000000000
41341  -24.276  -53.104  -32.634 0.4000000060
41353  -17.639  -53.331  -33.698 0.3000000119
41355  -19.334  -53.649  -33.653 0.4000000060
41356  -20.193  -53.450  -33.633 0.4000000060
41357  -20.960  -53.273  -33.549 0.4000000060
41358  -21.725  -53.125  -33.430 0.4000000060
41436  -19.628  -53.126  -40.048 0.6000000238
41437  -20.423  -53.204  -39.971 0.6999999881
41438  -21.287  -53.298  -40.009 0.5000000000
41439  -22.297  -53.495  -39.830 0.6000000238
41456  -20.721  -53.550  -40.827 0.5000000000
42518  -27.531  -52.457  -30.948 0.4000000060
42528  -26.333  -52.382  -31.769 0.3000000119
42536  -23.663  -52.535  -33.012 0.4000000060
42549  -18.930  -52.900  -34.002 0.3000000119
42552  -21.325  -52.566  -33.875 0.4000000060
42555  -23.402  -51.889  -33.347 0.3000000119
42569  -18.529  -52.176  -34.335 0.3000000119
42571  -20.173  -52.187  -34.380 0.3000000119
42572  -21.317  -51.900  -34.320 0.3000000119
42573  -21.819  -52.061  -34.056 0.3000000119
43770  -28.218  -51.341  -30.600 0.3000000119
43779  -25.744  -51.813  -31.988 0.3000000119
43800  -22.365  -51.837  -33.943 0.3000000119
43801  -22.920  -51.540  -33.724 0.3000000119
43813  -19.688  -51.752  -34.708 0.3000000119
43823  -14.938  -51.897  -35.996 0.3000000119
43825  -16.143  -51.343  -36.051 0.4000000060
43827  -18.710  -51.041  -35.243 0.3000000119
43828  -19.492  -51.168  -35.083 0.3000000119
44980  -24.053  -51.138  -32.837 0.3000000119
44993  -22.894  -50.788  -33.858 0.3000000119
45012  -15.070  -51.423  -35.967 0.3000000119
45013  -15.504  -50.941  -35.863 0.3000000119
45016  -18.401  -50.512  -35.824 0.3000000119
45019  -20.680  -50.614  -35.273 0.3000000119
45025  -17.727  -50.022  -36.262 0.3000000119
45026  -18.165  -50.143  -36.171 0.3000000119
46141  -15.830  -50.435  -30.976 0.3000000119
46192  -15.431  -50.182  -35.062 0.3000000119
46203  -16.538  -50.260  -36.092 0.4000000060
46204  -16.935  -49.549  -36.051 0.4000000060
46205  -20.289  -50.179  -35.625 0.3000000119
46206  -20.824  -49.957  -35.601 0.3000000119
46207  -21.355  -49.667  -35.413 0.3000000119
46211  -17.536  -49.559  -36.288 0.4000000060
46213  -19.093  -49.335  -36.400 0.3000000119
46214  -20.227  -49.587  -35.994 0.3000000119
46215  -20.899  -48.715  -36.157 0.3000000119
47326  -14.766  -49.069  -33.848 0.3000000119
47347  -16.380  -49.483  -35.549 0.4000000060
47349  -17.263  -48.812  -36.041 0.4000000060
47350  -21.330  -48.920  -35.676 0.3000000119
47356  -18.609  -48.871  -36.493 0.3000000119
47358  -20.038  -48.446  -36.593 0.3000000119
47359  -20.642  -48.245  -36.515 0.3000000119
48546  -14.711  -47.759  -30.332 0.3000000119
48562  -15.063  -46.952  -30.725 0.3000000119
48577  -16.414  -47.388  -31.393 0.3000000119
48590  -13.704  -47.727  -32.754 0.3000000119
48608  -15.233  -47.379  -33.998 0.4000000060
48619  -16.352  -47.454  -35.108 0.4000000060
48620  -21.852  -48.291  -35.198 0.3000000119
48621  -22.441  -47.872  -34.392 0.3000000119
48628  -17.602  -48.136  -36.138 0.4000000060
48630  -21.200  -48.090  -36.073 0.3000000119
48638  -18.168  -48.308  -36.399 0.3000000119
48639  -18.761  -48.098  -36.543 0.3000000119
48640  -19.529  -47.914  -36.688 0.3000000119
48642  -20.807  -47.468  -36.615 0.3000000119
49876  -13.837  -45.903  -30.600 0.3000000119
49877  -14.622  -46.159  -30.942 0.3000000119
49893  -17.158  -46.433  -32.109 0.4000000060
49903  -13.974  -46.464  -32.346 0.3000000119
49904  -14.640  -46.265  -32.799 0.3000000119
49918  -14.866  -46.727  -33.482 0.4000000060
49931  -15.905  -46.501  -34.555 0.4000000060
49933  -16.896  -45.710  -35.000 0.4000000060
49935  -22.566  -46.985  -34.381 0.3000000119
49945  -21.722  -46.862  -35.685 0.3000000119
49960  -20.386  -46.829  -36.839 0.3000000119
49962  -21.341  -46.410  -36.275 0.3000000119
51118  -14.971  -45.962  -31.519 0.3000000119
51129  -14.079  -45.953  -31.688 0.3000000119
51130  -14.745  -45.909  -31.883 0.3000000119
51132  -15.976  -45.671  -32.113 0.3000000119
51142  -15.001  -45.739  -32.465 0.3000000119
51144  -16.221  -45.115  -32.922 0.4000000060
51145  -16.827  -44.668  -33.167 0.4000000060
51163  -17.038  -44.359  -33.863 0.4000000060
51164  -17.973  -44.223  -34.041 0.3000000119
51175  -15.994  -45.468  -34.126 0.4000000060
51177  -17.320  -44.683  -34.577 0.4000000060
51178  -18.005  -44.419  -34.543 0.3000000119
51179  -18.769  -44.397  -35.039 0.3000000119
51189  -18.488  -45.184  -35.526 0.3000000119
51190  -19.205  -45.216  -36.036 0.3000000119
51210  -19.843  -46.080  -36.715 0.3000000119
52561  -23.126  -45.818  -33.861 0.3000000119
52571  -22.652  -45.363  -34.409 0.3000000119
52585  -21.815  -45.494  -35.611 0.3000000119
53870  -19.603  -43.252  -35.118 0.3000000119
180717  -30.911  -65.075  -45.706 0.5000000000
180751  -16.268  -58.403  -33.016 0.4000000060
180769  -41.480  -68.216  -42.702 0.4000000060
181799  -29.035  -57.049  -41.458 0.6999999881
181899  -39.739  -70.384  -45.764 0.4000000060
182026  -28.055  -75.097  -42.221 0.4000000060
182676  -26.085  -57.353  -38.349 0.6999999881
183099  -16.080  -50.934  -36.066 0.4000000060
183588  -18.707  -58.875  -32.678 0.6000000238
183618  -29.369  -74.220  -40.326 0.5000000000
184352  -30.899  -67.092  -47.928 0.6000000238
184568  -30.618  -72.159  -39.019 0.5000000000
185181  -14.468  -58.287  -32.996 0.5000000000
185272  -16.215  -58.480  -33.543 0.4000000060
186125  -29.733  -71.804  -38.184 0.5000000000
186192  -27.377  -57.320  -39.200 0.6999999881
186471  -19.918  -58.819  -32.361 0.6000000238
186536  -30.386  -73.205  -39.937 0.5000000000
186576  -28.508  -57.161  -45.517 0.6000000238
186586  -28.605  -72.231  -37.973 0.5000000000
186692  -27.049  -61.303  -39.884 0.6000000238
186891  -31.271  -74.530  -46.284 0.6000000238
187468  -34.621  -65.878  -44.848 0.4000000060
187703  -19.548  -49.616  -36.144 0.3000000119
187723  -25.234  -68.486  -35.610 0.5000000000
187739  -26.074  -56.865  -30.744 0.4000000060
188604  -35.227  -64.238  -49.749 0.5000000000
188823  -30.345  -74.437  -41.232 0.4000000060
188865  -39.623  -70.508  -45.053 0.4000000060
189295  -32.635  -66.809  -46.650 0.6000000238
190142  -33.974  -73.119  -51.208 0.5000000000
190199  -27.739  -54.820  -30.366 0.4000000060
190277  -23.614  -54.073  -39.800 0.5000000000
190514  -31.263  -69.612  -43.332 0.6000000238
190568  -31.411  -70.256  -39.184 0.6999999881
190933  -33.077  -66.206  -42.158 0.5000000000
190958  -34.311  -68.650  -45.223 0.6000000238
191047  -33.584  -69.718  -39.736 0.6999999881
191111  -39.595  -70.608  -50.316 0.5000000000
191129  -33.825  -62.427  -48.768 0.4000000060
191287  -33.267  -69.302  -43.100 0.6000000238
191292  -27.512  -59.768  -34.109 0.5000000000
192223  -23.174  -56.789  -31.557 0.5000000000
192382  -37.555  -71.702  -43.233 0.6000000238
192449  -27.438  -57.560  -30.618 0.4000000060
192633  -37.945  -71.323  -42.810 0.5000000000
193503  -35.652  -72.344  -48.881 0.6999999881
193921  -26.130  -54.592  -42.776 0.5000000000
194136  -17.070  -58.228  -34.615 0.5000000000
194375  -30.321  -64.468  -45.888 0.5000000000
194559  -33.045  -68.737  -47.262 0.6000000238
195550  -20.818  -52.264  -34.202 0.3000000119
195651  -31.556  -65.632  -44.893 0.5000000000
196132  -33.861  -66.444  -46.068 0.6000000238
196466  -36.052  -65.700  -49.675 0.5000000000
196571  -34.470  -72.916  -49.493 0.5000000000
196732  -32.058  -74.518  -44.312 0.5000000000
196809  -34.524  -64.450  -47.192 0.5000000000
196826  -33.990  -63.806  -49.168 0.4000000060
197468  -28.346  -56.288  -43.749 0.6000000238
197570  -35.518  -72.760  -43.105 0.6000000238
197572  -16.006  -49.474  -31.145 0.3000000119
197626  -25.478  -55.619  -31.071 0.4000000060
197797  -27.294  -65.055  -39.376 0.6000000238
197908  -20.649  -56.791  -36.424 0.6000000238
198078  -30.712  -67.196  -47.763 0.6000000238
198211  -34.356  -61.657  -46.437 0.4000000060
198233  -27.560  -63.547  -41.725 0.6000000238
198329  -35.385  -68.542  -41.429 0.5000000000
198433  -31.937  -69.476  -41.440 0.6000000238
198521  -34.143  -70.317  -39.441 0.6999999881
198537  -33.811  -73.059  -42.354 0.6000000238
198648  -25.204  -54.946  -31.482 0.4000000060
198689  -24.138  -57.003  -36.530 0.6000000238
198840  -25.109  -57.897  -36.135 0.5000000000
198958  -14.527  -57.948  -32.325 0.5000000000
199339  -31.099  -74.876  -43.327 0.5000000000
199615  -28.531  -63.294  -43.110 0.6000000238
199880  -16.879  -54.031  -38.793 0.6000000238
200047  -26.696  -63.696  -39.264 0.6000000238
200232  -27.804  -71.493  -37.065 0.5000000000
200349  -28.418  -60.048  -34.834 0.5000000000
200598  -22.546  -57.858  -31.649 0.5000000000
200692  -33.723  -73.357  -43.069 0.6000000238
201371  -21.290  -56.240  -32.345 0.6000000238
201498  -21.458  -58.058  -35.634 0.6000000238
201735  -30.998  -58.876  -43.063 0.6000000238
201877  -37.640  -65.277  -47.806 0.4000000060
201889  -17.384  -47.341  -35.864 0.4000000060
201936  -34.902  -67.898  -46.776 0.5000000000
201951  -36.303  -71.871  -51.027 0.5000000000
202058  -18.971  -53.751  -40.710 0.5000000000
202198  -42.979  -66.201  -42.697 0.4000000060
202213  -21.691  -59.698  -33.876 0.6999999881
202233  -27.563  -66.785  -38.127 0.6000000238
202310  -28.579  -67.374  -40.885 0.6999999881
202538  -35.289  -61.785  -48.862 0.4000000060
202684  -30.492  -63.603  -39.793 0.6000000238
202855  -28.085  -52.865  -30.431 0.4000000060
203227  -15.522  -45.992  -31.687 0.3000000119
203711  -21.368  -53.504  -40.757 0.5000000000
203726  -33.230  -74.711  -51.295 0.6000000238
204063  -39.903  -70.126  -50.248 0.5000000000
204186  -21.797  -58.691  -35.263 0.6999999881
204346  -24.093  -53.330  -42.131 0.5000000000
204497  -38.062  -71.402  -45.169 0.6000000238
204669  -30.379  -74.785  -41.831 0.5000000000
204854  -19.005  -54.574  -33.275 0.4000000060
205374  -29.008  -59.860  -36.650 0.5000000000
205390  -28.311  -69.324  -36.957 0.5000000000
205476  -30.123  -59.100  -38.732 0.6000000238
205761  -29.052  -58.359  -45.249 0.6000000238
206198  -33.132  -65.528  -38.318 0.6000000238
206704  -41.178  -69.505  -49.703 0.5000000000
206718  -28.216  -55.291  -30.276 0.4000000060
206986  -31.382  -69.795  -39.587 0.6000000238
207349  -32.480  -66.511  -45.028 0.5000000000
207623  -39.779  -70.230  -46.502 0.4000000060
207643  -27.416  -69.256  -36.336 0.5000000000
208171  -32.426  -61.871  -39.726 0.5000000000
208288  -33.290  -66.827  -46.532 0.6000000238
208513  -26.768  -59.735  -32.905 0.5000000000
208803  -34.504  -71.167  -39.782 0.6999999881
208928  -27.139  -59.538  -34.748 0.5000000000
209011  -29.881  -61.052  -34.107 0.5000000000
209364  -15.587  -48.927  -30.868 0.3000000119
209449  -39.905  -71.181  -49.954 0.5000000000
209744  -31.371  -65.500  -43.139 0.6000000238
210012  -20.946  -56.833  -32.203 0.6000000238
210518  -32.514  -63.142  -38.970 0.6000000238
210606  -33.609  -69.433  -40.068 0.6000000238
210611  -33.220  -69.228  -40.641 0.6000000238
210720  -30.928  -73.221  -40.345 0.5000000000
210984  -41.784  -68.832  -49.389 0.3000000119
211027  -44.857  -67.511  -45.282 0.3000000119
211766  -20.800  -54.881  -32.875 0.4000000060
211910  -32.536  -61.181  -40.446 0.5000000000
211975  -22.889  -55.182  -37.814 0.6000000238
212196  -22.067  -58.941  -32.129 0.6000000238
212225  -21.887  -50.778  -34.677 0.3000000119
212377  -21.400  -59.192  -34.826 0.6999999881
212521  -30.560  -66.846  -47.366 0.6000000238
212675  -22.490  -44.502  -34.510 0.3000000119
212815  -29.233  -62.401  -40.538 0.6000000238
213161  -25.660  -61.038  -39.647 0.4000000060
213266  -26.440  -50.910  -31.682 0.3000000119
213504  -37.045  -65.061  -49.170 0.4000000060
213542  -19.757  -58.452  -32.057 0.6000000238
213566  -22.733  -58.388  -31.656 0.5000000000
213934  -26.655  -56.665  -39.855 0.6999999881
214029  -42.700  -65.638  -42.579 0.4000000060
214403  -27.586  -57.419  -45.906 0.5000000000
214498  -35.359  -72.015  -41.096 0.6000000238
214631  -31.773  -65.937  -42.402 0.6000000238
214709  -26.348  -57.189  -38.772 0.6999999881
214812  -29.835  -61.104  -34.741 0.5000000000
214827  -20.389  -55.818  -37.131 0.6000000238
214883  -25.555  -58.128  -36.433 0.6000000238
214942  -27.956  -53.512  -30.425 0.4000000060
214963  -18.698  -57.825  -31.999 0.6000000238
215059  -32.034  -73.122  -41.074 0.6000000238
215120  -27.263  -58.747  -37.386 0.5000000000
215345  -29.647  -58.448  -44.484 0.6000000238
215522  -20.840  -56.379  -36.726 0.6000000238
215602  -14.749  -55.245  -39.542 0.5000000000
215724  -35.812  -72.607  -48.044 0.8000000119
216071  -27.579  -70.258  -36.452 0.5000000000
216092  -31.307  -66.157  -46.479 0.5000000000
216125  -17.511  -51.400  -35.161 0.3000000119
216349  -33.392  -66.386  -43.956 0.5000000000
216410  -24.559  -55.212  -39.258 0.6999999881
216466  -33.231  -74.030  -45.032 0.6000000238
216481  -14.258  -57.174  -36.887 0.5000000000
217155  -39.254  -70.622  -45.599 0.4000000060
217394  -37.449  -66.687  -43.181 0.5000000000
217425  -31.388  -58.779  -42.149 0.6000000238
217684  -15.670  -56.848  -36.131 0.5000000000
217843  -38.189  -69.948  -41.061 0.5000000000
217860  -14.533  -57.608  -32.007 0.5000000000
217899  -22.576  -58.743  -31.884 0.6000000238
217915  -21.730  -59.532  -34.476 0.6999999881
