#!ascii label  , from subject sub-v2s13x29117_ses-1 vox2ras=TkReg
658
109511  -31.195  -3.418  -32.984 0.0000000000
115232  -29.355  1.001  -36.261 0.0000000000
180329  -28.429  13.030  -35.756 0.0000000000
126223  -31.097  10.042  -35.447 0.0000000000
121529  -33.423  7.088  -32.744 0.0000000000
117273  -36.885  2.924  -31.717 0.0000000000
180299  -28.298  15.034  -35.383 0.0000000000
123876  -31.906  8.446  -34.327 0.0000000000
120499  -29.890  5.849  -36.119 0.0000000000
111835  -30.431  -1.145  -34.117 0.0000000000
116274  -32.191  2.376  -32.955 0.0000000000
211672  -33.438  0.120  -32.080 0.0000000000
101424  -26.446  -9.663  -32.105 0.0000000000
107261  -28.917  -4.704  -34.699 0.0000000000
138223  -29.288  20.418  -40.153 0.0000000000
137236  -31.072  19.504  -39.975 0.0000000000
137208  -32.647  19.351  -38.621 0.0000000000
135409  -34.467  18.296  -36.373 0.0000000000
133498  -34.604  16.130  -34.863 0.0000000000
127376  -29.795  11.428  -35.924 0.0000000000
130569  -34.350  13.466  -34.087 0.0000000000
188224  -35.952  12.024  -32.929 0.0000000000
124990  -36.793  9.872  -32.640 0.0000000000
122668  -37.682  7.530  -33.921 0.0000000000
118360  -31.382  4.220  -34.113 0.0000000000
119344  -35.170  5.101  -31.431 0.0000000000
202243  -28.890  6.389  -37.102 0.0000000000
120510  -27.441  5.553  -37.448 0.0000000000
110686  -30.700  -2.343  -33.258 0.0000000000
199476  -31.642  -0.708  -33.016 0.0000000000
110642  -32.600  -1.773  -32.505 0.0000000000
209163  -26.574  -13.349  -30.733 0.0000000000
96884  -26.503  -12.721  -30.818 0.0000000000
182312  -26.837  -11.434  -30.833 0.0000000000
194373  -28.330  -3.550  -35.723 0.0000000000
107259  -27.447  -5.311  -35.167 0.0000000000
137237  -32.007  19.994  -39.770 0.0000000000
204583  -27.499  13.830  -35.740 0.0000000000
132583  -31.492  15.882  -36.267 0.0000000000
214817  -31.949  15.307  -35.951 0.0000000000
134489  -34.472  17.281  -35.648 0.0000000000
201666  -31.723  14.151  -35.844 0.0000000000
201955  -30.263  10.896  -35.759 0.0000000000
129574  -32.848  12.763  -34.962 0.0000000000
205957  -32.881  11.491  -34.703 0.0000000000
129564  -35.515  13.285  -33.372 0.0000000000
212919  -33.245  10.874  -34.008 0.0000000000
196728  -32.603  7.651  -33.495 0.0000000000
124964  -34.381  9.589  -32.376 0.0000000000
123816  -35.546  8.535  -31.848 0.0000000000
123862  -37.627  8.296  -33.603 0.0000000000
218059  -36.433  7.837  -31.886 0.0000000000
204749  -28.657  1.942  -36.717 0.0000000000
118398  -29.635  3.850  -36.043 0.0000000000
116312  -30.088  2.379  -35.439 0.0000000000
116255  -34.237  2.518  -31.852 0.0000000000
118324  -33.890  3.700  -31.998 0.0000000000
118309  -36.169  4.294  -31.348 0.0000000000
191581  -37.534  4.973  -32.910 0.0000000000
118362  -37.649  4.201  -33.336 0.0000000000
101425  -27.115  -9.256  -31.655 0.0000000000
102550  -26.388  -8.607  -33.132 0.0000000000
103675  -27.713  -7.941  -32.170 0.0000000000
104901  -28.367  -6.776  -32.586 0.0000000000
210787  -29.453  8.823  -36.561 0.0000000000
208739  -31.203  9.399  -35.236 0.0000000000
122690  -30.547  7.986  -35.993 0.0000000000
122691  -30.789  7.504  -35.549 0.0000000000
121544  -31.925  6.630  -34.027 0.0000000000
114114  -30.141  0.260  -35.267 0.0000000000
198100  -30.785  1.887  -34.425 0.0000000000
114105  -31.323  0.746  -33.492 0.0000000000
115199  -32.813  1.285  -32.593 0.0000000000
190779  -35.397  1.724  -31.582 0.0000000000
100250  -27.054  -10.289  -31.055 0.0000000000
110715  -28.589  -1.022  -36.313 0.0000000000
110704  -29.043  -2.150  -35.589 0.0000000000
109540  -29.800  -3.187  -34.464 0.0000000000
108387  -30.061  -3.847  -33.945 0.0000000000
140085  -27.489  21.745  -41.294 0.0000000000
137207  -30.439  19.003  -38.590 0.0000000000
137248  -30.092  19.979  -40.591 0.0000000000
188637  -31.099  21.561  -41.886 0.0000000000
139226  -32.828  21.758  -40.897 0.0000000000
181836  -34.359  21.360  -39.933 0.0000000000
133510  -31.177  16.356  -36.168 0.0000000000
136293  -33.512  18.959  -37.364 0.0000000000
137210  -34.797  20.371  -38.308 0.0000000000
136296  -35.930  19.384  -37.628 0.0000000000
135411  -36.139  18.280  -36.658 0.0000000000
133513  -36.550  16.998  -35.994 0.0000000000
128545  -28.763  12.398  -35.905 0.0000000000
130580  -32.457  13.377  -35.273 0.0000000000
131635  -34.865  14.978  -34.293 0.0000000000
132570  -36.603  15.976  -35.181 0.0000000000
131638  -36.902  14.615  -34.615 0.0000000000
128550  -37.395  11.929  -35.038 0.0000000000
126190  -33.905  10.058  -32.758 0.0000000000
127320  -35.889  10.757  -32.511 0.0000000000
118409  -28.738  4.287  -37.039 0.0000000000
119409  -30.351  4.823  -35.383 0.0000000000
120467  -32.013  5.468  -33.732 0.0000000000
202475  -31.966  3.542  -33.372 0.0000000000
119359  -33.249  4.848  -32.518 0.0000000000
121514  -34.383  6.428  -31.946 0.0000000000
121515  -36.861  6.579  -31.876 0.0000000000
191426  -37.558  6.239  -33.862 0.0000000000
209316  -27.918  -6.430  -33.691 0.0000000000
106123  -29.169  -5.832  -32.809 0.0000000000
107204  -31.065  -4.800  -32.447 0.0000000000
196361  -31.355  -2.755  -33.039 0.0000000000
110669  -31.377  -2.009  -33.055 0.0000000000
110670  -32.103  -2.469  -32.742 0.0000000000
110671  -32.918  -2.553  -32.402 0.0000000000
109488  -32.573  -3.260  -32.517 0.0000000000
95746  -26.996  -13.807  -30.619 0.0000000000
96885  -27.115  -13.052  -30.497 0.0000000000
204650  -28.105  13.557  -35.693 0.0000000000
209831  -30.219  14.360  -35.735 0.0000000000
195296  -30.107  13.827  -35.605 0.0000000000
200769  -31.966  14.767  -35.869 0.0000000000
125036  -29.890  9.837  -36.120 0.0000000000
126233  -29.237  10.160  -36.346 0.0000000000
126222  -30.412  10.263  -35.769 0.0000000000
127364  -32.538  11.505  -35.037 0.0000000000
217820  -32.314  10.984  -35.150 0.0000000000
127354  -33.279  11.535  -34.286 0.0000000000
126205  -32.318  10.388  -34.789 0.0000000000
213988  -33.210  7.652  -32.946 0.0000000000
122632  -34.257  8.141  -32.084 0.0000000000
122633  -34.974  7.820  -31.783 0.0000000000
123817  -36.231  8.452  -31.908 0.0000000000
190314  -34.314  7.302  -32.006 0.0000000000
116323  -29.201  1.748  -36.461 0.0000000000
116325  -29.584  2.378  -36.128 0.0000000000
115233  -29.856  1.569  -35.828 0.0000000000
117249  -35.743  3.070  -31.541 0.0000000000
118308  -35.447  3.790  -31.505 0.0000000000
117250  -36.375  3.495  -31.508 0.0000000000
119347  -37.034  4.179  -31.777 0.0000000000
209662  -37.455  3.206  -32.451 0.0000000000
117310  -37.654  3.423  -33.614 0.0000000000
192341  -37.640  2.926  -32.994 0.0000000000
102528  -27.408  -8.597  -31.920 0.0000000000
123909  -28.325  8.295  -37.477 0.0000000000
122705  -29.967  8.175  -36.534 0.0000000000
122704  -29.410  7.768  -36.950 0.0000000000
202733  -29.484  6.533  -36.604 0.0000000000
121565  -30.051  6.707  -36.129 0.0000000000
121566  -30.565  6.847  -35.628 0.0000000000
121556  -31.071  6.939  -35.052 0.0000000000
120487  -30.796  6.239  -35.161 0.0000000000
112991  -30.241  -0.434  -34.707 0.0000000000
184687  -30.853  0.497  -34.167 0.0000000000
112982  -30.750  -0.339  -34.155 0.0000000000
112946  -33.021  -0.236  -32.269 0.0000000000
112945  -32.498  0.071  -32.601 0.0000000000
114069  -33.586  0.703  -31.997 0.0000000000
115183  -33.686  1.386  -31.974 0.0000000000
114038  -34.064  0.937  -31.593 0.0000000000
115163  -35.654  1.102  -31.665 0.0000000000
114039  -34.497  0.516  -31.558 0.0000000000
95744  -25.568  -13.896  -31.173 0.0000000000
94552  -25.177  -14.492  -31.121 0.0000000000
99171  -26.605  -10.841  -31.136 0.0000000000
100251  -27.651  -10.305  -30.627 0.0000000000
111853  -29.142  -1.234  -35.480 0.0000000000
108399  -28.459  -4.278  -35.325 0.0000000000
193434  -29.362  -3.419  -35.038 0.0000000000
108400  -29.180  -4.064  -34.934 0.0000000000
108386  -29.549  -4.379  -34.373 0.0000000000
139213  -29.403  21.176  -39.784 0.0000000000
189998  -28.089  21.953  -40.857 0.0000000000
139223  -28.031  21.286  -41.092 0.0000000000
139236  -27.643  21.253  -41.640 0.0000000000
138237  -28.696  20.712  -40.934 0.0000000000
136323  -30.674  18.852  -39.527 0.0000000000
136311  -30.549  18.549  -39.089 0.0000000000
138238  -29.925  20.290  -41.035 0.0000000000
138253  -30.505  20.812  -41.514 0.0000000000
138254  -31.408  21.133  -41.224 0.0000000000
138225  -32.612  20.903  -40.006 0.0000000000
138212  -32.967  20.618  -39.429 0.0000000000
138226  -33.531  21.235  -39.882 0.0000000000
137223  -33.320  20.309  -38.816 0.0000000000
132566  -29.568  15.720  -35.267 0.0000000000
198227  -32.813  16.963  -36.338 0.0000000000
209966  -32.530  17.290  -36.707 0.0000000000
136285  -34.021  18.697  -36.842 0.0000000000
137204  -34.672  19.864  -37.675 0.0000000000
136294  -34.423  19.270  -37.199 0.0000000000
136304  -35.558  19.929  -38.051 0.0000000000
136286  -34.952  18.828  -36.707 0.0000000000
204308  -33.963  16.536  -35.421 0.0000000000
134499  -35.645  17.928  -36.114 0.0000000000
134490  -35.294  17.359  -35.590 0.0000000000
134500  -36.332  17.636  -36.301 0.0000000000
133507  -35.650  16.788  -35.218 0.0000000000
126231  -27.855  10.661  -36.731 0.0000000000
127389  -28.406  11.161  -36.374 0.0000000000
127375  -29.007  11.694  -36.126 0.0000000000
129584  -31.382  13.134  -35.492 0.0000000000
128547  -30.321  12.119  -35.761 0.0000000000
129575  -33.616  13.113  -34.524 0.0000000000
130582  -33.813  13.916  -34.574 0.0000000000
130583  -34.604  14.225  -34.196 0.0000000000
132569  -35.765  15.745  -34.476 0.0000000000
211986  -36.049  15.294  -34.231 0.0000000000
132571  -36.859  15.294  -34.899 0.0000000000
131630  -36.060  14.716  -33.926 0.0000000000
129549  -35.824  12.673  -33.124 0.0000000000
129565  -36.264  13.254  -33.497 0.0000000000
129566  -36.870  12.776  -33.840 0.0000000000
128537  -37.207  12.374  -34.331 0.0000000000
128528  -37.003  11.981  -33.775 0.0000000000
125027  -32.106  9.148  -34.302 0.0000000000
125010  -32.339  9.774  -34.364 0.0000000000
125011  -32.657  9.388  -33.786 0.0000000000
124966  -35.794  9.635  -32.105 0.0000000000
126171  -35.497  10.208  -32.353 0.0000000000
126191  -36.516  10.574  -32.747 0.0000000000
127356  -37.088  11.178  -33.614 0.0000000000
126192  -37.100  10.371  -33.209 0.0000000000
121567  -37.340  6.811  -35.095 0.0000000000
118407  -27.570  4.098  -37.250 0.0000000000
200200  -30.150  3.717  -35.402 0.0000000000
118384  -30.050  4.378  -35.626 0.0000000000
119400  -31.237  4.882  -34.436 0.0000000000
120466  -31.563  5.506  -34.253 0.0000000000
119391  -31.712  4.839  -33.922 0.0000000000
116293  -31.748  2.083  -33.305 0.0000000000
201503  -30.905  2.492  -34.329 0.0000000000
117309  -31.750  2.824  -33.477 0.0000000000
200825  -34.155  4.352  -31.860 0.0000000000
118323  -33.570  4.281  -32.239 0.0000000000
119360  -33.820  4.949  -32.144 0.0000000000
210909  -33.459  5.589  -32.479 0.0000000000
120418  -34.770  5.723  -31.666 0.0000000000
121495  -35.794  6.409  -31.460 0.0000000000
120420  -36.193  5.836  -31.399 0.0000000000
192800  -37.539  4.872  -33.837 0.0000000000
193874  -37.579  5.606  -33.458 0.0000000000
193873  -37.457  5.550  -34.286 0.0000000000
104878  -29.270  -6.700  -31.818 0.0000000000
106093  -29.502  -6.063  -32.166 0.0000000000
106124  -29.793  -5.478  -32.575 0.0000000000
106094  -30.159  -5.750  -32.026 0.0000000000
121595  -28.499  6.989  -37.349 0.0000000000
200969  -28.259  6.262  -37.433 0.0000000000
120512  -28.614  5.652  -37.195 0.0000000000
111836  -30.828  -1.599  -33.455 0.0000000000
198576  -31.042  -0.873  -33.590 0.0000000000
111820  -31.340  -1.339  -33.168 0.0000000000
111798  -32.297  -1.007  -32.557 0.0000000000
111799  -32.991  -1.042  -32.213 0.0000000000
112948  -34.199  -0.695  -31.860 0.0000000000
111800  -33.724  -1.273  -32.002 0.0000000000
110644  -33.973  -2.005  -31.988 0.0000000000
95745  -26.295  -13.907  -30.856 0.0000000000
99170  -26.288  -11.384  -31.235 0.0000000000
98076  -26.388  -11.999  -31.023 0.0000000000
98077  -27.119  -12.155  -30.553 0.0000000000
109553  -28.184  -2.926  -36.223 0.0000000000
184879  -27.725  -4.014  -35.758 0.0000000000
107270  -27.651  -4.689  -35.453 0.0000000000
107260  -28.180  -4.999  -34.953 0.0000000000
138211  -29.949  20.158  -39.295 0.0000000000
136301  -31.050  18.269  -38.784 0.0000000000
138224  -31.785  20.364  -40.202 0.0000000000
136313  -31.611  18.678  -39.131 0.0000000000
136302  -31.876  18.354  -38.406 0.0000000000
135425  -31.732  17.893  -37.923 0.0000000000
204097  -30.088  15.017  -35.505 0.0000000000
132575  -31.491  15.285  -36.082 0.0000000000
133505  -33.077  16.513  -35.913 0.0000000000
134497  -34.049  17.758  -36.082 0.0000000000
132576  -32.469  15.376  -35.780 0.0000000000
132577  -33.152  15.906  -35.554 0.0000000000
131644  -33.140  15.236  -35.272 0.0000000000
127377  -30.578  11.394  -35.716 0.0000000000
185146  -31.081  11.894  -35.631 0.0000000000
127379  -31.857  11.535  -35.393 0.0000000000
128535  -32.894  11.955  -34.798 0.0000000000
128536  -33.473  12.320  -34.431 0.0000000000
130570  -35.099  13.798  -33.687 0.0000000000
129562  -34.141  12.705  -33.946 0.0000000000
128507  -34.673  12.302  -33.282 0.0000000000
128506  -34.337  11.543  -33.133 0.0000000000
122649  -32.983  8.226  -33.201 0.0000000000
123840  -33.074  8.928  -33.174 0.0000000000
123841  -33.590  8.389  -32.659 0.0000000000
124965  -34.774  9.215  -32.136 0.0000000000
124967  -36.422  9.457  -32.254 0.0000000000
182549  -37.441  9.051  -33.225 0.0000000000
124968  -36.554  8.900  -32.133 0.0000000000
123818  -36.902  8.274  -32.167 0.0000000000
122636  -37.253  7.541  -32.547 0.0000000000
117340  -28.865  3.093  -36.803 0.0000000000
117341  -29.329  3.086  -36.362 0.0000000000
117329  -29.859  3.077  -35.745 0.0000000000
201077  -30.604  3.659  -34.846 0.0000000000
116253  -33.115  2.420  -32.341 0.0000000000
117270  -32.960  3.076  -32.489 0.0000000000
117272  -34.227  3.189  -31.865 0.0000000000
118325  -34.565  3.741  -31.751 0.0000000000
200093  -35.528  4.546  -31.361 0.0000000000
196572  -36.614  5.411  -31.455 0.0000000000
119346  -36.771  4.740  -31.502 0.0000000000
118346  -37.496  4.258  -32.646 0.0000000000
118374  -37.446  4.048  -34.378 0.0000000000
118385  -37.159  4.199  -35.401 0.0000000000
102527  -26.730  -8.949  -32.398 0.0000000000
102551  -27.073  -8.286  -32.647 0.0000000000
103698  -27.399  -7.628  -32.894 0.0000000000
209158  -27.799  -6.923  -33.159 0.0000000000
103699  -28.044  -7.313  -32.418 0.0000000000
104877  -28.639  -7.011  -32.041 0.0000000000
189179  -28.981  9.056  -36.733 0.0000000000
125037  -30.533  9.415  -35.657 0.0000000000
196241  -31.762  9.769  -34.912 0.0000000000
125049  -29.888  9.043  -36.122 0.0000000000
125038  -31.008  8.797  -35.275 0.0000000000
123875  -31.420  8.292  -34.866 0.0000000000
121580  -29.743  7.300  -36.592 0.0000000000
122679  -31.730  7.795  -34.408 0.0000000000
206744  -32.044  7.341  -33.956 0.0000000000
121545  -32.418  6.851  -33.564 0.0000000000
185414  -29.867  0.802  -35.790 0.0000000000
205137  -30.285  0.990  -35.301 0.0000000000
114115  -30.512  0.583  -34.842 0.0000000000
115215  -31.034  1.327  -33.958 0.0000000000
115216  -31.501  1.483  -33.401 0.0000000000
114092  -31.813  0.213  -33.001 0.0000000000
193996  -31.814  0.966  -33.121 0.0000000000
116275  -32.686  1.997  -32.633 0.0000000000
116254  -33.674  2.126  -32.041 0.0000000000
116232  -34.841  2.093  -31.658 0.0000000000
116233  -35.566  2.403  -31.609 0.0000000000
208899  -37.137  2.391  -32.029 0.0000000000
115164  -36.209  1.842  -31.699 0.0000000000
112910  -34.695  -0.140  -31.714 0.0000000000
94536  -25.499  -15.006  -30.632 0.0000000000
101423  -25.910  -10.216  -32.260 0.0000000000
100266  -26.471  -10.288  -31.595 0.0000000000
101407  -26.901  -9.813  -31.434 0.0000000000
101408  -27.504  -9.653  -31.018 0.0000000000
215382  -28.996  -0.032  -36.198 0.0000000000
113000  -29.043  -0.470  -35.895 0.0000000000
111854  -29.571  -0.448  -35.258 0.0000000000
111844  -29.706  -1.096  -34.685 0.0000000000
108414  -28.877  -2.982  -35.647 0.0000000000
109539  -29.419  -2.667  -34.983 0.0000000000
207944  -29.912  -1.671  -34.303 0.0000000000
109527  -30.260  -2.876  -33.703 0.0000000000
108371  -30.596  -3.591  -33.322 0.0000000000
140086  -28.663  22.699  -40.432 0.0000000000
138189  -31.094  19.951  -37.791 0.0000000000
137219  -29.951  19.747  -39.841 0.0000000000
137220  -30.206  19.180  -39.361 0.0000000000
137233  -29.388  20.128  -40.457 0.0000000000
138252  -29.550  20.540  -41.545 0.0000000000
138266  -28.810  20.907  -42.361 0.0000000000
138241  -32.177  21.137  -40.623 0.0000000000
139225  -32.266  21.704  -41.147 0.0000000000
140099  -32.468  22.478  -42.176 0.0000000000
139239  -32.898  22.142  -41.490 0.0000000000
139240  -33.765  22.234  -41.585 0.0000000000
139228  -34.348  21.925  -41.012 0.0000000000
134504  -31.891  17.340  -37.088 0.0000000000
136292  -32.564  18.402  -37.698 0.0000000000
133511  -31.751  16.306  -36.438 0.0000000000
135407  -32.764  17.773  -36.864 0.0000000000
136303  -33.050  19.152  -37.939 0.0000000000
138199  -34.176  20.581  -38.641 0.0000000000
216198  -34.771  21.116  -39.524 0.0000000000
193699  -35.045  21.311  -40.080 0.0000000000
138228  -35.641  20.938  -40.013 0.0000000000
136305  -36.239  19.496  -38.224 0.0000000000
212641  -35.130  18.323  -36.302 0.0000000000
135418  -35.952  18.911  -37.085 0.0000000000
128558  -27.439  12.192  -36.307 0.0000000000
204637  -28.097  12.494  -35.943 0.0000000000
129582  -30.030  13.011  -35.633 0.0000000000
130589  -31.866  13.584  -35.499 0.0000000000
131634  -33.246  14.481  -35.038 0.0000000000
129573  -32.083  12.894  -35.321 0.0000000000
130581  -33.054  13.610  -34.982 0.0000000000
132567  -34.359  15.409  -34.660 0.0000000000
133499  -35.361  16.273  -34.786 0.0000000000
133509  -36.886  16.337  -35.819 0.0000000000
130572  -36.399  14.014  -33.837 0.0000000000
130573  -36.935  13.912  -34.324 0.0000000000
129593  -37.343  13.413  -35.539 0.0000000000
128559  -37.327  12.498  -35.776 0.0000000000
126206  -32.853  10.227  -34.019 0.0000000000
188529  -33.523  10.472  -33.430 0.0000000000
127340  -34.778  11.118  -32.717 0.0000000000
127319  -35.283  10.764  -32.545 0.0000000000
186944  -35.485  11.454  -32.717 0.0000000000
128510  -36.703  11.641  -33.295 0.0000000000
125012  -37.650  9.062  -34.054 0.0000000000
119434  -28.364  4.923  -37.249 0.0000000000
119435  -28.979  5.030  -36.889 0.0000000000
192423  -29.266  4.425  -36.507 0.0000000000
202240  -29.698  4.561  -36.053 0.0000000000
120477  -30.446  5.524  -35.400 0.0000000000
120478  -31.022  5.562  -34.769 0.0000000000
198169  -31.844  6.010  -34.041 0.0000000000
190745  -32.745  6.297  -33.185 0.0000000000
116303  -30.531  2.432  -34.808 0.0000000000
117321  -30.771  3.031  -34.573 0.0000000000
201193  -31.523  3.548  -33.821 0.0000000000
202059  -32.800  3.629  -32.680 0.0000000000
118344  -32.384  4.040  -33.045 0.0000000000
118361  -31.859  4.162  -33.612 0.0000000000
217793  -32.981  5.310  -32.782 0.0000000000
120448  -32.998  5.828  -32.865 0.0000000000
122617  -35.430  7.074  -31.633 0.0000000000
122618  -36.258  7.055  -31.702 0.0000000000
121530  -37.453  6.890  -32.861 0.0000000000
120437  -37.130  6.059  -32.082 0.0000000000
120469  -37.575  6.270  -33.153 0.0000000000
121558  -37.574  6.848  -34.253 0.0000000000
106152  -27.899  -5.613  -34.605 0.0000000000
107244  -28.578  -5.303  -34.293 0.0000000000
106122  -28.468  -6.258  -33.120 0.0000000000
106142  -28.886  -5.592  -33.555 0.0000000000
107245  -29.239  -4.988  -33.992 0.0000000000
107246  -29.850  -4.639  -33.675 0.0000000000
182148  -30.334  -4.275  -33.227 0.0000000000
108372  -31.007  -4.109  -32.842 0.0000000000
104902  -28.882  -6.416  -32.372 0.0000000000
106140  -27.617  -6.194  -34.299 0.0000000000
106141  -28.247  -5.903  -33.918 0.0000000000
106151  -27.220  -5.905  -34.879 0.0000000000
107203  -30.419  -5.154  -32.409 0.0000000000
107229  -29.491  -5.222  -33.236 0.0000000000
107230  -30.080  -4.904  -32.972 0.0000000000
107231  -30.585  -4.648  -32.781 0.0000000000
108373  -31.612  -3.805  -32.740 0.0000000000
108401  -29.655  -3.802  -34.608 0.0000000000
109512  -31.863  -3.267  -32.780 0.0000000000
110643  -33.286  -1.889  -32.177 0.0000000000
110685  -30.266  -1.983  -33.791 0.0000000000
110694  -29.495  -1.848  -34.847 0.0000000000
110695  -29.847  -2.362  -34.321 0.0000000000
111821  -31.897  -1.561  -32.821 0.0000000000
112909  -33.978  0.135  -31.755 0.0000000000
112911  -35.490  -0.276  -31.867 0.0000000000
112947  -33.556  -0.504  -32.013 0.0000000000
112967  -31.190  -0.065  -33.526 0.0000000000
112968  -32.155  -0.384  -32.704 0.0000000000
112992  -30.542  0.093  -34.680 0.0000000000
114068  -33.037  0.546  -32.427 0.0000000000
114093  -32.362  0.780  -32.788 0.0000000000
114125  -29.422  0.224  -35.898 0.0000000000
115161  -34.180  1.708  -31.690 0.0000000000
115162  -34.778  1.206  -31.504 0.0000000000
115182  -33.229  1.722  -32.333 0.0000000000
115198  -32.128  1.574  -32.937 0.0000000000
115223  -30.362  1.740  -35.060 0.0000000000
115224  -30.652  1.163  -34.637 0.0000000000
116234  -36.309  2.676  -31.596 0.0000000000
116256  -36.782  2.305  -31.757 0.0000000000
116257  -37.446  2.569  -32.453 0.0000000000
116292  -31.240  2.152  -33.822 0.0000000000
116324  -28.999  2.478  -36.628 0.0000000000
117248  -34.941  2.979  -31.728 0.0000000000
117251  -36.979  3.596  -31.719 0.0000000000
117271  -33.612  2.962  -32.100 0.0000000000
117274  -37.211  3.086  -32.051 0.0000000000
117293  -32.357  3.158  -32.925 0.0000000000
117294  -37.565  3.637  -32.836 0.0000000000
117308  -31.194  2.942  -34.047 0.0000000000
117320  -30.325  3.051  -35.117 0.0000000000
117353  -28.559  3.564  -37.040 0.0000000000
118310  -36.718  4.068  -31.517 0.0000000000
118326  -37.312  3.805  -32.175 0.0000000000
118345  -33.001  4.205  -32.617 0.0000000000
118372  -30.488  4.285  -35.145 0.0000000000
118373  -30.938  4.258  -34.640 0.0000000000
118397  -29.065  3.706  -36.679 0.0000000000
118408  -28.172  4.185  -37.245 0.0000000000
119345  -36.014  5.109  -31.268 0.0000000000
119361  -34.463  5.026  -31.788 0.0000000000
119362  -37.046  5.392  -31.827 0.0000000000
119363  -37.260  4.689  -32.120 0.0000000000
119375  -32.717  4.782  -32.918 0.0000000000
119392  -32.194  4.799  -33.395 0.0000000000
119399  -30.759  4.890  -34.957 0.0000000000
119420  -29.527  5.115  -36.353 0.0000000000
119421  -29.997  5.042  -35.815 0.0000000000
119433  -27.776  4.851  -37.403 0.0000000000
120419  -35.489  5.766  -31.381 0.0000000000
120434  -33.316  6.403  -32.730 0.0000000000
120435  -34.106  5.640  -32.051 0.0000000000
120436  -36.782  5.940  -31.665 0.0000000000
120447  -32.557  5.516  -33.217 0.0000000000
120449  -37.361  6.201  -32.583 0.0000000000
120468  -32.243  6.137  -33.619 0.0000000000
120479  -31.405  6.289  -34.536 0.0000000000
120498  -29.238  5.768  -36.724 0.0000000000
120511  -28.025  5.566  -37.443 0.0000000000
121494  -35.088  6.395  -31.561 0.0000000000
121496  -36.386  6.356  -31.599 0.0000000000
121513  -33.833  6.823  -32.365 0.0000000000
121516  -37.196  6.774  -32.310 0.0000000000
121528  -32.943  6.998  -33.105 0.0000000000
121546  -37.645  6.905  -33.514 0.0000000000
121557  -31.582  7.107  -34.483 0.0000000000
121579  -29.141  7.124  -36.994 0.0000000000
121582  -37.184  7.094  -35.742 0.0000000000
121594  -27.909  6.862  -37.643 0.0000000000
122634  -35.809  7.842  -31.727 0.0000000000
122635  -36.906  7.346  -32.045 0.0000000000
122650  -33.771  7.565  -32.465 0.0000000000
122651  -37.587  7.599  -33.162 0.0000000000
122667  -32.135  7.954  -33.954 0.0000000000
122678  -31.256  7.630  -34.955 0.0000000000
122680  -37.530  7.382  -34.572 0.0000000000
122720  -28.765  7.698  -37.245 0.0000000000
123814  -34.218  8.907  -32.213 0.0000000000
123815  -34.843  8.654  -31.974 0.0000000000
123842  -37.313  8.354  -32.806 0.0000000000
123861  -32.485  8.531  -33.737 0.0000000000
123887  -30.469  8.597  -35.813 0.0000000000
123896  -28.467  8.974  -37.129 0.0000000000
123897  -29.106  8.387  -37.006 0.0000000000
124988  -33.281  9.716  -33.294 0.0000000000
124989  -33.716  9.281  -32.669 0.0000000000
124991  -37.001  9.098  -32.552 0.0000000000
125026  -31.575  8.971  -34.818 0.0000000000
125048  -29.338  9.436  -36.428 0.0000000000
126170  -34.700  10.322  -32.508 0.0000000000
126172  -36.174  10.085  -32.391 0.0000000000
126207  -37.399  10.528  -34.023 0.0000000000
126215  -31.684  10.656  -35.338 0.0000000000
126221  -29.789  10.600  -36.023 0.0000000000
127339  -34.113  10.812  -32.905 0.0000000000
127341  -36.239  11.355  -32.869 0.0000000000
127342  -36.795  11.027  -33.120 0.0000000000
127355  -33.730  11.203  -33.570 0.0000000000
127365  -32.790  10.991  -34.611 0.0000000000
127378  -31.228  11.241  -35.576 0.0000000000
127390  -29.133  10.921  -36.214 0.0000000000
128508  -35.366  12.188  -32.949 0.0000000000
128509  -36.436  12.335  -33.341 0.0000000000
128527  -33.907  11.954  -33.739 0.0000000000
128534  -32.333  12.156  -35.226 0.0000000000
128546  -29.530  12.281  -35.850 0.0000000000
128548  -30.852  12.670  -35.568 0.0000000000
128549  -31.593  12.383  -35.433 0.0000000000
129548  -35.276  12.727  -33.186 0.0000000000
129563  -34.840  13.072  -33.523 0.0000000000
129572  -29.483  13.671  -35.655 0.0000000000
129581  -29.177  13.022  -35.730 0.0000000000
129583  -30.706  13.448  -35.479 0.0000000000
129585  -37.330  12.817  -34.931 0.0000000000
130571  -35.815  14.005  -33.582 0.0000000000
130579  -29.595  14.348  -35.666 0.0000000000
130584  -37.215  14.067  -34.995 0.0000000000
130587  -30.698  14.110  -35.745 0.0000000000
130588  -31.256  13.849  -35.736 0.0000000000
130590  -32.417  14.087  -35.495 0.0000000000
131629  -35.389  14.531  -33.899 0.0000000000
131631  -36.544  14.495  -34.144 0.0000000000
131636  -35.596  15.197  -34.163 0.0000000000
131637  -36.442  15.033  -34.353 0.0000000000
131641  -30.634  14.605  -35.789 0.0000000000
131642  -31.237  14.521  -36.008 0.0000000000
131643  -32.635  14.773  -35.519 0.0000000000
132568  -35.115  15.676  -34.473 0.0000000000
132574  -30.805  15.208  -35.719 0.0000000000
132578  -33.811  15.734  -35.077 0.0000000000
132584  -31.995  15.780  -36.158 0.0000000000
132585  -32.598  15.973  -36.009 0.0000000000
133500  -36.004  16.227  -34.865 0.0000000000
133504  -30.957  15.847  -35.818 0.0000000000
133506  -34.911  16.792  -35.173 0.0000000000
133508  -36.268  16.635  -35.415 0.0000000000
133512  -32.377  16.362  -36.352 0.0000000000
134488  -33.611  17.138  -35.929 0.0000000000
134491  -35.985  17.281  -35.701 0.0000000000
134495  -31.992  16.854  -36.647 0.0000000000
134496  -33.229  17.566  -36.351 0.0000000000
134498  -34.870  17.870  -35.955 0.0000000000
135408  -33.604  18.134  -36.557 0.0000000000
135410  -35.571  18.546  -36.593 0.0000000000
135416  -32.176  17.814  -37.421 0.0000000000
135417  -33.105  18.353  -37.086 0.0000000000
136295  -35.326  19.354  -37.284 0.0000000000
136312  -30.966  18.557  -39.239 0.0000000000
137203  -33.906  19.516  -37.627 0.0000000000
137209  -33.798  19.989  -38.153 0.0000000000
137221  -31.355  18.988  -39.596 0.0000000000
137222  -32.311  19.657  -39.247 0.0000000000
137224  -35.451  20.464  -38.800 0.0000000000
137234  -29.650  19.869  -40.260 0.0000000000
137235  -30.285  19.571  -40.007 0.0000000000
137247  -29.649  20.023  -40.621 0.0000000000
138210  -29.558  20.302  -39.786 0.0000000000
138213  -34.013  20.954  -39.263 0.0000000000
138214  -34.819  20.808  -38.952 0.0000000000
138215  -35.307  20.914  -39.424 0.0000000000
138222  -29.098  20.465  -40.478 0.0000000000
138227  -34.571  21.622  -40.440 0.0000000000
138236  -28.199  20.899  -41.458 0.0000000000
138239  -30.589  20.422  -41.038 0.0000000000
138240  -31.008  20.208  -40.580 0.0000000000
138242  -34.990  21.649  -40.756 0.0000000000
138267  -29.463  20.944  -42.226 0.0000000000
139212  -28.993  21.030  -40.275 0.0000000000
139214  -33.135  21.525  -40.426 0.0000000000
139215  -33.949  21.688  -40.412 0.0000000000
139224  -28.559  21.577  -40.573 0.0000000000
139227  -33.517  21.947  -40.941 0.0000000000
139238  -31.969  21.934  -41.699 0.0000000000
180246  -29.220  15.016  -35.404 0.0000000000
180368  -28.787  13.733  -35.741 0.0000000000
181804  -36.025  9.066  -31.947 0.0000000000
186770  -37.339  5.499  -32.347 0.0000000000
187969  -30.852  10.749  -35.569 0.0000000000
189175  -33.294  1.126  -32.303 0.0000000000
189224  -30.289  7.431  -36.105 0.0000000000
189738  -29.347  20.291  -40.830 0.0000000000
190425  -37.391  6.187  -34.666 0.0000000000
193360  -33.302  3.648  -32.334 0.0000000000
193514  -31.382  16.677  -36.552 0.0000000000
195072  -34.088  14.680  -34.602 0.0000000000
195200  -37.266  3.562  -35.123 0.0000000000
197161  -35.085  9.694  -32.223 0.0000000000
197997  -27.725  6.188  -37.587 0.0000000000
198257  -30.945  8.133  -35.435 0.0000000000
198299  -32.652  2.606  -32.664 0.0000000000
198549  -37.475  5.711  -32.859 0.0000000000
199546  -34.809  6.990  -31.766 0.0000000000
199776  -30.880  18.953  -37.844 0.0000000000
199969  -33.705  15.112  -34.894 0.0000000000
200369  -37.231  5.529  -35.188 0.0000000000
200923  -34.861  4.422  -31.592 0.0000000000
201191  -31.063  3.609  -34.330 0.0000000000
204538  -36.280  15.619  -34.617 0.0000000000
204566  -28.890  14.417  -35.755 0.0000000000
204592  -27.485  14.651  -35.672 0.0000000000
204753  -34.902  11.765  -32.854 0.0000000000
205695  -28.887  -3.666  -35.346 0.0000000000
205725  -36.331  11.858  -33.096 0.0000000000
206436  -29.181  14.089  -35.737 0.0000000000
207401  -28.681  -1.718  -36.169 0.0000000000
207769  -30.733  -2.974  -33.173 0.0000000000
208444  -36.455  18.467  -37.253 0.0000000000
208465  -30.326  6.241  -35.667 0.0000000000
208989  -37.168  9.629  -32.988 0.0000000000
209137  -36.780  13.441  -33.919 0.0000000000
209859  -35.360  9.152  -32.008 0.0000000000
212578  -32.601  -0.530  -32.443 0.0000000000
215916  -35.471  18.917  -36.888 0.0000000000
216061  -33.813  6.172  -32.314 0.0000000000
