#!ascii label  , from subject sub-v2s13x29113_ses-1 vox2ras=TkReg
1202
76680  19.723  -8.044  35.067 0.0000000000
78542  27.967  -5.958  44.582 0.0000000000
174789  35.108  1.921  20.124 0.0000000000
79780  27.581  -4.673  28.634 0.0000000000
77643  31.428  -6.740  36.174 0.0000000000
150945  47.746  6.788  10.801 0.0000000000
159156  34.239  5.424  24.185 0.0000000000
87142  30.001  1.368  23.125 0.0000000000
69360  17.206  -13.792  35.951 0.0000000000
158514  24.164  -5.007  40.475 0.0000000000
76633  27.260  -7.256  37.904 0.0000000000
77698  21.420  -6.283  32.016 0.0000000000
91199  40.385  5.411  16.797 0.0000000000
77589  20.861  -7.422  40.502 0.0000000000
75620  18.125  -8.793  39.109 0.0000000000
88243  39.423  1.015  21.617 0.0000000000
69297  15.855  -14.124  40.102 0.0000000000
67081  11.818  -15.608  41.409 0.0000000000
83913  31.180  -1.435  27.126 0.0000000000
78722  29.594  -5.689  32.443 0.0000000000
74718  30.130  -9.220  31.110 0.0000000000
74671  28.472  -9.912  33.910 0.0000000000
90184  34.669  3.901  25.465 0.0000000000
90192  32.023  3.623  24.248 0.0000000000
88220  32.655  2.129  24.985 0.0000000000
92950  36.280  6.197  25.427 0.0000000000
73643  18.794  -10.261  33.008 0.0000000000
70455  18.238  -13.704  33.431 0.0000000000
72593  18.243  -11.386  34.928 0.0000000000
78681  21.675  -5.366  36.677 0.0000000000
79710  23.695  -5.063  36.250 0.0000000000
166948  20.552  -6.803  33.875 0.0000000000
74705  19.840  -9.345  31.431 0.0000000000
88278  35.372  1.844  18.479 0.0000000000
91134  37.019  5.129  21.396 0.0000000000
87152  36.875  1.338  21.063 0.0000000000
88275  37.535  2.627  18.556 0.0000000000
75600  16.279  -8.244  41.005 0.0000000000
72528  16.397  -11.332  39.790 0.0000000000
167553  15.769  -10.341  41.687 0.0000000000
69182  13.254  -13.560  46.373 0.0000000000
68072  13.420  -15.024  43.348 0.0000000000
68057  11.056  -14.723  44.119 0.0000000000
67043  8.538  -15.926  45.291 0.0000000000
68010  8.144  -15.380  48.588 0.0000000000
81746  29.715  -3.194  34.573 0.0000000000
155178  30.503  -6.088  34.021 0.0000000000
76709  30.137  -7.317  31.784 0.0000000000
75710  30.790  -8.344  33.542 0.0000000000
76689  25.572  -7.598  33.776 0.0000000000
75659  27.626  -8.526  36.395 0.0000000000
75723  26.203  -9.098  32.194 0.0000000000
73659  26.765  -10.919  31.822 0.0000000000
81810  28.399  -2.858  28.323 0.0000000000
82907  28.008  -2.702  25.732 0.0000000000
174086  27.227  -4.621  26.419 0.0000000000
95975  50.195  9.021  9.039 0.0000000000
94016  48.213  7.221  8.732 0.0000000000
92062  34.175  5.429  21.453 0.0000000000
91128  32.004  4.416  21.753 0.0000000000
92964  35.907  7.076  23.371 0.0000000000
79633  26.455  -4.945  42.080 0.0000000000
78597  28.433  -6.275  41.176 0.0000000000
78632  25.984  -5.148  38.748 0.0000000000
77667  24.814  -6.365  34.711 0.0000000000
77729  23.622  -7.236  31.006 0.0000000000
90244  42.218  3.944  18.809 0.0000000000
92105  43.281  5.692  16.870 0.0000000000
145905  44.281  5.855  14.253 0.0000000000
171670  45.234  5.983  10.932 0.0000000000
77633  20.264  -6.750  37.193 0.0000000000
74605  18.519  -9.205  37.121 0.0000000000
78637  19.653  -7.563  39.071 0.0000000000
78633  22.611  -6.076  39.969 0.0000000000
89296  40.191  2.401  18.900 0.0000000000
72558  17.235  -11.380  37.719 0.0000000000
172128  16.422  -13.747  37.993 0.0000000000
67128  14.693  -15.648  38.829 0.0000000000
69254  15.830  -14.056  42.846 0.0000000000
68126  14.292  -15.224  40.803 0.0000000000
65973  5.709  -17.078  52.483 0.0000000000
85990  33.249  -0.200  25.993 0.0000000000
81788  28.942  -2.921  30.543 0.0000000000
81759  29.545  -2.733  32.574 0.0000000000
79760  28.292  -4.825  30.734 0.0000000000
76723  30.066  -7.167  30.339 0.0000000000
74738  30.205  -9.145  30.180 0.0000000000
160269  29.345  -10.484  29.356 0.0000000000
76602  29.167  -7.022  39.360 0.0000000000
75644  30.405  -8.916  37.550 0.0000000000
74630  30.868  -9.127  35.482 0.0000000000
73639  28.832  -10.376  32.912 0.0000000000
73680  28.047  -11.536  31.334 0.0000000000
84909  30.545  -0.822  25.042 0.0000000000
165955  28.146  -1.621  23.165 0.0000000000
89239  35.098  3.406  25.904 0.0000000000
89241  33.824  2.633  25.286 0.0000000000
88216  33.871  1.777  25.606 0.0000000000
91076  36.033  4.477  26.003 0.0000000000
74655  19.058  -9.323  34.148 0.0000000000
72611  18.371  -11.170  34.139 0.0000000000
74636  18.547  -9.900  35.291 0.0000000000
77658  20.526  -6.863  35.583 0.0000000000
163620  21.104  -6.298  35.437 0.0000000000
76679  20.022  -7.602  34.625 0.0000000000
75715  19.418  -8.965  32.854 0.0000000000
87160  35.161  1.752  19.604 0.0000000000
161446  35.643  3.230  21.406 0.0000000000
90212  36.374  3.279  21.853 0.0000000000
88246  35.854  1.726  21.113 0.0000000000
150077  35.989  1.567  20.103 0.0000000000
69184  11.479  -13.747  46.597 0.0000000000
167771  12.091  -14.444  45.308 0.0000000000
68043  10.766  -14.372  45.516 0.0000000000
68059  9.758  -14.999  44.654 0.0000000000
68032  9.563  -14.758  46.211 0.0000000000
67022  8.331  -15.667  46.957 0.0000000000
79719  30.453  -5.169  35.837 0.0000000000
78688  31.105  -6.389  35.583 0.0000000000
153638  30.806  -6.604  34.317 0.0000000000
77654  31.312  -7.034  35.527 0.0000000000
78552  29.436  -6.641  44.326 0.0000000000
76710  25.275  -7.947  32.088 0.0000000000
75713  25.843  -8.362  32.522 0.0000000000
75724  25.700  -8.522  31.648 0.0000000000
74719  26.336  -9.958  31.088 0.0000000000
80734  27.805  -3.453  28.220 0.0000000000
81823  27.617  -3.517  27.444 0.0000000000
171004  47.390  6.502  11.821 0.0000000000
93054  48.740  6.503  11.681 0.0000000000
94009  48.827  6.989  10.438 0.0000000000
94008  49.175  7.372  9.992 0.0000000000
94013  48.259  7.168  9.620 0.0000000000
92037  34.468  6.028  22.630 0.0000000000
153582  33.029  4.725  21.355 0.0000000000
91112  33.263  5.201  23.244 0.0000000000
89247  31.086  2.741  23.849 0.0000000000
89253  30.849  3.317  22.745 0.0000000000
87148  29.401  1.360  21.850 0.0000000000
92024  35.291  6.032  24.548 0.0000000000
92975  35.048  6.395  23.212 0.0000000000
92993  35.038  6.444  22.278 0.0000000000
69371  17.798  -14.072  34.812 0.0000000000
68205  16.583  -15.230  36.359 0.0000000000
79652  25.152  -5.004  41.301 0.0000000000
171000  26.651  -4.939  40.576 0.0000000000
148062  25.070  -4.855  39.256 0.0000000000
145118  23.001  -5.465  34.271 0.0000000000
79709  24.334  -5.390  35.932 0.0000000000
78715  23.307  -5.913  33.621 0.0000000000
77696  23.886  -6.675  32.764 0.0000000000
77716  23.145  -6.713  31.585 0.0000000000
76726  21.498  -7.402  30.423 0.0000000000
76754  29.954  -7.209  28.969 0.0000000000
91168  41.484  4.242  18.138 0.0000000000
91184  42.604  5.109  18.032 0.0000000000
92098  42.052  5.356  17.133 0.0000000000
145668  42.834  5.938  13.835 0.0000000000
147292  43.661  5.850  12.723 0.0000000000
161401  44.750  5.928  11.948 0.0000000000
170370  20.757  -6.581  38.994 0.0000000000
78669  19.798  -7.088  38.040 0.0000000000
169221  20.323  -7.073  39.437 0.0000000000
78620  22.026  -6.633  40.462 0.0000000000
162644  21.321  -5.986  38.155 0.0000000000
89281  41.599  1.781  20.149 0.0000000000
89290  40.167  1.566  19.698 0.0000000000
148615  37.689  3.300  17.905 0.0000000000
75632  18.302  -8.997  38.423 0.0000000000
73584  17.715  -10.407  37.251 0.0000000000
73575  17.593  -10.082  38.464 0.0000000000
71462  16.099  -12.084  39.892 0.0000000000
175537  16.320  -12.582  39.053 0.0000000000
69310  16.138  -13.883  39.332 0.0000000000
68176  15.730  -14.663  38.404 0.0000000000
68160  15.069  -15.131  39.321 0.0000000000
69218  15.781  -13.829  44.117 0.0000000000
68091  12.259  -15.199  42.503 0.0000000000
68106  13.755  -15.066  42.037 0.0000000000
68128  12.555  -15.397  41.252 0.0000000000
67109  12.828  -15.774  39.810 0.0000000000
82847  30.118  -2.071  29.228 0.0000000000
79735  29.318  -4.660  33.507 0.0000000000
148905  29.801  -2.885  33.996 0.0000000000
149811  28.974  -4.031  33.101 0.0000000000
80698  28.538  -3.914  31.699 0.0000000000
79752  28.902  -5.144  31.973 0.0000000000
77728  29.253  -6.195  30.402 0.0000000000
77713  29.794  -6.568  31.438 0.0000000000
161382  30.283  -8.038  31.861 0.0000000000
75733  30.224  -8.377  30.438 0.0000000000
73709  29.873  -9.861  29.782 0.0000000000
73678  29.754  -10.005  30.650 0.0000000000
77588  28.304  -6.279  39.194 0.0000000000
77567  28.812  -6.599  40.727 0.0000000000
76621  27.970  -7.298  38.422 0.0000000000
74634  28.131  -9.209  34.984 0.0000000000
74617  28.702  -8.960  36.871 0.0000000000
74632  29.396  -9.342  35.720 0.0000000000
74601  30.799  -9.076  36.559 0.0000000000
149751  29.697  -9.485  35.091 0.0000000000
74669  29.859  -9.614  33.663 0.0000000000
73623  28.593  -10.247  33.364 0.0000000000
72659  26.854  -11.685  30.769 0.0000000000
73681  27.229  -11.596  31.527 0.0000000000
171584  32.221  -1.158  26.550 0.0000000000
84907  32.052  -0.542  25.597 0.0000000000
83940  30.142  -1.257  25.657 0.0000000000
81860  27.478  -3.429  24.528 0.0000000000
82913  28.168  -2.105  24.292 0.0000000000
96983  50.117  10.031  8.097 0.0000000000
91095  34.497  5.096  24.705 0.0000000000
91096  33.021  4.552  24.314 0.0000000000
90190  33.469  4.148  24.786 0.0000000000
147371  32.429  3.004  24.731 0.0000000000
87135  31.051  1.342  24.158 0.0000000000
92016  36.792  5.903  25.809 0.0000000000
91090  35.565  4.963  25.483 0.0000000000
71584  18.470  -12.263  32.908 0.0000000000
71571  18.190  -12.702  34.242 0.0000000000
70417  17.719  -12.939  35.382 0.0000000000
146322  23.126  -5.423  38.529 0.0000000000
79685  23.769  -5.083  37.983 0.0000000000
79712  22.383  -5.047  36.387 0.0000000000
173907  21.778  -5.667  34.738 0.0000000000
77699  20.945  -6.536  32.598 0.0000000000
76728  20.351  -7.967  31.417 0.0000000000
76702  20.041  -7.987  32.257 0.0000000000
73642  19.057  -10.195  32.284 0.0000000000
171294  39.907  5.773  15.634 0.0000000000
152679  19.682  -7.941  41.418 0.0000000000
91133  37.727  5.254  21.682 0.0000000000
89263  37.512  2.574  22.929 0.0000000000
87151  38.081  1.245  21.341 0.0000000000
150587  38.635  1.614  20.116 0.0000000000
88266  37.218  1.950  19.506 0.0000000000
88276  36.894  2.355  18.641 0.0000000000
75610  17.158  -8.579  40.110 0.0000000000
73568  17.408  -10.003  39.192 0.0000000000
73561  16.626  -10.194  40.178 0.0000000000
73562  16.170  -10.886  40.444 0.0000000000
71448  15.832  -12.267  41.114 0.0000000000
69219  15.267  -14.309  44.400 0.0000000000
69221  13.687  -14.544  44.925 0.0000000000
68074  11.860  -14.900  43.639 0.0000000000
68092  11.557  -15.187  42.849 0.0000000000
67064  9.959  -15.467  43.136 0.0000000000
153838  30.072  -4.894  35.142 0.0000000000
79734  30.017  -5.327  33.768 0.0000000000
78721  30.142  -6.393  32.652 0.0000000000
77680  30.487  -6.598  33.404 0.0000000000
76698  30.425  -7.498  32.542 0.0000000000
173849  30.268  -8.815  32.237 0.0000000000
76660  26.104  -7.327  35.953 0.0000000000
76659  27.292  -8.061  36.997 0.0000000000
76677  26.369  -7.882  34.873 0.0000000000
75701  26.651  -8.654  33.756 0.0000000000
74673  27.028  -9.501  33.434 0.0000000000
73641  27.567  -11.092  32.942 0.0000000000
74704  26.532  -9.912  31.938 0.0000000000
73682  26.565  -10.929  30.977 0.0000000000
82884  29.329  -2.049  27.474 0.0000000000
82899  29.525  -1.724  26.744 0.0000000000
82885  28.592  -2.416  27.216 0.0000000000
81852  27.533  -3.322  25.891 0.0000000000
94992  49.872  8.388  9.275 0.0000000000
94993  49.167  8.192  8.868 0.0000000000
90223  34.446  3.874  20.778 0.0000000000
167494  34.322  2.311  19.780 0.0000000000
90231  33.716  3.893  20.546 0.0000000000
91103  32.259  4.465  23.218 0.0000000000
89276  30.750  3.393  21.286 0.0000000000
93895  37.572  7.797  25.289 0.0000000000
93909  37.072  7.938  23.978 0.0000000000
93935  36.993  7.663  22.358 0.0000000000
92991  36.296  6.898  21.906 0.0000000000
91136  35.328  5.091  20.999 0.0000000000
162370  27.005  -5.337  43.601 0.0000000000
78565  28.223  -6.479  43.183 0.0000000000
79632  27.296  -5.364  42.187 0.0000000000
79663  27.341  -5.175  40.178 0.0000000000
78647  26.587  -5.893  38.163 0.0000000000
79683  25.065  -5.320  37.799 0.0000000000
78665  25.578  -5.869  37.404 0.0000000000
77631  26.004  -6.483  37.001 0.0000000000
77681  25.163  -7.041  34.229 0.0000000000
76701  24.817  -7.427  32.645 0.0000000000
76725  24.434  -7.742  30.799 0.0000000000
91197  44.654  5.599  16.274 0.0000000000
92115  42.686  5.900  15.733 0.0000000000
167392  43.716  5.944  14.874 0.0000000000
92125  45.352  5.163  15.061 0.0000000000
92155  45.376  5.823  13.111 0.0000000000
93057  45.948  6.325  11.832 0.0000000000
93066  46.324  6.527  11.102 0.0000000000
93080  46.949  6.717  9.715 0.0000000000
76669  20.053  -7.366  36.005 0.0000000000
75661  19.265  -8.479  36.172 0.0000000000
76649  19.395  -7.738  37.094 0.0000000000
76634  18.961  -8.201  38.117 0.0000000000
76622  18.415  -8.275  39.298 0.0000000000
77591  19.425  -7.909  40.703 0.0000000000
76604  18.025  -7.917  40.042 0.0000000000
77594  17.310  -7.386  40.913 0.0000000000
163536  26.933  -5.235  44.790 0.0000000000
79604  25.773  -5.497  43.953 0.0000000000
148289  24.797  -5.784  42.855 0.0000000000
79653  24.289  -5.264  41.289 0.0000000000
78599  22.980  -6.461  41.893 0.0000000000
79667  23.453  -5.377  40.160 0.0000000000
78649  22.595  -5.839  39.007 0.0000000000
77646  20.891  -6.346  36.630 0.0000000000
90230  42.458  2.774  19.676 0.0000000000
90239  41.794  2.966  18.856 0.0000000000
90261  40.679  4.179  17.992 0.0000000000
89297  39.214  2.566  18.710 0.0000000000
90263  38.926  4.035  17.636 0.0000000000
91188  39.228  4.646  17.191 0.0000000000
73592  18.334  -10.005  35.996 0.0000000000
72568  17.659  -11.320  36.484 0.0000000000
71524  17.145  -12.575  36.695 0.0000000000
72545  17.068  -11.361  38.370 0.0000000000
153481  16.876  -12.540  37.431 0.0000000000
69337  16.500  -13.869  37.416 0.0000000000
148027  15.836  -14.810  37.682 0.0000000000
67160  15.300  -15.956  37.603 0.0000000000
174803  16.037  -12.721  42.488 0.0000000000
70327  15.975  -13.471  41.580 0.0000000000
68105  15.250  -14.818  41.799 0.0000000000
68142  15.493  -14.587  40.602 0.0000000000
68161  14.428  -15.574  39.456 0.0000000000
66993  6.948  -15.776  50.721 0.0000000000
87121  33.898  0.963  26.344 0.0000000000
82883  30.723  -1.610  27.761 0.0000000000
166419  29.859  -2.065  28.639 0.0000000000
81809  28.601  -2.873  28.977 0.0000000000
81799  28.163  -3.539  29.516 0.0000000000
81778  29.094  -2.922  31.308 0.0000000000
80718  28.133  -4.139  30.190 0.0000000000
79770  28.094  -4.874  29.974 0.0000000000
77743  28.908  -6.089  29.807 0.0000000000
77742  29.663  -6.636  30.004 0.0000000000
155639  30.150  -7.649  29.303 0.0000000000
77726  30.038  -7.101  31.152 0.0000000000
76737  30.186  -7.773  29.870 0.0000000000
75766  30.245  -8.334  29.085 0.0000000000
73731  29.818  -9.904  28.787 0.0000000000
73732  29.100  -10.756  28.649 0.0000000000
77616  31.878  -6.609  38.010 0.0000000000
77548  28.930  -6.962  42.791 0.0000000000
76580  29.875  -7.557  41.835 0.0000000000
75590  31.072  -8.106  41.453 0.0000000000
75630  28.264  -8.249  38.270 0.0000000000
75618  29.966  -7.973  38.748 0.0000000000
75607  31.378  -8.065  40.132 0.0000000000
75616  31.627  -7.793  38.873 0.0000000000
76645  31.799  -7.642  37.516 0.0000000000
75672  31.536  -7.712  35.836 0.0000000000
75698  30.774  -8.764  34.128 0.0000000000
74686  30.076  -9.415  32.854 0.0000000000
73638  29.424  -10.044  32.509 0.0000000000
73657  27.991  -11.306  32.491 0.0000000000
146843  28.509  -11.069  31.799 0.0000000000
73679  28.921  -10.797  30.989 0.0000000000
73711  28.449  -11.367  30.496 0.0000000000
85994  33.021  0.220  25.617 0.0000000000
86001  31.328  0.175  24.765 0.0000000000
86007  30.218  0.006  24.035 0.0000000000
150495  29.249  -1.561  25.439 0.0000000000
83953  28.855  -1.127  24.000 0.0000000000
84948  28.822  -0.160  23.020 0.0000000000
93079  47.501  6.834  9.091 0.0000000000
89237  34.895  2.700  25.913 0.0000000000
88215  34.435  2.272  25.718 0.0000000000
90176  35.720  3.720  26.304 0.0000000000
75688  19.422  -8.598  34.589 0.0000000000
74656  18.697  -9.897  34.487 0.0000000000
74635  18.969  -9.274  34.986 0.0000000000
153778  20.075  -7.477  35.343 0.0000000000
167070  20.373  -7.105  35.011 0.0000000000
173686  19.709  -8.068  34.601 0.0000000000
88268  34.527  1.985  19.653 0.0000000000
163943  35.068  3.319  21.062 0.0000000000
89274  35.465  2.524  21.164 0.0000000000
88247  35.262  2.077  20.668 0.0000000000
88255  35.641  1.654  20.464 0.0000000000
167936  11.204  -13.572  47.116 0.0000000000
69206  10.946  -14.068  46.114 0.0000000000
69185  10.699  -13.845  46.617 0.0000000000
68031  10.250  -14.348  46.042 0.0000000000
69186  10.020  -14.169  46.776 0.0000000000
68018  9.404  -14.645  47.071 0.0000000000
78664  31.488  -6.024  37.048 0.0000000000
79707  30.930  -5.448  36.567 0.0000000000
78678  31.314  -6.231  36.338 0.0000000000
171423  31.043  -6.652  35.014 0.0000000000
79588  29.162  -5.638  45.499 0.0000000000
78553  28.545  -6.500  44.250 0.0000000000
76724  25.168  -8.076  31.149 0.0000000000
75735  25.608  -8.625  30.783 0.0000000000
80725  27.770  -4.006  28.872 0.0000000000
80735  27.475  -4.220  27.999 0.0000000000
93065  47.104  6.695  11.077 0.0000000000
93055  47.923  6.614  11.437 0.0000000000
93064  48.437  6.741  10.947 0.0000000000
93074  48.021  6.922  10.301 0.0000000000
92028  34.433  5.856  23.565 0.0000000000
92038  33.855  5.594  22.940 0.0000000000
91101  33.780  5.388  23.714 0.0000000000
88226  30.333  1.888  23.320 0.0000000000
88231  30.080  2.099  22.726 0.0000000000
87147  29.634  1.466  22.487 0.0000000000
86029  29.010  0.710  21.702 0.0000000000
149577  29.199  0.827  22.339 0.0000000000
91100  34.746  5.697  24.346 0.0000000000
92027  35.006  6.130  23.926 0.0000000000
69359  17.625  -13.632  35.351 0.0000000000
169804  17.610  -14.703  34.761 0.0000000000
68217  17.404  -14.433  35.418 0.0000000000
172946  17.050  -15.040  35.757 0.0000000000
145530  16.918  -14.457  36.183 0.0000000000
155454  24.971  -4.892  40.565 0.0000000000
79666  24.814  -4.841  39.939 0.0000000000
78716  22.617  -5.754  33.797 0.0000000000
78724  22.675  -6.034  33.122 0.0000000000
78723  23.455  -6.243  33.092 0.0000000000
145081  22.301  -6.259  32.017 0.0000000000
151380  22.415  -6.599  31.074 0.0000000000
169324  21.558  -6.578  31.099 0.0000000000
76753  30.160  -7.835  28.837 0.0000000000
91186  41.001  4.841  17.500 0.0000000000
91185  41.720  4.894  17.652 0.0000000000
91198  41.358  5.305  16.990 0.0000000000
92169  43.568  5.672  11.930 0.0000000000
77606  20.798  -6.915  39.695 0.0000000000
78621  21.395  -6.733  40.022 0.0000000000
89261  39.289  2.189  23.324 0.0000000000
89272  40.324  1.222  21.364 0.0000000000
89282  40.751  1.401  20.337 0.0000000000
88251  39.850  1.104  20.565 0.0000000000
74594  17.987  -9.568  38.104 0.0000000000
74587  17.861  -9.455  38.848 0.0000000000
70353  16.167  -13.388  39.918 0.0000000000
68159  15.701  -14.565  39.248 0.0000000000
70287  15.921  -13.068  44.446 0.0000000000
68109  11.651  -15.436  42.102 0.0000000000
68108  12.407  -15.293  41.934 0.0000000000
67093  11.975  -15.775  40.671 0.0000000000
79743  29.030  -4.755  32.697 0.0000000000
79744  28.628  -4.459  32.100 0.0000000000
78733  29.308  -5.903  31.719 0.0000000000
75722  30.198  -8.762  31.702 0.0000000000
77617  27.597  -7.058  38.195 0.0000000000
77604  27.918  -6.710  38.499 0.0000000000
74654  27.998  -9.514  34.400 0.0000000000
74633  28.614  -9.244  35.497 0.0000000000
74653  28.636  -9.561  34.685 0.0000000000
175729  29.135  -9.475  35.056 0.0000000000
74652  29.164  -9.639  34.434 0.0000000000
83927  30.840  -1.301  26.314 0.0000000000
91091  34.903  4.666  25.235 0.0000000000
90189  34.202  4.411  25.005 0.0000000000
89242  33.107  2.620  25.037 0.0000000000
89245  33.251  3.335  24.959 0.0000000000
88221  31.943  2.206  24.696 0.0000000000
87132  31.614  1.430  24.614 0.0000000000
92002  37.462  5.992  25.970 0.0000000000
90183  35.335  4.192  25.737 0.0000000000
91094  35.120  5.376  24.927 0.0000000000
73614  18.423  -10.616  34.819 0.0000000000
71551  18.228  -11.952  34.370 0.0000000000
71552  17.998  -12.516  34.899 0.0000000000
72594  18.073  -11.946  35.093 0.0000000000
79700  22.350  -5.329  37.239 0.0000000000
79686  23.050  -5.233  37.663 0.0000000000
154294  20.843  -6.559  34.338 0.0000000000
78694  21.613  -5.606  35.299 0.0000000000
78705  21.379  -6.074  34.578 0.0000000000
156989  21.072  -6.358  33.621 0.0000000000
77685  20.474  -6.892  33.118 0.0000000000
166795  20.126  -7.492  32.857 0.0000000000
74674  19.097  -9.473  33.325 0.0000000000
74690  19.196  -9.656  32.556 0.0000000000
92058  37.225  5.878  21.456 0.0000000000
88245  36.509  1.426  21.447 0.0000000000
89264  36.905  2.494  22.284 0.0000000000
173633  37.363  1.841  22.507 0.0000000000
163489  37.679  1.283  22.043 0.0000000000
88244  37.269  1.268  21.508 0.0000000000
88253  37.778  1.677  20.184 0.0000000000
88254  36.844  1.519  20.355 0.0000000000
147129  35.765  1.779  19.311 0.0000000000
88267  36.449  1.833  19.433 0.0000000000
88277  36.131  2.144  18.540 0.0000000000
157149  16.779  -8.164  40.545 0.0000000000
74580  16.918  -9.383  40.130 0.0000000000
75599  16.593  -8.822  40.601 0.0000000000
147452  15.920  -9.788  41.301 0.0000000000
164940  15.918  -10.608  41.154 0.0000000000
72519  15.825  -11.412  41.113 0.0000000000
69181  13.913  -13.509  45.991 0.0000000000
69202  14.219  -14.052  45.274 0.0000000000
68042  11.338  -14.500  45.014 0.0000000000
68056  12.132  -14.693  44.525 0.0000000000
146197  11.089  -14.996  43.413 0.0000000000
68093  10.641  -15.300  42.950 0.0000000000
68075  10.421  -15.067  43.569 0.0000000000
67042  9.157  -15.413  44.967 0.0000000000
171547  9.292  -15.455  44.279 0.0000000000
68020  8.221  -15.536  47.777 0.0000000000
67013  7.660  -15.871  48.143 0.0000000000
67004  7.565  -15.721  48.836 0.0000000000
78689  30.675  -5.729  35.279 0.0000000000
78700  30.351  -5.513  34.535 0.0000000000
78712  30.225  -5.985  33.296 0.0000000000
77679  30.804  -7.100  33.830 0.0000000000
77694  30.540  -7.102  33.124 0.0000000000
76697  30.734  -7.671  33.308 0.0000000000
75711  30.510  -8.375  32.797 0.0000000000
76678  25.763  -7.466  34.560 0.0000000000
76688  26.234  -7.984  34.110 0.0000000000
75712  26.418  -8.904  33.004 0.0000000000
74689  26.745  -9.768  32.723 0.0000000000
82865  28.726  -2.463  27.826 0.0000000000
80741  27.314  -4.228  27.034 0.0000000000
81843  27.530  -3.478  26.646 0.0000000000
80760  27.314  -4.013  26.173 0.0000000000
94012  48.773  7.622  9.181 0.0000000000
94015  48.771  7.828  8.371 0.0000000000
91137  34.515  4.882  20.972 0.0000000000
91138  33.744  4.892  21.183 0.0000000000
163608  32.399  4.556  21.374 0.0000000000
91139  32.607  4.356  20.912 0.0000000000
90233  32.254  3.871  20.516 0.0000000000
90234  31.608  3.561  20.595 0.0000000000
90195  32.424  4.238  23.975 0.0000000000
91102  32.797  4.773  23.626 0.0000000000
90196  31.853  3.947  23.552 0.0000000000
89266  30.222  2.935  21.576 0.0000000000
89265  30.743  3.438  21.999 0.0000000000
89277  30.375  2.819  20.893 0.0000000000
145554  30.561  2.614  20.365 0.0000000000
92948  36.978  6.636  25.602 0.0000000000
92947  37.541  7.239  25.620 0.0000000000
93896  37.015  7.348  25.215 0.0000000000
92956  36.119  7.017  24.262 0.0000000000
93898  36.686  7.449  24.536 0.0000000000
93910  36.526  7.490  23.700 0.0000000000
93923  37.031  7.895  23.099 0.0000000000
93924  36.478  7.452  22.868 0.0000000000
93936  36.526  7.313  22.245 0.0000000000
92973  36.014  7.111  22.514 0.0000000000
92049  34.613  5.971  21.800 0.0000000000
92048  35.247  6.276  21.543 0.0000000000
92061  34.901  5.678  21.172 0.0000000000
90222  35.103  4.135  21.029 0.0000000000
79615  26.726  -5.132  42.879 0.0000000000
79664  26.566  -4.944  39.895 0.0000000000
173856  26.498  -5.061  39.215 0.0000000000
78631  26.900  -5.613  38.679 0.0000000000
79698  23.646  -5.076  37.079 0.0000000000
79684  24.484  -4.990  38.256 0.0000000000
79697  24.388  -5.147  37.486 0.0000000000
78691  24.736  -5.909  35.463 0.0000000000
78680  24.818  -5.681  36.425 0.0000000000
78690  25.155  -6.158  36.047 0.0000000000
159345  25.618  -6.513  36.311 0.0000000000
175283  25.431  -6.521  35.918 0.0000000000
77655  25.675  -6.876  35.794 0.0000000000
77715  23.766  -6.925  32.005 0.0000000000
77695  24.412  -6.890  33.095 0.0000000000
76712  24.156  -7.331  31.594 0.0000000000
76711  24.693  -7.617  31.752 0.0000000000
75736  20.348  -8.797  31.048 0.0000000000
91144  42.940  4.294  19.806 0.0000000000
92097  42.688  5.462  17.363 0.0000000000
91183  43.387  5.533  17.694 0.0000000000
92104  44.079  5.657  16.969 0.0000000000
169355  43.803  5.755  16.289 0.0000000000
92129  41.360  5.918  15.280 0.0000000000
92116  41.963  5.812  15.845 0.0000000000
92141  43.509  5.961  14.038 0.0000000000
92126  44.641  5.664  15.003 0.0000000000
145221  45.086  5.505  14.441 0.0000000000
169427  45.562  5.417  13.923 0.0000000000
146472  44.759  5.816  13.593 0.0000000000
92174  45.295  6.100  11.558 0.0000000000
92167  45.339  6.024  12.303 0.0000000000
93067  45.719  6.279  11.059 0.0000000000
76648  19.877  -7.264  36.709 0.0000000000
76661  19.560  -7.822  36.421 0.0000000000
78653  19.932  -7.150  38.779 0.0000000000
162755  19.421  -7.528  37.865 0.0000000000
77635  19.247  -7.815  38.592 0.0000000000
77621  18.932  -8.127  38.775 0.0000000000
78638  19.240  -7.881  39.146 0.0000000000
77592  18.493  -7.527  41.086 0.0000000000
77593  17.843  -7.385  40.947 0.0000000000
76605  17.289  -7.908  40.318 0.0000000000
79603  26.487  -5.289  44.251 0.0000000000
79635  24.532  -5.560  42.043 0.0000000000
78619  22.496  -6.380  40.856 0.0000000000
78618  22.922  -6.116  41.039 0.0000000000
168603  22.910  -5.948  40.321 0.0000000000
79674  23.079  -5.655  39.502 0.0000000000
77632  20.917  -6.114  37.493 0.0000000000
77647  20.435  -6.836  36.333 0.0000000000
88269  33.881  2.123  19.573 0.0000000000
89289  41.002  1.918  19.477 0.0000000000
89280  41.834  2.376  19.384 0.0000000000
89295  41.127  2.705  18.885 0.0000000000
90246  41.288  3.501  18.520 0.0000000000
90247  40.428  3.414  18.443 0.0000000000
88265  37.974  2.105  19.333 0.0000000000
89291  38.873  2.011  19.358 0.0000000000
89298  38.299  2.661  18.627 0.0000000000
90264  38.111  3.959  17.422 0.0000000000
91189  38.422  4.512  16.971 0.0000000000
75662  18.882  -8.952  36.677 0.0000000000
74618  18.842  -9.274  35.892 0.0000000000
74619  18.421  -9.550  36.591 0.0000000000
72557  17.500  -11.064  37.203 0.0000000000
148403  17.760  -10.735  36.703 0.0000000000
71523  17.543  -12.038  36.246 0.0000000000
71510  17.283  -11.839  37.103 0.0000000000
145269  16.885  -10.596  39.531 0.0000000000
73576  17.187  -10.674  38.777 0.0000000000
72535  16.776  -11.336  39.078 0.0000000000
156121  16.480  -12.902  38.560 0.0000000000
166720  16.685  -12.532  38.063 0.0000000000
70379  16.597  -13.223  37.876 0.0000000000
70391  16.821  -13.201  37.064 0.0000000000
170455  16.199  -14.449  37.404 0.0000000000
68190  16.164  -14.199  38.047 0.0000000000
68177  15.228  -15.088  38.651 0.0000000000
67146  15.425  -15.250  37.971 0.0000000000
67147  14.976  -15.742  38.192 0.0000000000
67148  14.417  -16.249  38.338 0.0000000000
157210  16.141  -13.002  43.142 0.0000000000
71433  15.933  -12.813  41.791 0.0000000000
69269  15.745  -14.130  41.986 0.0000000000
68071  14.270  -15.049  43.544 0.0000000000
68127  13.441  -15.218  41.183 0.0000000000
148861  14.408  -15.040  41.541 0.0000000000
68125  15.066  -14.895  41.071 0.0000000000
68143  14.948  -15.039  40.397 0.0000000000
68144  14.315  -15.427  40.116 0.0000000000
66995  7.457  -15.443  50.047 0.0000000000
160192  7.526  -15.220  50.725 0.0000000000
65972  6.239  -16.651  52.096 0.0000000000
65975  6.477  -16.331  51.189 0.0000000000
83911  32.653  -1.209  27.300 0.0000000000
164426  30.670  -1.748  28.500 0.0000000000
82833  29.488  -2.424  29.885 0.0000000000
82848  29.323  -2.417  29.120 0.0000000000
81798  28.783  -2.905  29.723 0.0000000000
81752  29.528  -2.906  33.320 0.0000000000
81768  29.313  -2.847  31.987 0.0000000000
79753  28.456  -4.640  31.498 0.0000000000
80707  28.342  -4.032  30.951 0.0000000000
78763  28.210  -5.489  29.588 0.0000000000
78748  28.562  -5.623  30.434 0.0000000000
77727  29.776  -6.650  30.716 0.0000000000
76738  30.008  -7.148  29.603 0.0000000000
77712  30.061  -6.864  31.929 0.0000000000
76722  30.118  -7.670  30.898 0.0000000000
75744  30.272  -8.396  29.674 0.0000000000
74758  30.250  -9.031  29.363 0.0000000000
72696  28.839  -11.333  28.721 0.0000000000
78566  27.828  -6.009  42.433 0.0000000000
78579  28.386  -6.450  42.165 0.0000000000
77566  29.386  -7.076  40.686 0.0000000000
76579  30.639  -8.079  42.063 0.0000000000
76589  29.817  -7.347  40.109 0.0000000000
75660  27.064  -8.209  36.078 0.0000000000
75646  27.765  -8.251  37.757 0.0000000000
144998  27.962  -8.606  37.011 0.0000000000
74604  29.126  -8.928  37.395 0.0000000000
75629  29.059  -8.618  38.067 0.0000000000
75628  30.002  -8.568  38.134 0.0000000000
146466  30.738  -7.884  39.513 0.0000000000
151213  30.723  -8.193  38.603 0.0000000000
75617  31.288  -8.005  39.208 0.0000000000
156107  30.828  -8.602  37.908 0.0000000000
74614  30.862  -9.165  36.109 0.0000000000
75657  31.187  -8.818  36.511 0.0000000000
161442  31.191  -8.883  35.993 0.0000000000
76658  31.792  -7.774  36.825 0.0000000000
75673  31.341  -8.469  35.603 0.0000000000
75685  31.088  -8.608  34.855 0.0000000000
74687  29.300  -9.958  33.196 0.0000000000
74688  26.932  -10.795  32.604 0.0000000000
73658  27.343  -11.373  32.301 0.0000000000
160265  27.794  -11.576  31.960 0.0000000000
85989  33.632  0.201  26.354 0.0000000000
87125  33.763  1.201  25.913 0.0000000000
84908  31.298  -0.507  25.229 0.0000000000
85996  31.825  -0.078  25.166 0.0000000000
84918  30.745  -0.225  24.610 0.0000000000
86006  30.783  0.526  24.165 0.0000000000
84919  30.130  -0.570  24.464 0.0000000000
82900  29.062  -1.931  26.202 0.0000000000
83929  29.582  -1.552  26.106 0.0000000000
82906  28.585  -2.154  25.612 0.0000000000
174751  28.043  -2.025  23.639 0.0000000000
152042  28.596  -1.582  24.349 0.0000000000
82920  28.360  -1.544  23.811 0.0000000000
84934  29.133  -0.522  23.685 0.0000000000
84935  28.497  -0.908  23.292 0.0000000000
96986  50.542  10.593  7.722 0.0000000000
96990  50.303  10.764  6.946 0.0000000000
98008  51.039  11.157  7.360 0.0000000000
93086  46.831  6.432  9.183 0.0000000000
93085  47.167  6.354  8.626 0.0000000000
90185  33.988  3.592  25.196 0.0000000000
89240  34.498  3.066  25.562 0.0000000000
88217  33.309  1.945  25.252 0.0000000000
74675  18.819  -9.896  33.753 0.0000000000
155439  18.461  -10.919  33.301 0.0000000000
73625  18.568  -10.461  33.903 0.0000000000
78682  21.273  -5.847  36.109 0.0000000000
77668  20.782  -6.638  34.940 0.0000000000
77669  20.427  -6.995  34.446 0.0000000000
75714  19.750  -8.158  33.118 0.0000000000
75702  19.725  -8.088  34.072 0.0000000000
75703  19.398  -8.753  33.695 0.0000000000
90221  35.831  4.172  21.356 0.0000000000
90220  36.688  4.274  21.628 0.0000000000
89273  36.202  2.249  21.699 0.0000000000
162192  36.265  1.425  20.822 0.0000000000
76591  16.105  -7.749  41.355 0.0000000000
74574  16.036  -8.952  41.134 0.0000000000
75591  15.841  -8.265  41.607 0.0000000000
68058  10.516  -14.659  44.783 0.0000000000
155647  10.255  -14.903  44.150 0.0000000000
68044  10.092  -14.652  45.369 0.0000000000
163541  9.566  -14.963  45.460 0.0000000000
68045  9.044  -15.354  45.790 0.0000000000
68033  8.925  -15.222  46.600 0.0000000000
68019  8.803  -15.119  47.419 0.0000000000
68009  8.715  -14.988  48.256 0.0000000000
80662  30.644  -4.648  37.091 0.0000000000
170613  30.813  -6.205  34.789 0.0000000000
148549  31.085  -7.108  34.687 0.0000000000
76687  31.038  -7.888  34.183 0.0000000000
76700  25.404  -7.764  32.979 0.0000000000
76699  26.054  -8.134  33.334 0.0000000000
75734  26.070  -9.186  31.324 0.0000000000
75745  25.923  -9.220  30.516 0.0000000000
81822  28.169  -2.901  27.680 0.0000000000
92165  47.193  6.116  12.503 0.0000000000
148314  47.830  5.772  12.932 0.0000000000
92164  48.113  6.229  12.285 0.0000000000
94007  50.089  7.407  10.270 0.0000000000
92050  33.977  5.610  22.161 0.0000000000
155901  33.506  5.106  21.795 0.0000000000
91126  33.330  5.220  22.488 0.0000000000
91113  32.735  4.875  22.827 0.0000000000
89250  31.488  3.366  23.757 0.0000000000
90197  31.345  3.662  23.122 0.0000000000
89251  31.055  3.172  23.351 0.0000000000
89254  30.297  2.863  22.347 0.0000000000
88240  29.612  1.741  21.369 0.0000000000
92957  35.828  6.461  24.808 0.0000000000
92949  36.427  6.892  25.039 0.0000000000
92965  35.507  6.575  23.950 0.0000000000
172889  35.487  6.719  23.360 0.0000000000
92974  35.512  6.766  22.806 0.0000000000
69382  18.064  -13.856  34.207 0.0000000000
67170  16.434  -16.172  36.117 0.0000000000
67171  16.067  -15.776  36.724 0.0000000000
79634  25.452  -5.127  42.053 0.0000000000
79651  26.130  -4.872  41.263 0.0000000000
149440  25.847  -4.874  40.538 0.0000000000
79665  25.676  -4.870  39.725 0.0000000000
78703  22.962  -5.003  35.027 0.0000000000
79720  23.669  -5.074  35.467 0.0000000000
78702  23.736  -5.307  34.754 0.0000000000
78714  24.012  -5.860  34.130 0.0000000000
77682  24.570  -6.607  33.829 0.0000000000
77683  23.972  -6.350  33.417 0.0000000000
77744  23.172  -7.354  30.369 0.0000000000
77730  22.867  -6.991  30.715 0.0000000000
77731  22.171  -7.048  30.441 0.0000000000
91166  42.463  4.683  18.544 0.0000000000
91167  42.001  4.490  18.293 0.0000000000
169327  42.207  5.062  17.718 0.0000000000
92106  42.536  5.686  16.531 0.0000000000
145669  42.341  5.986  14.358 0.0000000000
92158  42.574  5.797  13.143 0.0000000000
145950  43.945  5.925  13.492 0.0000000000
92156  44.253  5.901  12.985 0.0000000000
92168  44.180  5.855  12.309 0.0000000000
169993  44.191  5.728  11.564 0.0000000000
169559  44.775  5.829  11.219 0.0000000000
78651  20.849  -6.267  38.337 0.0000000000
78668  20.360  -6.548  38.008 0.0000000000
78652  20.364  -6.678  38.704 0.0000000000
78636  19.979  -7.251  39.117 0.0000000000
78634  22.027  -6.186  39.504 0.0000000000
78635  21.284  -6.263  39.022 0.0000000000
89271  41.168  1.725  21.145 0.0000000000
74593  18.384  -9.108  37.713 0.0000000000
74606  18.083  -9.717  37.298 0.0000000000
170485  17.721  -10.085  37.804 0.0000000000
72544  17.415  -10.715  37.951 0.0000000000
71478  16.388  -12.010  39.338 0.0000000000
70352  16.112  -12.661  39.605 0.0000000000
70365  16.323  -13.232  39.198 0.0000000000
69323  16.386  -13.665  38.580 0.0000000000
69324  16.070  -14.205  38.761 0.0000000000
71406  16.195  -12.543  43.797 0.0000000000
169934  15.859  -13.963  43.516 0.0000000000
68090  13.065  -15.091  42.512 0.0000000000
68089  14.042  -15.053  42.856 0.0000000000
68107  13.036  -15.182  41.790 0.0000000000
68145  13.520  -15.487  40.359 0.0000000000
67092  12.720  -15.561  40.531 0.0000000000
82832  30.390  -2.053  30.075 0.0000000000
82817  29.574  -2.465  30.719 0.0000000000
80674  29.423  -3.816  34.385 0.0000000000
80681  29.239  -3.982  33.806 0.0000000000
172814  29.154  -3.474  33.403 0.0000000000
81760  29.080  -3.299  32.698 0.0000000000
80697  28.816  -3.361  31.908 0.0000000000
80689  28.726  -3.930  32.410 0.0000000000
78734  28.673  -5.417  31.272 0.0000000000
78747  29.217  -6.064  31.015 0.0000000000
166715  30.183  -8.352  31.198 0.0000000000
73710  29.201  -10.620  30.119 0.0000000000
78615  28.432  -6.159  40.204 0.0000000000
77587  28.782  -6.590  39.781 0.0000000000
172039  28.684  -7.260  38.737 0.0000000000
75674  27.727  -8.779  35.587 0.0000000000
75658  28.254  -8.886  36.257 0.0000000000
145485  28.926  -9.141  36.196 0.0000000000
74616  29.639  -9.199  36.624 0.0000000000
74602  30.378  -9.095  36.965 0.0000000000
74615  30.483  -9.241  36.398 0.0000000000
74631  30.233  -9.354  35.810 0.0000000000
163547  30.253  -9.391  35.132 0.0000000000
74650  30.552  -9.215  34.700 0.0000000000
74651  29.831  -9.570  34.429 0.0000000000
74670  29.145  -9.827  33.798 0.0000000000
72658  27.581  -11.807  30.832 0.0000000000
147168  28.087  -11.894  30.096 0.0000000000
72698  27.775  -12.372  29.818 0.0000000000
84895  32.855  -0.715  26.310 0.0000000000
84906  32.689  -0.415  25.804 0.0000000000
83939  31.560  -0.987  25.845 0.0000000000
173470  30.912  -1.025  25.577 0.0000000000
82908  27.654  -3.074  25.145 0.0000000000
150686  28.126  -2.440  25.021 0.0000000000
82914  27.743  -2.764  24.453 0.0000000000
95979  49.395  8.907  8.042 0.0000000000
95978  49.836  9.357  8.373 0.0000000000
148398  33.751  4.911  24.440 0.0000000000
90191  32.728  3.871  24.561 0.0000000000
89246  31.641  2.895  24.345 0.0000000000
88225  30.778  2.000  23.768 0.0000000000
87136  30.503  1.268  23.676 0.0000000000
92939  37.695  6.620  25.860 0.0000000000
91089  36.311  5.317  25.766 0.0000000000
92017  35.700  5.741  25.186 0.0000000000
71570  18.318  -12.897  33.532 0.0000000000
150971  18.358  -11.635  33.502 0.0000000000
175506  18.316  -12.287  33.726 0.0000000000
70442  18.193  -13.286  34.061 0.0000000000
70430  17.998  -13.291  34.734 0.0000000000
70418  17.423  -13.246  35.791 0.0000000000
79673  23.805  -5.079  38.972 0.0000000000
79699  22.910  -5.108  36.999 0.0000000000
79711  23.136  -5.005  36.509 0.0000000000
149407  21.702  -5.223  35.978 0.0000000000
78693  22.234  -5.048  35.509 0.0000000000
162304  22.214  -5.315  34.796 0.0000000000
78704  22.098  -5.642  34.294 0.0000000000
77684  21.901  -5.919  33.748 0.0000000000
166517  21.673  -6.097  32.903 0.0000000000
148968  20.944  -6.722  31.763 0.0000000000
76714  20.407  -7.157  32.106 0.0000000000
75725  19.957  -8.628  31.739 0.0000000000
75726  19.551  -9.177  32.113 0.0000000000
92108  41.009  5.622  16.452 0.0000000000
92109  40.393  5.827  16.112 0.0000000000
77569  20.432  -7.978  41.484 0.0000000000
92047  38.494  6.074  22.054 0.0000000000
158052  38.190  4.678  22.511 0.0000000000
90211  37.103  3.445  22.380 0.0000000000
90210  37.768  3.598  23.001 0.0000000000
89262  38.390  2.557  23.453 0.0000000000
157511  38.527  1.117  21.896 0.0000000000
88252  38.958  1.160  20.839 0.0000000000
174673  38.254  1.407  20.705 0.0000000000
168283  37.398  2.279  18.985 0.0000000000
89308  36.512  2.651  17.773 0.0000000000
170751  17.538  -9.226  39.579 0.0000000000
168998  17.112  -9.894  39.728 0.0000000000
173772  16.518  -10.744  39.959 0.0000000000
74573  16.392  -9.575  40.693 0.0000000000
73557  16.205  -10.219  40.757 0.0000000000
72529  15.941  -11.762  40.422 0.0000000000
71463  15.953  -12.659  40.382 0.0000000000
70339  16.002  -13.534  40.753 0.0000000000
69201  14.949  -13.945  44.999 0.0000000000
69220  14.525  -14.518  44.644 0.0000000000
68055  13.819  -14.921  44.152 0.0000000000
145364  12.804  -14.934  43.898 0.0000000000
68073  12.511  -15.047  43.121 0.0000000000
67074  10.126  -15.754  42.546 0.0000000000
68076  9.716  -15.307  43.794 0.0000000000
80667  29.942  -3.655  35.791 0.0000000000
80673  29.703  -3.953  35.058 0.0000000000
168083  29.612  -4.590  34.356 0.0000000000
78713  29.760  -5.342  33.080 0.0000000000
171444  30.011  -5.906  32.877 0.0000000000
148648  30.266  -6.952  32.555 0.0000000000
74702  29.999  -9.450  32.021 0.0000000000
77644  26.495  -7.001  36.915 0.0000000000
76647  26.933  -7.420  37.300 0.0000000000
159043  26.611  -7.537  36.479 0.0000000000
76667  26.482  -7.785  35.651 0.0000000000
75675  26.970  -8.344  35.225 0.0000000000
75687  26.836  -8.462  34.466 0.0000000000
75700  27.311  -9.126  34.103 0.0000000000
74672  27.727  -9.933  33.757 0.0000000000
73624  27.941  -10.567  33.386 0.0000000000
149689  27.303  -10.454  33.198 0.0000000000
83914  30.231  -1.599  27.156 0.0000000000
161750  28.993  -2.104  26.824 0.0000000000
82901  28.429  -2.425  26.414 0.0000000000
81842  28.000  -2.917  26.960 0.0000000000
81851  27.863  -2.939  26.330 0.0000000000
94011  49.540  7.825  9.593 0.0000000000
94995  49.523  8.751  8.621 0.0000000000
95000  49.116  8.355  7.876 0.0000000000
89275  34.816  2.880  20.756 0.0000000000
88256  34.642  2.410  20.174 0.0000000000
89283  34.171  3.191  20.373 0.0000000000
88257  33.977  2.664  19.909 0.0000000000
91146  33.327  4.440  20.849 0.0000000000
90232  32.989  3.899  20.501 0.0000000000
153889  33.291  5.002  23.904 0.0000000000
91114  32.164  4.547  22.452 0.0000000000
90213  31.693  4.194  22.209 0.0000000000
90214  31.304  3.971  21.670 0.0000000000
89287  30.960  3.136  20.603 0.0000000000
93897  37.217  7.863  24.740 0.0000000000
158639  37.498  7.618  22.047 0.0000000000
93001  36.726  6.467  21.554 0.0000000000
92059  36.464  5.838  21.317 0.0000000000
92992  35.650  6.695  22.058 0.0000000000
93002  35.972  6.401  21.529 0.0000000000
91135  36.163  5.103  21.207 0.0000000000
78554  27.698  -6.066  43.848 0.0000000000
163728  27.456  -5.739  43.025 0.0000000000
78580  27.875  -5.804  41.624 0.0000000000
79650  27.203  -5.132  41.191 0.0000000000
78598  27.951  -5.658  40.662 0.0000000000
78616  27.953  -5.670  39.675 0.0000000000
78630  27.686  -5.966  38.812 0.0000000000
77618  27.030  -6.586  37.943 0.0000000000
79672  24.550  -4.868  38.922 0.0000000000
79671  25.166  -5.043  38.500 0.0000000000
147205  24.309  -5.243  36.715 0.0000000000
78666  24.922  -5.527  37.101 0.0000000000
78648  25.786  -5.573  38.054 0.0000000000
77619  26.267  -6.212  37.716 0.0000000000
77630  26.716  -6.784  37.473 0.0000000000
77645  26.071  -6.954  36.401 0.0000000000
77666  25.428  -6.925  35.035 0.0000000000
76690  24.957  -7.227  33.446 0.0000000000
76739  25.102  -8.268  30.363 0.0000000000
76713  20.819  -7.244  31.123 0.0000000000
76727  20.954  -8.223  30.635 0.0000000000
78773  27.770  -5.444  28.815 0.0000000000
91196  45.450  5.208  16.124 0.0000000000
92107  41.715  5.606  16.474 0.0000000000
172021  43.145  5.848  16.222 0.0000000000
92127  42.891  6.006  15.030 0.0000000000
92114  43.410  5.916  15.628 0.0000000000
92113  44.229  5.764  15.630 0.0000000000
91210  45.124  5.388  15.614 0.0000000000
91220  45.799  4.819  14.623 0.0000000000
166181  46.037  5.511  13.386 0.0000000000
92166  45.933  6.021  12.657 0.0000000000
164327  46.453  6.202  12.341 0.0000000000
93056  46.693  6.498  11.773 0.0000000000
93075  47.298  6.815  10.325 0.0000000000
93076  46.600  6.644  10.384 0.0000000000
76670  19.677  -7.944  35.730 0.0000000000
75676  19.340  -8.605  35.422 0.0000000000
75647  19.145  -8.288  36.867 0.0000000000
77634  19.623  -7.314  37.411 0.0000000000
152717  19.237  -7.789  37.668 0.0000000000
76650  19.039  -8.187  37.516 0.0000000000
75631  18.680  -8.588  37.967 0.0000000000
76635  18.597  -8.493  38.637 0.0000000000
77590  20.227  -7.725  40.417 0.0000000000
77607  19.929  -7.662  39.831 0.0000000000
77608  19.458  -7.878  39.729 0.0000000000
170700  18.714  -8.082  39.432 0.0000000000
75609  17.801  -8.376  39.730 0.0000000000
76590  16.665  -7.613  40.983 0.0000000000
77573  16.733  -6.868  41.439 0.0000000000
77574  16.212  -7.192  41.508 0.0000000000
79589  28.348  -5.567  45.249 0.0000000000
79590  27.578  -5.368  44.978 0.0000000000
78543  27.270  -5.481  44.316 0.0000000000
152678  26.337  -5.177  43.497 0.0000000000
79616  25.781  -5.202  42.973 0.0000000000
79654  23.539  -5.681  41.162 0.0000000000
79687  22.481  -5.620  38.083 0.0000000000
78650  21.913  -5.909  38.535 0.0000000000
78667  21.669  -5.679  37.559 0.0000000000
151465  21.234  -5.806  36.860 0.0000000000
90229  42.644  3.498  20.230 0.0000000000
90237  42.425  3.659  19.399 0.0000000000
154576  42.141  2.277  20.088 0.0000000000
90238  42.176  3.076  19.037 0.0000000000
90245  41.840  3.636  18.681 0.0000000000
91187  40.090  4.783  17.363 0.0000000000
88264  39.398  1.392  19.970 0.0000000000
175007  39.612  1.933  19.322 0.0000000000
90249  38.594  3.372  18.112 0.0000000000
90248  39.539  3.302  18.243 0.0000000000
90262  39.807  4.076  17.800 0.0000000000
157114  39.569  5.120  16.800 0.0000000000
92110  39.497  5.529  16.170 0.0000000000
73601  18.318  -10.444  35.529 0.0000000000
73593  18.019  -10.179  36.626 0.0000000000
73602  18.013  -10.732  36.049 0.0000000000
72576  17.936  -11.531  35.671 0.0000000000
71535  17.781  -12.277  35.540 0.0000000000
70404  17.453  -12.704  36.004 0.0000000000
70405  17.121  -13.212  36.364 0.0000000000
71494  16.659  -12.088  38.626 0.0000000000
71511  16.958  -11.946  37.892 0.0000000000
69349  16.817  -13.820  36.638 0.0000000000
149174  16.500  -14.454  36.838 0.0000000000
68191  16.132  -15.011  37.052 0.0000000000
67159  15.714  -15.486  37.342 0.0000000000
155151  15.640  -16.260  37.045 0.0000000000
72505  15.847  -12.005  41.971 0.0000000000
158104  15.911  -12.949  41.110 0.0000000000
69285  15.777  -14.116  40.810 0.0000000000
69238  15.442  -14.488  43.777 0.0000000000
161330  15.549  -14.485  43.225 0.0000000000
145467  14.657  -14.998  42.355 0.0000000000
69255  15.401  -14.682  42.591 0.0000000000
68104  15.577  -14.439  41.267 0.0000000000
162028  15.388  -14.787  39.932 0.0000000000
170537  14.858  -15.196  39.844 0.0000000000
67108  13.607  -15.708  39.627 0.0000000000
67129  13.812  -16.013  38.898 0.0000000000
67998  7.997  -15.227  49.452 0.0000000000
66996  6.899  -15.953  49.780 0.0000000000
65978  6.348  -16.399  50.279 0.0000000000
87124  34.388  1.598  26.050 0.0000000000
83912  32.038  -1.324  27.072 0.0000000000
82863  29.999  -1.849  28.009 0.0000000000
82864  29.173  -2.348  28.345 0.0000000000
147465  28.074  -3.347  28.798 0.0000000000
81779  28.607  -3.402  31.165 0.0000000000
81789  28.427  -3.463  30.362 0.0000000000
145419  27.925  -4.233  29.576 0.0000000000
79779  27.810  -4.769  29.265 0.0000000000
77755  28.437  -6.018  29.133 0.0000000000
77754  29.403  -6.579  29.214 0.0000000000
175497  30.206  -8.076  28.978 0.0000000000
169705  29.866  -6.333  32.027 0.0000000000
154919  30.211  -8.002  29.274 0.0000000000
74766  30.254  -8.874  28.452 0.0000000000
73744  29.914  -9.888  27.778 0.0000000000
73745  29.362  -10.489  27.993 0.0000000000
78677  31.635  -6.536  36.806 0.0000000000
78564  29.011  -6.900  43.619 0.0000000000
167519  29.482  -7.233  43.213 0.0000000000
77555  29.039  -6.939  41.733 0.0000000000
161594  29.616  -7.442  42.620 0.0000000000
77547  30.177  -7.548  43.000 0.0000000000
75589  31.416  -8.190  41.482 0.0000000000
76646  27.386  -7.749  37.722 0.0000000000
76620  28.303  -7.669  38.513 0.0000000000
75645  28.438  -8.670  37.622 0.0000000000
75619  28.718  -8.138  38.455 0.0000000000
76601  29.878  -7.512  39.387 0.0000000000
175383  30.373  -7.701  40.152 0.0000000000
75608  30.969  -7.980  40.584 0.0000000000
75588  31.599  -8.075  41.084 0.0000000000
76600  31.926  -7.650  40.074 0.0000000000
75643  30.966  -8.829  37.181 0.0000000000
75626  31.608  -8.055  37.975 0.0000000000
161821  31.865  -7.145  37.927 0.0000000000
172341  31.815  -7.357  37.068 0.0000000000
77642  31.722  -7.132  36.641 0.0000000000
77653  31.559  -7.195  36.100 0.0000000000
158119  31.313  -7.770  35.125 0.0000000000
169004  30.301  -9.303  34.090 0.0000000000
75699  30.433  -9.004  33.496 0.0000000000
73640  28.214  -10.836  33.004 0.0000000000
73656  28.730  -10.645  32.391 0.0000000000
74703  29.447  -10.219  31.632 0.0000000000
73733  28.781  -11.194  29.494 0.0000000000
87126  33.292  1.097  25.556 0.0000000000
87130  32.867  1.465  25.187 0.0000000000
85995  32.410  0.041  25.353 0.0000000000
87127  32.676  0.762  25.230 0.0000000000
87131  32.283  1.433  24.950 0.0000000000
157436  31.347  0.785  24.501 0.0000000000
87137  30.106  0.664  23.582 0.0000000000
83928  30.032  -1.479  26.399 0.0000000000
83946  29.792  -1.079  24.893 0.0000000000
83948  28.633  -1.869  24.899 0.0000000000
83947  29.103  -1.350  24.636 0.0000000000
84920  29.491  -0.860  24.253 0.0000000000
84933  29.719  -0.355  23.995 0.0000000000
86008  29.498  0.143  23.465 0.0000000000
86017  29.105  0.387  22.812 0.0000000000
147467  47.575  6.942  9.788 0.0000000000
93084  47.779  6.740  8.350 0.0000000000
70305  16.108  -13.352  43.732 0.0000000000
70318  16.021  -13.405  42.464 0.0000000000
72575  18.215  -10.963  35.405 0.0000000000
74603  29.779  -8.945  37.496 0.0000000000
75597  31.670  -7.983  40.494 0.0000000000
75598  31.418  -8.166  40.931 0.0000000000
75606  31.647  -7.851  39.744 0.0000000000
75627  31.260  -8.176  38.343 0.0000000000
75642  31.559  -8.355  37.128 0.0000000000
75648  18.790  -8.709  37.324 0.0000000000
75686  27.509  -8.876  34.770 0.0000000000
76578  31.195  -8.182  42.028 0.0000000000
76603  28.447  -6.925  38.788 0.0000000000
76619  29.100  -7.629  38.732 0.0000000000
76632  27.747  -7.704  38.240 0.0000000000
76668  25.942  -7.371  35.329 0.0000000000
76691  20.123  -7.415  33.737 0.0000000000
77605  27.352  -6.329  38.255 0.0000000000
77620  19.123  -8.032  38.074 0.0000000000
77629  31.798  -6.939  37.334 0.0000000000
77656  25.219  -6.476  35.510 0.0000000000
77657  20.896  -6.480  36.007 0.0000000000
77697  23.291  -6.466  32.462 0.0000000000
77714  24.282  -7.143  32.345 0.0000000000
78617  27.237  -5.292  39.320 0.0000000000
78654  19.518  -7.546  38.708 0.0000000000
78663  31.756  -6.306  37.496 0.0000000000
78670  19.446  -7.563  38.269 0.0000000000
78679  25.361  -6.052  36.717 0.0000000000
78692  24.218  -5.410  35.257 0.0000000000
78701  24.350  -5.710  34.816 0.0000000000
79688  19.654  -7.346  38.441 0.0000000000
79718  30.921  -5.868  35.914 0.0000000000
81753  29.404  -3.353  33.942 0.0000000000
83961  28.242  -1.160  22.688 0.0000000000
85993  33.483  0.493  25.930 0.0000000000
86000  31.943  0.617  24.915 0.0000000000
87143  29.558  0.820  22.980 0.0000000000
87156  37.553  1.405  20.909 0.0000000000
88222  31.295  2.148  24.297 0.0000000000
88230  30.601  2.609  23.172 0.0000000000
88236  38.936  1.460  22.802 0.0000000000
88237  38.003  1.635  22.815 0.0000000000
88238  36.925  1.605  22.011 0.0000000000
88239  29.857  2.147  21.919 0.0000000000
88272  30.492  2.147  19.848 0.0000000000
89284  33.443  3.250  20.197 0.0000000000
90201  31.756  4.120  22.829 0.0000000000
90202  31.228  3.850  22.417 0.0000000000
90224  31.877  4.148  21.102 0.0000000000
90225  31.252  3.693  21.048 0.0000000000
91125  37.442  4.440  22.027 0.0000000000
91127  32.719  4.795  21.991 0.0000000000
91145  33.951  4.470  20.783 0.0000000000
92060  35.656  5.807  21.215 0.0000000000
92118  40.571  5.922  15.465 0.0000000000
92990  37.032  7.128  21.820 0.0000000000
145227  29.307  -8.244  38.440 0.0000000000
145670  43.056  6.019  14.444 0.0000000000
145927  41.524  5.914  14.559 0.0000000000
147822  31.721  -1.220  26.485 0.0000000000
147899  44.762  5.909  12.728 0.0000000000
150132  15.766  -11.045  41.773 0.0000000000
152068  23.010  -4.918  35.828 0.0000000000
152265  20.074  -6.887  38.512 0.0000000000
154228  30.300  -7.740  41.021 0.0000000000
154692  24.248  -4.819  39.640 0.0000000000
154713  13.065  -14.770  44.560 0.0000000000
155031  38.208  5.485  22.030 0.0000000000
157425  30.018  -4.363  35.665 0.0000000000
158529  15.840  -13.928  41.288 0.0000000000
162697  19.725  -8.569  32.405 0.0000000000
163665  31.310  -8.461  37.688 0.0000000000
165514  18.607  -10.790  32.803 0.0000000000
166405  32.308  -0.950  26.132 0.0000000000
167743  16.071  -13.562  43.186 0.0000000000
168012  31.688  -7.616  36.333 0.0000000000
168448  9.843  -14.661  45.773 0.0000000000
170518  31.568  -8.307  36.310 0.0000000000
171386  28.650  -6.039  44.928 0.0000000000
172867  24.784  -5.812  35.967 0.0000000000
