#!ascii label  , from subject sub-v2s13x29113_ses-1 vox2ras=TkReg
2167
144514  23.447  -53.757  -15.682 0.8999999762
144096  21.655  -52.042  -15.725 0.8000000119
164557  22.100  -51.167  -15.995 0.8000000119
26312  21.144  -53.407  -19.110 0.6999999881
153389  21.162  -52.890  -19.728 0.8000000119
164774  22.037  -55.306  -15.329 0.8999999762
164727  23.163  -52.875  -15.949 1.0000000000
152231  22.318  -51.575  -15.667 1.0000000000
27300  21.868  -51.987  -17.764 0.8999999762
164505  21.515  -52.748  -18.406 0.8000000119
167634  21.054  -52.390  -20.096 0.8000000119
27329  21.352  -52.209  -19.585 0.8999999762
27355  20.272  -52.756  -21.005 0.8000000119
28379  20.346  -51.953  -21.191 0.6999999881
28393  19.681  -52.044  -22.292 0.6999999881
164483  21.894  -54.815  -13.234 0.8000000119
164482  22.477  -55.377  -13.967 0.8999999762
27201  23.212  -53.451  -12.597 0.8999999762
164785  21.981  -53.858  -12.926 0.8999999762
145254  21.299  -51.452  -13.925 0.8999999762
164545  23.827  -52.925  -15.558 0.8999999762
164609  23.534  -51.942  -15.815 1.0000000000
28319  22.064  -51.321  -18.291 0.8999999762
29310  22.256  -50.564  -18.266 1.0000000000
29326  21.944  -50.817  -18.988 0.8999999762
29347  21.400  -51.057  -20.017 0.8999999762
170314  20.791  -51.654  -20.806 0.8000000119
28411  19.619  -51.807  -23.076 0.6999999881
28205  23.894  -52.598  -12.517 0.8999999762
28186  23.417  -52.533  -11.996 0.8999999762
28188  22.412  -52.318  -11.982 0.8999999762
29202  21.997  -51.551  -11.942 0.8999999762
29220  21.292  -50.580  -13.511 0.8999999762
168519  23.606  -53.621  -13.153 0.8999999762
28224  24.524  -52.269  -14.027 0.8999999762
29261  22.465  -50.966  -15.522 1.0000000000
28378  21.071  -51.135  -20.672 0.8000000119
28391  20.645  -51.231  -21.366 0.8000000119
29404  20.441  -50.754  -22.947 0.8000000119
166157  20.235  -50.226  -24.104 0.8000000119
163632  19.783  -50.423  -24.655 0.8000000119
160504  19.144  -49.218  -24.800 0.8000000119
28168  22.783  -51.649  -11.497 0.8999999762
153376  21.248  -49.921  -13.184 0.8999999762
30191  21.172  -49.754  -13.930 0.8999999762
29200  23.830  -51.806  -11.832 0.8999999762
30164  21.301  -49.708  -12.362 0.8999999762
165787  21.067  -48.508  -12.949 0.8000000119
31166  20.599  -48.990  -14.531 0.8000000119
28204  24.533  -51.928  -13.163 0.8999999762
32058  20.949  -47.905  -12.992 0.6999999881
32074  20.654  -48.312  -14.131 0.6999999881
32088  19.466  -48.395  -14.893 0.6999999881
29231  24.916  -51.218  -13.992 0.8999999762
167260  19.193  -47.793  -14.800 0.6999999881
33000  18.703  -47.310  -14.995 0.6999999881
29245  24.841  -50.887  -14.923 1.0000000000
152840  18.510  -46.583  -15.051 0.6000000238
29260  24.170  -51.318  -15.636 1.0000000000
147232  22.831  -50.314  -15.455 1.0000000000
29281  22.400  -50.380  -15.833 1.0000000000
30275  22.021  -50.121  -18.978 1.0000000000
29346  21.681  -50.419  -19.702 0.8999999762
29297  22.534  -50.248  -17.290 1.0000000000
160188  21.846  -49.620  -19.590 0.8999999762
30309  21.649  -49.787  -20.313 0.8000000119
29363  21.097  -50.617  -21.180 0.8000000119
30349  20.721  -50.059  -23.404 0.8000000119
30368  20.481  -49.507  -24.022 0.8000000119
30382  19.901  -49.709  -24.521 0.8000000119
166190  18.976  -48.334  -24.458 0.8000000119
31297  19.921  -48.813  -24.324 0.8000000119
171943  18.358  -48.017  -24.498 0.8000000119
29176  23.429  -51.677  -11.368 0.8999999762
170420  21.850  -50.836  -11.726 0.8999999762
30142  23.253  -50.225  -10.555 0.8999999762
30143  22.548  -50.263  -10.920 0.8999999762
30163  21.777  -50.226  -11.507 0.8999999762
31123  21.321  -48.741  -11.561 0.8999999762
170339  24.328  -51.677  -12.420 0.8999999762
32059  20.745  -47.781  -13.547 0.6999999881
29218  24.825  -51.084  -12.924 0.8999999762
32971  20.401  -47.172  -13.502 0.6000000238
32999  19.354  -47.197  -14.446 0.6000000238
30190  25.224  -50.320  -14.464 1.0000000000
159803  17.667  -45.759  -15.760 0.5000000000
30214  24.495  -50.002  -15.537 1.0000000000
34907  17.658  -45.031  -15.809 0.5000000000
30215  23.303  -49.719  -15.273 1.0000000000
30230  22.735  -49.598  -16.365 1.0000000000
30246  22.753  -49.433  -17.539 1.0000000000
30261  22.392  -49.828  -18.267 1.0000000000
31229  21.818  -49.072  -20.113 0.8999999762
30330  21.313  -49.564  -22.182 0.8000000119
31238  21.691  -49.171  -20.942 0.8999999762
31258  21.630  -48.919  -21.842 0.8000000119
30348  21.127  -49.499  -22.915 0.8000000119
32178  21.785  -48.214  -22.054 0.8999999762
32194  21.527  -48.218  -22.734 0.8000000119
152217  21.371  -47.451  -23.048 0.8999999762
160972  20.224  -48.211  -24.011 0.8000000119
32226  18.486  -47.406  -24.242 0.8000000119
33139  18.254  -46.297  -24.044 0.8000000119
33140  17.279  -46.379  -24.439 0.8000000119
31122  21.858  -48.954  -10.819 0.8999999762
29201  24.194  -50.531  -11.253 0.8999999762
30141  23.914  -49.969  -10.622 0.8999999762
153479  21.099  -47.663  -11.580 0.6999999881
32961  20.961  -47.412  -12.332 0.8000000119
158446  25.020  -50.321  -12.606 0.8999999762
30140  24.673  -49.816  -11.253 0.8999999762
33870  20.335  -46.490  -13.070 0.6999999881
33885  19.225  -45.917  -14.115 0.6000000238
33900  18.132  -46.169  -15.380 0.6000000238
157023  20.086  -45.804  -13.018 0.6999999881
34873  19.125  -45.237  -14.306 0.6000000238
34888  18.157  -45.356  -15.328 0.5000000000
30203  24.959  -50.126  -15.172 1.0000000000
35869  18.104  -44.588  -15.449 0.5000000000
166884  17.670  -44.429  -15.852 0.5000000000
31175  24.977  -49.319  -15.407 1.0000000000
31190  22.976  -49.097  -15.745 1.0000000000
174492  22.930  -48.403  -17.555 1.0000000000
31219  22.363  -48.988  -18.382 1.0000000000
166602  21.880  -48.417  -19.885 0.8999999762
170300  23.247  -48.407  -15.767 1.0000000000
162883  22.272  -47.687  -18.420 0.8999999762
32145  21.935  -48.275  -19.261 0.8999999762
31257  21.871  -48.312  -21.211 0.8999999762
32150  21.905  -47.752  -19.640 0.8999999762
150755  21.981  -47.617  -21.670 0.8999999762
33106  20.923  -46.652  -23.399 0.8999999762
33122  20.342  -46.882  -23.727 0.8999999762
33062  21.967  -47.179  -20.236 0.8999999762
33105  21.650  -46.803  -22.741 0.8999999762
33123  19.664  -46.623  -23.860 0.8999999762
34017  21.349  -46.010  -23.030 0.8999999762
30123  23.446  -49.520  -10.153 0.8999999762
31121  22.715  -49.518  -10.404 0.8999999762
32026  21.388  -48.210  -11.176 0.8999999762
31100  22.458  -48.778  -10.228 0.8999999762
32944  21.343  -47.466  -10.768 1.0000000000
32945  20.967  -46.998  -11.597 0.8000000119
31098  23.673  -48.795  -9.938 0.8999999762
33869  20.751  -46.663  -12.404 0.6999999881
30180  25.452  -49.676  -13.177 0.8999999762
31156  25.136  -49.537  -12.219 0.8999999762
33852  20.447  -45.943  -12.552 0.6999999881
35857  19.596  -44.732  -13.489 0.6999999881
35858  19.318  -44.518  -14.057 0.5000000000
171262  25.590  -49.236  -14.373 1.0000000000
35877  17.924  -43.935  -15.649 0.5000000000
35896  17.471  -43.952  -16.118 0.5000000000
31174  25.452  -48.951  -14.948 1.0000000000
31187  25.149  -48.374  -15.414 1.0000000000
170972  24.985  -47.673  -15.297 1.0000000000
32099  23.675  -47.749  -15.599 1.0000000000
160776  23.275  -48.102  -17.053 1.0000000000
32114  23.610  -47.646  -16.464 1.0000000000
33019  23.889  -47.102  -15.992 1.0000000000
170355  22.620  -47.116  -18.137 0.8999999762
33058  21.940  -47.062  -19.316 0.8999999762
33976  22.033  -46.399  -20.592 0.8999999762
37075  23.287  -43.963  -28.591 0.6999999881
38090  23.034  -43.212  -28.394 0.8000000119
37068  21.301  -43.629  -27.647 0.8000000119
38079  21.791  -43.112  -27.961 0.8000000119
32024  24.350  -48.655  -10.263 0.8999999762
32920  23.970  -47.369  -9.257 1.0000000000
32930  22.944  -47.689  -9.337 1.0000000000
147520  21.910  -46.746  -9.552 1.0000000000
33818  20.988  -46.141  -10.548 0.6999999881
33832  20.759  -46.042  -11.608 0.6999999881
31155  25.623  -48.940  -12.881 0.8999999762
32023  24.936  -48.524  -10.939 0.8999999762
34856  20.085  -45.323  -12.737 0.6999999881
35868  19.056  -43.925  -14.525 0.6000000238
31164  25.686  -48.664  -14.301 1.0000000000
32057  25.789  -48.259  -13.494 0.8999999762
32039  25.712  -48.234  -12.498 0.8999999762
37922  17.532  -42.631  -16.187 0.4000000060
32087  25.403  -47.816  -15.071 1.0000000000
33920  24.062  -46.550  -16.513 1.0000000000
33937  23.104  -46.528  -17.904 1.0000000000
33936  23.708  -45.927  -17.738 1.0000000000
37046  18.511  -42.439  -25.360 0.8999999762
38055  23.572  -42.610  -26.000 0.6000000238
37065  23.556  -43.265  -27.911 0.6000000238
38078  23.301  -43.173  -28.478 0.8000000119
36033  19.636  -43.533  -26.787 0.8999999762
36025  18.119  -42.698  -25.277 0.8999999762
32001  24.897  -47.852  -10.410 0.8999999762
32929  24.546  -47.443  -9.783 0.8999999762
34825  20.716  -45.453  -10.837 0.8000000119
34826  20.386  -45.165  -11.504 0.6999999881
35847  19.766  -44.705  -13.001 0.6999999881
36867  19.369  -43.325  -13.774 0.6000000238
38868  17.872  -41.974  -15.850 0.4000000060
32984  25.857  -47.412  -13.874 1.0000000000
32969  25.869  -47.420  -12.814 0.8999999762
159842  25.647  -47.381  -14.657 1.0000000000
32998  25.206  -47.019  -15.069 1.0000000000
154902  24.209  -46.449  -15.113 1.0000000000
33919  24.460  -45.998  -16.247 1.0000000000
33935  24.223  -45.970  -17.113 1.0000000000
34953  23.587  -45.245  -18.109 1.0000000000
36015  20.293  -44.052  -24.416 0.8999999762
37037  20.181  -43.261  -24.708 0.8999999762
37038  19.111  -42.570  -25.018 0.8999999762
38081  19.668  -42.059  -26.882 0.8999999762
38067  19.010  -42.248  -26.114 0.8999999762
38997  24.126  -41.401  -23.975 0.6000000238
38046  23.689  -42.621  -24.929 0.6000000238
38066  23.617  -42.606  -27.101 0.6000000238
39036  23.685  -41.961  -27.487 0.8000000119
154653  23.138  -42.439  -28.543 0.8000000119
38080  20.312  -42.806  -27.209 0.8999999762
33806  23.745  -46.811  -8.827 0.8999999762
32922  22.541  -47.003  -9.183 0.8999999762
34812  21.449  -45.663  -9.413 0.6999999881
34797  23.744  -45.193  -7.942 0.8999999762
34799  21.749  -45.361  -8.763 0.8999999762
35833  20.017  -44.745  -12.218 0.6000000238
170471  25.516  -47.111  -11.133 1.0000000000
33830  25.726  -46.327  -11.168 1.0000000000
33831  25.190  -46.454  -10.482 1.0000000000
36842  19.732  -43.986  -11.812 0.6000000238
36857  19.389  -43.456  -13.093 0.6000000238
37898  19.205  -42.689  -14.638 0.5000000000
33883  25.941  -46.714  -13.469 1.0000000000
151529  25.814  -47.064  -12.007 1.0000000000
156484  26.014  -45.968  -12.988 1.0000000000
33898  25.681  -45.827  -14.482 1.0000000000
33899  24.783  -45.982  -15.049 1.0000000000
34924  24.798  -45.347  -15.945 1.0000000000
34938  24.673  -45.304  -16.852 1.0000000000
35911  24.780  -44.464  -17.363 1.0000000000
152918  23.465  -44.663  -18.398 1.0000000000
173109  22.506  -44.624  -18.868 1.0000000000
35939  22.191  -44.505  -19.637 1.0000000000
35951  22.096  -44.346  -20.305 1.0000000000
35967  22.028  -44.135  -21.101 1.0000000000
157974  21.942  -44.251  -22.344 0.8999999762
34988  22.029  -44.884  -20.957 0.8999999762
37028  21.057  -43.827  -24.240 0.8999999762
38057  18.969  -42.243  -25.400 0.8999999762
39038  20.849  -41.879  -27.851 0.8999999762
172857  24.994  -40.610  -23.210 0.6000000238
39931  24.598  -40.907  -23.552 0.6000000238
39942  23.894  -41.027  -24.687 0.6000000238
39015  23.679  -41.917  -25.502 0.6000000238
39968  23.710  -41.381  -28.017 0.8000000119
155781  23.181  -41.748  -28.835 0.8000000119
33805  24.226  -46.048  -8.993 0.8999999762
35796  21.470  -45.015  -8.957 0.6999999881
35821  20.477  -44.835  -10.774 0.6000000238
36829  19.844  -43.845  -11.088 0.6000000238
34824  25.617  -45.681  -10.689 0.8999999762
36843  19.350  -43.471  -12.169 0.6000000238
37880  19.382  -42.764  -13.553 0.5000000000
170511  25.821  -46.219  -11.573 1.0000000000
34855  26.160  -45.171  -13.424 1.0000000000
34837  26.065  -45.339  -12.484 0.8999999762
34870  25.949  -45.104  -14.306 1.0000000000
34886  25.234  -44.718  -15.012 1.0000000000
35876  25.063  -44.626  -15.573 1.0000000000
35895  25.063  -44.539  -16.475 1.0000000000
156396  24.980  -43.693  -17.511 1.0000000000
36932  24.787  -43.272  -17.922 1.0000000000
35912  24.102  -44.629  -17.996 1.0000000000
36953  22.764  -43.671  -19.164 1.0000000000
36970  22.117  -43.619  -20.501 1.0000000000
37005  21.994  -43.537  -22.257 1.0000000000
37027  21.695  -43.391  -23.877 0.8999999762
37036  21.016  -43.212  -24.508 0.8999999762
38056  19.441  -41.900  -25.357 0.8999999762
39970  19.572  -40.711  -27.577 0.8999999762
162923  24.765  -40.134  -23.625 0.6000000238
39932  24.224  -40.607  -24.108 0.6000000238
39951  23.776  -40.739  -25.406 0.6000000238
146114  23.725  -40.589  -26.185 0.6999999881
148813  23.764  -40.681  -28.453 0.6999999881
39976  23.465  -41.410  -28.831 0.6999999881
151623  22.657  -41.440  -28.920 0.8000000119
39979  20.557  -40.617  -28.353 0.8999999762
40885  26.067  -39.826  -22.425 0.6000000238
40937  23.839  -39.852  -28.827 0.6999999881
39977  23.209  -40.999  -29.117 0.8000000119
39984  22.784  -40.455  -29.262 0.8999999762
36812  20.186  -44.118  -10.489 0.6999999881
36830  19.454  -43.340  -11.269 0.6000000238
35808  25.047  -44.243  -9.448 0.8999999762
36801  24.116  -44.965  -8.778 0.8000000119
151865  21.759  -43.761  -9.611 0.6999999881
34823  25.843  -45.641  -11.523 0.8999999762
35807  25.663  -43.822  -10.174 0.8000000119
35846  26.238  -44.309  -12.770 1.0000000000
171011  26.207  -44.042  -11.887 0.8000000119
175274  26.327  -43.996  -13.365 0.8999999762
36855  26.376  -43.615  -13.257 0.8000000119
148587  25.978  -44.213  -14.567 1.0000000000
35867  25.481  -43.967  -15.209 1.0000000000
35875  25.476  -43.808  -16.021 1.0000000000
36916  25.358  -43.651  -16.894 1.0000000000
36917  25.307  -43.086  -17.413 1.0000000000
36933  24.169  -43.447  -18.403 1.0000000000
37954  23.112  -42.937  -19.125 1.0000000000
36954  22.287  -43.805  -19.715 1.0000000000
36986  22.055  -43.359  -21.374 1.0000000000
163296  21.974  -43.076  -22.942 0.8999999762
39007  20.776  -41.933  -24.801 0.8999999762
39016  19.751  -41.489  -25.417 0.8999999762
40919  19.328  -40.199  -27.243 0.8999999762
40899  23.947  -40.313  -24.821 0.6000000238
40917  23.738  -39.958  -26.572 0.6999999881
41776  26.079  -39.040  -22.400 0.6000000238
147893  25.663  -39.426  -22.897 0.6000000238
41823  23.889  -39.069  -28.297 0.6999999881
40948  23.584  -39.759  -29.293 0.6999999881
36803  20.920  -44.016  -9.118 0.6999999881
37834  19.780  -43.338  -10.652 0.6000000238
36810  24.408  -44.594  -10.027 0.8000000119
36802  23.727  -44.038  -9.133 0.8000000119
37846  21.250  -42.984  -10.482 0.6999999881
37847  19.952  -42.966  -9.999 0.6999999881
37844  25.955  -43.381  -11.343 0.6999999881
36825  25.664  -43.859  -10.355 0.8000000119
37878  26.455  -42.555  -12.824 0.6999999881
37887  26.483  -42.337  -13.971 0.6999999881
148825  26.141  -41.946  -15.059 0.8000000119
37906  25.853  -42.195  -15.662 0.8000000119
150809  25.664  -42.938  -16.246 0.8000000119
37921  25.808  -42.032  -16.404 0.8000000119
37937  25.541  -42.279  -17.313 0.8999999762
37952  24.493  -42.675  -18.375 1.0000000000
161525  23.785  -43.007  -18.741 1.0000000000
145862  22.130  -42.988  -20.653 1.0000000000
38001  22.088  -42.517  -21.209 1.0000000000
37968  23.103  -42.263  -19.220 1.0000000000
37985  22.250  -42.351  -20.308 1.0000000000
38018  22.039  -42.706  -22.118 1.0000000000
38998  22.001  -41.835  -23.467 1.0000000000
39006  21.710  -41.531  -24.336 0.8999999762
39943  20.864  -41.165  -24.958 0.8999999762
39952  20.012  -40.861  -25.644 0.8999999762
39961  19.499  -40.424  -26.424 0.8999999762
41778  25.182  -39.425  -23.390 0.6000000238
41787  24.624  -39.373  -23.929 0.6000000238
40908  23.791  -39.940  -25.643 0.6000000238
147024  23.722  -39.387  -26.200 0.6999999881
40926  19.534  -40.132  -27.918 0.8999999762
40938  21.679  -40.160  -28.978 0.8999999762
154253  23.737  -38.655  -27.365 0.6999999881
41833  23.763  -39.060  -29.105 0.6999999881
40949  22.884  -39.745  -29.414 0.8999999762
41834  21.555  -39.367  -29.087 0.8999999762
37845  23.550  -43.607  -10.993 0.6999999881
154465  22.037  -43.310  -10.256 0.6000000238
37862  20.304  -42.585  -10.644 0.6000000238
37848  19.261  -42.563  -10.659 0.6000000238
37858  25.874  -43.144  -12.128 0.6999999881
149604  22.475  -42.999  -11.118 0.6000000238
37879  26.483  -42.351  -12.834 0.6999999881
38843  26.738  -41.269  -13.189 0.6999999881
38853  26.790  -40.936  -13.719 0.6999999881
39823  26.139  -40.648  -16.481 0.8000000119
38878  25.785  -41.446  -16.899 0.8000000119
38908  25.231  -41.239  -17.963 0.8000000119
38909  25.148  -42.063  -17.976 0.8000000119
37953  23.733  -42.393  -18.889 1.0000000000
38910  24.452  -41.729  -18.584 0.8000000119
38948  22.308  -41.678  -20.260 1.0000000000
38959  22.142  -41.784  -20.936 1.0000000000
38988  22.052  -41.774  -22.609 1.0000000000
146659  22.105  -41.124  -21.423 1.0000000000
146932  22.065  -41.170  -22.230 1.0000000000
39933  22.049  -40.583  -23.282 1.0000000000
40900  21.695  -39.838  -24.618 1.0000000000
40901  21.029  -40.412  -25.164 1.0000000000
169096  20.304  -40.201  -25.831 0.8999999762
41788  24.169  -39.195  -24.554 0.6000000238
40918  19.342  -39.742  -26.995 0.8999999762
41777  25.542  -38.674  -23.061 0.6000000238
41786  24.902  -38.736  -23.667 0.6000000238
41803  23.833  -38.957  -25.468 0.6999999881
40925  19.392  -39.479  -27.705 0.8999999762
145316  23.861  -37.983  -25.360 0.6999999881
42724  23.859  -38.152  -28.227 0.6999999881
42740  23.331  -38.267  -29.511 0.8999999762
38817  20.003  -42.296  -10.892 0.5000000000
158114  23.442  -42.664  -13.202 0.6000000238
38816  22.302  -42.195  -12.932 0.5000000000
38831  25.813  -42.130  -14.094 0.6999999881
38815  24.933  -42.512  -13.999 0.6999999881
147982  26.153  -40.828  -14.007 0.6999999881
38854  26.917  -40.295  -13.351 0.6999999881
38845  26.825  -40.259  -13.089 0.6999999881
165107  27.503  -38.955  -14.601 0.6999999881
40792  26.638  -39.417  -16.130 0.6999999881
41706  25.762  -39.333  -17.754 0.8000000119
40822  25.047  -39.933  -18.369 0.8000000119
39849  24.744  -40.804  -18.475 0.8000000119
40835  24.620  -39.577  -18.687 0.8000000119
39866  24.252  -40.332  -18.956 0.8000000119
39867  23.245  -41.059  -19.385 0.8999999762
39881  22.578  -41.211  -19.866 1.0000000000
160305  23.515  -40.337  -19.354 0.8000000119
157718  22.454  -40.437  -20.249 0.8999999762
152826  22.200  -40.407  -21.007 1.0000000000
39910  22.090  -40.375  -21.911 1.0000000000
39924  22.061  -40.650  -22.607 1.0000000000
41804  21.182  -38.927  -25.475 1.0000000000
41805  20.588  -38.976  -26.090 0.8999999762
40910  20.008  -39.649  -26.348 0.8999999762
41824  19.770  -38.745  -27.727 0.8999999762
167898  20.276  -38.465  -26.539 0.8999999762
42734  20.526  -38.035  -28.252 0.8999999762
42682  25.170  -38.024  -23.481 0.6000000238
41796  24.561  -38.077  -24.033 0.6000000238
150344  23.692  -38.217  -26.071 0.6999999881
42732  23.571  -37.820  -29.327 0.8000000119
155666  21.935  -37.723  -29.129 0.8999999762
44545  26.138  -36.624  -22.365 0.6000000238
43618  23.877  -37.133  -25.184 0.6999999881
43639  23.673  -37.112  -27.298 0.6999999881
42741  23.088  -37.676  -29.447 0.8000000119
43661  21.387  -37.169  -28.577 0.8999999762
44606  23.659  -36.662  -27.988 0.6999999881
44617  22.144  -36.482  -28.607 0.8999999762
39760  23.764  -41.507  -13.497 0.5000000000
39761  22.253  -41.307  -12.956 0.5000000000
38832  25.209  -41.434  -14.185 0.6999999881
40684  22.908  -40.637  -13.450 0.5000000000
39785  25.508  -40.499  -13.828 0.6999999881
39808  27.184  -38.865  -12.995 0.6999999881
39793  26.664  -39.540  -12.471 0.6999999881
40773  27.546  -37.817  -13.356 0.6999999881
40794  27.998  -36.833  -14.437 0.6999999881
40810  27.047  -38.157  -16.178 0.6999999881
41715  25.532  -38.760  -18.056 0.8000000119
41727  24.602  -38.898  -18.718 0.8000000119
40836  23.962  -39.668  -19.124 0.8000000119
40852  22.708  -39.725  -20.007 0.8000000119
40853  22.333  -39.719  -20.606 0.8999999762
157277  22.070  -39.643  -22.019 1.0000000000
41779  21.997  -39.219  -23.126 1.0000000000
40894  21.973  -39.893  -23.632 1.0000000000
41729  22.989  -38.997  -19.707 0.8000000119
41743  22.189  -39.040  -20.957 0.8000000119
41769  22.042  -39.156  -22.415 0.8999999762
42684  21.716  -38.380  -24.175 1.0000000000
171523  21.710  -38.772  -24.466 1.0000000000
155387  21.915  -38.526  -23.408 0.8999999762
42693  21.059  -37.863  -25.434 1.0000000000
42704  20.871  -38.367  -25.854 1.0000000000
42714  20.274  -37.890  -26.565 1.0000000000
43651  20.323  -37.253  -27.938 0.8999999762
42683  24.154  -37.669  -24.608 0.6999999881
43640  19.862  -37.308  -27.215 0.8999999762
43607  24.864  -37.417  -23.685 0.6000000238
173075  24.455  -37.381  -24.090 0.6000000238
44618  20.982  -36.583  -28.165 0.8999999762
155973  24.156  -36.938  -24.399 0.6999999881
43630  23.670  -37.352  -26.217 0.6999999881
44597  23.554  -36.565  -26.951 0.6999999881
44607  23.511  -36.478  -28.322 0.6999999881
44616  23.216  -36.545  -28.717 0.8000000119
44598  23.385  -36.102  -27.663 0.6999999881
45593  21.688  -36.059  -28.158 0.8000000119
45583  20.728  -35.901  -27.926 0.8999999762
45591  23.184  -36.142  -28.214 0.6999999881
39771  24.142  -40.669  -13.598 0.6000000238
149108  23.333  -39.865  -13.493 0.5000000000
40750  25.382  -39.144  -12.870 0.6999999881
159880  27.711  -35.696  -13.617 0.6999999881
40795  27.391  -36.381  -12.805 0.6999999881
41695  27.939  -35.782  -14.809 0.6999999881
167651  27.667  -34.966  -13.628 0.6999999881
165978  27.635  -36.100  -16.098 0.6999999881
41716  26.757  -37.182  -17.300 0.6999999881
42606  26.315  -36.642  -17.913 0.6999999881
42605  25.562  -37.928  -18.179 0.6999999881
42617  24.755  -37.985  -18.721 0.8000000119
42618  23.602  -38.155  -19.323 0.8000000119
43528  23.341  -37.222  -19.388 0.8000000119
42634  22.724  -38.258  -19.856 0.8000000119
42635  22.240  -38.345  -20.559 0.8000000119
155134  22.380  -37.580  -20.133 0.8000000119
151693  22.119  -37.688  -21.012 0.8000000119
42650  22.087  -38.385  -21.364 0.8000000119
42675  21.941  -38.064  -22.863 0.8999999762
43609  21.202  -36.984  -24.413 0.8999999762
43608  21.364  -37.748  -24.651 1.0000000000
44525  21.945  -36.591  -21.924 0.8000000119
43573  21.955  -37.165  -22.169 0.8000000119
43631  20.593  -37.552  -25.898 1.0000000000
43619  20.871  -37.243  -25.245 1.0000000000
43591  25.108  -36.771  -23.313 0.6000000238
44599  19.652  -36.815  -26.750 1.0000000000
44571  23.871  -36.430  -24.861 0.6999999881
44583  23.638  -36.445  -25.818 0.6999999881
45584  19.606  -35.986  -27.219 1.0000000000
161348  23.272  -35.644  -26.331 0.6999999881
45571  23.044  -35.450  -26.946 0.8000000119
45581  22.771  -35.466  -27.877 0.8000000119
41709  28.070  -34.873  -14.819 0.6999999881
42608  27.441  -33.499  -15.682 0.6999999881
42607  27.546  -34.829  -17.096 0.6999999881
44493  25.496  -34.702  -18.579 0.6999999881
43522  25.097  -35.987  -18.654 0.6999999881
154916  23.660  -36.070  -19.182 0.6999999881
43539  22.598  -36.721  -19.754 0.8000000119
43540  22.152  -36.941  -20.663 0.8000000119
45478  22.080  -35.560  -20.783 0.8000000119
44507  22.026  -36.254  -21.269 0.8000000119
44562  21.496  -36.776  -23.502 0.8999999762
154309  21.679  -37.681  -23.687 0.8999999762
146882  21.774  -36.507  -22.633 0.8000000119
44563  21.066  -36.180  -24.143 0.8999999762
44572  20.453  -36.429  -25.081 0.8999999762
44560  24.632  -36.279  -23.529 0.6000000238
45546  20.551  -35.580  -24.606 0.8999999762
45547  19.839  -35.695  -25.321 0.8999999762
44584  20.130  -36.986  -25.883 1.0000000000
45515  24.910  -35.184  -22.777 0.6000000238
45572  19.391  -35.704  -26.508 0.8999999762
45545  23.190  -34.931  -25.160 0.6999999881
154039  19.549  -35.271  -27.048 0.8999999762
46494  22.547  -34.806  -27.463 0.8000000119
45582  21.854  -35.321  -28.032 0.8999999762
146024  20.665  -34.954  -27.628 0.8000000119
44480  26.299  -33.606  -18.120 0.6999999881
44498  22.860  -35.819  -19.547 0.6999999881
46399  22.511  -34.848  -19.779 0.6999999881
171515  22.158  -35.061  -20.416 0.6999999881
154740  21.659  -35.761  -22.664 0.8000000119
45531  21.047  -35.421  -23.827 0.8000000119
45517  21.373  -35.260  -23.066 0.8000000119
47327  20.044  -33.529  -24.068 0.8000000119
44561  24.151  -36.210  -24.091 0.6000000238
46439  20.351  -34.350  -24.201 0.8000000119
47336  19.691  -34.113  -24.734 0.8999999762
46471  19.511  -35.126  -25.530 0.8999999762
45559  19.455  -35.634  -25.894 0.8999999762
45529  24.349  -35.558  -23.455 0.6000000238
146385  23.817  -35.916  -24.660 0.6999999881
46484  19.321  -35.089  -26.318 0.8999999762
46470  22.893  -34.526  -25.645 0.6999999881
46497  20.622  -34.110  -27.488 0.8000000119
46483  22.426  -34.251  -27.093 0.6999999881
163171  21.425  -34.044  -27.810 0.8000000119
46383  24.698  -33.954  -19.033 0.6999999881
47289  22.813  -34.199  -19.657 0.6999999881
48159  21.967  -33.037  -20.390 0.6999999881
45516  21.697  -35.137  -22.300 0.8000000119
47316  21.101  -33.965  -22.963 0.8000000119
48187  20.149  -32.735  -23.548 0.8000000119
48188  19.308  -32.760  -24.112 0.8000000119
46456  19.987  -34.911  -24.844 0.8999999762
160852  18.948  -33.435  -25.323 0.8999999762
46436  23.801  -34.752  -23.672 0.6000000238
46472  19.277  -34.702  -25.825 0.8999999762
46453  23.423  -34.892  -24.470 0.6999999881
46454  23.033  -34.338  -24.814 0.6999999881
47360  19.354  -33.930  -26.565 0.8999999762
47346  22.138  -33.210  -26.297 0.6999999881
47368  21.624  -33.377  -27.509 0.8000000119
48225  20.356  -32.904  -27.345 0.8000000119
169193  21.884  -33.083  -27.037 0.6999999881
47369  21.000  -33.409  -27.518 0.8000000119
48223  21.632  -32.517  -27.259 0.8000000119
48155  23.145  -33.269  -19.572 0.6999999881
48156  22.519  -32.582  -19.961 0.6000000238
46424  23.988  -34.194  -23.063 0.6000000238
47328  19.285  -33.419  -24.697 0.8000000119
49098  18.404  -32.124  -25.313 0.8999999762
48217  19.043  -33.428  -26.071 0.8999999762
161160  23.575  -34.034  -23.507 0.6000000238
171374  19.163  -32.827  -26.420 0.8999999762
47335  22.672  -33.839  -25.258 0.8000000119
48216  19.693  -32.502  -27.072 0.8999999762
48224  21.150  -32.525  -27.481 0.8000000119
48215  21.954  -32.502  -26.551 0.6999999881
49118  20.924  -31.775  -27.607 0.8000000119
47325  22.862  -33.508  -24.437 0.6999999881
49087  18.263  -31.964  -24.609 0.8000000119
49072  22.985  -32.179  -24.288 0.5000000000
163479  22.469  -33.209  -25.007 0.6000000238
49086  22.716  -31.983  -24.848 0.6000000238
48205  22.273  -32.571  -25.479 0.6999999881
49108  19.754  -31.763  -27.232 0.8000000119
49096  22.471  -31.728  -25.414 0.6000000238
49097  22.151  -31.785  -26.089 0.6000000238
49117  21.409  -31.798  -27.438 0.6999999881
49995  21.124  -31.182  -27.690 0.8000000119
49119  20.420  -32.125  -27.506 0.8000000119
50828  22.023  -30.476  -27.228 0.6000000238
49961  18.160  -30.703  -25.373 0.8000000119
151539  18.858  -30.606  -26.289 0.8000000119
169405  19.206  -31.370  -26.563 0.8999999762
49085  23.261  -31.554  -24.476 0.6000000238
147915  20.853  -30.612  -27.870 0.8000000119
170286  20.260  -30.665  -27.639 0.8000000119
50829  19.642  -30.170  -26.996 0.8000000119
151259  21.481  -30.515  -27.763 0.6000000238
51756  18.477  -29.277  -25.469 0.8000000119
162177  18.852  -29.621  -26.263 0.8000000119
49947  22.923  -31.284  -25.136 0.6000000238
49960  22.516  -31.127  -25.820 0.6000000238
50848  20.403  -29.973  -27.654 0.8000000119
49978  22.514  -30.463  -26.399 0.6000000238
150564  20.522  -29.269  -27.682 0.6999999881
51768  19.629  -29.207  -26.982 0.8000000119
51784  22.396  -29.346  -27.868 0.6000000238
50847  21.313  -29.840  -28.086 0.6000000238
51786  21.119  -28.878  -28.051 0.6999999881
51755  23.081  -29.872  -26.194 0.6000000238
50845  22.457  -29.852  -27.149 0.6000000238
53795  20.042  -27.503  -25.451 0.8000000119
51769  18.882  -28.782  -26.185 0.8000000119
49946  23.555  -30.848  -24.856 0.6000000238
157376  18.824  -28.643  -25.643 0.8000000119
49945  24.157  -30.514  -24.553 0.5000000000
52841  19.965  -27.464  -27.402 0.8000000119
161758  19.358  -28.377  -26.672 0.8000000119
50811  23.831  -30.019  -25.250 0.6000000238
49959  23.084  -30.591  -25.598 0.6000000238
52840  20.655  -27.902  -27.996 0.6000000238
51753  24.563  -29.342  -25.200 0.5000000000
51767  22.936  -29.184  -26.852 0.6000000238
51785  21.946  -29.251  -28.182 0.6000000238
174434  23.408  -28.888  -26.520 0.6000000238
52825  22.687  -28.789  -27.522 0.6000000238
52838  22.291  -28.771  -28.109 0.6000000238
53854  22.079  -27.984  -28.016 0.6000000238
54900  20.365  -26.890  -25.770 0.8000000119
53833  19.591  -27.699  -26.409 0.8000000119
54887  21.158  -26.643  -25.403 0.8000000119
54899  21.514  -26.003  -25.735 0.6999999881
54910  20.024  -26.739  -26.626 0.6999999881
51754  23.728  -29.241  -25.996 0.6000000238
53855  21.206  -27.364  -28.198 0.6000000238
54931  20.716  -26.410  -28.114 0.6000000238
158624  23.855  -28.598  -26.357 0.5000000000
54930  21.435  -26.609  -28.336 0.6000000238
53830  23.857  -27.995  -26.879 0.5000000000
53831  22.746  -28.177  -27.662 0.6000000238
147825  22.519  -27.432  -27.967 0.6000000238
53852  24.890  -26.802  -27.194 0.5000000000
55997  22.531  -25.254  -25.806 0.6999999881
55999  21.170  -25.507  -26.429 0.6000000238
56008  20.744  -25.647  -27.541 0.6000000238
172030  20.636  -25.844  -26.815 0.6000000238
57072  21.180  -25.237  -27.959 0.6000000238
57060  21.301  -25.039  -27.087 0.6000000238
154810  23.995  -26.641  -27.481 0.5000000000
146757  23.097  -26.710  -28.036 0.6000000238
56018  22.673  -25.840  -28.418 0.6000000238
54929  22.194  -26.687  -28.312 0.6000000238
54949  21.100  -25.876  -28.301 0.6000000238
57059  21.608  -24.828  -27.548 0.6000000238
54928  23.751  -25.976  -28.019 0.6000000238
56017  23.463  -25.481  -28.469 0.6000000238
54927  24.586  -26.205  -27.859 0.5000000000
54947  25.028  -26.260  -28.901 0.4000000060
56037  24.853  -26.095  -31.149 0.5000000000
55998  21.810  -25.451  -25.935 0.6000000238
57038  22.367  -24.741  -26.457 0.6000000238
56028  22.726  -25.191  -28.480 0.6000000238
57071  21.594  -25.063  -28.180 0.6000000238
57048  22.151  -24.484  -27.154 0.6000000238
57069  23.016  -24.581  -29.077 0.6000000238
56016  24.233  -25.762  -28.483 0.5000000000
56038  23.767  -25.338  -29.511 0.6000000238
57080  24.325  -25.411  -31.203 0.5000000000
56036  25.667  -26.449  -31.622 0.4000000060
56047  25.054  -25.871  -31.633 0.4000000060
57070  22.502  -24.176  -28.839 0.6000000238
58120  22.629  -23.985  -27.458 0.5000000000
58119  23.424  -23.798  -26.871 0.5000000000
167211  23.651  -24.206  -26.254 0.5000000000
159807  22.201  -24.883  -28.420 0.6000000238
58131  22.690  -23.644  -28.413 0.5000000000
57081  23.610  -24.728  -30.310 0.6000000238
57088  24.024  -24.819  -31.323 0.5000000000
57087  24.538  -25.058  -31.526 0.4000000060
57046  24.339  -23.768  -26.371 0.4000000060
58145  22.845  -23.400  -29.417 0.6000000238
59294  22.790  -22.610  -29.485 0.5000000000
148570  23.741  -23.410  -31.290 0.4000000060
58152  23.470  -23.992  -30.562 0.6000000238
58153  23.027  -22.977  -30.281 0.6000000238
60410  22.881  -22.001  -29.096 0.4000000060
147222  24.249  -23.667  -31.864 0.4000000060
59300  24.051  -22.791  -31.708 0.4000000060
60396  23.136  -21.589  -28.682 0.4000000060
59301  23.263  -22.514  -30.930 0.4000000060
60424  22.823  -22.117  -29.929 0.4000000060
59293  25.306  -23.308  -31.002 0.4000000060
60423  23.087  -21.664  -30.494 0.4000000060
59264  25.467  -22.748  -26.521 0.4000000060
60383  24.399  -21.962  -27.882 0.4000000060
60409  22.959  -21.287  -29.451 0.4000000060
60422  24.481  -22.311  -32.001 0.4000000060
60435  23.994  -22.007  -31.719 0.4000000060
61528  23.569  -21.429  -31.163 0.4000000060
61514  23.283  -21.035  -30.237 0.4000000060
59276  25.001  -22.326  -27.166 0.4000000060
60382  25.210  -21.618  -27.681 0.4000000060
169976  23.690  -21.584  -28.431 0.4000000060
60434  24.139  -21.387  -31.953 0.3000000119
61496  23.443  -20.706  -29.693 0.4000000060
61479  23.423  -21.115  -28.910 0.4000000060
61469  25.715  -21.118  -27.851 0.4000000060
60395  24.328  -21.355  -28.433 0.4000000060
35061  19.999  -44.310  -27.080 0.8000000119
36035  18.023  -43.235  -25.591 0.8999999762
36017  18.009  -43.325  -24.614 0.8999999762
36026  17.435  -43.192  -24.922 0.8999999762
35045  16.687  -44.271  -24.439 0.8999999762
33955  21.986  -46.375  -18.953 0.8999999762
34954  22.224  -45.706  -18.710 1.0000000000
33953  22.908  -45.812  -18.242 1.0000000000
34036  20.129  -46.209  -23.771 0.8999999762
33086  21.945  -46.908  -21.992 0.8999999762
33998  22.015  -46.254  -21.455 0.8999999762
34972  22.063  -45.136  -20.025 1.0000000000
35035  19.858  -45.321  -23.990 0.8999999762
34016  21.853  -46.141  -22.298 0.8999999762
35022  21.735  -45.401  -22.637 0.8999999762
160433  22.008  -45.867  -20.088 1.0000000000
35042  19.490  -44.235  -24.345 0.8999999762
35997  21.664  -44.632  -23.038 0.8999999762
58130  23.162  -23.405  -27.639 0.4000000060
59279  23.083  -22.936  -28.259 0.4000000060
59266  23.953  -23.266  -27.119 0.4000000060
58118  25.183  -23.449  -26.177 0.4000000060
164568  23.783  -53.736  -14.839 0.8999999762
29298  22.217  -50.874  -16.712 1.0000000000
28392  20.146  -51.658  -21.857 0.8000000119
28206  21.847  -52.772  -12.661 0.8999999762
28267  24.223  -52.024  -15.431 1.0000000000
29381  20.506  -50.991  -22.168 0.8000000119
30162  24.741  -50.261  -11.808 0.8999999762
31225  21.912  -48.909  -19.458 0.8999999762
156249  21.452  -49.562  -21.548 0.8000000119
31283  20.652  -48.777  -23.893 0.8000000119
148484  19.513  -47.883  -24.145 0.8000000119
155794  23.417  -48.319  -15.303 1.0000000000
170580  21.141  -47.982  -23.286 0.8999999762
32225  19.167  -47.009  -23.950 0.8000000119
34047  18.136  -45.231  -24.018 0.8999999762
34048  17.258  -45.226  -24.148 0.8000000119
160150  21.964  -47.660  -18.970 0.8999999762
34035  20.656  -45.782  -23.685 0.8999999762
31099  23.107  -48.869  -9.972 0.8999999762
32931  22.099  -47.452  -9.871 1.0000000000
35848  19.548  -44.073  -13.471 0.6000000238
37908  18.106  -42.683  -15.683 0.4000000060
36878  18.871  -43.309  -14.868 0.4000000060
33039  23.409  -47.306  -17.449 1.0000000000
157043  22.023  -45.742  -19.367 0.8999999762
35070  20.108  -45.151  -27.352 0.6999999881
39048  22.316  -41.927  -28.574 0.8000000119
33816  24.593  -46.779  -9.579 0.8999999762
36016  18.874  -43.038  -24.914 0.8999999762
37054  23.506  -43.920  -27.459 0.6000000238
37056  18.769  -42.657  -26.074 0.8999999762
35809  20.741  -44.702  -9.954 0.6999999881
37907  18.718  -42.728  -15.185 0.4000000060
35034  20.458  -44.935  -24.012 0.8999999762
39039  19.652  -41.350  -27.195 0.8999999762
39969  20.228  -41.196  -27.903 0.8999999762
39026  23.656  -41.916  -26.427 0.6999999881
157754  23.743  -40.503  -26.925 0.6999999881
34790  22.356  -44.895  -7.954 0.8000000119
34811  25.066  -45.807  -10.081 0.8999999762
36934  23.423  -43.568  -18.781 1.0000000000
168081  21.962  -45.405  -21.745 0.8999999762
37018  21.875  -43.844  -23.021 0.8999999762
36007  21.583  -44.096  -23.661 0.8999999762
36008  21.055  -44.516  -23.853 0.8999999762
39027  19.240  -41.501  -26.281 0.8999999762
35819  25.777  -44.798  -10.900 0.8000000119
144548  18.757  -42.280  -11.291 0.5000000000
150357  26.237  -44.412  -13.763 1.0000000000
39953  19.318  -41.175  -25.981 0.8999999762
37857  26.195  -42.833  -12.041 0.6999999881
37897  26.336  -42.141  -14.454 0.8000000119
172353  26.219  -42.882  -14.477 0.8999999762
157259  25.776  -42.889  -15.244 0.8999999762
154020  23.686  -38.756  -26.477 0.6999999881
40939  20.344  -39.785  -28.473 0.8999999762
42731  23.666  -38.332  -29.233 0.8000000119
38803  19.505  -42.588  -10.267 0.6000000238
36827  24.621  -44.133  -12.021 0.8000000119
37861  22.012  -42.593  -11.540 0.6000000238
157475  26.839  -40.650  -14.203 0.6999999881
39806  26.571  -40.158  -15.489 0.6999999881
38927  23.537  -41.731  -19.117 1.0000000000
169939  21.815  -40.679  -24.301 1.0000000000
41835  20.368  -38.977  -28.396 0.8999999762
152776  21.202  -41.894  -12.070 0.6000000238
39749  19.473  -41.825  -11.027 0.5000000000
39807  27.192  -39.738  -13.916 0.6999999881
160624  24.013  -41.081  -19.010 0.8999999762
39762  21.076  -41.494  -12.558 0.5000000000
40793  27.629  -38.153  -14.936 0.6999999881
40809  26.254  -39.341  -17.160 0.8000000119
42725  19.978  -37.757  -27.523 0.8999999762
39786  24.435  -39.884  -13.372 0.6000000238
40729  22.884  -39.170  -13.463 0.5000000000
40774  26.661  -38.382  -12.060 0.6999999881
41753  22.074  -39.056  -21.714 0.8999999762
40752  23.652  -38.173  -13.220 0.5000000000
40775  25.918  -36.533  -12.590 0.6999999881
149251  24.917  -37.024  -18.697 0.6999999881
44499  22.211  -36.175  -20.308 0.8000000119
147860  21.997  -37.741  -22.364 0.8999999762
46482  22.781  -34.706  -26.578 0.8000000119
46495  21.957  -34.257  -27.638 0.8000000119
45445  25.464  -33.937  -18.690 0.6999999881
45468  23.156  -35.027  -19.453 0.6999999881
46417  21.494  -34.305  -22.258 0.8000000119
161878  19.689  -34.512  -27.060 0.8999999762
45457  24.483  -34.196  -19.153 0.6999999881
48197  18.696  -32.697  -24.772 0.8999999762
47290  23.745  -33.437  -19.403 0.6000000238
49107  21.792  -31.781  -26.929 0.6999999881
49981  18.552  -31.406  -25.806 0.8999999762
50846  21.985  -29.895  -27.896 0.6000000238
52839  21.681  -28.428  -28.195 0.6000000238
53832  19.721  -27.274  -26.851 0.6999999881
174356  23.295  -28.097  -27.335 0.6000000238
56029  21.922  -25.403  -28.405 0.6000000238
53853  23.370  -27.542  -27.597 0.6000000238
57058  22.162  -24.542  -28.006 0.6000000238
59265  24.725  -23.026  -26.761 0.4000000060
60384  23.676  -22.204  -28.153 0.4000000060
60374  25.736  -22.072  -26.895 0.4000000060
61513  23.769  -20.653  -30.915 0.4000000060
35043  18.721  -44.608  -24.118 0.8999999762
162820  16.508  -60.205  -18.920 0.4000000060
20195  16.099  -59.726  -17.596 0.4000000060
144926  15.131  -59.081  -16.903 0.4000000060
21033  17.595  -58.770  -19.411 0.4000000060
20989  16.802  -58.529  -17.447 0.4000000060
21853  15.825  -58.024  -17.015 0.4000000060
144106  17.982  -57.940  -20.076 0.3000000119
152254  17.369  -58.592  -18.025 0.4000000060
22702  18.106  -57.096  -20.724 0.4000000060
24393  18.309  -55.941  -21.247 0.4000000060
24403  18.213  -54.800  -21.819 0.4000000060
25420  18.003  -53.766  -22.622 0.4000000060
21852  16.536  -57.961  -17.215 0.5000000000
22646  16.169  -57.367  -17.083 0.4000000060
22686  18.438  -57.645  -19.045 0.4000000060
21870  17.721  -58.000  -17.975 0.4000000060
145513  19.077  -56.389  -20.348 0.5000000000
23538  18.968  -55.920  -20.867 0.4000000060
25386  18.963  -54.553  -21.463 0.4000000060
26349  18.547  -53.437  -22.303 0.5000000000
27389  18.866  -52.700  -23.065 0.5000000000
27410  18.675  -52.704  -23.720 0.6000000238
27429  18.474  -52.689  -24.575 0.5000000000
28450  18.758  -52.076  -25.063 0.6000000238
165870  18.289  -51.078  -25.783 0.4000000060
22645  17.270  -56.831  -17.193 0.5000000000
147259  16.642  -56.734  -17.105 0.5000000000
22636  15.017  -56.892  -16.728 0.5000000000
152754  14.052  -56.083  -16.611 0.5000000000
150299  18.715  -57.125  -18.523 0.6000000238
22666  17.689  -57.358  -17.537 0.6000000238
144104  19.434  -56.380  -19.240 0.5000000000
167617  19.832  -55.773  -18.779 0.6000000238
144102  19.498  -56.150  -19.926 0.5000000000
23531  19.467  -55.764  -20.429 0.5000000000
25385  19.509  -53.990  -21.312 0.4000000060
25400  18.923  -53.729  -21.772 0.6000000238
27388  19.250  -52.408  -22.718 0.6000000238
27409  19.178  -52.249  -23.478 0.6000000238
28432  19.531  -51.610  -23.987 0.6000000238
29452  19.174  -50.505  -25.108 0.6000000238
30395  18.666  -49.814  -25.294 0.6000000238
28449  19.194  -51.682  -24.694 0.6000000238
29453  18.515  -50.543  -25.603 0.6000000238
30396  17.853  -50.089  -25.861 0.6000000238
31310  16.079  -49.239  -25.889 0.6000000238
23484  17.240  -56.122  -17.072 0.5000000000
23485  16.442  -56.015  -17.042 0.5000000000
23477  15.714  -55.784  -16.984 0.5000000000
175672  15.127  -55.590  -16.861 0.5000000000
23502  19.118  -55.889  -17.758 0.6000000238
23503  18.502  -56.215  -17.513 0.6000000238
144101  19.867  -55.761  -19.511 0.6000000238
144099  20.008  -55.233  -18.404 0.6000000238
25370  20.365  -54.582  -20.035 0.5000000000
171002  20.163  -55.239  -19.034 0.6000000238
25384  20.115  -54.230  -20.727 0.6000000238
169886  19.704  -52.879  -21.463 0.6000000238
28431  20.022  -51.191  -23.414 0.6000000238
31309  17.604  -49.320  -25.467 0.6000000238
32239  16.785  -48.294  -25.266 0.6999999881
147307  16.973  -54.885  -16.814 0.6000000238
24344  15.509  -54.960  -16.810 0.5000000000
24345  14.692  -55.141  -16.750 0.5000000000
24357  19.323  -55.204  -17.549 0.6000000238
23482  18.676  -55.500  -17.296 0.6000000238
24341  18.196  -55.062  -16.992 0.6000000238
25334  15.591  -54.035  -16.593 0.5000000000
26282  14.953  -53.518  -16.652 0.5000000000
25343  19.571  -54.494  -17.332 0.6000000238
154282  20.544  -54.020  -20.200 0.6000000238
25331  18.422  -54.323  -16.836 0.6000000238
25332  17.690  -54.582  -16.788 0.6000000238
25318  17.074  -54.087  -16.686 0.6000000238
25330  19.118  -54.096  -16.943 0.6000000238
26264  18.539  -53.081  -16.374 0.6000000238
26266  17.169  -53.178  -16.549 0.6000000238
26281  15.718  -53.263  -16.572 0.6000000238
153085  15.279  -52.890  -16.611 0.6000000238
26279  19.913  -53.119  -16.482 0.6000000238
27286  14.112  -52.848  -17.015 0.5000000000
25342  20.273  -54.040  -17.564 0.6000000238
28291  14.453  -52.230  -16.978 0.6000000238
32228  16.588  -47.006  -25.003 0.6999999881
25316  18.765  -53.641  -16.615 0.6000000238
27266  17.598  -52.473  -16.272 0.6000000238
164499  20.837  -52.115  -15.931 0.6000000238
27282  20.745  -52.179  -15.871 0.6000000238
158288  18.989  -52.542  -15.941 0.6000000238
27267  16.887  -52.428  -16.359 0.6000000238
27284  15.229  -52.230  -16.683 0.6000000238
26292  20.537  -53.090  -16.806 0.6000000238
28288  15.960  -51.966  -16.491 0.6000000238
144593  21.182  -52.454  -16.597 0.6000000238
164688  21.108  -53.406  -18.201 0.6000000238
33141  16.231  -45.842  -24.907 0.6999999881
34056  16.043  -45.281  -25.161 0.6999999881
164772  21.133  -52.566  -15.990 0.6000000238
165520  19.381  -52.046  -15.680 0.6999999881
28270  18.050  -51.870  -15.938 0.6999999881
164566  21.146  -52.125  -16.102 0.6000000238
35054  16.790  -43.836  -24.825 0.6999999881
164729  20.892  -51.506  -15.382 0.6999999881
144465  21.015  -54.262  -15.342 0.6999999881
144482  20.992  -53.570  -14.622 0.6999999881
28249  20.105  -51.032  -15.272 0.6999999881
29263  19.370  -50.922  -15.355 0.6999999881
28271  17.316  -51.821  -16.134 0.6000000238
159135  17.781  -51.163  -15.875 0.6999999881
166409  18.273  -50.466  -15.665 0.6000000238
29266  17.008  -51.068  -16.246 0.5000000000
35062  19.086  -44.273  -26.666 0.8000000119
164498  21.288  -54.002  -13.521 0.6999999881
28225  21.163  -52.635  -14.209 0.6999999881
29232  21.239  -50.450  -14.433 0.6999999881
158493  19.935  -50.382  -15.097 0.6999999881
153788  16.122  -50.116  -16.884 0.5000000000
29233  20.282  -49.637  -14.845 0.6999999881
30217  18.680  -49.746  -15.468 0.6000000238
30218  17.351  -49.762  -16.256 0.6000000238
49073  19.397  -32.063  -23.582 0.6999999881
169869  21.891  -34.321  -21.114 0.6999999881
46416  21.816  -34.652  -21.649 0.6999999881
48180  20.705  -32.738  -22.933 0.6999999881
162620  21.866  -33.764  -20.773 0.6000000238
154332  21.577  -33.263  -21.097 0.6000000238
49058  20.189  -32.025  -22.993 0.6999999881
49059  19.153  -31.463  -23.350 0.6999999881
49074  18.598  -32.036  -24.055 0.6999999881
49931  18.095  -31.464  -24.264 0.6999999881
48168  21.059  -32.388  -21.633 0.6000000238
48179  21.010  -32.890  -22.270 0.6999999881
155980  19.853  -31.377  -22.895 0.6999999881
49039  21.795  -32.364  -20.508 0.6000000238
49920  18.874  -30.782  -23.519 0.6999999881
166896  18.519  -30.329  -23.906 0.6999999881
51737  18.708  -28.796  -25.012 0.6999999881
49040  21.364  -31.924  -20.973 0.6000000238
172047  21.140  -31.467  -21.214 0.6000000238
50783  20.938  -30.432  -21.970 0.6000000238
49913  20.210  -30.788  -22.513 0.6999999881
49919  19.517  -30.934  -23.087 0.6999999881
51724  19.279  -29.646  -23.634 0.6999999881
51729  19.009  -29.070  -24.210 0.6999999881
52781  19.321  -28.487  -24.735 0.6999999881
49909  21.765  -31.419  -20.705 0.6000000238
146054  21.655  -30.797  -21.271 0.6000000238
151102  21.742  -29.344  -22.802 0.6000000238
166423  21.246  -29.030  -23.329 0.5000000000
51728  20.497  -29.003  -23.637 0.6999999881
52787  21.500  -27.825  -24.327 0.6999999881
53794  20.801  -27.364  -24.965 0.6999999881
60407  26.724  -22.019  -29.864 0.3000000119
60408  25.946  -22.623  -30.198 0.3000000119
59299  24.593  -23.165  -31.818 0.3000000119
19444  16.373  -60.083  -18.255 0.4000000060
19432  15.338  -59.859  -17.230 0.3000000119
20197  14.063  -59.780  -16.634 0.4000000060
20238  16.778  -59.500  -20.136 0.3000000119
20182  14.377  -58.972  -16.489 0.4000000060
22703  17.295  -57.153  -21.138 0.4000000060
21843  14.371  -58.266  -16.253 0.4000000060
158086  17.560  -55.794  -21.621 0.4000000060
24404  17.412  -55.037  -22.036 0.4000000060
25421  17.424  -54.163  -22.896 0.4000000060
26371  17.757  -53.650  -23.366 0.5000000000
27443  18.100  -52.514  -25.498 0.4000000060
22637  14.043  -57.241  -16.336 0.4000000060
30413  17.125  -50.403  -26.344 0.5000000000
144891  13.518  -55.885  -16.788 0.5000000000
31311  15.537  -48.464  -25.893 0.6000000238
24347  13.474  -55.106  -16.945 0.5000000000
25336  14.113  -54.689  -16.805 0.5000000000
25337  13.456  -54.202  -17.089 0.5000000000
33154  15.498  -47.101  -25.962 0.6000000238
26284  13.805  -53.431  -17.051 0.5000000000
27302  13.142  -52.553  -17.586 0.4000000060
34057  15.777  -46.318  -25.832 0.6999999881
28289  15.563  -51.450  -16.705 0.5000000000
34063  16.916  -45.213  -26.314 0.6999999881
29283  15.854  -50.701  -16.790 0.5000000000
35072  17.957  -45.050  -26.841 0.8000000119
35071  19.050  -45.110  -27.137 0.6999999881
30247  15.551  -50.075  -17.277 0.5000000000
31193  17.110  -49.119  -16.504 0.6000000238
41686  26.969  -35.282  -12.520 0.6000000238
41710  26.974  -34.479  -13.238 0.6000000238
49036  22.038  -32.328  -20.335 0.6000000238
50781  22.536  -29.736  -22.097 0.5000000000
51721  22.856  -29.125  -22.577 0.5000000000
51727  21.969  -28.801  -23.268 0.5000000000
53783  23.015  -27.336  -24.102 0.5000000000
173534  23.114  -26.840  -24.461 0.5000000000
55988  23.035  -25.829  -25.166 0.5000000000
61495  27.687  -21.574  -29.806 0.3000000119
173585  25.437  -21.783  -31.865 0.3000000119
144510  21.436  -52.598  -17.399 0.6000000238
144097  20.754  -53.949  -18.070 0.6000000238
25369  20.765  -54.101  -19.570 0.6000000238
31298  18.180  -48.600  -24.838 0.6999999881
32227  17.655  -47.653  -24.652 0.6999999881
34049  16.430  -45.003  -24.628 0.6999999881
47297  21.624  -33.844  -21.566 0.6999999881
50813  18.184  -30.055  -25.007 0.6999999881
54886  21.983  -26.491  -25.129 0.6000000238
60421  25.243  -22.419  -31.546 0.3000000119
35063  16.991  -44.179  -25.593 0.8000000119
49057  20.749  -32.197  -22.329 0.6999999881
20218  17.130  -59.200  -18.339 0.4000000060
21021  18.056  -58.111  -19.515 0.4000000060
144108  17.397  -58.331  -20.436 0.3000000119
144105  19.073  -56.782  -19.824 0.5000000000
22648  14.588  -57.527  -16.361 0.5000000000
26393  17.533  -53.642  -24.205 0.3000000119
28471  17.703  -51.263  -26.225 0.4000000060
23487  13.652  -56.690  -16.566 0.5000000000
161484  17.016  -50.320  -16.372 0.6000000238
50787  19.582  -30.274  -23.160 0.6999999881
51738  18.430  -29.477  -24.660 0.6999999881
49046  20.855  -31.699  -21.614 0.6999999881
49912  20.935  -31.116  -21.643 0.6000000238
49047  20.410  -31.462  -22.245 0.6999999881
51722  20.858  -29.460  -23.010 0.6999999881
50782  21.935  -30.261  -21.708 0.6000000238
50785  21.341  -29.866  -22.385 0.5000000000
51723  20.031  -29.581  -23.267 0.6999999881
172726  20.490  -28.511  -24.104 0.6999999881
52788  20.748  -28.062  -24.440 0.6999999881
158046  21.230  -28.501  -23.838 0.5000000000
53784  22.304  -27.599  -24.215 0.5000000000
53791  23.495  -26.407  -24.661 0.5000000000
53793  21.721  -27.155  -24.764 0.6999999881
51718  23.737  -30.143  -21.314 0.5000000000
52773  23.502  -28.154  -23.148 0.5000000000
52777  23.524  -27.601  -23.645 0.5000000000
54885  24.371  -26.415  -24.390 0.5000000000
34073  18.780  -45.858  -27.558 0.6000000238
35080  23.302  -45.098  -28.897 0.5000000000
34071  20.977  -45.897  -27.838 0.6000000238
35069  21.297  -45.055  -27.800 0.6000000238
36023  23.374  -44.577  -25.789 0.5000000000
36032  23.478  -44.511  -28.093 0.5000000000
36053  23.187  -44.540  -28.783 0.6000000238
170350  17.222  -47.296  -16.338 0.5000000000
36043  22.103  -44.403  -28.286 0.6000000238
37035  23.658  -43.646  -24.703 0.5000000000
37045  23.428  -43.963  -26.265 0.5000000000
38038  23.912  -42.962  -24.082 0.5000000000
33914  17.697  -46.440  -15.829 0.4000000060
33921  16.922  -46.108  -16.500 0.4000000060
34925  16.665  -45.535  -16.835 0.4000000060
37044  23.522  -43.351  -25.627 0.5000000000
38037  24.328  -43.045  -23.363 0.5000000000
160949  16.831  -44.811  -16.690 0.4000000060
39923  24.926  -41.150  -23.061 0.5000000000
174248  24.242  -41.835  -23.654 0.5000000000
35897  17.013  -44.063  -16.614 0.4000000060
37864  18.731  -42.448  -12.565 0.4000000060
38846  19.556  -42.073  -14.077 0.4000000060
38857  19.036  -41.723  -14.972 0.4000000060
38858  18.330  -41.430  -15.435 0.3000000119
145988  21.799  -39.380  -13.669 0.4000000060
41641  21.063  -39.950  -13.913 0.4000000060
39750  18.976  -41.970  -11.212 0.4000000060
144147  17.865  -41.781  -11.979 0.4000000060
41664  21.059  -38.918  -13.882 0.4000000060
147645  19.351  -41.528  -12.926 0.4000000060
150412  19.816  -41.771  -14.059 0.4000000060
41643  19.975  -39.623  -14.308 0.4000000060
145879  20.098  -41.640  -13.728 0.4000000060
39794  19.578  -41.537  -14.582 0.4000000060
39795  18.908  -41.033  -15.000 0.4000000060
39763  20.206  -41.712  -12.211 0.4000000060
40704  20.834  -40.775  -13.886 0.4000000060
40687  20.179  -41.716  -13.084 0.4000000060
162278  21.891  -38.455  -13.609 0.4000000060
42565  20.767  -37.986  -13.907 0.4000000060
42552  20.319  -38.790  -14.091 0.4000000060
40705  20.417  -40.918  -14.050 0.4000000060
42566  19.570  -38.442  -14.279 0.4000000060
172890  19.196  -37.904  -14.390 0.4000000060
40754  19.535  -40.780  -14.665 0.4000000060
43472  18.883  -37.501  -14.520 0.4000000060
43479  18.257  -37.696  -14.915 0.4000000060
40755  18.646  -40.204  -14.980 0.4000000060
165089  24.045  -39.033  -13.191 0.4000000060
42572  21.669  -37.804  -13.634 0.4000000060
43470  21.125  -37.300  -13.722 0.4000000060
43471  20.492  -37.276  -13.864 0.4000000060
40751  25.225  -37.864  -12.710 0.5000000000
172412  24.128  -37.145  -13.069 0.4000000060
40753  23.368  -37.653  -13.324 0.4000000060
43489  22.295  -36.175  -13.384 0.4000000060
44445  20.663  -35.727  -13.633 0.4000000060
165070  20.063  -35.955  -13.825 0.4000000060
161221  19.663  -37.375  -14.114 0.4000000060
44440  19.200  -36.755  -14.371 0.4000000060
45412  18.938  -36.121  -14.521 0.4000000060
43473  18.473  -36.892  -14.813 0.4000000060
42599  26.561  -33.912  -13.665 0.5000000000
41696  24.993  -35.455  -13.269 0.5000000000
42588  23.817  -36.136  -13.279 0.5000000000
148122  23.093  -35.907  -13.337 0.4000000060
44451  22.207  -35.152  -13.313 0.4000000060
44460  21.808  -34.300  -13.526 0.4000000060
44452  21.044  -34.896  -13.414 0.4000000060
45411  19.568  -35.940  -14.066 0.4000000060
43513  24.383  -33.889  -13.572 0.5000000000
45433  22.525  -33.878  -14.497 0.4000000060
45434  21.208  -33.421  -14.008 0.4000000060
45425  20.446  -34.269  -13.626 0.4000000060
45440  22.788  -33.143  -15.949 0.4000000060
46364  21.744  -33.481  -15.564 0.4000000060
48138  19.933  -33.066  -15.204 0.4000000060
46386  22.503  -33.399  -17.378 0.4000000060
49023  21.745  -32.392  -17.411 0.4000000060
49894  21.433  -31.575  -17.292 0.4000000060
49024  20.636  -32.015  -16.814 0.4000000060
50766  20.443  -30.776  -16.007 0.4000000060
44481  25.274  -33.531  -16.784 0.5000000000
46385  23.388  -33.917  -18.510 0.5000000000
165894  22.450  -33.238  -18.524 0.4000000060
50765  21.338  -30.550  -17.707 0.4000000060
51697  20.657  -29.733  -16.534 0.4000000060
52732  20.465  -27.948  -15.719 0.3000000119
45446  25.540  -33.446  -18.620 0.5000000000
46374  22.259  -33.950  -16.933 0.5000000000
46375  21.297  -33.196  -16.036 0.4000000060
48137  21.063  -33.036  -16.099 0.4000000060
49017  19.909  -32.345  -15.740 0.4000000060
47284  21.898  -33.147  -16.961 0.4000000060
49886  20.567  -31.652  -15.908 0.4000000060
165503  23.446  -33.380  -19.380 0.5000000000
48145  22.705  -32.805  -19.079 0.5000000000
51696  21.509  -29.442  -17.763 0.4000000060
52748  21.003  -28.582  -16.345 0.3000000119
146877  23.978  -32.919  -19.464 0.5000000000
49902  22.144  -31.698  -18.863 0.4000000060
51705  22.913  -29.491  -18.013 0.4000000060
52747  22.116  -28.408  -16.735 0.4000000060
53728  21.011  -27.056  -16.417 0.3000000119
52714  20.258  -27.385  -16.342 0.3000000119
49901  23.869  -32.476  -19.186 0.5000000000
49037  24.218  -32.836  -19.408 0.4000000060
170452  23.940  -31.809  -19.710 0.5000000000
51711  24.939  -30.067  -17.721 0.3000000119
53747  22.558  -27.114  -15.523 0.3000000119
158730  21.618  -26.427  -16.741 0.3000000119
54803  20.197  -26.422  -17.245 0.3000000119
55899  19.711  -25.711  -17.762 0.3000000119
50771  23.427  -31.552  -19.919 0.3000000119
50777  25.114  -31.863  -19.073 0.4000000060
51713  24.574  -30.903  -20.237 0.4000000060
49906  22.304  -32.135  -20.223 0.4000000060
156270  22.620  -30.666  -21.093 0.4000000060
52754  23.803  -28.226  -17.000 0.3000000119
148188  22.382  -25.721  -17.026 0.3000000119
54820  20.984  -25.869  -17.529 0.3000000119
55900  19.178  -25.289  -18.306 0.3000000119
55888  18.804  -25.555  -17.895 0.3000000119
55914  20.394  -25.295  -18.193 0.3000000119
56946  18.498  -24.972  -19.409 0.3000000119
51710  25.399  -31.430  -18.780 0.3000000119
162982  25.897  -30.060  -20.306 0.3000000119
51717  23.860  -29.505  -21.861 0.4000000060
51716  23.850  -29.028  -22.258 0.4000000060
51720  24.227  -28.123  -22.808 0.4000000060
52778  22.872  -27.927  -23.692 0.4000000060
55901  18.379  -25.287  -18.745 0.3000000119
52762  26.856  -28.039  -18.024 0.3000000119
52759  25.816  -28.660  -16.646 0.3000000119
52758  26.692  -30.205  -18.563 0.3000000119
52761  27.111  -28.781  -19.911 0.3000000119
52770  25.651  -29.367  -21.202 0.3000000119
52769  25.109  -29.033  -21.863 0.4000000060
53773  25.578  -28.054  -22.172 0.3000000119
52768  24.687  -28.494  -22.339 0.4000000060
52767  24.691  -28.258  -22.439 0.4000000060
52772  24.403  -27.730  -23.020 0.4000000060
52776  24.575  -27.418  -23.288 0.4000000060
54871  25.755  -26.659  -23.567 0.4000000060
54872  24.540  -27.011  -23.771 0.4000000060
53782  23.739  -27.007  -24.085 0.4000000060
53772  25.126  -28.013  -22.308 0.3000000119
157985  26.064  -27.577  -22.371 0.3000000119
52764  25.913  -27.076  -23.074 0.4000000060
54865  26.091  -26.917  -23.158 0.4000000060
148149  25.145  -26.596  -23.925 0.4000000060
57019  26.668  -25.196  -24.021 0.4000000060
55985  25.318  -25.515  -24.565 0.4000000060
55995  24.047  -25.171  -25.270 0.4000000060
55996  23.358  -25.367  -25.417 0.5000000000
54859  26.521  -27.211  -22.159 0.3000000119
54858  26.955  -27.843  -21.629 0.3000000119
54857  27.111  -27.173  -22.175 0.3000000119
54856  27.581  -26.299  -22.432 0.4000000060
55963  27.508  -25.674  -23.017 0.4000000060
57006  27.958  -25.095  -23.081 0.4000000060
170342  26.342  -25.742  -23.871 0.4000000060
57018  27.327  -25.155  -23.596 0.3000000119
57026  26.342  -24.702  -24.572 0.4000000060
57035  25.242  -24.442  -25.377 0.3000000119
57036  24.339  -24.481  -25.704 0.3000000119
57037  23.296  -24.755  -25.899 0.4000000060
58112  24.938  -24.000  -25.828 0.3000000119
55954  26.212  -27.082  -20.445 0.3000000119
56993  28.415  -27.400  -20.156 0.3000000119
149904  28.403  -25.954  -21.817 0.3000000119
173729  28.563  -25.497  -21.964 0.3000000119
56992  28.621  -24.956  -22.300 0.3000000119
57017  28.265  -24.431  -23.277 0.3000000119
58094  27.838  -24.055  -23.964 0.3000000119
58102  26.652  -23.992  -24.824 0.3000000119
57034  25.964  -24.256  -25.112 0.3000000119
58111  25.591  -23.832  -25.633 0.3000000119
58109  26.921  -23.280  -25.139 0.3000000119
56977  27.639  -26.026  -18.606 0.3000000119
55947  28.846  -26.310  -20.804 0.3000000119
57005  29.043  -24.373  -21.955 0.3000000119
58082  28.821  -24.052  -22.783 0.3000000119
58093  28.477  -23.704  -23.624 0.3000000119
58101  27.367  -23.698  -24.568 0.3000000119
59249  27.620  -23.013  -24.900 0.3000000119
59257  26.532  -22.884  -25.713 0.3000000119
59258  25.874  -23.156  -25.943 0.3000000119
59256  27.201  -22.639  -25.488 0.3000000119
59263  26.156  -22.491  -26.288 0.3000000119
61460  26.742  -21.298  -26.931 0.3000000119
44468  25.117  -33.865  -14.906 0.5000000000
34064  16.079  -45.658  -25.812 0.6000000238
34074  17.735  -45.868  -27.350 0.5000000000
34072  19.867  -45.914  -27.607 0.5000000000
34084  22.695  -46.095  -29.025 0.5000000000
33174  20.615  -46.617  -27.988 0.5000000000
36006  23.796  -44.424  -24.219 0.5000000000
162444  23.287  -45.836  -26.748 0.5000000000
35067  23.436  -45.062  -28.535 0.5000000000
31177  19.052  -49.033  -15.210 0.6000000238
31192  17.736  -49.087  -16.006 0.6000000238
32089  18.695  -48.243  -15.220 0.6000000238
32102  17.188  -47.929  -16.402 0.5000000000
161958  16.670  -47.691  -16.889 0.5000000000
33020  16.795  -46.820  -16.694 0.5000000000
33041  15.928  -47.092  -17.925 0.5000000000
33939  16.086  -46.400  -17.668 0.4000000060
162446  16.249  -45.671  -17.481 0.4000000060
35914  16.231  -44.494  -17.735 0.4000000060
35913  16.589  -44.262  -17.203 0.4000000060
38879  17.304  -41.881  -16.416 0.3000000119
166112  17.606  -41.139  -15.992 0.3000000119
39796  18.131  -40.676  -15.443 0.4000000060
42573  18.128  -38.309  -15.034 0.4000000060
46354  19.829  -33.809  -13.943 0.4000000060
45419  18.724  -35.433  -14.591 0.4000000060
46356  18.048  -34.175  -14.963 0.4000000060
45426  19.370  -34.495  -14.095 0.4000000060
46355  18.778  -34.249  -14.552 0.4000000060
46376  19.894  -33.087  -14.883 0.4000000060
47279  17.939  -33.428  -15.014 0.4000000060
51684  20.712  -28.951  -15.444 0.4000000060
49875  20.049  -31.765  -14.843 0.4000000060
154325  20.683  -30.167  -14.989 0.4000000060
53713  20.044  -26.881  -16.781 0.3000000119
55880  19.252  -26.142  -17.431 0.3000000119
54794  19.021  -26.550  -16.993 0.3000000119
37026  23.994  -43.719  -23.838 0.5000000000
37923  16.996  -42.612  -16.751 0.4000000060
43480  17.897  -37.209  -15.237 0.4000000060
45420  18.023  -35.809  -15.144 0.4000000060
47278  18.899  -33.025  -14.816 0.4000000060
46377  18.447  -33.580  -14.812 0.4000000060
36902  17.238  -43.330  -16.448 0.4000000060
37066  23.398  -43.914  -28.486 0.5000000000
40702  22.253  -40.000  -13.481 0.4000000060
43524  26.015  -34.254  -16.189 0.5000000000
50779  23.253  -31.323  -20.238 0.5000000000
40730  22.631  -38.411  -13.447 0.4000000060
46384  24.065  -33.651  -19.317 0.5000000000
169473  24.074  -28.395  -22.675 0.4000000060
55986  24.596  -25.678  -24.760 0.4000000060
55974  25.727  -26.059  -24.020 0.4000000060
34070  21.991  -45.749  -28.618 0.6000000238
35060  23.403  -45.119  -27.439 0.5000000000
35052  23.417  -45.158  -25.272 0.5000000000
171872  19.661  -39.848  -14.498 0.4000000060
42567  18.740  -38.285  -14.619 0.4000000060
174446  18.678  -39.548  -14.800 0.4000000060
41677  18.383  -38.920  -14.906 0.4000000060
156579  24.421  -37.158  -12.974 0.5000000000
42581  22.942  -36.745  -13.387 0.4000000060
46367  18.136  -34.047  -14.981 0.4000000060
45413  18.404  -36.196  -14.885 0.4000000060
44459  23.120  -34.593  -13.894 0.4000000060
44469  23.948  -33.712  -14.813 0.5000000000
47277  20.402  -33.136  -15.555 0.4000000060
162027  24.806  -33.216  -18.970 0.5000000000
45448  23.730  -33.348  -17.604 0.5000000000
47283  22.736  -33.524  -18.643 0.5000000000
44482  24.221  -33.317  -16.321 0.5000000000
48151  23.633  -33.174  -19.376 0.5000000000
51704  24.226  -30.603  -18.995 0.4000000060
52766  24.865  -28.024  -22.522 0.4000000060
53770  26.029  -27.479  -22.512 0.4000000060
54870  26.404  -26.314  -23.444 0.4000000060
157667  26.403  -27.656  -22.066 0.3000000119
57025  27.133  -24.498  -24.202 0.3000000119
57027  25.624  -24.880  -24.829 0.4000000060
55953  27.920  -26.979  -21.559 0.3000000119
56976  29.084  -26.286  -19.127 0.3000000119
55946  28.931  -25.521  -21.314 0.3000000119
58068  29.244  -24.362  -20.973 0.3000000119
60364  26.799  -22.240  -26.027 0.3000000119
45427  18.444  -34.706  -14.729 0.4000000060
28306  14.098  -51.533  -17.397 0.4000000060
169715  14.622  -51.013  -17.306 0.4000000060
29300  14.218  -50.758  -17.742 0.4000000060
29311  14.467  -50.087  -18.087 0.3000000119
29299  14.847  -50.405  -17.532 0.4000000060
30248  15.097  -49.736  -17.874 0.3000000119
31333  15.126  -48.955  -27.151 0.5000000000
31206  16.502  -49.069  -16.930 0.5000000000
31214  15.194  -49.171  -18.196 0.3000000119
33165  15.189  -47.642  -26.679 0.5000000000
33178  16.445  -46.851  -27.503 0.5000000000
31347  15.805  -48.531  -27.838 0.5000000000
153674  17.451  -48.451  -16.212 0.5000000000
32115  16.305  -48.441  -17.169 0.4000000060
34076  15.798  -46.642  -26.629 0.5000000000
32281  17.135  -47.997  -28.361 0.5000000000
33192  17.918  -47.221  -28.280 0.3000000119
34075  16.643  -46.087  -26.952 0.5000000000
33177  17.386  -46.581  -27.806 0.4000000060
33176  18.403  -46.533  -27.987 0.4000000060
32279  19.364  -47.852  -28.749 0.3000000119
33191  18.937  -47.220  -28.382 0.3000000119
32277  20.841  -47.673  -28.744 0.3000000119
33190  20.060  -47.305  -28.431 0.3000000119
33173  23.111  -46.621  -28.322 0.3000000119
34092  22.700  -46.782  -29.083 0.3000000119
33189  21.214  -47.111  -28.642 0.4000000060
33175  19.432  -46.593  -27.999 0.4000000060
167573  15.840  -45.837  -18.295 0.3000000119
162595  23.349  -45.798  -25.617 0.4000000060
34055  23.229  -46.491  -26.702 0.4000000060
34083  22.962  -46.173  -28.870 0.4000000060
34941  16.049  -45.054  -17.973 0.3000000119
36903  16.708  -43.401  -17.137 0.3000000119
149307  17.980  -40.019  -15.444 0.3000000119
41689  17.796  -38.732  -15.444 0.3000000119
40776  17.678  -39.495  -15.760 0.3000000119
42574  17.807  -37.923  -15.370 0.3000000119
42589  17.475  -38.147  -15.903 0.3000000119
43490  17.549  -37.437  -15.737 0.3000000119
167491  17.334  -33.763  -15.476 0.3000000119
162001  17.830  -32.908  -15.054 0.3000000119
47271  17.516  -33.368  -15.267 0.3000000119
49862  17.582  -31.436  -15.130 0.3000000119
48121  17.015  -32.578  -15.523 0.3000000119
48116  16.736  -32.851  -15.898 0.3000000119
163455  19.187  -32.720  -14.955 0.3000000119
49876  20.098  -31.537  -14.305 0.3000000119
49877  18.638  -31.777  -14.733 0.3000000119
154183  18.157  -30.858  -14.982 0.3000000119
51685  20.257  -29.296  -14.838 0.3000000119
50759  20.399  -30.355  -14.304 0.3000000119
50760  19.188  -29.400  -14.636 0.3000000119
52717  18.417  -28.381  -15.452 0.3000000119
153287  17.863  -28.975  -15.247 0.3000000119
52716  18.935  -27.751  -15.862 0.3000000119
163481  18.034  -27.710  -15.933 0.3000000119
52715  19.617  -27.568  -16.182 0.3000000119
52733  19.972  -28.274  -15.431 0.3000000119
52734  19.391  -28.564  -15.212 0.3000000119
144991  18.196  -27.128  -16.374 0.3000000119
31322  15.617  -49.745  -26.545 0.5000000000
169731  23.401  -45.565  -27.900 0.4000000060
35928  15.948  -44.395  -18.320 0.3000000119
49019  18.451  -32.883  -14.841 0.3000000119
48987  16.792  -32.138  -15.657 0.3000000119
157337  15.682  -48.190  -18.076 0.3000000119
32132  16.062  -47.817  -17.607 0.3000000119
166338  15.809  -46.573  -18.239 0.3000000119
148171  12.555  -57.563  -17.182 0.4000000060
22652  11.839  -57.456  -17.444 0.4000000060
23489  12.408  -56.248  -17.448 0.4000000060
24361  10.521  -55.579  -18.216 0.4000000060
24360  11.004  -54.899  -18.230 0.3000000119
24348  12.930  -55.665  -17.216 0.4000000060
151716  11.348  -55.516  -17.953 0.4000000060
173699  12.284  -54.640  -17.673 0.4000000060
26414  17.898  -53.183  -24.831 0.3000000119
24358  12.854  -54.850  -17.353 0.4000000060
26304  11.220  -53.699  -18.459 0.3000000119
27317  12.059  -52.541  -18.353 0.3000000119
26295  11.934  -54.041  -17.946 0.4000000060
28336  12.099  -51.599  -19.133 0.3000000119
27330  11.673  -52.203  -18.892 0.3000000119
28335  12.684  -51.149  -18.904 0.3000000119
26293  13.083  -53.367  -17.414 0.4000000060
27316  12.659  -52.104  -18.095 0.3000000119
28321  13.018  -51.447  -18.309 0.3000000119
22668  11.312  -56.862  -17.641 0.4000000060
23505  10.942  -56.260  -17.877 0.4000000060
29329  12.973  -50.564  -19.366 0.3000000119
21844  13.914  -57.930  -16.300 0.3000000119
29330  12.359  -50.945  -19.642 0.3000000119
19445  15.817  -60.418  -17.886 0.4000000060
20196  14.658  -59.562  -16.797 0.4000000060
20203  16.652  -59.488  -17.947 0.4000000060
20219  16.832  -59.726  -18.644 0.4000000060
20226  17.245  -59.330  -19.067 0.4000000060
20227  16.777  -59.817  -19.422 0.4000000060
20237  17.200  -59.307  -19.641 0.4000000060
20990  16.343  -59.043  -17.408 0.4000000060
20991  15.707  -58.684  -17.062 0.4000000060
21006  16.879  -58.984  -17.782 0.4000000060
21022  17.507  -58.869  -18.726 0.4000000060
21042  17.303  -58.920  -20.041 0.3000000119
21851  17.205  -57.992  -17.507 0.4000000060
21854  15.020  -58.269  -16.659 0.4000000060
21855  13.028  -57.927  -16.765 0.4000000060
21869  18.223  -57.621  -18.255 0.4000000060
21890  17.935  -58.296  -18.726 0.4000000060
21902  17.705  -58.442  -19.915 0.4000000060
22644  17.840  -56.545  -17.333 0.6000000238
22647  15.364  -57.447  -16.867 0.4000000060
22649  13.524  -57.478  -16.491 0.4000000060
22650  13.052  -57.173  -16.880 0.5000000000
22651  12.503  -56.950  -17.318 0.4000000060
22664  18.939  -56.557  -18.058 0.6000000238
22665  18.357  -56.933  -17.819 0.6000000238
22667  11.966  -56.748  -17.544 0.4000000060
22669  10.531  -56.927  -17.708 0.4000000060
22685  19.143  -56.710  -18.692 0.6000000238
23478  14.445  -56.629  -16.462 0.4000000060
23483  18.004  -55.810  -17.124 0.5000000000
23486  14.585  -55.841  -16.680 0.5000000000
23488  13.019  -56.435  -17.020 0.5000000000
23501  19.644  -55.553  -18.084 0.6000000238
23504  11.705  -56.189  -17.710 0.4000000060
23517  19.386  -56.165  -18.405 0.6000000238
23532  18.624  -56.975  -20.274 0.5000000000
23539  18.543  -56.515  -20.786 0.4000000060
23540  17.839  -56.500  -21.187 0.4000000060
23541  17.007  -56.323  -21.587 0.4000000060
23548  16.781  -55.585  -21.976 0.4000000060
24340  18.894  -54.798  -17.118 0.6000000238
24342  17.509  -55.335  -16.948 0.6000000238
24343  16.311  -55.274  -16.912 0.6000000238
24346  14.065  -55.445  -16.735 0.5000000000
24356  19.897  -54.890  -17.863 0.6000000238
24359  12.191  -55.414  -17.635 0.4000000060
24367  10.339  -54.834  -18.507 0.3000000119
24382  19.907  -55.091  -20.460 0.5000000000
24390  19.643  -54.669  -21.021 0.4000000060
24391  19.329  -55.260  -20.945 0.5000000000
24392  18.671  -55.334  -21.335 0.4000000060
25317  17.944  -53.722  -16.617 0.6000000238
25329  19.808  -53.770  -16.965 0.6000000238
25333  16.294  -54.476  -16.719 0.6000000238
25335  14.831  -54.370  -16.690 0.5000000000
25344  12.668  -54.093  -17.498 0.4000000060
25345  11.679  -54.800  -17.927 0.4000000060
25401  18.374  -54.085  -22.012 0.5000000000
25402  17.742  -54.372  -22.286 0.4000000060
25403  17.153  -54.575  -22.487 0.4000000060
25443  17.162  -54.108  -23.655 0.3000000119
26262  19.905  -52.629  -16.058 0.6000000238
26263  19.299  -53.008  -16.266 0.6000000238
26265  17.920  -52.989  -16.481 0.6000000238
26278  20.641  -52.461  -16.282 0.6000000238
26280  19.362  -53.547  -16.651 0.6000000238
26283  14.364  -53.316  -16.838 0.5000000000
26294  12.420  -53.508  -17.758 0.4000000060
26303  11.914  -53.238  -18.144 0.3000000119
26321  20.874  -53.524  -19.956 0.6000000238
26322  20.460  -53.514  -20.588 0.6000000238
26332  19.932  -53.451  -21.150 0.6000000238
26333  19.356  -53.294  -21.609 0.6000000238
26348  18.990  -53.206  -22.041 0.6000000238
26369  18.876  -52.932  -22.507 0.6000000238
26370  18.391  -53.179  -23.055 0.5000000000
26392  18.150  -53.201  -23.958 0.5000000000
27202  22.980  -53.098  -12.317 0.8999999762
27203  22.436  -53.134  -12.325 0.8999999762
27234  24.028  -53.291  -14.003 0.8999999762
27250  24.220  -52.687  -14.827 0.8999999762
27264  19.734  -52.364  -15.828 0.6000000238
27265  18.302  -52.516  -16.122 0.6000000238
27283  15.808  -52.598  -16.539 0.6000000238
27285  14.727  -52.845  -16.772 0.5000000000
27287  13.578  -52.909  -17.251 0.5000000000
27301  13.760  -52.304  -17.289 0.4000000060
27303  12.531  -52.870  -17.866 0.3000000119
27315  21.755  -52.033  -18.826 0.8999999762
27331  11.031  -52.546  -19.455 0.3000000119
27342  20.813  -52.916  -20.359 0.8000000119
27354  20.733  -52.224  -20.605 0.8000000119
27371  19.842  -52.307  -21.607 0.6999999881
27372  19.348  -52.712  -22.014 0.6999999881
27428  19.044  -52.221  -24.298 0.6000000238
28187  22.982  -52.380  -11.903 0.8999999762
28207  21.336  -52.583  -13.395 0.8999999762
28247  24.619  -51.745  -14.815 1.0000000000
28248  20.881  -51.053  -15.159 0.6999999881
28268  20.190  -51.647  -15.550 0.6999999881
28269  19.370  -51.506  -15.477 0.6999999881
28272  16.619  -51.833  -16.318 0.6000000238
28287  22.060  -51.189  -16.511 1.0000000000
28290  14.852  -51.563  -16.969 0.5000000000
28305  22.104  -51.336  -17.345 1.0000000000
28307  13.349  -51.831  -17.733 0.4000000060
28320  13.619  -51.139  -18.004 0.4000000060
28333  21.829  -51.362  -19.052 0.8999999762
28334  21.527  -51.561  -19.539 0.8999999762
28337  11.512  -51.913  -19.513 0.3000000119
28357  21.136  -51.734  -20.190 0.8999999762
28410  20.083  -51.409  -22.626 0.8000000119
28462  18.885  -51.257  -25.281 0.6000000238
28463  18.284  -51.693  -25.696 0.4000000060
28464  17.595  -51.901  -26.139 0.4000000060
29177  23.108  -50.970  -11.017 0.8999999762
29178  22.342  -50.944  -11.325 0.8999999762
29203  21.500  -50.625  -12.405 0.8999999762
29219  21.492  -51.573  -12.924 0.8999999762
29246  21.258  -51.245  -14.740 0.6999999881
29259  24.548  -50.711  -15.458 1.0000000000
29262  22.143  -51.065  -15.849 1.0000000000
29264  19.020  -50.420  -15.374 0.6999999881
29265  17.567  -50.442  -16.022 0.6000000238
29282  16.492  -50.537  -16.563 0.5000000000
29284  15.208  -50.858  -17.059 0.5000000000
29312  13.863  -50.471  -18.353 0.3000000119
29313  13.263  -50.815  -18.631 0.3000000119
29327  21.670  -51.035  -19.483 0.8999999762
29380  20.887  -50.658  -21.787 0.8000000119
29403  20.966  -50.273  -22.477 0.8000000119
29423  19.939  -50.883  -24.127 0.6000000238
29440  19.495  -51.094  -24.699 0.6000000238
29464  17.817  -50.692  -26.088 0.5000000000
30179  25.655  -49.098  -13.704 0.8999999762
30181  21.159  -49.150  -13.310 0.8000000119
30189  25.496  -49.738  -14.032 1.0000000000
30192  20.986  -49.644  -14.440 0.6999999881
30202  25.364  -49.627  -14.811 1.0000000000
30204  19.433  -49.716  -15.153 0.6000000238
30216  22.867  -49.655  -15.522 1.0000000000
30231  16.671  -49.785  -16.681 0.5000000000
30232  16.092  -49.553  -17.143 0.5000000000
30262  14.743  -49.433  -18.480 0.3000000119
30292  21.379  -50.503  -20.486 0.8000000119
30310  21.404  -49.970  -21.032 0.8000000119
30367  20.907  -49.333  -23.533 0.8000000119
30383  19.381  -49.934  -24.893 0.8000000119
30397  16.674  -49.921  -26.123 0.5000000000
31119  24.492  -49.243  -10.740 0.8999999762
31120  23.940  -49.289  -10.248 0.8999999762
31139  25.467  -48.815  -12.166 0.8999999762
31140  25.024  -49.041  -11.499 0.8999999762
31141  21.508  -49.376  -11.550 0.8999999762
31142  21.181  -48.944  -12.315 0.8999999762
31165  21.003  -49.033  -14.036 0.8000000119
31176  19.822  -49.039  -14.888 0.6000000238
31188  23.831  -48.558  -15.265 1.0000000000
31189  23.196  -48.933  -15.293 1.0000000000
31191  18.375  -49.042  -15.581 0.6000000238
31205  23.007  -48.845  -16.856 1.0000000000
31207  16.065  -48.988  -17.315 0.5000000000
31212  22.779  -48.824  -17.732 1.0000000000
31213  15.626  -49.271  -17.681 0.5000000000
31220  22.007  -48.742  -18.960 0.8999999762
31221  15.460  -48.701  -18.181 0.3000000119
31273  21.420  -48.928  -22.550 0.8000000119
31282  21.113  -48.693  -23.263 0.8000000119
31323  15.253  -49.162  -26.535 0.5000000000
31994  23.533  -47.765  -9.224 1.0000000000
32002  24.053  -48.048  -9.694 1.0000000000
32003  23.353  -48.314  -9.472 0.8999999762
32004  22.686  -48.206  -9.865 0.8999999762
32025  21.912  -48.208  -10.386 0.8999999762
32040  25.366  -48.340  -11.719 0.8999999762
32041  21.101  -48.184  -12.143 0.8999999762
32072  25.703  -47.982  -14.431 1.0000000000
32073  20.992  -48.433  -13.580 0.6999999881
32075  20.152  -48.491  -14.624 0.6999999881
32090  18.243  -47.732  -15.458 0.6999999881
32098  23.916  -47.874  -15.271 1.0000000000
32100  18.037  -48.378  -15.718 0.6000000238
32101  17.702  -47.689  -15.927 0.5000000000
32116  15.864  -48.577  -17.657 0.3000000119
32139  22.549  -48.338  -18.131 0.8999999762
32140  22.096  -48.263  -18.709 0.8999999762
32158  21.927  -47.982  -20.389 0.8999999762
32193  21.794  -47.552  -22.411 0.8999999762
32208  20.741  -48.090  -23.722 0.8999999762
32209  20.103  -47.455  -23.891 0.8999999762
32240  15.897  -47.516  -25.610 0.6999999881
32241  15.416  -47.913  -25.975 0.6000000238
32242  15.234  -47.594  -26.340 0.6000000238
32252  15.046  -48.263  -26.537 0.5000000000
32264  16.135  -47.596  -27.831 0.5000000000
32265  15.275  -47.921  -27.217 0.5000000000
32278  20.199  -47.917  -28.803 0.3000000119
32921  23.275  -47.254  -8.943 0.8999999762
32928  24.998  -47.123  -10.262 1.0000000000
32932  21.462  -46.787  -10.235 1.0000000000
32959  25.683  -47.667  -11.901 0.8999999762
32960  25.262  -47.887  -11.245 0.8999999762
32970  20.746  -47.220  -13.014 0.8000000119
32985  19.907  -47.193  -13.950 0.6000000238
32986  18.972  -46.565  -14.535 0.6000000238
33001  18.100  -46.996  -15.524 0.6000000238
33011  23.977  -47.044  -15.300 1.0000000000
33012  17.617  -47.007  -15.967 0.5000000000
33013  17.273  -46.615  -16.239 0.4000000060
33038  23.798  -47.047  -16.810 1.0000000000
33040  16.338  -47.009  -17.290 0.5000000000
33052  22.087  -47.032  -18.658 0.8999999762
33053  15.618  -47.059  -18.555 0.3000000119
33069  22.024  -47.006  -21.172 0.8999999762
33138  18.904  -46.231  -23.848 0.8999999762
33153  15.887  -46.364  -25.464 0.6999999881
33164  15.455  -47.119  -26.394 0.5000000000
33179  15.482  -47.237  -26.968 0.5000000000
33187  22.873  -46.942  -28.903 0.3000000119
33188  22.244  -46.884  -29.168 0.4000000060
33193  17.002  -47.219  -28.071 0.4000000060
33202  22.461  -47.434  -29.380 0.3000000119
33203  21.723  -47.565  -29.181 0.3000000119
33807  22.879  -46.617  -8.682 0.8999999762
33808  22.042  -46.216  -9.017 0.8999999762
33817  21.484  -46.167  -9.801 1.0000000000
33851  25.815  -46.578  -11.718 1.0000000000
33868  25.912  -46.653  -12.486 1.0000000000
33884  19.719  -46.017  -13.502 0.6999999881
33886  18.667  -45.803  -14.756 0.6000000238
33912  24.389  -45.964  -15.395 1.0000000000
33913  24.115  -46.517  -15.359 1.0000000000
33915  17.330  -46.066  -16.104 0.5000000000
33938  16.501  -46.250  -17.045 0.4000000060
33954  22.375  -46.413  -18.406 1.0000000000
33963  21.954  -46.430  -19.718 0.8999999762
34046  19.246  -45.760  -23.870 0.8999999762
34054  23.303  -46.445  -25.913 0.4000000060
34062  23.269  -46.176  -27.638 0.4000000060
34069  23.324  -45.676  -28.681 0.5000000000
34085  21.702  -46.415  -28.625 0.5000000000
34796  24.614  -45.056  -8.827 0.8999999762
34798  22.602  -45.704  -8.267 0.8999999762
34800  21.151  -45.087  -9.344 0.6999999881
34813  20.956  -45.476  -10.065 0.6999999881
34838  20.360  -45.444  -12.170 0.6999999881
34871  19.786  -45.289  -13.235 0.6999999881
34872  19.455  -45.263  -13.747 0.6000000238
34887  18.717  -44.765  -14.792 0.5000000000
34906  24.786  -45.318  -15.269 1.0000000000
34908  17.149  -45.416  -16.237 0.4000000060
34939  24.254  -45.286  -17.571 1.0000000000
34940  16.445  -44.972  -17.296 0.4000000060
34964  22.746  -45.026  -18.572 1.0000000000
34965  22.214  -44.980  -19.128 1.0000000000
35023  21.158  -45.251  -23.393 0.8999999762
35044  17.260  -43.855  -24.344 0.8999999762
35046  16.398  -44.466  -24.797 0.6999999881
35053  23.312  -45.185  -26.234 0.5000000000
35055  16.328  -44.593  -25.174 0.6999999881
35068  22.759  -45.229  -28.851 0.6000000238
35786  21.250  -44.576  -8.895 0.6999999881
35794  24.488  -44.996  -8.853 0.8000000119
35795  23.871  -45.610  -8.502 0.8000000119
35797  20.764  -44.249  -8.963 0.6999999881
35820  25.559  -44.797  -10.208 0.8999999762
35822  20.068  -44.468  -11.320 0.6000000238
35832  25.973  -44.931  -12.137 0.8999999762
35856  26.340  -43.494  -13.871 0.8999999762
35878  17.277  -44.618  -16.205 0.5000000000
35926  24.481  -43.951  -17.962 1.0000000000
35927  23.795  -44.096  -18.406 1.0000000000
35938  22.433  -44.300  -19.183 1.0000000000
35984  21.975  -44.594  -21.702 0.8999999762
36014  23.526  -44.495  -24.956 0.5000000000
36024  23.398  -44.553  -26.868 0.5000000000
36034  18.862  -43.275  -26.239 0.8999999762
36042  23.344  -44.538  -28.771 0.5000000000
36044  20.766  -44.107  -27.345 0.8000000119
36800  25.092  -44.141  -9.423 0.8999999762
36809  25.395  -43.441  -9.590 0.8000000119
36811  20.663  -43.799  -9.589 0.6999999881
36824  25.870  -43.663  -10.975 0.8000000119
36826  24.820  -44.470  -10.795 0.8000000119
36828  20.846  -42.761  -10.627 0.6000000238
36840  26.267  -43.320  -12.245 0.6999999881
36841  25.421  -43.747  -11.299 0.8000000119
36856  19.640  -44.093  -12.670 0.6999999881
36876  25.967  -43.495  -14.767 0.8999999762
36877  19.288  -43.265  -14.319 0.6000000238
36885  18.300  -43.329  -15.433 0.4000000060
36886  17.734  -43.312  -15.920 0.5000000000
36969  22.315  -43.080  -20.014 1.0000000000
37053  23.531  -43.292  -26.707 0.6000000238
37055  19.842  -43.139  -26.888 0.8999999762
37067  22.712  -43.820  -28.448 0.8000000119
37818  21.737  -44.320  -8.956 0.6999999881
37823  22.653  -44.198  -9.368 0.6999999881
37824  21.720  -44.142  -9.200 0.6999999881
37831  23.256  -43.847  -10.004 0.8000000119
37832  20.451  -43.508  -9.538 0.6999999881
37833  20.088  -43.326  -10.084 0.6999999881
37859  24.860  -43.388  -13.158 0.6999999881
37860  23.270  -43.464  -12.178 0.6999999881
37863  19.167  -43.120  -12.421 0.6000000238
37877  26.614  -41.846  -13.031 0.6999999881
37881  19.271  -42.470  -13.260 0.4000000060
37888  19.416  -42.640  -14.142 0.5000000000
37896  26.695  -41.608  -13.796 0.6999999881
37938  25.107  -42.696  -17.830 1.0000000000
37969  22.592  -42.495  -19.574 1.0000000000
38030  22.019  -42.364  -22.842 1.0000000000
38039  21.899  -42.605  -23.644 0.8999999762
38047  21.355  -42.689  -24.438 0.8999999762
38048  20.104  -42.505  -24.882 0.8999999762
38068  18.978  -41.870  -25.831 0.8999999762
38077  23.557  -42.578  -28.151 0.8000000119
38089  23.335  -42.293  -28.728 0.8000000119
38793  18.627  -41.884  -11.060 0.4000000060
38804  19.244  -42.125  -10.500 0.5000000000
38814  26.013  -42.544  -12.983 0.6999999881
38818  20.088  -42.014  -11.430 0.5000000000
38830  26.650  -41.563  -12.935 0.6999999881
38833  19.493  -42.194  -13.492 0.4000000060
38834  18.805  -42.254  -12.886 0.4000000060
38844  26.670  -41.207  -13.433 0.6999999881
38855  27.032  -39.647  -13.070 0.6999999881
38856  19.444  -42.111  -14.519 0.4000000060
38866  26.278  -41.176  -15.314 0.6999999881
38867  18.563  -42.124  -15.387 0.4000000060
38894  25.516  -41.581  -17.495 0.8000000119
38928  22.861  -41.789  -19.484 1.0000000000
38947  22.461  -41.906  -19.834 1.0000000000
38975  22.062  -41.896  -21.850 1.0000000000
38996  24.535  -41.553  -23.402 0.5000000000
39005  23.810  -41.748  -24.706 0.6000000238
39017  19.206  -41.651  -25.725 0.8999999762
39037  22.137  -42.516  -28.276 0.8000000119
39047  23.576  -41.983  -28.347 0.8000000119
39049  21.439  -41.325  -28.376 0.8000000119
39772  19.704  -41.939  -13.518 0.4000000060
39773  18.541  -42.042  -12.666 0.4000000060
39787  19.967  -41.387  -14.321 0.4000000060
39837  25.854  -40.657  -17.238 0.8000000119
39882  22.244  -41.107  -20.582 1.0000000000
39960  23.731  -41.194  -26.878 0.6999999881
39962  19.355  -40.891  -26.748 0.8999999762
39978  22.101  -40.868  -28.921 0.8999999762
39983  23.552  -40.482  -29.092 0.6999999881
40660  18.630  -41.799  -11.468 0.4000000060
40661  18.161  -41.689  -11.563 0.4000000060
40670  19.476  -41.819  -11.927 0.4000000060
40671  19.007  -41.754  -11.791 0.4000000060
40672  18.602  -41.699  -11.998 0.4000000060
40685  21.729  -40.691  -13.236 0.4000000060
40686  21.104  -41.085  -13.199 0.4000000060
40688  19.135  -41.775  -12.330 0.4000000060
40689  18.309  -41.689  -12.155 0.4000000060
40703  21.338  -40.352  -13.710 0.4000000060
40706  19.014  -41.747  -13.065 0.4000000060
40731  20.027  -40.645  -14.396 0.4000000060
40732  19.315  -40.014  -14.652 0.4000000060
40756  18.146  -39.476  -15.198 0.3000000119
40821  25.481  -40.306  -17.877 0.8000000119
40837  23.248  -39.708  -19.546 0.8000000119
40864  22.137  -39.704  -21.366 1.0000000000
40886  25.414  -40.118  -22.986 0.6000000238
40887  22.044  -39.930  -22.697 1.0000000000
40893  24.243  -39.884  -24.281 0.6000000238
40909  21.044  -39.597  -25.510 1.0000000000
40924  23.827  -40.031  -27.685 0.6999999881
41600  18.001  -41.695  -11.874 0.4000000060
41615  17.942  -41.702  -11.825 0.4000000060
41642  20.579  -39.848  -14.108 0.4000000060
41665  19.155  -39.218  -14.539 0.4000000060
41676  22.517  -37.733  -13.428 0.4000000060
41687  25.214  -35.949  -12.897 0.5000000000
41688  23.153  -37.092  -13.370 0.4000000060
41697  23.889  -36.522  -13.221 0.4000000060
41707  26.543  -38.255  -17.210 0.6999999881
41708  27.395  -37.012  -16.154 0.6999999881
41717  27.559  -35.670  -16.596 0.6999999881
41728  23.773  -38.962  -19.241 0.8000000119
41742  22.449  -39.021  -20.231 0.8000000119
41789  21.861  -39.113  -23.996 1.0000000000
41797  21.583  -39.133  -24.848 1.0000000000
41812  23.736  -39.314  -27.049 0.6999999881
41813  19.634  -39.001  -26.989 0.8999999762
41841  23.473  -39.004  -29.424 0.8000000119
41842  22.673  -38.857  -29.438 0.8999999762
42598  28.121  -34.068  -15.077 0.6999999881
42600  24.614  -34.940  -13.469 0.5000000000
42666  22.036  -38.405  -22.178 0.8999999762
42673  26.097  -38.249  -22.415 0.6000000238
42674  25.710  -37.795  -22.987 0.6000000238
42691  24.123  -38.456  -24.676 0.6000000238
42692  21.431  -38.455  -24.991 1.0000000000
42713  23.679  -37.944  -27.062 0.6999999881
42733  21.544  -38.530  -28.996 0.8999999762
43462  20.142  -37.960  -14.042 0.4000000060
43478  21.109  -36.564  -13.623 0.4000000060
43498  23.261  -35.203  -13.271 0.4000000060
43512  25.896  -33.287  -14.030 0.5000000000
43523  26.872  -34.400  -17.781 0.6999999881
43554  22.032  -37.070  -21.481 0.8000000119
43592  21.837  -37.327  -22.856 0.8999999762
43606  25.354  -37.418  -23.317 0.6000000238
43649  23.802  -37.321  -28.170 0.6999999881
43650  23.682  -36.925  -28.661 0.6999999881
43658  23.821  -37.690  -28.970 0.8000000119
43659  23.471  -37.257  -29.136 0.8000000119
43660  22.652  -37.059  -29.107 0.8999999762
44438  20.280  -36.583  -13.836 0.4000000060
44439  19.742  -36.541  -14.021 0.4000000060
44444  21.437  -35.711  -13.373 0.4000000060
44446  18.033  -36.576  -15.136 0.4000000060
44453  17.635  -36.661  -15.590 0.3000000119
44547  25.001  -35.998  -23.065 0.6000000238
44548  21.417  -35.981  -23.296 0.8000000119
44585  19.594  -36.254  -26.054 1.0000000000
44608  20.017  -36.647  -27.615 1.0000000000
45410  20.091  -35.047  -13.676 0.4000000060
45418  19.346  -35.338  -14.144 0.4000000060
45447  25.027  -32.899  -18.037 0.5000000000
45469  22.350  -35.467  -19.960 0.6999999881
45497  21.937  -35.414  -21.528 0.6999999881
45530  23.822  -35.487  -24.204 0.6999999881
45544  23.494  -35.487  -25.036 0.6999999881
45557  23.455  -35.797  -25.811 0.6999999881
45558  23.143  -35.255  -25.914 0.6999999881
45570  23.412  -35.982  -26.612 0.6999999881
45592  22.573  -35.937  -28.341 0.8000000119
46365  20.478  -32.855  -14.697 0.4000000060
46366  19.051  -33.356  -14.581 0.4000000060
46368  17.768  -33.780  -15.126 0.3000000119
46392  23.435  -34.413  -19.419 0.6999999881
46393  23.919  -33.856  -19.300 0.6000000238
46400  22.115  -34.421  -20.376 0.6000000238
46406  21.993  -34.908  -21.014 0.6999999881
46425  21.348  -34.662  -22.825 0.8000000119
46435  24.282  -34.835  -23.082 0.6000000238
46437  23.277  -34.189  -24.062 0.6999999881
46438  21.007  -34.633  -23.562 0.8000000119
46455  20.644  -34.963  -24.236 0.8000000119
46457  19.395  -34.516  -25.290 0.8999999762
46485  19.270  -34.509  -26.292 0.8999999762
46496  21.715  -34.605  -27.914 0.8000000119
47263  17.006  -33.301  -15.649 0.3000000119
47294  22.380  -33.704  -19.933 0.6999999881
47298  21.302  -33.087  -21.647 0.6999999881
47308  21.239  -33.576  -22.236 0.8000000119
47314  24.254  -33.619  -22.630 0.6000000238
47317  20.716  -33.342  -23.382 0.8000000119
47326  20.729  -33.941  -23.670 0.8000000119
47337  19.195  -33.958  -25.135 0.8999999762
47347  19.109  -34.111  -25.763 0.8999999762
47357  22.502  -33.952  -26.229 0.6999999881
47358  22.107  -33.687  -27.071 0.6999999881
47359  19.570  -33.221  -26.833 0.8999999762
47370  20.095  -33.681  -27.192 0.8999999762
48131  17.990  -33.083  -14.929 0.4000000060
48139  18.692  -32.895  -14.857 0.4000000060
48146  21.897  -32.920  -17.240 0.4000000060
48160  21.430  -32.644  -21.045 0.6000000238
48186  23.050  -32.761  -23.967 0.5000000000
48196  22.677  -32.693  -24.622 0.6000000238
48206  18.797  -32.804  -25.680 0.8999999762
48995  17.173  -31.989  -15.329 0.3000000119
49008  17.604  -32.346  -15.144 0.3000000119
49016  21.000  -32.803  -16.201 0.4000000060
49018  19.620  -32.718  -14.442 0.3000000119
49030  23.901  -32.513  -19.269 0.5000000000
49109  19.019  -32.122  -26.337 0.8999999762
49846  16.959  -31.584  -15.400 0.3000000119
49893  22.384  -32.282  -18.881 0.5000000000
49921  18.960  -30.148  -23.640 0.6999999881
49932  18.259  -30.858  -24.059 0.6999999881
49948  18.093  -31.435  -24.937 0.8000000119
49949  18.055  -30.799  -24.627 0.6999999881
49979  22.085  -31.100  -26.592 0.6000000238
49980  19.707  -30.995  -27.164 0.8000000119
49994  21.672  -31.131  -27.339 0.6999999881
49996  20.457  -31.320  -27.696 0.8000000119
50745  20.615  -31.042  -14.724 0.4000000060
50746  19.178  -30.650  -14.573 0.3000000119
50772  22.583  -30.492  -18.219 0.4000000060
50786  20.444  -30.047  -22.685 0.6999999881
50800  18.247  -30.199  -24.355 0.6999999881
50812  18.364  -30.012  -25.660 0.8000000119
51715  23.577  -28.646  -22.697 0.4000000060
51730  18.643  -29.765  -24.031 0.6999999881
51766  23.227  -28.533  -26.996 0.6000000238
51787  20.041  -28.380  -27.404 0.8000000119
52731  21.235  -27.662  -15.677 0.3000000119
52765  25.028  -27.398  -23.087 0.4000000060
52774  22.788  -28.485  -23.180 0.5000000000
52779  22.114  -28.210  -23.762 0.4000000060
52780  20.064  -28.268  -24.558 0.6999999881
52789  19.094  -28.289  -25.434 0.8000000119
52805  19.183  -28.166  -26.143 0.8000000119
52826  19.589  -27.804  -26.794 0.6999999881
53769  26.441  -27.251  -22.578 0.4000000060
53771  25.165  -27.634  -22.669 0.4000000060
53778  25.311  -27.099  -23.356 0.4000000060
53785  19.647  -27.984  -25.128 0.8000000119
53792  22.743  -26.402  -24.905 0.5000000000
53810  19.853  -27.316  -26.191 0.8000000119
53811  19.503  -27.820  -25.824 0.8000000119
53829  24.711  -27.541  -26.660 0.5000000000
53856  20.310  -26.999  -27.878 0.6000000238
53857  19.920  -26.912  -27.320 0.6999999881
54793  19.566  -26.617  -17.062 0.3000000119
54864  26.798  -26.658  -22.865 0.4000000060
54884  25.048  -26.077  -24.353 0.4000000060
54898  22.269  -25.885  -25.450 0.6999999881
54909  20.659  -26.186  -26.223 0.6999999881
54932  20.237  -26.313  -27.357 0.6000000238
54948  21.697  -25.983  -28.442 0.6000000238
55952  28.134  -25.584  -22.450 0.3000000119
55972  26.900  -25.723  -23.502 0.4000000060
55973  26.003  -25.351  -24.330 0.4000000060
55987  23.832  -25.816  -24.931 0.4000000060
56027  24.656  -25.993  -29.625 0.5000000000
56030  21.388  -25.505  -28.347 0.6000000238
56991  29.071  -24.906  -21.477 0.3000000119
57028  24.862  -25.014  -25.053 0.4000000060
57039  21.760  -25.028  -26.401 0.6000000238
57047  22.885  -24.294  -26.654 0.5000000000
57049  21.758  -24.748  -26.882 0.6000000238
57079  25.604  -25.958  -31.642 0.4000000060
57086  25.149  -25.224  -31.454 0.4000000060
58110  26.263  -23.577  -25.398 0.3000000119
58150  24.646  -24.236  -31.685 0.4000000060
58151  24.166  -24.289  -31.657 0.5000000000
59277  24.288  -22.635  -27.475 0.4000000060
59278  23.613  -22.857  -27.778 0.4000000060
59286  22.869  -22.771  -28.888 0.5000000000
59311  23.562  -22.084  -31.271 0.4000000060
60373  26.436  -21.868  -26.618 0.3000000119
60381  26.058  -21.494  -27.247 0.4000000060
60397  23.110  -22.302  -28.533 0.4000000060
61512  24.882  -21.127  -32.342 0.3000000119
144098  20.358  -54.611  -18.395 0.6000000238
144100  20.166  -55.205  -19.776 0.6000000238
144103  18.508  -57.446  -19.761 0.5000000000
144107  18.232  -57.458  -20.276 0.3000000119
144135  21.601  -44.365  -8.232 0.6999999881
144144  18.690  -42.536  -12.003 0.5000000000
144145  18.763  -42.045  -10.926 0.4000000060
144146  18.356  -42.201  -12.086 0.4000000060
144466  21.802  -53.692  -15.810 0.6000000238
144476  21.333  -55.028  -14.186 0.8000000119
144553  22.121  -51.143  -15.938 1.0000000000
144574  21.848  -45.061  -8.666 0.8000000119
144633  18.045  -41.731  -12.304 0.4000000060
144719  22.218  -44.805  -9.390 0.6999999881
144725  17.808  -41.660  -11.824 0.4000000060
144789  20.830  -54.089  -18.753 0.6999999881
144886  20.471  -54.667  -19.268 0.6000000238
144976  22.029  -51.452  -16.945 0.8999999762
145002  18.031  -29.935  -15.090 0.3000000119
145313  19.817  -55.620  -20.041 0.5000000000
146235  21.492  -44.553  -8.556 0.6999999881
146237  21.887  -44.865  -22.293 0.8999999762
146312  17.753  -57.681  -20.601 0.3000000119
146334  24.545  -36.832  -23.812 0.6000000238
146575  21.924  -27.247  -28.176 0.6000000238
146752  24.445  -51.016  -11.943 0.8999999762
147264  16.922  -57.375  -17.213 0.5000000000
147409  26.602  -41.648  -12.977 0.6999999881
147597  25.189  -50.369  -13.556 0.8999999762
147661  26.051  -41.144  -16.174 0.8000000119
148125  22.064  -41.199  -22.965 1.0000000000
148473  18.762  -51.979  -15.744 0.6999999881
148483  25.759  -46.650  -14.499 1.0000000000
148493  22.027  -37.746  -21.765 0.8000000119
148555  16.278  -58.472  -17.178 0.4000000060
149214  18.913  -57.040  -19.232 0.5000000000
149238  16.905  -55.527  -16.963 0.5000000000
149776  20.849  -50.689  -14.979 0.6999999881
149930  21.862  -35.947  -22.053 0.8000000119
150063  23.578  -50.821  -10.934 0.8999999762
150225  21.186  -50.121  -21.708 0.8000000119
150293  19.900  -47.841  -14.433 0.6999999881
150422  25.954  -45.907  -13.913 1.0000000000
150433  12.185  -51.993  -18.575 0.3000000119
150605  15.683  -47.653  -18.301 0.3000000119
150666  18.519  -31.431  -23.788 0.6999999881
150674  16.355  -53.654  -16.583 0.5000000000
150816  21.991  -41.170  -23.661 1.0000000000
150827  22.908  -40.433  -19.724 0.8999999762
151832  15.766  -56.644  -17.017 0.5000000000
151844  22.264  -50.886  -17.622 1.0000000000
152259  22.195  -34.860  -27.870 0.8000000119
152659  27.487  -27.927  -20.847 0.3000000119
152830  16.850  -48.467  -16.680 0.4000000060
152947  22.038  -45.660  -20.825 1.0000000000
153037  23.777  -46.574  -17.323 1.0000000000
153106  22.006  -38.678  -22.783 0.8999999762
153259  18.100  -44.196  -26.277 0.8000000119
153316  19.337  -43.803  -14.015 0.6000000238
153532  24.026  -27.738  -23.233 0.4000000060
153826  22.347  -33.374  -25.594 0.6999999881
154001  22.032  -49.683  -10.970 0.8999999762
154194  24.145  -49.355  -15.488 1.0000000000
154477  20.963  -33.316  -22.757 0.6999999881
155069  12.518  -51.640  -18.571 0.3000000119
155145  25.386  -43.374  -9.651 0.8000000119
155431  19.904  -38.278  -27.285 0.8999999762
156209  22.502  -26.993  -24.604 0.5000000000
156274  23.494  -46.110  -8.244 0.8999999762
157096  25.469  -27.618  -21.955 0.3000000119
157411  23.703  -41.271  -25.905 0.6000000238
157495  19.827  -28.719  -24.126 0.6999999881
157836  19.719  -29.189  -23.753 0.6999999881
158180  23.458  -44.013  -25.427 0.5000000000
158249  20.375  -47.665  -13.907 0.6999999881
158720  26.109  -43.092  -11.487 0.6999999881
158725  19.479  -46.596  -13.982 0.6000000238
158940  23.648  -36.007  -25.208 0.6999999881
159137  19.054  -42.256  -14.941 0.4000000060
159141  22.049  -49.379  -18.949 1.0000000000
159495  19.736  -42.904  -10.337 0.6000000238
159616  21.224  -42.238  -11.579 0.6000000238
159907  22.597  -43.198  -19.506 1.0000000000
159909  21.719  -42.162  -24.246 0.8999999762
159967  21.425  -52.685  -19.134 0.8000000119
160216  14.239  -53.917  -16.798 0.5000000000
160281  24.410  -42.230  -23.357 0.5000000000
160344  23.985  -42.190  -24.021 0.5000000000
160671  25.532  -48.368  -14.909 1.0000000000
160756  24.507  -51.340  -15.335 1.0000000000
160816  16.253  -51.273  -16.482 0.5000000000
160824  18.622  -51.208  -15.556 0.6999999881
161391  22.464  -37.276  -13.412 0.4000000060
161542  20.825  -47.424  -23.566 0.8999999762
161608  21.934  -37.000  -13.523 0.4000000060
161614  24.003  -50.580  -15.632 1.0000000000
161658  25.909  -46.072  -12.073 1.0000000000
161691  23.732  -41.343  -25.224 0.6000000238
161962  24.353  -34.882  -19.087 0.6999999881
162238  18.047  -55.393  -21.639 0.4000000060
162531  24.737  -33.830  -15.584 0.5000000000
162558  18.478  -43.976  -15.123 0.5000000000
162748  23.439  -51.041  -15.636 1.0000000000
163039  15.752  -47.230  -27.257 0.5000000000
163050  23.100  -44.742  -8.551 0.8000000119
163054  19.928  -46.691  -13.557 0.6999999881
164484  20.988  -52.325  -16.279 0.6000000238
164485  23.185  -54.686  -14.911 0.8999999762
164563  19.037  -43.023  -11.701 0.5000000000
164567  22.673  -53.447  -15.982 0.8999999762
164608  22.186  -51.947  -15.724 1.0000000000
164615  18.438  -41.801  -11.043 0.4000000060
164659  21.373  -52.084  -16.156 0.8000000119
164660  22.776  -54.506  -15.853 0.8999999762
164669  21.307  -52.441  -14.891 0.6000000238
164670  21.301  -51.714  -14.918 0.6999999881
164689  20.902  -53.301  -17.459 0.6000000238
164773  23.365  -54.360  -13.896 0.8999999762
164775  22.817  -54.446  -13.205 0.8999999762
164776  22.521  -53.920  -12.727 0.8999999762
164991  16.372  -52.910  -16.518 0.6000000238
165000  16.319  -52.349  -16.429 0.6000000238
165141  15.107  -56.226  -16.830 0.5000000000
165165  25.578  -42.827  -16.887 1.0000000000
165196  20.258  -27.819  -24.878 0.6999999881
165823  17.364  -32.928  -15.360 0.3000000119
165912  23.868  -38.426  -28.922 0.6999999881
166443  23.786  -40.769  -27.570 0.6999999881
166637  15.736  -59.278  -17.224 0.4000000060
167291  24.068  -27.361  -23.595 0.5000000000
167318  23.345  -40.324  -29.352 0.8000000119
167436  13.467  -57.925  -16.448 0.3000000119
167469  23.984  -39.667  -24.941 0.6000000238
167505  24.452  -38.779  -24.159 0.6000000238
167652  24.137  -27.278  -27.079 0.5000000000
167738  21.284  -44.326  -8.531 0.6999999881
167915  25.256  -45.349  -14.856 1.0000000000
168038  24.818  -21.821  -32.117 0.4000000060
168160  18.451  -41.611  -12.629 0.4000000060
168390  21.804  -51.901  -16.982 0.8000000119
168403  21.998  -43.980  -21.755 1.0000000000
168417  17.281  -43.464  -25.262 0.8000000119
168530  23.395  -22.587  -28.168 0.4000000060
168828  20.943  -42.515  -27.635 0.8999999762
168845  26.289  -35.801  -18.056 0.6999999881
169002  22.857  -47.833  -17.846 0.8999999762
169533  16.583  -31.761  -15.743 0.3000000119
169680  20.745  -50.130  -14.820 0.6999999881
169943  21.851  -48.588  -20.499 0.8999999762
170576  21.631  -48.586  -22.312 0.8999999762
170642  23.131  -45.597  -28.916 0.5000000000
170949  23.114  -24.122  -29.579 0.6000000238
170951  24.171  -52.749  -13.331 0.8999999762
171025  20.291  -50.631  -23.608 0.8000000119
171370  27.714  -24.647  -23.660 0.3000000119
171753  27.511  -38.751  -13.651 0.6999999881
171840  26.700  -37.235  -12.074 0.6999999881
172177  20.734  -45.104  -10.423 0.8000000119
172551  27.051  -26.105  -23.080 0.4000000060
172619  23.736  -40.719  -19.211 0.8999999762
172701  18.462  -49.238  -25.093 0.6000000238
172806  22.049  -42.186  -22.355 1.0000000000
173120  18.006  -49.762  -15.817 0.6000000238
173185  20.076  -37.343  -26.454 1.0000000000
173691  24.254  -43.525  -10.270 0.8000000119
173943  17.164  -44.477  -24.138 0.8000000119
174007  18.834  -31.747  -23.683 0.6999999881
174454  24.135  -42.602  -23.677 0.5000000000
174601  20.744  -37.926  -25.902 1.0000000000
174927  23.852  -51.223  -11.330 0.8999999762
175085  26.759  -27.541  -22.077 0.3000000119
175135  22.980  -44.268  -18.767 1.0000000000
175336  22.596  -38.187  -29.439 0.8999999762
175352  21.988  -47.627  -20.952 0.8999999762
175450  21.059  -46.711  -10.927 0.6999999881
175630  19.665  -31.729  -23.211 0.6999999881
175689  17.903  -41.650  -11.488 0.4000000060
