#!ascii label  , from subject sub-v2s13x29100_ses-1 vox2ras=TkReg
792
31391  -13.950  -35.208  40.593 0.0000000000
44274  -34.578  -21.296  39.733 0.0000000000
50479  -39.147  -14.939  35.584 0.0000000000
55876  -43.592  -9.359  28.704 0.0000000000
40124  -33.872  -25.429  38.291 0.0000000000
54000  -41.867  -11.481  33.194 0.0000000000
112423  -44.940  -8.682  22.139 0.0000000000
130531  -48.258  -6.436  23.340 0.0000000000
42708  -38.412  -22.837  38.764 0.0000000000
45882  -40.424  -18.897  37.528 0.0000000000
47713  -37.269  -17.541  38.029 0.0000000000
32173  -16.934  -34.657  45.157 0.0000000000
32176  -20.548  -34.117  44.049 0.0000000000
32998  -25.263  -34.101  43.168 0.0000000000
112432  -28.852  -34.105  41.935 0.0000000000
110779  -32.851  -33.114  40.659 0.0000000000
36100  -34.756  -29.812  40.014 0.0000000000
39169  -36.535  -25.916  39.657 0.0000000000
48724  -43.389  -16.527  34.451 0.0000000000
60215  -49.084  -5.664  25.196 0.0000000000
43455  -36.519  -21.953  40.671 0.0000000000
45856  -37.847  -19.417  40.312 0.0000000000
45867  -35.411  -19.278  39.333 0.0000000000
33771  -17.812  -33.428  43.400 0.0000000000
32174  -19.100  -34.693  44.383 0.0000000000
110788  -31.674  -31.058  39.716 0.0000000000
34584  -33.689  -32.026  40.372 0.0000000000
36852  -33.095  -29.362  40.135 0.0000000000
41927  -34.065  -23.428  39.052 0.0000000000
40079  -35.021  -25.984  41.081 0.0000000000
41911  -35.722  -23.895  40.969 0.0000000000
41025  -37.179  -24.081  39.624 0.0000000000
49585  -40.347  -16.135  38.113 0.0000000000
47742  -41.833  -17.682  36.515 0.0000000000
50469  -41.527  -14.892  36.511 0.0000000000
54922  -43.410  -10.115  31.168 0.0000000000
125568  -45.329  -11.929  32.766 0.0000000000
54064  -46.344  -11.630  29.737 0.0000000000
122290  -44.562  -12.812  26.823 0.0000000000
127595  -47.964  -8.534  25.774 0.0000000000
112370  -45.419  -9.145  24.606 0.0000000000
38324  -33.031  -27.544  38.584 0.0000000000
55873  -40.416  -9.561  28.008 0.0000000000
132547  -46.942  -7.290  22.712 0.0000000000
112094  -49.855  -8.221  24.258 0.0000000000
60246  -50.339  -6.432  21.395 0.0000000000
115123  -38.904  -22.886  37.023 0.0000000000
45061  -39.546  -20.391  38.832 0.0000000000
47699  -39.275  -17.648  39.269 0.0000000000
30580  -15.931  -36.722  44.072 0.0000000000
31365  -21.486  -35.069  42.182 0.0000000000
32186  -22.838  -33.859  43.592 0.0000000000
31366  -23.457  -35.077  41.967 0.0000000000
133944  -25.217  -35.810  41.579 0.0000000000
30620  -27.548  -35.879  41.115 0.0000000000
110755  -29.547  -36.093  40.063 0.0000000000
127837  -31.330  -34.101  41.625 0.0000000000
33043  -33.918  -33.783  39.537 0.0000000000
38305  -33.957  -27.464  40.336 0.0000000000
37556  -35.550  -27.899  39.987 0.0000000000
36876  -37.061  -28.665  37.481 0.0000000000
39213  -37.997  -26.370  37.428 0.0000000000
41071  -38.258  -24.933  37.385 0.0000000000
133897  -43.068  -13.135  34.612 0.0000000000
55009  -42.247  -10.169  23.636 0.0000000000
126930  -42.565  -11.640  25.515 0.0000000000
31361  -13.833  -35.477  42.563 0.0000000000
44240  -35.666  -21.328  40.715 0.0000000000
45047  -36.200  -20.036  40.487 0.0000000000
45045  -35.089  -20.349  39.893 0.0000000000
36124  -31.703  -29.689  38.896 0.0000000000
36851  -32.255  -29.631  39.602 0.0000000000
36865  -32.191  -29.100  38.969 0.0000000000
42698  -34.194  -22.720  39.538 0.0000000000
41919  -34.889  -23.881  40.518 0.0000000000
42700  -35.180  -22.679  40.684 0.0000000000
42690  -36.098  -22.572  40.870 0.0000000000
49605  -41.247  -15.410  37.128 0.0000000000
51284  -40.362  -14.087  36.284 0.0000000000
55851  -43.722  -9.362  29.533 0.0000000000
54924  -45.347  -10.270  30.775 0.0000000000
54952  -44.719  -10.121  29.235 0.0000000000
52256  -45.172  -12.311  28.012 0.0000000000
53171  -44.353  -11.742  27.676 0.0000000000
112362  -49.029  -9.221  24.820 0.0000000000
110994  -48.228  -9.642  24.919 0.0000000000
110979  -48.130  -11.091  23.297 0.0000000000
111004  -45.461  -7.441  20.791 0.0000000000
57677  -47.787  -6.916  22.735 0.0000000000
111005  -48.864  -7.164  25.380 0.0000000000
127362  -48.795  -7.018  24.951 0.0000000000
110997  -49.920  -8.931  22.773 0.0000000000
111920  -50.088  -7.849  23.976 0.0000000000
59394  -50.526  -6.976  23.905 0.0000000000
43491  -38.825  -22.465  38.072 0.0000000000
43492  -39.310  -21.825  37.615 0.0000000000
44276  -39.082  -21.077  38.974 0.0000000000
46700  -37.526  -18.647  40.036 0.0000000000
46702  -38.952  -18.781  39.790 0.0000000000
48656  -37.949  -17.231  38.751 0.0000000000
48671  -38.486  -16.657  38.383 0.0000000000
48670  -37.790  -16.859  37.930 0.0000000000
30581  -16.690  -36.980  43.747 0.0000000000
30570  -17.014  -36.757  44.425 0.0000000000
32175  -19.836  -34.411  44.142 0.0000000000
33778  -24.410  -33.076  43.398 0.0000000000
32187  -23.662  -33.846  43.511 0.0000000000
129133  -22.823  -34.389  42.951 0.0000000000
32199  -24.087  -34.755  42.911 0.0000000000
31381  -24.670  -35.571  41.847 0.0000000000
118023  -25.249  -34.641  42.898 0.0000000000
110759  -28.767  -35.366  41.581 0.0000000000
113041  -28.953  -36.139  40.551 0.0000000000
112692  -29.396  -35.034  41.731 0.0000000000
110777  -32.091  -32.736  40.538 0.0000000000
110774  -30.894  -33.425  41.182 0.0000000000
112702  -31.706  -33.516  41.009 0.0000000000
127342  -31.678  -34.514  41.264 0.0000000000
111703  -32.259  -34.290  40.802 0.0000000000
111743  -32.640  -34.482  40.146 0.0000000000
112670  -33.368  -33.270  40.412 0.0000000000
123504  -34.443  -30.512  40.132 0.0000000000
34595  -34.709  -32.023  39.680 0.0000000000
35368  -35.025  -31.445  39.512 0.0000000000
123031  -35.504  -30.516  39.152 0.0000000000
128057  -33.184  -27.568  39.326 0.0000000000
39182  -33.691  -26.495  39.447 0.0000000000
40088  -35.446  -25.831  40.812 0.0000000000
38307  -35.072  -27.025  40.821 0.0000000000
38318  -36.055  -27.376  39.672 0.0000000000
37563  -36.081  -28.186  39.189 0.0000000000
38319  -36.520  -27.488  39.026 0.0000000000
39183  -37.238  -26.168  38.857 0.0000000000
42707  -38.100  -23.246  39.256 0.0000000000
41057  -37.938  -24.627  38.161 0.0000000000
41933  -38.093  -23.903  38.391 0.0000000000
41942  -38.589  -23.533  37.165 0.0000000000
122033  -16.324  -33.895  44.722 0.0000000000
32164  -15.835  -34.748  45.511 0.0000000000
30558  -15.123  -36.026  45.356 0.0000000000
45085  -40.680  -20.312  36.950 0.0000000000
45095  -41.287  -20.021  36.454 0.0000000000
47754  -42.733  -17.487  35.253 0.0000000000
53055  -41.166  -12.146  33.608 0.0000000000
52172  -41.642  -12.824  34.833 0.0000000000
53057  -42.688  -11.885  33.990 0.0000000000
51362  -46.606  -13.247  31.497 0.0000000000
51347  -45.568  -14.086  32.726 0.0000000000
124416  -43.889  -10.400  23.791 0.0000000000
55924  -43.140  -9.907  23.290 0.0000000000
117771  -43.020  -11.063  23.816 0.0000000000
54113  -42.285  -10.666  24.684 0.0000000000
53203  -42.912  -11.809  24.109 0.0000000000
52295  -43.221  -12.755  24.893 0.0000000000
59391  -46.670  -5.198  22.087 0.0000000000
126221  -48.572  -6.335  24.423 0.0000000000
60224  -47.657  -4.805  23.289 0.0000000000
62007  -48.349  -3.671  23.868 0.0000000000
43472  -37.484  -22.403  39.939 0.0000000000
44255  -38.277  -20.746  39.901 0.0000000000
136080  -37.116  -20.501  40.651 0.0000000000
45855  -36.919  -19.461  40.392 0.0000000000
46722  -36.137  -18.453  38.248 0.0000000000
32962  -17.019  -33.989  44.780 0.0000000000
31352  -17.983  -35.090  44.870 0.0000000000
32967  -20.492  -33.616  43.979 0.0000000000
110785  -32.239  -31.841  40.133 0.0000000000
110786  -33.305  -32.635  40.482 0.0000000000
35354  -32.627  -31.040  40.092 0.0000000000
35355  -33.418  -30.665  40.378 0.0000000000
36099  -34.219  -29.642  40.442 0.0000000000
41041  -34.061  -24.885  39.025 0.0000000000
123257  -34.194  -25.371  39.789 0.0000000000
41021  -34.906  -24.632  40.636 0.0000000000
120140  -35.287  -25.137  40.988 0.0000000000
41023  -36.174  -24.711  40.386 0.0000000000
40090  -36.682  -25.094  39.764 0.0000000000
41920  -36.473  -24.035  40.289 0.0000000000
42701  -37.068  -23.043  40.160 0.0000000000
118266  -17.039  -33.433  43.239 0.0000000000
47727  -40.888  -17.289  38.011 0.0000000000
46750  -41.688  -18.524  36.560 0.0000000000
48685  -41.264  -16.813  37.660 0.0000000000
49606  -41.825  -15.728  36.582 0.0000000000
49619  -42.657  -15.537  35.392 0.0000000000
54016  -42.569  -10.773  32.247 0.0000000000
53983  -43.225  -11.438  33.543 0.0000000000
54899  -44.857  -10.713  32.241 0.0000000000
54018  -46.096  -11.472  31.519 0.0000000000
112832  -46.024  -7.945  24.031 0.0000000000
112464  -44.754  -8.696  23.525 0.0000000000
112477  -46.756  -8.863  25.393 0.0000000000
112793  -45.811  -9.623  24.826 0.0000000000
44308  -33.593  -21.111  37.546 0.0000000000
121230  -33.823  -22.210  38.180 0.0000000000
51313  -39.861  -13.519  35.029 0.0000000000
54029  -40.951  -11.093  31.113 0.0000000000
54919  -41.308  -10.491  30.582 0.0000000000
55829  -41.728  -9.500  29.650 0.0000000000
56720  -42.389  -8.623  28.661 0.0000000000
111003  -45.814  -8.133  22.287 0.0000000000
115847  -46.807  -7.546  23.697 0.0000000000
110999  -49.267  -8.178  24.727 0.0000000000
112523  -49.564  -9.885  22.649 0.0000000000
59393  -50.088  -7.597  24.946 0.0000000000
58564  -49.781  -7.593  21.271 0.0000000000
43502  -39.200  -22.208  36.752 0.0000000000
119632  -39.752  -21.275  37.219 0.0000000000
120987  -39.820  -19.775  38.483 0.0000000000
45060  -39.177  -20.226  39.410 0.0000000000
126084  -39.465  -18.915  39.395 0.0000000000
46714  -39.870  -18.350  38.854 0.0000000000
48673  -40.146  -16.865  38.570 0.0000000000
49593  -39.191  -15.652  37.685 0.0000000000
45879  -34.180  -19.628  37.885 0.0000000000
46747  -35.202  -18.967  37.006 0.0000000000
47740  -36.939  -18.032  36.551 0.0000000000
31362  -14.902  -35.679  42.799 0.0000000000
31376  -15.810  -35.829  42.576 0.0000000000
31395  -21.306  -35.379  40.654 0.0000000000
33782  -20.386  -32.710  42.919 0.0000000000
33774  -21.062  -33.192  43.907 0.0000000000
32981  -21.986  -33.727  43.869 0.0000000000
31378  -22.161  -34.865  41.815 0.0000000000
30618  -25.544  -36.119  40.530 0.0000000000
115303  -26.679  -36.191  39.728 0.0000000000
110768  -29.355  -33.690  41.819 0.0000000000
113194  -29.998  -33.338  41.357 0.0000000000
128040  -29.962  -33.989  42.085 0.0000000000
110767  -30.852  -34.794  41.628 0.0000000000
110758  -30.852  -35.559  40.176 0.0000000000
33810  -33.865  -32.815  40.198 0.0000000000
37561  -32.904  -28.091  39.181 0.0000000000
117209  -33.522  -28.682  40.246 0.0000000000
36853  -34.096  -28.787  40.510 0.0000000000
39166  -34.460  -27.016  40.689 0.0000000000
117952  -34.795  -27.607  40.630 0.0000000000
36855  -35.103  -29.167  39.871 0.0000000000
36867  -35.584  -29.376  39.254 0.0000000000
36875  -36.495  -29.588  37.960 0.0000000000
118760  -38.329  -26.444  36.472 0.0000000000
40105  -37.696  -24.992  38.643 0.0000000000
40150  -38.302  -25.546  37.189 0.0000000000
40168  -38.457  -25.364  36.772 0.0000000000
41090  -38.401  -24.756  36.046 0.0000000000
30579  -14.667  -36.260  44.258 0.0000000000
51297  -40.764  -13.632  35.800 0.0000000000
51299  -42.314  -13.933  35.438 0.0000000000
50495  -43.544  -15.248  34.481 0.0000000000
52186  -44.100  -12.731  33.993 0.0000000000
51331  -44.494  -14.331  33.727 0.0000000000
49632  -44.298  -16.035  33.406 0.0000000000
57615  -40.821  -7.818  26.528 0.0000000000
56751  -42.483  -8.376  27.417 0.0000000000
132244  -43.832  -9.231  22.886 0.0000000000
115417  -42.159  -9.871  23.070 0.0000000000
55916  -41.442  -9.283  24.588 0.0000000000
55902  -42.106  -9.108  26.124 0.0000000000
54088  -43.169  -10.729  26.912 0.0000000000
53180  -43.625  -12.352  26.422 0.0000000000
31374  -13.715  -35.323  41.473 0.0000000000
118319  -35.028  -20.954  40.153 0.0000000000
45046  -35.595  -20.525  40.417 0.0000000000
45059  -34.553  -20.572  39.356 0.0000000000
130120  -31.475  -29.743  38.364 0.0000000000
43484  -34.378  -21.899  39.635 0.0000000000
43469  -34.673  -22.422  40.160 0.0000000000
43470  -34.964  -21.803  40.388 0.0000000000
43453  -35.616  -22.215  40.830 0.0000000000
122158  -39.452  -14.604  36.554 0.0000000000
50467  -39.961  -14.579  36.733 0.0000000000
51283  -39.734  -14.193  36.193 0.0000000000
122502  -43.338  -9.175  29.113 0.0000000000
54937  -44.707  -9.788  29.914 0.0000000000
54973  -44.177  -9.962  28.693 0.0000000000
135534  -44.603  -10.622  28.605 0.0000000000
54079  -44.094  -10.770  28.039 0.0000000000
115572  -48.631  -10.543  23.592 0.0000000000
58549  -47.487  -6.496  22.105 0.0000000000
111010  -48.448  -6.469  23.863 0.0000000000
127666  -49.273  -6.981  24.549 0.0000000000
58550  -48.908  -6.678  24.476 0.0000000000
43486  -38.686  -22.014  38.814 0.0000000000
129110  -36.730  -17.860  38.737 0.0000000000
47697  -37.609  -17.874  39.339 0.0000000000
135525  -37.433  -17.616  38.715 0.0000000000
131257  -16.346  -35.851  45.142 0.0000000000
31349  -17.116  -35.611  45.045 0.0000000000
32183  -20.332  -34.765  43.860 0.0000000000
32984  -24.458  -33.819  43.428 0.0000000000
32983  -23.854  -33.446  43.611 0.0000000000
134125  -24.082  -34.269  43.301 0.0000000000
32200  -24.657  -34.482  43.144 0.0000000000
31368  -24.778  -35.095  42.591 0.0000000000
129400  -28.285  -34.219  41.940 0.0000000000
110762  -28.745  -34.620  41.837 0.0000000000
111821  -29.663  -34.319  42.150 0.0000000000
110778  -32.372  -33.520  40.828 0.0000000000
127137  -32.040  -34.033  41.031 0.0000000000
111721  -32.857  -33.816  40.543 0.0000000000
35356  -34.597  -31.337  39.917 0.0000000000
35357  -35.064  -30.693  39.666 0.0000000000
135813  -35.851  -26.046  40.303 0.0000000000
39167  -35.449  -26.510  40.619 0.0000000000
39168  -36.011  -26.638  40.004 0.0000000000
131237  -36.594  -26.769  39.291 0.0000000000
38325  -37.095  -27.044  38.444 0.0000000000
42711  -38.252  -23.416  38.773 0.0000000000
42712  -38.466  -23.257  38.232 0.0000000000
32172  -16.429  -34.304  45.213 0.0000000000
32165  -16.441  -35.109  45.339 0.0000000000
31347  -15.805  -35.591  45.417 0.0000000000
45897  -40.964  -19.585  37.034 0.0000000000
47760  -43.176  -17.307  34.663 0.0000000000
122325  -43.128  -18.031  34.859 0.0000000000
47761  -43.622  -17.975  34.229 0.0000000000
47762  -43.947  -17.398  33.621 0.0000000000
53085  -41.456  -11.735  33.244 0.0000000000
53056  -41.867  -11.879  33.763 0.0000000000
110998  -44.069  -9.047  22.074 0.0000000000
54120  -43.639  -11.403  23.548 0.0000000000
119701  -37.172  -21.672  40.312 0.0000000000
119722  -37.868  -21.578  39.888 0.0000000000
44242  -36.782  -20.984  40.734 0.0000000000
45854  -35.506  -19.881  39.990 0.0000000000
120809  -36.066  -19.327  40.020 0.0000000000
46699  -36.588  -18.743  39.883 0.0000000000
46710  -35.676  -18.748  38.762 0.0000000000
32976  -17.404  -33.640  44.061 0.0000000000
32979  -19.770  -33.645  43.908 0.0000000000
35367  -31.131  -30.822  39.105 0.0000000000
110791  -32.976  -31.878  40.386 0.0000000000
36098  -32.792  -30.135  40.088 0.0000000000
123532  -33.565  -29.890  40.392 0.0000000000
131935  -33.743  -29.232  40.416 0.0000000000
119266  -34.136  -24.125  39.507 0.0000000000
41020  -34.425  -24.768  39.964 0.0000000000
121196  -34.569  -24.174  40.090 0.0000000000
41910  -35.348  -23.518  40.835 0.0000000000
41004  -35.407  -24.317  40.929 0.0000000000
133839  -35.546  -24.546  40.977 0.0000000000
41022  -35.525  -25.054  40.880 0.0000000000
41005  -35.843  -24.330  40.850 0.0000000000
41912  -36.056  -23.815  40.776 0.0000000000
42691  -36.480  -22.846  40.570 0.0000000000
43471  -36.917  -22.401  40.299 0.0000000000
48674  -40.734  -16.701  38.136 0.0000000000
49586  -40.911  -16.008  37.705 0.0000000000
49607  -42.280  -16.084  35.870 0.0000000000
50470  -42.144  -15.196  36.025 0.0000000000
54908  -43.005  -10.438  31.695 0.0000000000
54897  -43.316  -10.707  32.337 0.0000000000
54909  -43.802  -10.321  31.698 0.0000000000
54050  -45.823  -10.946  30.056 0.0000000000
54031  -45.789  -10.751  31.174 0.0000000000
53140  -46.632  -12.082  30.352 0.0000000000
53126  -46.830  -12.644  30.586 0.0000000000
53149  -46.784  -12.353  29.352 0.0000000000
111006  -46.678  -8.102  25.114 0.0000000000
130714  -45.987  -10.442  24.155 0.0000000000
124760  -33.647  -21.934  37.537 0.0000000000
55849  -41.429  -9.209  29.073 0.0000000000
55850  -42.173  -8.887  29.196 0.0000000000
56733  -41.568  -8.239  27.975 0.0000000000
111002  -46.646  -7.149  21.859 0.0000000000
127625  -45.974  -7.672  21.461 0.0000000000
133119  -45.664  -8.259  21.287 0.0000000000
112350  -46.387  -7.542  22.641 0.0000000000
110991  -49.811  -9.121  22.910 0.0000000000
57678  -49.991  -8.714  22.316 0.0000000000
59381  -49.858  -6.556  25.266 0.0000000000
59382  -49.937  -7.210  25.422 0.0000000000
59406  -50.689  -6.952  22.390 0.0000000000
58552  -50.520  -7.604  22.900 0.0000000000
42730  -38.895  -22.665  36.456 0.0000000000
44277  -39.483  -20.991  38.425 0.0000000000
44293  -39.631  -21.194  37.842 0.0000000000
45071  -39.854  -20.529  38.117 0.0000000000
45048  -38.089  -20.076  40.227 0.0000000000
44256  -38.779  -20.691  39.523 0.0000000000
45049  -38.718  -20.092  39.868 0.0000000000
47683  -38.992  -18.143  39.594 0.0000000000
46713  -39.467  -18.209  39.421 0.0000000000
47700  -39.838  -17.623  38.974 0.0000000000
48658  -39.562  -17.170  38.943 0.0000000000
121255  -38.295  -16.372  37.718 0.0000000000
49583  -38.894  -16.129  38.097 0.0000000000
30593  -15.281  -36.259  43.659 0.0000000000
134618  -15.521  -36.097  43.098 0.0000000000
29807  -16.999  -37.118  43.731 0.0000000000
134180  -18.461  -34.678  44.643 0.0000000000
116636  -18.563  -35.396  44.510 0.0000000000
30606  -20.020  -36.326  41.615 0.0000000000
30607  -20.852  -35.665  41.781 0.0000000000
30617  -20.595  -35.873  41.079 0.0000000000
123099  -21.255  -35.413  41.260 0.0000000000
33783  -20.835  -32.773  43.387 0.0000000000
32185  -22.071  -34.267  43.400 0.0000000000
32198  -23.474  -34.770  42.579 0.0000000000
131694  -22.830  -34.770  42.194 0.0000000000
31379  -22.988  -34.975  41.483 0.0000000000
112876  -22.034  -35.006  41.161 0.0000000000
31396  -22.858  -34.887  40.821 0.0000000000
117566  -24.894  -35.913  41.056 0.0000000000
31398  -25.623  -36.038  41.084 0.0000000000
31383  -27.411  -35.362  41.656 0.0000000000
119684  -26.705  -35.466  41.746 0.0000000000
30609  -26.942  -35.793  41.241 0.0000000000
117593  -26.826  -36.107  40.523 0.0000000000
110748  -27.629  -36.229  40.523 0.0000000000
110749  -29.340  -36.211  39.072 0.0000000000
111581  -30.572  -33.920  41.748 0.0000000000
110770  -30.568  -34.297  41.915 0.0000000000
110771  -31.173  -34.482  41.653 0.0000000000
130648  -31.992  -34.817  40.474 0.0000000000
127405  -31.458  -35.101  40.835 0.0000000000
127646  -31.460  -35.368  39.817 0.0000000000
112427  -30.703  -35.818  39.136 0.0000000000
127372  -33.348  -34.108  39.891 0.0000000000
111718  -32.892  -34.754  39.012 0.0000000000
32235  -33.601  -34.304  39.072 0.0000000000
37569  -32.663  -28.103  38.361 0.0000000000
38317  -33.564  -27.232  39.779 0.0000000000
37552  -33.371  -27.981  39.960 0.0000000000
37553  -33.949  -28.096  40.394 0.0000000000
40087  -34.702  -25.495  40.587 0.0000000000
39153  -34.563  -26.368  40.700 0.0000000000
39154  -34.835  -26.624  40.959 0.0000000000
119674  -35.156  -27.605  40.493 0.0000000000
37555  -34.995  -28.282  40.275 0.0000000000
37562  -35.488  -28.629  39.595 0.0000000000
37564  -36.732  -28.010  38.423 0.0000000000
37570  -36.368  -28.837  38.463 0.0000000000
38332  -37.613  -26.966  37.589 0.0000000000
39214  -38.307  -26.116  37.019 0.0000000000
41042  -37.232  -24.716  39.303 0.0000000000
40104  -37.272  -25.408  39.110 0.0000000000
40185  -38.518  -25.416  36.151 0.0000000000
41082  -38.453  -24.854  36.693 0.0000000000
41954  -38.426  -24.019  36.579 0.0000000000
42723  -38.686  -23.292  36.699 0.0000000000
30568  -15.586  -36.435  44.603 0.0000000000
30567  -14.886  -36.324  44.910 0.0000000000
122573  -15.309  -36.450  44.383 0.0000000000
30592  -14.370  -35.949  43.393 0.0000000000
46751  -42.175  -18.426  35.981 0.0000000000
51296  -40.057  -13.713  35.731 0.0000000000
52173  -42.429  -12.998  34.849 0.0000000000
52159  -41.926  -13.320  35.270 0.0000000000
51314  -42.896  -13.686  34.942 0.0000000000
51300  -42.878  -14.353  35.145 0.0000000000
51315  -43.457  -14.468  34.596 0.0000000000
53086  -44.799  -11.698  33.218 0.0000000000
53058  -43.580  -12.101  33.997 0.0000000000
53059  -44.396  -12.228  33.647 0.0000000000
51332  -45.085  -14.299  33.284 0.0000000000
50505  -44.832  -15.065  33.222 0.0000000000
50496  -44.135  -15.108  33.862 0.0000000000
121087  -44.613  -15.660  33.061 0.0000000000
57617  -41.846  -7.771  26.666 0.0000000000
56750  -42.121  -7.970  26.366 0.0000000000
112277  -45.683  -8.437  24.584 0.0000000000
112625  -44.377  -9.190  23.709 0.0000000000
55935  -41.396  -9.670  22.904 0.0000000000
55923  -41.504  -9.699  23.743 0.0000000000
55915  -41.159  -8.945  24.264 0.0000000000
55008  -41.911  -10.158  24.259 0.0000000000
54104  -42.255  -10.844  25.211 0.0000000000
54987  -42.095  -10.094  25.659 0.0000000000
54994  -42.438  -10.821  25.805 0.0000000000
54988  -42.582  -10.114  26.454 0.0000000000
54096  -42.786  -11.187  26.242 0.0000000000
54097  -43.328  -11.610  26.681 0.0000000000
134242  -42.990  -11.914  26.110 0.0000000000
44241  -36.256  -21.353  40.821 0.0000000000
45035  -36.217  -20.722  40.774 0.0000000000
45866  -34.914  -19.885  39.395 0.0000000000
36110  -31.630  -30.269  39.323 0.0000000000
123618  -32.113  -30.379  39.776 0.0000000000
36866  -32.820  -28.771  39.630 0.0000000000
41918  -34.413  -23.562  39.855 0.0000000000
42699  -34.752  -23.117  40.318 0.0000000000
42689  -35.704  -23.072  40.945 0.0000000000
123206  -36.079  -23.331  40.864 0.0000000000
43454  -36.050  -21.869  40.888 0.0000000000
49594  -39.906  -15.615  37.753 0.0000000000
50458  -40.375  -15.255  37.322 0.0000000000
50468  -40.763  -14.711  36.724 0.0000000000
55819  -43.452  -9.750  30.541 0.0000000000
55820  -44.292  -9.741  30.601 0.0000000000
55833  -44.351  -9.643  30.131 0.0000000000
54938  -45.341  -10.289  30.275 0.0000000000
130834  -45.762  -11.126  29.584 0.0000000000
53148  -45.972  -11.858  29.132 0.0000000000
54063  -45.236  -10.987  29.021 0.0000000000
54080  -44.757  -11.372  28.302 0.0000000000
110990  -47.959  -10.433  24.121 0.0000000000
112994  -47.983  -6.989  24.066 0.0000000000
111650  -49.985  -7.993  24.045 0.0000000000
60216  -49.873  -5.225  25.183 0.0000000000
59383  -50.256  -6.784  25.077 0.0000000000
59374  -50.238  -5.907  24.979 0.0000000000
59395  -50.580  -6.224  23.908 0.0000000000
60247  -50.668  -5.988  21.781 0.0000000000
42715  -38.748  -23.068  37.591 0.0000000000
43497  -39.060  -22.399  37.327 0.0000000000
44292  -39.160  -21.630  38.282 0.0000000000
46701  -38.321  -18.912  40.112 0.0000000000
47682  -38.368  -18.320  39.799 0.0000000000
47698  -38.523  -17.683  39.346 0.0000000000
48657  -38.852  -17.094  38.965 0.0000000000
48684  -37.895  -16.738  37.248 0.0000000000
30569  -16.341  -36.796  44.254 0.0000000000
30582  -17.547  -37.112  43.928 0.0000000000
32196  -21.395  -34.773  42.991 0.0000000000
120248  -23.512  -34.306  43.176 0.0000000000
31367  -24.043  -35.236  42.270 0.0000000000
31380  -23.986  -35.460  41.483 0.0000000000
133721  -25.215  -35.462  42.087 0.0000000000
110754  -28.135  -35.340  41.599 0.0000000000
110750  -28.331  -35.974  41.011 0.0000000000
113786  -29.064  -35.696  41.251 0.0000000000
110760  -29.731  -35.591  41.082 0.0000000000
110773  -31.175  -32.708  40.495 0.0000000000
33037  -33.605  -33.501  40.116 0.0000000000
123748  -34.025  -31.203  40.308 0.0000000000
34585  -34.254  -32.044  40.111 0.0000000000
35370  -35.830  -30.672  38.616 0.0000000000
39195  -33.222  -26.894  37.987 0.0000000000
39181  -33.278  -26.966  38.947 0.0000000000
40080  -35.224  -25.677  41.046 0.0000000000
39155  -35.097  -26.359  41.031 0.0000000000
38308  -35.512  -27.180  40.308 0.0000000000
39197  -37.681  -26.296  38.065 0.0000000000
41922  -37.742  -23.672  39.504 0.0000000000
41043  -37.627  -24.214  38.935 0.0000000000
41928  -37.990  -23.702  39.015 0.0000000000
41058  -38.121  -24.307  37.763 0.0000000000
41072  -38.310  -24.237  37.211 0.0000000000
41934  -38.400  -23.741  37.737 0.0000000000
32974  -15.764  -33.732  44.359 0.0000000000
32171  -15.813  -34.049  45.130 0.0000000000
30559  -15.906  -36.314  44.940 0.0000000000
47743  -42.273  -17.628  35.846 0.0000000000
45913  -42.485  -18.970  35.618 0.0000000000
46761  -42.726  -18.389  35.365 0.0000000000
52185  -40.726  -12.569  34.081 0.0000000000
52171  -40.906  -12.855  34.732 0.0000000000
53035  -41.379  -12.402  34.258 0.0000000000
53036  -42.136  -12.347  34.414 0.0000000000
53037  -42.913  -12.513  34.412 0.0000000000
52200  -46.179  -13.018  32.125 0.0000000000
52199  -45.719  -13.243  32.699 0.0000000000
55011  -44.875  -9.736  24.364 0.0000000000
55925  -44.140  -9.738  23.914 0.0000000000
55010  -42.966  -10.415  23.692 0.0000000000
54119  -42.578  -10.804  24.192 0.0000000000
54114  -42.522  -11.393  24.714 0.0000000000
53197  -42.786  -12.201  24.807 0.0000000000
53190  -43.182  -12.506  25.641 0.0000000000
59392  -47.969  -6.235  22.561 0.0000000000
60236  -48.083  -5.700  23.213 0.0000000000
60225  -48.649  -5.832  24.550 0.0000000000
61105  -48.319  -4.712  24.067 0.0000000000
61095  -49.008  -4.512  24.642 0.0000000000
62008  -49.291  -3.407  24.329 0.0000000000
43485  -38.112  -22.417  39.390 0.0000000000
44275  -38.505  -21.435  39.420 0.0000000000
44254  -37.547  -20.767  40.398 0.0000000000
45037  -37.396  -20.068  40.518 0.0000000000
45036  -36.767  -20.278  40.697 0.0000000000
46712  -36.963  -18.283  39.488 0.0000000000
125911  -17.525  -34.567  44.988 0.0000000000
133986  -18.088  -34.427  44.787 0.0000000000
32965  -19.379  -34.033  44.209 0.0000000000
32966  -20.005  -33.935  44.105 0.0000000000
119096  -31.446  -31.946  39.979 0.0000000000
115705  -32.696  -32.425  40.481 0.0000000000
129890  -33.373  -31.372  40.388 0.0000000000
124801  -33.986  -30.380  40.375 0.0000000000
40103  -33.912  -25.737  39.150 0.0000000000
40089  -36.004  -25.414  40.352 0.0000000000
41024  -36.725  -24.505  39.823 0.0000000000
41913  -36.506  -23.467  40.455 0.0000000000
41921  -37.169  -23.574  39.969 0.0000000000
42702  -37.738  -23.148  39.765 0.0000000000
32975  -16.494  -33.568  43.965 0.0000000000
46732  -40.749  -18.051  37.749 0.0000000000
46733  -41.119  -18.690  37.085 0.0000000000
47728  -41.347  -17.711  37.268 0.0000000000
48686  -41.650  -17.022  37.078 0.0000000000
49595  -41.549  -16.256  37.186 0.0000000000
48701  -41.968  -16.747  36.403 0.0000000000
48702  -42.365  -16.885  35.677 0.0000000000
48714  -42.784  -16.502  35.129 0.0000000000
119960  -42.169  -11.164  32.760 0.0000000000
53982  -42.439  -11.428  33.417 0.0000000000
54001  -42.882  -11.056  32.913 0.0000000000
54003  -44.443  -11.129  32.855 0.0000000000
54004  -45.142  -11.324  32.581 0.0000000000
54911  -45.136  -10.324  31.485 0.0000000000
54017  -45.523  -10.982  31.904 0.0000000000
54005  -45.777  -11.688  32.249 0.0000000000
53109  -46.675  -12.714  31.159 0.0000000000
112433  -44.852  -8.609  23.131 0.0000000000
130239  -45.654  -8.267  24.237 0.0000000000
54121  -44.852  -10.517  23.925 0.0000000000
44273  -34.101  -21.243  38.977 0.0000000000
45058  -34.074  -20.508  38.557 0.0000000000
44291  -33.852  -20.961  38.244 0.0000000000
117596  -34.021  -24.096  38.610 0.0000000000
121828  -33.953  -23.453  38.188 0.0000000000
42710  -33.958  -22.756  38.583 0.0000000000
124741  -34.034  -22.057  38.864 0.0000000000
50494  -39.232  -14.829  34.856 0.0000000000
51295  -39.490  -14.157  35.491 0.0000000000
51312  -39.471  -14.112  34.568 0.0000000000
52169  -39.861  -13.535  34.160 0.0000000000
53084  -40.982  -11.977  32.901 0.0000000000
53107  -40.836  -11.793  32.150 0.0000000000
54014  -41.242  -11.272  31.798 0.0000000000
54015  -41.893  -10.992  32.051 0.0000000000
54907  -42.306  -10.563  31.561 0.0000000000
54920  -42.090  -10.255  30.869 0.0000000000
135895  -41.318  -10.025  30.010 0.0000000000
55818  -42.671  -9.769  30.332 0.0000000000
55831  -43.063  -9.472  29.766 0.0000000000
56721  -42.790  -8.891  28.823 0.0000000000
55875  -42.959  -8.796  28.369 0.0000000000
112311  -45.077  -9.099  20.794 0.0000000000
111014  -47.926  -7.778  25.314 0.0000000000
111009  -47.977  -7.252  24.406 0.0000000000
110981  -49.002  -10.852  22.527 0.0000000000
112808  -50.077  -7.763  24.124 0.0000000000
58537  -50.335  -7.839  23.700 0.0000000000
134614  -50.424  -7.662  23.836 0.0000000000
43498  -39.421  -21.750  37.010 0.0000000000
133199  -39.866  -21.281  36.765 0.0000000000
45084  -40.110  -20.716  37.420 0.0000000000
45072  -40.228  -19.852  37.618 0.0000000000
45881  -40.017  -19.039  38.215 0.0000000000
45868  -39.104  -19.500  39.693 0.0000000000
45869  -39.518  -19.658  39.198 0.0000000000
132756  -39.719  -19.122  38.874 0.0000000000
46723  -40.277  -18.351  38.159 0.0000000000
47714  -40.399  -17.594  38.465 0.0000000000
134996  -40.617  -17.092  38.386 0.0000000000
48672  -39.290  -16.623  38.590 0.0000000000
49584  -39.665  -16.123  38.216 0.0000000000
50466  -39.012  -15.130  36.345 0.0000000000
45070  -34.354  -19.839  38.694 0.0000000000
45880  -34.761  -19.323  38.207 0.0000000000
45896  -34.687  -19.267  37.446 0.0000000000
46721  -35.336  -18.739  37.870 0.0000000000
126420  -35.969  -18.465  37.479 0.0000000000
47712  -36.555  -18.025  37.823 0.0000000000
135498  -36.907  -17.818  37.270 0.0000000000
133825  -37.413  -17.374  37.080 0.0000000000
49618  -38.997  -15.405  35.039 0.0000000000
31375  -14.437  -35.140  42.092 0.0000000000
130413  -15.120  -35.226  42.121 0.0000000000
31393  -15.718  -35.133  41.687 0.0000000000
30571  -17.868  -36.203  44.481 0.0000000000
113512  -20.250  -33.160  43.578 0.0000000000
32980  -21.224  -33.685  43.995 0.0000000000
32184  -21.188  -34.325  43.755 0.0000000000
31377  -21.557  -35.173  41.611 0.0000000000
31369  -25.601  -35.070  42.496 0.0000000000
31382  -25.883  -35.604  41.821 0.0000000000
30608  -26.310  -35.936  41.147 0.0000000000
30619  -26.075  -36.145  40.578 0.0000000000
111901  -28.150  -36.347  40.092 0.0000000000
112623  -27.929  -36.350  39.123 0.0000000000
112118  -28.623  -33.798  41.799 0.0000000000
127138  -29.394  -34.064  42.073 0.0000000000
127582  -30.282  -32.675  40.446 0.0000000000
112685  -30.162  -34.846  41.762 0.0000000000
128793  -30.455  -35.261  41.287 0.0000000000
110766  -31.307  -34.833  41.428 0.0000000000
110761  -30.946  -35.227  41.067 0.0000000000
112735  -30.298  -35.668  40.560 0.0000000000
112695  -30.092  -35.966  39.541 0.0000000000
33811  -34.366  -32.595  39.871 0.0000000000
33824  -34.199  -33.191  39.796 0.0000000000
37568  -32.250  -28.664  38.267 0.0000000000
37560  -32.527  -28.536  38.922 0.0000000000
36854  -34.551  -28.949  40.298 0.0000000000
40086  -34.096  -26.017  40.024 0.0000000000
39165  -33.974  -26.789  40.204 0.0000000000
38294  -34.990  -26.776  41.015 0.0000000000
38306  -34.761  -27.096  40.837 0.0000000000
115383  -34.402  -27.573  40.593 0.0000000000
37554  -34.441  -28.197  40.498 0.0000000000
36111  -35.294  -29.942  39.494 0.0000000000
36112  -35.740  -30.049  38.907 0.0000000000
120777  -35.901  -28.924  39.032 0.0000000000
36868  -36.039  -29.520  38.655 0.0000000000
40125  -37.735  -25.620  38.368 0.0000000000
40126  -38.043  -25.261  37.894 0.0000000000
39198  -38.074  -25.809  37.653 0.0000000000
45898  -41.556  -19.346  36.528 0.0000000000
51285  -41.144  -14.201  36.214 0.0000000000
52158  -41.171  -13.208  35.307 0.0000000000
51298  -41.540  -13.761  35.698 0.0000000000
50480  -41.895  -14.399  35.979 0.0000000000
50481  -42.504  -14.723  35.527 0.0000000000
50482  -43.055  -15.013  35.004 0.0000000000
49620  -43.189  -15.771  34.764 0.0000000000
52174  -43.574  -12.917  34.299 0.0000000000
52175  -44.178  -13.520  34.031 0.0000000000
51316  -43.984  -14.229  34.160 0.0000000000
49631  -43.800  -15.877  34.174 0.0000000000
48725  -43.903  -16.628  33.816 0.0000000000
56732  -40.905  -8.673  27.699 0.0000000000
57601  -41.830  -8.006  27.511 0.0000000000
57602  -42.171  -8.081  27.415 0.0000000000
55891  -42.921  -8.899  27.690 0.0000000000
55947  -42.837  -9.509  22.255 0.0000000000
55936  -43.066  -9.584  22.853 0.0000000000
115989  -42.064  -9.671  22.425 0.0000000000
56776  -41.633  -7.742  24.420 0.0000000000
122293  -42.037  -8.037  24.921 0.0000000000
55000  -41.854  -10.128  24.943 0.0000000000
55909  -41.737  -9.204  25.337 0.0000000000
120359  -42.199  -7.952  25.552 0.0000000000
55903  -42.588  -8.945  26.979 0.0000000000
54981  -43.045  -9.736  27.292 0.0000000000
54982  -43.537  -10.332  27.596 0.0000000000
54089  -43.711  -11.238  27.317 0.0000000000
52273  -43.991  -12.077  27.061 0.0000000000
52285  -44.220  -12.985  26.177 0.0000000000
43490  -33.795  -21.565  38.246 0.0000000000
45857  -38.560  -19.448  40.077 0.0000000000
46698  -35.878  -18.740  39.550 0.0000000000
46711  -36.351  -18.489  39.099 0.0000000000
49639  -44.421  -16.097  32.519 0.0000000000
51282  -39.372  -14.544  36.086 0.0000000000
51361  -46.568  -13.864  31.198 0.0000000000
52160  -42.410  -13.447  35.177 0.0000000000
53060  -45.149  -12.559  33.181 0.0000000000
53087  -45.776  -12.439  32.508 0.0000000000
53108  -46.283  -12.359  31.747 0.0000000000
53125  -46.504  -12.099  31.010 0.0000000000
53160  -45.821  -12.355  28.485 0.0000000000
53161  -46.586  -12.681  28.671 0.0000000000
53984  -44.060  -11.520  33.497 0.0000000000
53999  -41.479  -11.468  32.592 0.0000000000
54002  -43.672  -11.033  32.986 0.0000000000
54030  -41.601  -10.741  31.359 0.0000000000
54032  -46.206  -11.412  30.769 0.0000000000
54051  -46.260  -11.513  30.187 0.0000000000
54081  -45.353  -11.777  28.606 0.0000000000
54898  -44.096  -10.661  32.384 0.0000000000
54910  -44.468  -10.063  31.269 0.0000000000
54921  -42.821  -10.169  31.024 0.0000000000
54923  -44.876  -9.989  30.891 0.0000000000
54925  -45.858  -10.771  30.542 0.0000000000
54936  -41.924  -9.862  30.224 0.0000000000
54953  -45.324  -10.444  29.715 0.0000000000
54972  -43.775  -9.951  28.180 0.0000000000
55811  -43.903  -9.967  31.031 0.0000000000
55821  -44.889  -9.848  30.437 0.0000000000
55830  -42.430  -9.314  29.728 0.0000000000
55832  -43.782  -9.534  29.895 0.0000000000
55852  -44.084  -9.426  29.373 0.0000000000
55874  -41.121  -8.955  28.412 0.0000000000
55892  -43.345  -9.429  27.996 0.0000000000
56707  -42.667  -9.070  29.197 0.0000000000
56708  -43.250  -9.324  29.327 0.0000000000
56719  -41.887  -8.603  28.585 0.0000000000
56734  -42.117  -8.249  28.086 0.0000000000
56735  -42.451  -8.460  28.188 0.0000000000
56749  -40.611  -8.460  27.040 0.0000000000
56760  -42.520  -7.329  25.510 0.0000000000
56761  -42.217  -8.179  26.368 0.0000000000
56768  -42.368  -6.889  25.036 0.0000000000
56777  -42.011  -7.752  24.611 0.0000000000
57616  -41.270  -7.833  27.184 0.0000000000
60217  -50.273  -4.934  24.710 0.0000000000
60226  -49.413  -6.447  25.849 0.0000000000
61096  -49.591  -4.412  24.861 0.0000000000
115518  -13.662  -35.784  43.290 0.0000000000
115834  -43.539  -13.662  34.455 0.0000000000
119584  -33.759  -20.486  37.875 0.0000000000
122704  -43.609  -17.180  34.157 0.0000000000
123947  -44.493  -10.401  31.841 0.0000000000
126053  -44.114  -9.445  29.809 0.0000000000
128227  -49.390  -5.292  25.408 0.0000000000
128682  -49.916  -6.103  25.654 0.0000000000
129600  -35.161  -19.025  38.570 0.0000000000
133455  -34.890  -19.449  38.865 0.0000000000
134754  -40.396  -15.731  37.759 0.0000000000
