#!ascii label  , from subject sub-v2s13x29100_ses-1 vox2ras=TkReg
895
71819  16.795  1.176  -34.430 0.2500000000
71831  17.631  0.773  -35.218 0.2500000000
70951  17.868  0.032  -35.224 0.7500000000
75202  16.914  4.682  -35.034 0.2500000000
74365  17.269  4.202  -35.666 0.1250000000
125845  17.271  3.545  -35.461 0.2500000000
128829  16.764  1.904  -34.327 0.2500000000
71830  18.326  1.161  -36.086 0.7500000000
121530  17.454  1.579  -35.124 0.3750000000
125447  18.649  -0.171  -35.880 0.8750000000
73513  17.532  2.911  -35.693 0.3750000000
73525  18.128  2.775  -36.456 0.8750000000
72713  18.046  2.090  -36.010 0.7500000000
70959  19.335  0.574  -36.985 1.0000000000
122351  18.792  1.487  -36.879 1.0000000000
70949  19.229  0.223  -36.767 1.0000000000
123521  19.386  0.056  -36.670 1.0000000000
76059  17.159  5.850  -35.633 0.2500000000
74374  17.738  4.443  -36.421 0.7500000000
74373  18.412  3.996  -36.989 0.8750000000
73524  18.639  3.030  -37.017 0.8750000000
119862  17.792  3.549  -36.362 0.7500000000
72719  19.311  1.416  -36.892 1.0000000000
71845  19.148  0.985  -37.059 1.0000000000
72720  19.022  2.001  -36.927 1.0000000000
133959  20.251  0.435  -36.260 1.0000000000
70948  19.387  0.346  -36.884 1.0000000000
132644  19.339  0.473  -36.940 1.0000000000
135992  16.870  5.359  -35.175 0.1250000000
138020  17.695  4.999  -36.453 0.6250000000
75220  18.249  4.938  -36.910 0.8750000000
123642  20.130  1.093  -36.489 1.0000000000
124917  19.418  2.296  -36.842 1.0000000000
73523  19.226  2.952  -37.058 1.0000000000
71829  20.917  0.780  -35.963 1.0000000000
70065  22.433  -0.113  -35.378 1.0000000000
70947  20.899  0.218  -35.655 1.0000000000
81506  15.847  13.449  -38.948 0.2500000000
133825  17.259  7.007  -35.914 0.2500000000
76930  17.454  6.459  -36.177 0.5000000000
76066  18.434  5.794  -37.194 1.0000000000
76937  18.024  6.472  -36.998 0.6250000000
135998  19.418  4.236  -37.155 1.0000000000
74382  18.906  4.493  -37.181 1.0000000000
72710  20.810  1.937  -35.997 1.0000000000
72711  20.086  2.126  -36.504 1.0000000000
139223  20.349  3.825  -36.783 1.0000000000
72709  21.678  2.178  -35.775 1.0000000000
71827  22.273  1.017  -35.594 1.0000000000
121695  23.077  1.844  -35.323 1.0000000000
71818  23.012  1.068  -35.255 1.0000000000
80015  17.218  11.437  -37.453 0.5000000000
80016  16.125  11.504  -37.529 0.3750000000
79982  17.231  10.063  -36.710 0.3750000000
128558  17.741  8.904  -36.812 0.5000000000
129541  17.667  9.431  -36.933 0.5000000000
78494  18.492  7.774  -37.109 0.8750000000
76944  18.697  6.473  -37.462 1.0000000000
77716  18.978  7.606  -37.101 1.0000000000
75219  20.136  4.458  -36.995 1.0000000000
76943  19.359  6.328  -37.447 1.0000000000
123217  21.546  3.459  -36.001 1.0000000000
74370  20.934  4.316  -36.611 1.0000000000
73501  23.945  2.694  -35.136 1.0000000000
72702  22.445  2.419  -35.393 1.0000000000
71817  23.671  1.249  -35.148 0.8750000000
80755  17.555  12.266  -37.413 0.5000000000
79981  17.976  9.911  -37.177 0.5000000000
79980  18.813  10.157  -37.008 0.6250000000
78474  18.974  8.791  -36.886 0.6250000000
78486  19.171  8.261  -36.620 1.0000000000
78487  18.682  8.224  -37.021 0.7500000000
77722  19.446  6.963  -37.064 1.0000000000
75210  23.311  4.464  -34.671 1.0000000000
119452  22.380  4.969  -34.769 1.0000000000
75212  21.439  4.824  -36.264 1.0000000000
76065  20.746  5.651  -36.930 1.0000000000
74361  23.864  3.969  -34.747 1.0000000000
74363  22.124  3.825  -35.435 1.0000000000
74364  21.536  4.126  -36.104 1.0000000000
74360  24.815  3.977  -34.825 0.8750000000
74352  23.477  3.299  -35.034 1.0000000000
72700  24.453  2.112  -35.141 0.8750000000
79997  18.578  10.936  -37.115 0.5000000000
79208  19.319  9.300  -36.346 0.8750000000
77713  20.851  7.289  -33.622 1.0000000000
77714  19.966  7.408  -36.051 1.0000000000
76055  23.816  4.677  -34.397 1.0000000000
117551  21.958  5.949  -34.256 1.0000000000
129638  20.487  6.263  -36.736 1.0000000000
122969  25.521  5.125  -33.365 1.0000000000
126486  25.630  3.882  -35.123 1.0000000000
118693  24.400  4.438  -34.593 1.0000000000
76054  25.227  4.729  -34.365 1.0000000000
75209  25.591  4.535  -34.863 1.0000000000
79996  19.536  11.288  -36.635 0.5000000000
79979  19.785  10.275  -36.458 0.8750000000
79227  19.063  9.292  -34.110 1.0000000000
77702  23.838  7.104  -32.722 1.0000000000
78484  19.962  8.098  -33.893 1.0000000000
135870  27.080  7.042  -33.933 1.0000000000
76925  26.161  5.975  -33.178 1.0000000000
115967  27.871  6.013  -36.066 1.0000000000
76923  27.579  6.355  -34.290 1.0000000000
75217  27.811  4.912  -34.919 1.0000000000
137983  27.538  5.891  -34.322 1.0000000000
75207  27.655  4.525  -35.074 0.8750000000
79962  25.687  10.035  -35.133 1.0000000000
122484  25.370  9.952  -34.740 0.3750000000
79187  25.628  9.320  -34.542 0.8750000000
77684  24.984  8.282  -33.374 1.0000000000
77712  27.295  7.248  -34.786 1.0000000000
76908  26.914  7.557  -33.938 1.0000000000
80731  25.618  11.543  -35.297 0.8750000000
79974  25.820  10.631  -35.463 1.0000000000
130044  26.183  10.040  -35.430 1.0000000000
78453  25.903  8.497  -34.130 1.0000000000
77700  26.842  8.038  -34.894 1.0000000000
116111  27.378  7.568  -35.829 1.0000000000
121959  26.317  10.384  -35.828 1.0000000000
131109  26.714  10.073  -36.332 1.0000000000
79237  26.901  9.315  -37.494 1.0000000000
79225  26.965  9.248  -36.289 1.0000000000
78470  26.952  8.645  -35.682 1.0000000000
80730  26.065  11.173  -35.833 1.0000000000
80739  26.395  10.901  -36.380 1.0000000000
85602  23.286  16.922  -35.753 0.1250000000
86399  22.914  17.408  -35.583 0.1250000000
133339  24.012  17.290  -36.557 0.2500000000
86416  23.437  17.766  -36.807 0.1250000000
126584  24.181  17.727  -37.157 0.3750000000
87178  23.016  18.582  -37.649 0.2500000000
87166  24.405  18.234  -37.852 0.5000000000
87177  23.543  18.631  -38.096 0.2500000000
87864  23.962  19.224  -39.336 0.3750000000
87848  22.363  18.911  -37.415 0.2500000000
87856  22.736  18.970  -38.121 0.2500000000
87865  22.423  19.384  -38.772 0.2500000000
88612  22.019  19.847  -39.372 0.2500000000
87876  22.970  19.540  -39.611 0.2500000000
88631  22.056  20.383  -41.240 0.2500000000
88620  23.010  19.904  -40.632 0.3750000000
88621  22.151  19.996  -40.232 0.2500000000
124328  23.111  20.371  -41.540 0.3750000000
88643  22.578  20.925  -42.363 0.2500000000
71808  16.363  1.554  -33.853 0.1250000000
134503  17.224  2.348  -34.983 0.2500000000
73502  16.979  3.086  -34.759 0.1250000000
70066  20.888  -0.402  -35.297 1.0000000000
79228  19.216  8.710  -36.113 0.8750000000
138395  22.231  5.789  -33.407 1.0000000000
70913  16.073  0.457  -33.674 0.1250000000
70053  17.162  -0.442  -34.730 0.6250000000
69281  18.422  -1.306  -35.121 0.7500000000
74353  16.934  3.914  -34.877 0.1250000000
118193  18.633  -1.941  -35.114 1.0000000000
72695  16.563  2.175  -33.933 0.1250000000
70067  19.498  -0.695  -35.712 1.0000000000
70052  20.458  -1.149  -34.923 1.0000000000
136397  22.342  -0.821  -35.451 1.0000000000
77706  17.452  7.492  -36.129 0.3750000000
80000  14.931  11.077  -36.635 0.2500000000
79211  17.422  9.667  -36.190 0.2500000000
70930  23.452  0.593  -35.124 0.8750000000
73500  24.567  2.715  -35.151 0.8750000000
71816  24.279  1.483  -35.141 0.8750000000
115362  27.111  3.397  -35.500 0.8750000000
137752  24.218  8.789  -34.269 0.1250000000
80733  20.379  10.838  -35.987 0.3750000000
79207  20.039  9.354  -34.063 0.6250000000
76064  27.733  5.775  -34.795 1.0000000000
117167  26.640  4.121  -35.192 0.8750000000
79188  24.973  9.027  -34.339 0.3750000000
79205  21.718  9.344  -34.239 0.8750000000
140865  27.474  7.009  -35.376 1.0000000000
115809  27.258  7.214  -37.933 1.0000000000
115409  27.364  8.035  -37.534 1.0000000000
78493  27.249  8.872  -36.950 1.0000000000
81495  26.046  12.632  -35.949 0.8750000000
118943  26.251  12.244  -36.540 1.0000000000
80754  26.423  11.521  -36.920 1.0000000000
119365  26.898  9.686  -36.937 1.0000000000
85593  21.951  16.676  -35.212 0.1250000000
84769  22.793  15.606  -35.861 0.1250000000
84779  25.011  15.824  -36.384 0.6250000000
86406  24.627  17.174  -36.876 0.6250000000
135377  24.867  18.380  -38.474 0.5000000000
87160  22.773  18.103  -36.147 0.2500000000
87863  24.443  19.293  -39.817 0.5000000000
87169  22.172  18.863  -36.622 0.2500000000
87857  21.836  19.483  -37.926 0.2500000000
87875  23.793  19.558  -40.146 0.5000000000
87883  23.966  20.042  -41.109 0.5000000000
88613  21.291  20.289  -39.041 0.1250000000
121988  21.353  20.473  -40.628 0.2500000000
89331  21.647  21.598  -43.478 0.2500000000
88642  23.729  20.756  -42.526 0.3750000000
89330  23.014  21.641  -43.489 0.2500000000
88623  20.605  21.061  -40.500 0.1250000000
70920  16.265  0.816  -33.959 0.1250000000
70932  16.874  0.360  -34.587 0.3750000000
138912  16.773  2.468  -34.316 0.1250000000
70069  18.159  -0.634  -35.227 0.7500000000
70950  18.548  0.404  -36.087 0.8750000000
70068  18.998  -0.508  -35.865 1.0000000000
72712  18.627  2.288  -36.744 1.0000000000
71846  19.027  0.731  -37.000 1.0000000000
118149  20.010  -0.200  -36.090 1.0000000000
75221  17.695  5.640  -36.524 0.8750000000
74372  18.990  3.686  -37.311 1.0000000000
117372  21.436  1.319  -35.860 1.0000000000
74371  19.654  3.687  -37.093 1.0000000000
118949  21.783  0.542  -35.626 1.0000000000
118604  21.625  -0.184  -35.337 1.0000000000
78477  17.784  8.133  -36.435 0.3750000000
77705  17.853  7.846  -36.728 0.5000000000
77723  18.423  7.188  -37.216 0.8750000000
76072  19.007  5.922  -37.481 1.0000000000
75227  19.521  4.883  -37.265 1.0000000000
71828  22.328  1.641  -35.567 1.0000000000
116296  21.067  2.773  -36.258 1.0000000000
73522  20.094  3.049  -36.779 1.0000000000
73521  20.941  3.597  -36.432 1.0000000000
73512  21.930  2.973  -35.642 1.0000000000
72701  23.789  1.997  -35.155 1.0000000000
78488  18.223  8.113  -37.007 0.6250000000
79210  18.044  9.213  -37.201 0.6250000000
129703  18.991  6.937  -37.408 1.0000000000
77715  19.561  7.639  -36.495 1.0000000000
75218  20.868  5.019  -36.845 1.0000000000
75226  20.204  5.270  -37.240 1.0000000000
76070  20.041  5.900  -37.211 1.0000000000
73511  22.652  3.183  -35.206 1.0000000000
73510  24.303  3.279  -34.863 0.8750000000
70929  24.015  0.895  -35.286 0.8750000000
78485  19.453  8.182  -36.001 1.0000000000
76941  20.059  6.931  -36.522 1.0000000000
116515  22.511  4.388  -35.020 1.0000000000
76058  21.295  5.450  -36.391 1.0000000000
140180  21.971  5.277  -35.265 1.0000000000
73509  25.192  3.126  -35.146 0.8750000000
135808  21.988  6.902  -32.890 1.0000000000
76928  21.127  6.445  -33.441 1.0000000000
76936  20.713  6.537  -36.235 1.0000000000
76056  22.598  4.947  -34.705 1.0000000000
76929  21.439  5.731  -35.982 1.0000000000
122370  23.301  5.574  -33.445 1.0000000000
76053  26.363  5.054  -34.330 1.0000000000
75208  26.680  4.732  -34.810 1.0000000000
128292  20.051  10.002  -36.276 0.6250000000
79226  19.832  8.929  -33.734 1.0000000000
78473  20.688  8.153  -33.332 1.0000000000
78472  21.952  7.882  -32.950 1.0000000000
77704  21.506  6.937  -33.073 1.0000000000
78471  23.464  7.911  -32.798 1.0000000000
77683  25.679  7.445  -33.327 1.0000000000
77701  23.873  6.906  -32.914 1.0000000000
76935  27.836  6.450  -35.046 1.0000000000
127736  25.928  6.684  -33.158 1.0000000000
76927  23.087  6.510  -32.636 1.0000000000
128341  25.606  8.075  -33.584 1.0000000000
78456  23.104  8.278  -32.974 1.0000000000
78454  25.171  8.626  -33.977 1.0000000000
77682  26.226  7.846  -33.707 1.0000000000
81494  26.054  12.013  -35.809 0.8750000000
79186  26.122  9.445  -35.168 1.0000000000
78452  26.489  8.790  -35.177 1.0000000000
77681  26.486  8.206  -34.385 1.0000000000
137004  26.126  8.867  -34.757 1.0000000000
115395  27.389  8.165  -36.554 1.0000000000
79204  26.607  9.546  -35.672 1.0000000000
80013  26.605  10.636  -37.149 1.0000000000
134704  26.266  11.598  -36.280 1.0000000000
85592  22.769  16.817  -35.463 0.1250000000
85591  23.173  16.363  -35.762 0.1250000000
87167  23.581  18.188  -37.455 0.2500000000
84768  23.689  15.904  -35.875 0.3750000000
139270  24.376  16.815  -36.429 0.5000000000
87182  24.198  18.789  -38.599 0.5000000000
86415  24.915  17.567  -37.445 0.7500000000
134428  21.453  20.969  -42.132 0.2500000000
70037  16.269  -0.106  -34.104 0.2500000000
130133  16.035  -0.331  -33.481 0.1250000000
126818  16.762  -0.846  -34.359 0.6250000000
69282  17.537  -1.295  -34.818 0.7500000000
69294  19.002  -1.339  -35.192 1.0000000000
116402  21.896  9.533  -34.507 0.5000000000
79978  20.514  10.561  -35.960 0.6250000000
124996  21.843  8.584  -33.270 0.8750000000
79976  21.760  9.573  -34.752 0.7500000000
134083  23.702  8.851  -34.175 0.7500000000
78455  24.488  8.853  -33.692 1.0000000000
127311  26.306  12.135  -37.419 1.0000000000
80771  26.374  11.424  -37.724 1.0000000000
129838  23.523  15.094  -35.867 0.3750000000
85599  25.605  16.238  -36.843 0.7500000000
85600  24.898  16.553  -36.619 0.7500000000
133152  24.373  16.220  -36.182 0.5000000000
85611  25.307  16.926  -37.134 0.7500000000
88641  24.690  20.855  -42.861 0.3750000000
65874  19.441  -5.844  -34.601 0.7500000000
65872  21.121  -6.152  -35.440 0.7500000000
66776  19.024  -4.620  -34.408 0.7500000000
66777  18.180  -3.803  -34.109 0.7500000000
65889  20.656  -5.361  -35.148 0.7500000000
65890  19.835  -5.372  -35.039 0.7500000000
66791  19.803  -4.550  -35.009 0.7500000000
66792  18.981  -3.724  -34.773 0.7500000000
65888  21.384  -5.181  -35.717 0.7500000000
66790  20.670  -4.529  -35.134 0.7500000000
67688  19.632  -3.782  -34.889 0.7500000000
120470  18.191  -2.528  -35.005 0.7500000000
68488  18.162  -2.006  -35.042 0.6250000000
133859  19.179  -3.151  -35.003 0.8750000000
68487  18.627  -2.531  -35.242 0.8750000000
117948  21.400  -4.416  -35.548 0.7500000000
67687  20.395  -3.964  -34.927 0.7500000000
69280  19.117  -2.376  -35.112 0.8750000000
67686  21.494  -4.069  -35.651 0.7500000000
67676  20.677  -3.400  -34.653 0.7500000000
69279  20.399  -2.528  -34.381 0.8750000000
69293  19.570  -1.567  -34.963 0.8750000000
68484  22.233  -2.708  -35.022 0.7500000000
69278  21.464  -2.035  -34.578 0.8750000000
69276  23.017  -2.425  -35.565 0.8750000000
69277  22.372  -1.726  -35.167 0.8750000000
69292  23.220  -1.464  -35.636 0.8750000000
140175  22.995  -0.678  -35.529 0.8750000000
131797  24.816  -1.564  -37.538 0.3750000000
70076  24.286  -1.162  -36.760 0.6250000000
70064  23.613  -0.694  -35.926 0.7500000000
70050  23.197  -0.048  -35.347 0.7500000000
70083  25.382  -0.527  -38.174 0.5000000000
70075  24.678  -0.677  -37.738 0.5000000000
70958  24.628  0.268  -37.266 0.7500000000
70945  24.325  0.592  -36.009 0.7500000000
70965  26.091  0.196  -38.027 0.1250000000
70966  25.639  0.150  -38.063 0.3750000000
70957  25.356  0.675  -37.672 0.6250000000
71843  25.004  1.039  -36.557 0.6250000000
71826  24.638  1.243  -35.606 0.6250000000
71841  26.646  0.710  -36.909 0.1250000000
115363  26.355  0.946  -37.640 0.1250000000
138166  26.801  1.168  -37.047 0.1250000000
118681  27.276  2.292  -37.258 0.1250000000
72707  26.129  2.356  -36.624 0.6250000000
73519  27.028  2.790  -35.868 0.6250000000
73508  26.176  3.340  -35.482 0.7500000000
116090  27.884  1.825  -37.350 0.1250000000
116058  27.460  1.578  -38.149 0.1250000000
115926  27.715  2.139  -37.308 0.1250000000
116102  28.042  2.564  -36.168 0.5000000000
136139  27.725  3.115  -35.611 0.6250000000
116187  28.426  3.406  -35.786 0.7500000000
116004  28.738  2.251  -37.060 0.1250000000
115385  27.029  1.947  -38.138 0.5000000000
115964  25.977  2.217  -38.382 0.5000000000
116224  28.507  3.377  -36.478 0.6250000000
116511  28.202  3.965  -35.450 0.7500000000
81489  25.653  12.588  -35.366 0.6250000000
82302  25.298  13.332  -35.433 0.5000000000
134685  25.650  3.364  -38.383 0.6250000000
132160  27.291  5.270  -37.091 0.6250000000
115732  24.691  4.132  -38.840 0.5000000000
115714  25.698  5.469  -38.585 0.6250000000
133288  26.772  5.668  -37.789 0.7500000000
83071  25.540  13.963  -35.855 0.7500000000
132049  27.286  6.262  -36.799 0.8750000000
116205  27.026  8.690  -37.849 0.8750000000
79247  26.582  9.353  -38.341 0.8750000000
132188  26.860  6.435  -37.794 0.7500000000
115408  26.705  7.594  -39.031 0.8750000000
117616  27.126  8.061  -38.345 0.8750000000
116151  26.743  8.413  -38.834 0.8750000000
115819  23.732  3.936  -39.734 0.3750000000
132040  23.610  4.780  -39.392 0.5000000000
132012  24.603  5.751  -39.225 0.6250000000
115884  22.950  4.455  -41.379 0.2500000000
132175  22.790  4.539  -40.579 0.3750000000
115417  23.465  5.442  -40.237 0.5000000000
82313  25.888  13.292  -35.933 0.7500000000
82312  26.158  12.881  -36.408 0.8750000000
80029  26.392  10.730  -38.060 0.7500000000
80040  26.013  9.835  -39.000 0.8750000000
116072  25.348  6.895  -39.559 0.6250000000
116030  26.078  7.903  -39.992 0.7500000000
116214  22.664  5.054  -41.162 0.3750000000
132145  23.538  6.079  -40.911 0.5000000000
78506  25.741  8.687  -40.394 0.7500000000
83923  25.119  14.460  -35.882 0.6250000000
130891  26.194  13.439  -36.652 0.8750000000
82318  26.254  12.804  -37.066 0.8750000000
82324  26.325  13.485  -37.529 0.7500000000
80783  26.076  11.366  -38.569 0.8750000000
80041  25.345  10.380  -39.689 0.7500000000
115912  23.307  7.441  -42.498 0.2500000000
132014  22.789  7.906  -42.253 0.5000000000
116140  23.655  6.953  -40.394 0.5000000000
132182  24.581  6.268  -42.731 0.2500000000
83924  24.316  14.618  -35.808 0.5000000000
83932  25.033  15.073  -36.135 0.5000000000
84778  25.806  15.397  -36.615 0.6250000000
84777  26.330  15.278  -37.028 0.7500000000
83085  26.450  14.252  -37.543 0.7500000000
84789  26.510  15.454  -37.574 0.7500000000
83090  26.419  14.031  -38.245 0.7500000000
132744  26.237  13.220  -38.619 0.7500000000
83944  26.532  14.814  -37.942 0.7500000000
81530  25.736  12.518  -39.130 0.7500000000
81531  25.072  12.095  -40.000 0.7500000000
81545  25.089  12.847  -40.252 0.7500000000
80053  24.717  10.563  -40.886 0.5000000000
80805  24.258  11.454  -41.460 0.3750000000
80795  24.812  11.265  -40.250 0.6250000000
115419  22.970  8.562  -43.149 0.2500000000
125824  24.597  9.595  -42.072 0.3750000000
80064  24.153  10.799  -42.147 0.3750000000
85610  26.012  16.602  -37.423 0.6250000000
84790  26.224  15.895  -37.174 0.7500000000
85618  26.549  16.430  -38.560 0.7500000000
83951  26.493  14.696  -38.851 0.7500000000
83101  26.263  13.877  -39.280 0.7500000000
83114  25.727  14.023  -40.525 0.6250000000
81556  23.886  12.439  -42.364 0.3750000000
81546  24.393  12.952  -41.567 0.3750000000
116273  23.021  9.085  -43.768 0.1250000000
80826  24.083  11.424  -43.918 0.1250000000
80065  23.941  11.177  -43.310 0.2500000000
85619  26.234  16.850  -38.105 0.7500000000
132625  26.655  16.091  -39.081 0.6250000000
84805  26.528  15.420  -39.549 0.7500000000
82352  24.907  13.574  -41.184 0.3750000000
82351  25.654  13.258  -39.770 0.7500000000
130639  23.593  13.514  -43.364 0.2500000000
80815  25.106  11.538  -43.901 0.1250000000
80816  24.070  12.266  -44.142 0.1250000000
80094  24.890  10.048  -43.921 0.1250000000
86414  25.645  17.245  -37.736 0.6250000000
86423  25.881  17.480  -38.413 0.6250000000
120102  26.574  16.675  -39.315 0.3750000000
86422  26.357  17.087  -38.834 0.3750000000
118887  26.650  16.206  -39.846 0.3750000000
83128  25.031  15.273  -43.084 0.2500000000
127647  25.765  14.776  -41.274 0.3750000000
129900  26.315  14.564  -39.949 0.3750000000
82387  24.255  14.431  -43.150 0.1250000000
82370  24.011  14.045  -42.907 0.3750000000
80804  26.111  11.594  -42.853 0.1250000000
81557  23.633  12.661  -43.687 0.1250000000
87882  25.002  19.674  -40.968 0.3750000000
87175  25.484  18.098  -38.740 0.3750000000
86430  26.156  18.063  -39.720 0.3750000000
86436  26.446  17.965  -40.304 0.3750000000
125468  26.671  17.216  -41.672 0.3750000000
120594  26.644  17.045  -40.958 0.3750000000
85632  26.612  16.871  -40.120 0.3750000000
84828  26.076  15.970  -43.017 0.3750000000
83964  25.991  15.364  -41.700 0.3750000000
84812  26.463  15.685  -40.648 0.3750000000
83141  26.457  14.540  -43.287 0.1250000000
83129  24.178  14.747  -43.546 0.1250000000
119700  25.255  15.495  -43.779 0.2500000000
81567  24.789  13.641  -43.945 0.1250000000
137831  26.342  19.586  -42.074 0.2500000000
87205  26.858  18.478  -42.498 0.2500000000
134095  26.712  18.856  -41.993 0.3750000000
87195  26.345  18.623  -40.901 0.3750000000
85653  26.593  16.772  -43.374 0.1250000000
86451  26.764  17.743  -42.054 0.3750000000
86442  26.662  17.805  -41.075 0.3750000000
84838  26.373  16.301  -43.136 0.1250000000
130018  26.613  16.994  -42.544 0.2500000000
84836  27.335  15.727  -43.581 0.1250000000
88629  25.357  20.142  -41.833 0.3750000000
87881  25.882  19.449  -41.239 0.3750000000
127120  26.625  19.251  -42.377 0.2500000000
86460  26.627  17.900  -44.666 0.1250000000
87207  27.107  18.799  -44.588 0.1250000000
132524  26.920  18.439  -45.749 0.1250000000
84845  27.977  15.945  -43.888 0.1250000000
85664  27.460  16.825  -45.280 0.1250000000
88652  26.824  20.243  -45.647 0.1250000000
85665  26.774  17.646  -46.495 0.1250000000
87211  26.811  18.581  -47.179 0.1250000000
84859  28.229  16.410  -45.703 0.1250000000
84852  28.901  15.727  -44.907 0.1250000000
132016  27.486  3.670  -37.592 0.6250000000
132015  26.483  6.738  -38.765 0.8750000000
115414  24.653  8.083  -41.013 0.5000000000
132187  23.624  6.162  -41.631 0.3750000000
83931  25.722  14.622  -36.212 0.6250000000
83081  26.079  14.055  -36.315 0.8750000000
83080  26.360  14.144  -36.927 0.7500000000
132967  26.219  12.673  -37.986 0.8750000000
126598  25.698  11.865  -39.068 0.7500000000
132240  24.848  8.729  -41.534 0.5000000000
79264  25.324  9.578  -40.637 0.5000000000
79273  22.808  8.629  -42.679 0.5000000000
83983  26.620  15.504  -43.555 0.1250000000
87208  26.960  18.467  -43.553 0.2500000000
86463  26.572  18.004  -46.284 0.1250000000
117102  26.039  2.084  -37.034 0.5000000000
71825  25.406  1.721  -35.875 0.6250000000
72708  25.079  2.275  -35.369 0.7500000000
132090  24.978  3.174  -38.979 0.3750000000
132109  23.813  3.818  -41.210 0.2500000000
79256  25.733  9.490  -39.714 0.7500000000
85652  26.625  16.356  -43.790 0.1250000000
116024  24.410  4.357  -41.967 0.1250000000
64928  19.439  -6.679  -34.304 0.7500000000
64929  18.755  -5.918  -33.943 0.7500000000
65875  18.510  -5.129  -33.851 0.7500000000
135783  18.158  -4.385  -33.775 0.7500000000
64927  20.709  -6.873  -35.000 0.7500000000
65873  20.353  -6.200  -35.171 0.7500000000
67690  17.556  -2.648  -34.320 0.6250000000
67689  18.184  -3.147  -34.583 0.7500000000
66789  21.786  -4.638  -36.338 0.7500000000
133430  22.113  -4.270  -36.616 0.6250000000
68483  22.757  -3.189  -35.924 0.6250000000
69291  23.756  -2.273  -36.260 0.5000000000
69303  24.470  -2.051  -37.024 0.3750000000
69302  25.567  -1.287  -37.930 0.1250000000
70081  26.269  -0.554  -37.962 0.1250000000
70956  26.283  0.143  -37.675 0.1250000000
121519  27.675  0.966  -35.777 0.1250000000
116452  28.997  2.368  -37.039 0.1250000000
132081  28.235  2.305  -37.799 0.1250000000
115762  27.910  1.894  -39.182 0.1250000000
115377  27.097  1.460  -38.820 0.1250000000
134502  25.821  2.229  -39.026 0.1250000000
132176  24.904  3.120  -40.008 0.2500000000
83072  24.819  13.924  -35.635 0.5000000000
119591  25.906  5.646  -42.641 0.1250000000
115413  23.735  5.214  -41.735 0.2500000000
115846  25.201  7.010  -43.666 0.1250000000
115883  23.813  8.726  -43.911 0.1250000000
80084  26.026  10.060  -43.977 0.1250000000
84767  24.311  15.449  -36.002 0.3750000000
80073  26.257  10.448  -43.376 0.1250000000
81555  26.149  12.499  -42.644 0.1250000000
83972  28.399  14.690  -42.524 0.1250000000
87161  22.134  18.820  -35.799 0.1250000000
88646  25.783  20.622  -43.081 0.2500000000
88649  26.178  20.498  -43.612 0.1250000000
89342  26.231  21.788  -45.215 0.1250000000
86467  26.621  18.222  -47.773 0.1250000000
87902  27.428  19.308  -47.250 0.1250000000
128660  27.427  17.173  -46.981 0.1250000000
125231  29.420  15.050  -44.325 0.1250000000
131438  28.032  16.505  -47.179 0.1250000000
70931  22.718  0.489  -35.357 0.7500000000
115372  28.117  4.639  -36.496 0.7500000000
79975  25.368  10.745  -35.051 0.3750000000
70051  21.522  -0.969  -35.061 0.8750000000
70946  23.697  0.234  -35.603 0.7500000000
73520  25.810  2.616  -35.752 0.6250000000
133830  26.340  10.132  -38.376 0.8750000000
87874  25.052  19.204  -40.085 0.3750000000
88630  24.544  20.299  -41.873 0.3750000000
132613  24.433  21.560  -43.678 0.1250000000
64926  21.112  -6.604  -34.995 0.7500000000
68489  17.517  -2.029  -34.665 0.6250000000
136010  18.786  -3.049  -35.147 0.7500000000
68486  19.812  -3.226  -34.759 0.8750000000
68485  21.377  -3.087  -34.696 0.7500000000
67685  21.947  -3.527  -35.933 0.7500000000
68511  25.632  -2.031  -37.098 0.2500000000
140533  23.850  -1.531  -36.284 0.6250000000
70063  24.100  -0.231  -36.617 0.7500000000
70967  25.058  0.004  -37.985 0.5000000000
70082  25.948  -0.417  -38.199 0.2500000000
69308  26.169  -1.169  -37.932 0.1250000000
115367  26.054  1.025  -37.799 0.2500000000
71842  25.767  1.572  -37.223 0.6250000000
115357  27.395  1.357  -36.942 0.1250000000
115355  28.086  1.515  -36.439 0.1250000000
115368  26.954  1.364  -37.791 0.1250000000
115361  26.806  2.564  -36.660 0.5000000000
115376  27.795  2.229  -36.999 0.1250000000
116320  27.871  1.894  -37.435 0.1250000000
115360  27.798  2.441  -36.298 0.5000000000
115359  28.076  2.274  -37.181 0.1250000000
116143  27.384  2.141  -39.051 0.1250000000
115383  28.145  3.100  -35.690 0.6250000000
132269  26.446  4.643  -38.147 0.6250000000
127493  25.943  10.637  -38.814 0.7500000000
115800  23.054  7.058  -41.460 0.3750000000
81517  26.137  12.013  -38.314 0.7500000000
80784  25.438  11.274  -39.328 0.7500000000
85609  26.475  16.183  -37.828 0.7500000000
129609  24.516  12.028  -41.032 0.3750000000
79281  22.912  9.091  -43.215 0.1250000000
80074  24.248  10.135  -42.956 0.3750000000
80806  23.815  11.777  -42.830 0.3750000000
79282  24.023  9.595  -43.433 0.1250000000
80817  23.775  11.977  -43.781 0.1250000000
80086  24.617  10.658  -43.818 0.1250000000
83115  24.798  14.472  -42.211 0.3750000000
135646  26.319  15.086  -40.557 0.3750000000
82388  23.936  14.286  -43.536 0.2500000000
121622  24.710  12.636  -44.217 0.1250000000
80824  25.457  10.751  -43.860 0.1250000000
126733  23.912  13.490  -43.925 0.1250000000
87188  25.636  18.649  -39.828 0.3750000000
82386  25.447  14.262  -43.785 0.1250000000
83142  24.978  15.126  -43.137 0.1250000000
87873  25.737  19.047  -40.491 0.3750000000
86457  26.750  17.569  -43.222 0.3750000000
84820  26.271  15.885  -41.840 0.3750000000
83153  25.782  15.416  -43.793 0.1250000000
83982  27.863  15.255  -43.106 0.1250000000
83984  25.867  15.645  -43.705 0.1250000000
81566  26.412  13.071  -42.511 0.1250000000
82369  26.962  13.495  -42.237 0.1250000000
88639  26.228  20.025  -42.554 0.2500000000
88640  25.606  20.406  -42.542 0.2500000000
119231  27.012  19.084  -43.681 0.2500000000
85661  26.752  17.066  -44.087 0.1250000000
85659  27.544  16.362  -44.370 0.1250000000
84846  27.041  16.164  -43.977 0.1250000000
84853  28.223  16.155  -44.557 0.1250000000
87893  26.642  19.597  -43.201 0.1250000000
87896  26.818  19.755  -44.433 0.1250000000
87899  27.192  19.317  -45.944 0.1250000000
118619  26.737  17.402  -45.145 0.1250000000
84844  28.787  15.628  -43.954 0.1250000000
85660  26.972  16.743  -44.501 0.1250000000
88656  26.868  21.110  -46.041 0.1250000000
88653  26.371  20.781  -44.829 0.1250000000
135687  20.127  -6.732  -34.859 0.7500000000
138316  20.257  -7.316  -34.494 0.7500000000
64914  18.610  -6.433  -33.552 0.7500000000
138418  22.409  -3.945  -36.687 0.6250000000
68502  23.542  -3.104  -36.318 0.5000000000
132167  27.173  1.651  -39.318 0.1250000000
140542  28.223  2.172  -39.628 0.1250000000
116488  26.450  1.547  -38.845 0.1250000000
132071  24.140  7.930  -43.734 0.1250000000
83140  27.857  14.307  -42.340 0.1250000000
65860  17.977  -5.611  -33.295 0.7500000000
66778  17.397  -3.987  -33.523 0.5000000000
62937  20.234  -7.816  -33.817 0.6250000000
63926  21.405  -6.649  -34.206 0.3750000000
64913  22.009  -6.151  -34.047 0.2500000000
65871  21.581  -6.175  -35.515 0.3750000000
68501  24.546  -2.817  -36.588 0.3750000000
65887  22.182  -5.660  -36.063 0.5000000000
66788  22.229  -4.915  -36.834 0.5000000000
66803  22.616  -4.348  -37.024 0.3750000000
140653  21.370  -6.928  -33.413 0.5000000000
63927  20.833  -7.388  -34.229 0.6250000000
62921  20.078  -8.310  -33.243 0.6250000000
66769  17.001  -4.313  -32.949 0.3750000000
64915  17.606  -5.773  -32.487 0.3750000000
62938  19.617  -8.078  -33.450 0.6250000000
63928  19.356  -7.348  -33.722 0.6250000000
62919  21.571  -7.605  -32.156 0.3750000000
62936  20.624  -7.967  -33.365 0.5000000000
63916  21.698  -6.922  -32.550 0.3750000000
64924  22.373  -5.929  -34.825 0.2500000000
136901  23.222  -4.957  -36.729 0.3750000000
67697  23.729  -3.707  -36.447 0.2500000000
79212  16.239  10.284  -35.651 0.1250000000
81504  17.947  12.891  -37.121 0.2500000000
68500  26.014  -2.587  -36.091 0.2500000000
80758  14.295  12.808  -37.988 0.1250000000
78461  17.682  8.837  -36.203 0.2500000000
69265  16.853  -1.481  -34.256 0.2500000000
124613  21.786  -5.257  -36.348 0.5000000000
65876  17.648  -4.720  -33.331 0.5000000000
135883  21.628  -5.743  -35.880 0.5000000000
67677  17.478  -3.311  -33.871 0.3750000000
67698  23.018  -3.884  -36.685 0.2500000000
64925  21.636  -6.404  -34.875 0.2500000000
64903  22.015  -6.370  -33.143 0.2500000000
64912  22.762  -5.981  -33.606 0.2500000000
63917  21.131  -7.627  -33.122 0.5000000000
65861  17.383  -5.033  -32.674 0.3750000000
62920  21.050  -8.120  -32.621 0.3750000000
117315  20.522  -8.371  -32.847 0.5000000000
65886  22.966  -5.456  -36.310 0.2500000000
66802  23.481  -4.303  -36.723 0.2500000000
79191  16.263  10.244  -35.019 0.1250000000
62923  18.215  -8.051  -32.377 0.5000000000
62047  20.852  -8.584  -32.191 0.2500000000
62039  20.574  -9.111  -31.861 0.3750000000
62048  20.084  -8.909  -32.693 0.5000000000
62922  19.307  -8.596  -32.924 0.5000000000
62051  17.672  -8.383  -31.765 0.3750000000
63918  17.857  -7.212  -32.440 0.5000000000
62939  18.796  -7.718  -32.972 0.5000000000
63919  17.744  -6.489  -32.438 0.3750000000
63929  18.305  -6.919  -33.057 0.5000000000
62041  16.796  -8.616  -30.578 0.1250000000
59261  17.568  -11.271  -31.132 0.1250000000
61148  17.094  -9.570  -30.829 0.2500000000
61157  18.658  -9.816  -32.337 0.3750000000
61156  19.274  -9.932  -32.497 0.3750000000
62049  19.323  -9.416  -32.674 0.5000000000
131002  16.630  -9.741  -30.244 0.1250000000
61147  17.899  -9.751  -31.582 0.3750000000
124491  16.985  -8.002  -31.042 0.1250000000
63909  17.341  -6.642  -31.199 0.1250000000
131033  17.950  -6.253  -33.002 0.3750000000
62914  21.518  -8.248  -31.873 0.2500000000
62050  18.583  -8.908  -32.320 0.5000000000
61155  19.869  -9.614  -32.351 0.3750000000
61158  18.114  -9.112  -31.767 0.3750000000
62924  17.346  -7.437  -31.646 0.1250000000
134350  17.534  -6.751  -31.886 0.1250000000
122408  16.662  -9.164  -30.191 0.1250000000
62040  17.376  -8.881  -31.250 0.2500000000
60196  16.381  -10.198  -30.010 0.1250000000
60207  17.011  -10.401  -30.657 0.1250000000
61146  19.623  -10.092  -31.999 0.2500000000
60206  17.744  -10.472  -31.218 0.2500000000
60204  19.218  -10.519  -31.592 0.2500000000
67678  17.167  -2.686  -33.541 0.2500000000
61145  20.304  -9.692  -31.499 0.2500000000
60218  19.003  -10.225  -32.214 0.2500000000
60205  18.491  -10.475  -31.755 0.2500000000
59259  18.769  -10.965  -31.288 0.1250000000
68460  16.816  -2.151  -33.262 0.1250000000
81483  25.289  12.167  -34.932 0.1250000000
82293  25.049  12.743  -34.975 0.1250000000
82294  24.136  12.663  -35.041 0.1250000000
83073  23.962  13.850  -35.623 0.1250000000
82304  23.580  13.169  -35.459 0.1250000000
83925  23.500  14.385  -35.787 0.1250000000
80723  25.135  11.519  -34.800 0.1250000000
83074  23.111  13.813  -35.679 0.1250000000
82306  21.985  13.316  -35.373 0.1250000000
81496  19.315  12.497  -36.501 0.1250000000
125126  16.972  -4.611  -32.281 0.1250000000
67656  16.911  -3.007  -32.470 0.1250000000
79963  25.234  10.508  -34.728 0.1250000000
116621  25.057  11.073  -34.713 0.1250000000
81484  24.612  12.119  -34.800 0.1250000000
116317  23.817  12.141  -34.861 0.1250000000
82296  22.579  12.869  -35.347 0.1250000000
82307  21.601  13.637  -35.424 0.1250000000
83926  21.829  14.541  -35.741 0.1250000000
119030  16.371  -0.877  -33.724 0.1250000000
68474  17.027  -2.106  -33.969 0.1250000000
82303  24.496  13.279  -35.332 0.1250000000
67667  17.000  -3.430  -33.115 0.1250000000
66756  16.951  -3.942  -32.385 0.1250000000
79977  21.333  9.685  -34.831 0.1250000000
69255  16.589  -1.573  -33.465 0.1250000000
68449  16.911  -2.542  -32.830 0.1250000000
69245  16.665  -1.850  -32.859 0.1250000000
82295  23.268  12.665  -35.226 0.1250000000
83075  22.284  13.903  -35.615 0.1250000000
82305  22.768  13.219  -35.501 0.1250000000
115508  23.953  11.757  -34.647 0.1250000000
83066  21.357  14.337  -34.545 0.1250000000
124771  22.295  -6.580  -32.270 0.1250000000
64902  22.991  -6.142  -32.488 0.1250000000
65859  23.490  -5.778  -34.273 0.1250000000
65870  23.263  -5.768  -35.397 0.1250000000
65869  24.130  -5.522  -34.771 0.1250000000
65885  23.873  -5.493  -35.864 0.1250000000
66774  24.736  -4.315  -34.428 0.1250000000
66775  24.435  -5.146  -35.263 0.1250000000
66787  24.080  -4.868  -36.163 0.1250000000
67675  25.390  -3.906  -35.013 0.1250000000
138109  23.863  -3.960  -36.441 0.1250000000
68482  26.825  -3.902  -36.003 0.1250000000
122350  26.102  -3.606  -36.267 0.1250000000
61136  20.737  -9.895  -30.759 0.1250000000
61144  21.005  -9.358  -31.185 0.1250000000
137902  21.815  -8.344  -31.360 0.1250000000
63907  22.760  -7.257  -31.281 0.1250000000
62913  22.084  -7.809  -31.370 0.1250000000
63915  22.830  -6.664  -31.749 0.1250000000
64901  23.885  -5.739  -32.145 0.1250000000
136168  23.983  -5.395  -33.777 0.1250000000
66768  24.822  -4.199  -33.330 0.1250000000
116919  26.671  -3.836  -34.886 0.1250000000
68481  27.499  -3.345  -36.907 0.1250000000
118670  27.694  -3.450  -36.348 0.1250000000
68499  27.101  -2.793  -37.527 0.1250000000
63908  22.159  -7.078  -31.814 0.1250000000
66801  24.622  -3.468  -36.206 0.1250000000
64911  23.597  -5.672  -33.145 0.1250000000
66786  24.199  -4.115  -36.202 0.1250000000
62038  21.388  -8.765  -31.475 0.1250000000
60203  19.978  -10.281  -30.983 0.1250000000
122021  24.643  -4.265  -35.493 0.1250000000
138421  24.395  -5.127  -34.622 0.1250000000
67684  25.141  -3.801  -35.881 0.1250000000
137862  20.536  -10.361  -30.275 0.1250000000
61135  21.414  -9.653  -30.617 0.1250000000
63914  23.514  -6.300  -31.643 0.1250000000
69264  28.024  -3.086  -35.956 0.1250000000
69307  26.551  -1.195  -37.716 0.1250000000
69309  25.839  -0.887  -38.206 0.5000000000
69315  26.216  -0.847  -38.095 0.1250000000
71844  19.240  0.674  -37.124 1.0000000000
74359  27.942  3.642  -35.442 0.7500000000
74362  22.969  3.914  -34.968 1.0000000000
75211  21.948  4.610  -35.585 1.0000000000
75213  17.250  5.022  -35.855 0.2500000000
75228  18.946  5.274  -37.346 1.0000000000
76052  27.527  5.336  -34.486 1.0000000000
76057  21.763  5.218  -35.720 1.0000000000
76071  19.525  5.613  -37.433 1.0000000000
76909  26.098  7.033  -33.535 1.0000000000
76924  26.933  6.091  -33.752 1.0000000000
76926  24.091  6.047  -32.888 1.0000000000
76942  19.883  6.451  -37.053 1.0000000000
77699  27.140  7.956  -35.441 1.0000000000
77703  22.957  7.000  -32.682 1.0000000000
77717  18.109  7.634  -36.990 0.6250000000
77718  17.741  7.187  -36.642 0.5000000000
78475  18.319  8.684  -37.117 0.6250000000
78476  17.929  8.498  -37.014 0.6250000000
79206  20.885  9.115  -33.709 0.8750000000
79209  18.731  9.389  -36.963 0.6250000000
79224  27.224  8.656  -36.280 1.0000000000
79255  26.245  8.980  -39.342 0.7500000000
79290  26.368  9.517  -44.156 0.1250000000
79998  17.671  10.614  -37.187 0.5000000000
79999  16.110  10.571  -36.519 0.2500000000
80014  18.064  11.469  -37.235 0.5000000000
80017  14.903  11.975  -37.545 0.1250000000
80075  24.279  10.499  -43.530 0.1250000000
80085  25.208  10.455  -43.955 0.1250000000
80732  21.579  9.991  -35.195 0.1250000000
80734  19.928  11.603  -36.113 0.1250000000
80740  18.759  12.254  -36.987 0.5000000000
80756  16.478  12.462  -38.271 0.2500000000
80757  15.394  12.847  -38.507 0.2500000000
80825  24.635  11.262  -43.961 0.1250000000
81505  16.783  12.939  -37.980 0.5000000000
83067  21.026  14.644  -34.743 0.1250000000
83928  21.009  14.799  -35.538 0.1250000000
83930  26.220  14.735  -36.679 0.7500000000
83937  26.442  14.796  -37.252 0.7500000000
83973  27.156  14.955  -43.193 0.1250000000
83974  25.719  15.667  -43.045 0.1250000000
84770  22.211  16.185  -35.757 0.1250000000
84799  26.596  15.607  -38.436 0.7500000000
84835  28.410  15.427  -43.387 0.1250000000
84837  26.398  15.866  -43.679 0.1250000000
85601  23.816  16.705  -36.058 0.3750000000
86407  23.414  17.370  -36.131 0.1250000000
87154  22.471  18.015  -35.310 0.1250000000
87168  22.885  18.380  -37.026 0.2500000000
87176  25.234  17.875  -38.070 0.5000000000
87187  26.138  18.452  -40.231 0.3750000000
87189  24.927  18.778  -39.250 0.5000000000
87201  26.670  18.444  -41.640 0.3750000000
87849  21.773  19.358  -37.108 0.2500000000
87855  23.319  19.101  -38.758 0.2500000000
87866  21.743  19.820  -38.647 0.2500000000
87890  26.418  19.165  -41.665 0.3750000000
87891  26.048  19.854  -41.905 0.2500000000
88604  21.291  20.245  -38.200 0.1250000000
88622  21.338  20.329  -39.890 0.2500000000
115366  28.564  4.017  -35.843 0.7500000000
115373  27.713  1.729  -37.560 0.1250000000
115389  27.598  6.781  -35.872 1.0000000000
115401  27.276  8.243  -35.947 1.0000000000
115420  23.991  9.493  -43.703 0.1250000000
115749  27.919  2.772  -35.830 0.5000000000
115892  24.393  9.450  -43.992 0.1250000000
115987  27.489  7.267  -36.864 1.0000000000
116182  25.497  9.816  -44.083 0.1250000000
116248  24.469  9.884  -43.647 0.1250000000
117787  26.570  16.360  -40.836 0.3750000000
117845  26.570  17.443  -40.387 0.3750000000
118662  26.437  17.402  -39.661 0.3750000000
118946  26.147  5.424  -33.375 1.0000000000
121778  24.440  19.548  -40.403 0.5000000000
125263  21.036  5.978  -36.421 1.0000000000
126369  26.656  9.996  -37.700 1.0000000000
127072  27.148  0.938  -36.382 0.1250000000
129314  26.492  16.515  -41.976 0.3750000000
131270  16.915  10.704  -37.093 0.5000000000
131272  24.808  1.719  -35.337 0.8750000000
132161  27.098  7.555  -38.351 0.8750000000
132221  25.537  9.160  -44.179 0.1250000000
133567  25.443  8.472  -44.147 0.1250000000
133939  26.059  17.714  -39.099 0.3750000000
134622  21.462  14.123  -35.509 0.1250000000
134752  21.353  14.263  -35.627 0.1250000000
134921  26.856  1.076  -37.233 0.1250000000
135479  28.195  5.024  -35.857 1.0000000000
135577  23.212  2.596  -35.223 1.0000000000
137264  19.157  8.889  -34.012 1.0000000000
138406  27.033  17.170  -45.221 0.1250000000
139482  26.958  18.992  -43.001 0.2500000000
139830  25.702  18.265  -39.299 0.6250000000
