#!ascii label  , from subject sub-v2s13x29127_ses-1 vox2ras=TkReg
1693
6276  32.780  -69.957  -41.138 0.5000000000
11524  25.937  -63.074  -29.437 0.6000000238
11525  25.136  -63.198  -29.330 0.6000000238
11527  24.242  -63.137  -29.508 0.6000000238
173607  24.534  -62.594  -29.172 0.6999999881
12416  23.116  -62.488  -29.971 0.6000000238
13301  24.128  -61.904  -28.935 0.6999999881
12400  23.247  -61.875  -29.392 0.6000000238
171194  28.340  -67.194  -39.561 0.5000000000
10079  30.273  -64.951  -42.366 0.6000000238
10069  30.473  -65.259  -41.400 0.6000000238
8477  28.927  -67.147  -40.152 0.5000000000
10892  30.407  -63.766  -43.601 0.5000000000
10088  30.063  -64.533  -43.355 0.4000000060
8503  29.432  -66.536  -41.910 0.5000000000
8490  29.222  -66.970  -41.104 0.6000000238
185412  25.740  -67.268  -32.894 0.5000000000
8525  32.828  -67.383  -43.668 0.4000000060
9167  26.531  -66.252  -32.565 0.5000000000
182128  25.176  -67.315  -32.410 0.5000000000
9959  26.482  -65.678  -31.825 0.6000000238
9940  26.940  -64.549  -31.299 0.6000000238
11541  27.021  -62.863  -30.247 0.6000000238
12413  27.008  -61.940  -30.322 0.6999999881
10726  26.279  -64.081  -30.124 0.6000000238
12414  26.479  -62.437  -29.669 0.6999999881
14193  26.920  -60.973  -30.187 0.6000000238
13299  26.163  -61.781  -29.266 0.6999999881
184473  27.470  -59.996  -29.623 0.6000000238
178144  26.559  -60.834  -29.095 0.6000000238
14187  25.869  -61.222  -28.843 0.6999999881
15062  27.503  -60.082  -28.754 0.6999999881
13315  22.630  -61.503  -29.838 0.6000000238
8451  28.856  -66.952  -38.356 0.5000000000
8463  29.577  -66.710  -39.635 0.6000000238
8464  28.926  -67.034  -39.217 0.5000000000
10879  30.485  -64.195  -42.705 0.6000000238
10870  30.660  -64.540  -41.818 0.6999999881
8476  29.768  -66.750  -40.505 0.6000000238
10901  30.425  -63.745  -44.257 0.4000000060
176200  27.537  -65.420  -33.931 0.5000000000
9182  26.710  -66.480  -33.286 0.5000000000
6997  33.537  -68.505  -42.602 0.5000000000
9974  26.978  -65.431  -32.508 0.5000000000
11566  28.162  -63.015  -32.428 0.6999999881
181034  27.330  -64.738  -32.471 0.6000000238
174650  27.953  -62.525  -31.928 0.6999999881
11567  27.730  -63.340  -31.674 0.6000000238
10762  27.379  -64.256  -31.876 0.6000000238
11555  27.372  -63.171  -30.872 0.6999999881
11556  26.895  -63.676  -30.428 0.6000000238
12426  27.330  -62.430  -30.737 0.6999999881
14192  27.205  -60.436  -30.833 0.6000000238
177646  27.234  -60.741  -31.190 0.6000000238
15067  27.443  -59.855  -30.538 0.6000000238
13314  26.704  -61.531  -29.879 0.6000000238
15066  27.983  -59.387  -30.111 0.6000000238
15061  28.075  -59.590  -29.140 0.6999999881
15059  23.286  -60.133  -28.451 0.6999999881
13316  22.099  -61.228  -30.430 0.5000000000
14178  26.118  -60.665  -28.465 0.6999999881
14180  24.761  -60.704  -28.265 0.6999999881
13303  22.950  -61.156  -29.223 0.6000000238
10041  30.030  -65.067  -38.258 0.5000000000
9265  29.449  -66.546  -38.816 0.5000000000
8437  28.917  -66.667  -37.619 0.5000000000
170979  30.548  -64.885  -39.622 0.6999999881
9264  29.942  -66.041  -39.238 0.6000000238
10891  30.742  -63.561  -42.791 0.5000000000
10869  30.903  -64.068  -41.291 0.6999999881
10860  30.985  -63.878  -40.533 0.6999999881
10058  30.491  -65.308  -40.397 0.6000000238
175684  30.288  -65.538  -39.622 0.6000000238
11750  31.596  -63.096  -44.483 0.4000000060
11740  30.673  -63.320  -44.056 0.4000000060
10005  27.965  -65.281  -34.693 0.5000000000
11594  28.479  -63.456  -33.850 0.5000000000
9990  28.035  -64.747  -34.237 0.5000000000
162836  27.404  -65.075  -33.148 0.5000000000
12445  28.126  -61.937  -32.556 0.6000000238
10778  27.736  -64.358  -33.005 0.5000000000
13351  27.791  -60.739  -33.000 0.6999999881
16028  27.618  -58.927  -33.286 0.6000000238
158697  27.429  -60.406  -32.474 0.6999999881
12434  27.696  -61.717  -31.830 0.6999999881
16027  27.997  -58.709  -32.877 0.6000000238
14220  27.296  -59.862  -32.302 0.6000000238
13342  27.391  -60.729  -31.822 0.6999999881
16010  29.318  -58.942  -31.510 0.6999999881
16013  27.510  -58.967  -32.349 0.6000000238
14204  27.264  -60.093  -31.640 0.6000000238
15986  30.615  -58.083  -30.283 0.6000000238
16000  28.669  -58.696  -31.305 0.6999999881
16001  27.788  -59.149  -31.044 0.6999999881
17794  30.435  -56.811  -29.629 0.6000000238
15987  29.821  -58.057  -30.081 0.6000000238
175159  29.200  -58.471  -30.516 0.6999999881
15068  21.938  -59.826  -30.018 0.6000000238
15989  28.571  -58.886  -29.572 0.6999999881
177794  23.987  -60.449  -28.250 0.6999999881
14189  22.360  -59.982  -29.379 0.6000000238
16890  29.591  -57.800  -29.483 0.6000000238
15978  29.129  -58.410  -28.957 0.8000000119
15053  28.027  -59.682  -28.237 0.6999999881
15054  27.324  -59.979  -28.023 0.6999999881
15056  25.557  -60.292  -27.970 0.6999999881
10042  29.604  -65.516  -37.774 0.6000000238
11695  31.200  -63.366  -40.232 0.6999999881
10850  30.852  -64.080  -39.630 0.6999999881
12586  31.299  -62.692  -42.047 0.5000000000
11709  31.139  -63.353  -41.172 0.6999999881
182520  31.534  -62.519  -44.232 0.4000000060
11739  30.873  -63.018  -43.466 0.5000000000
10019  28.355  -65.157  -35.358 0.5000000000
9215  28.217  -65.931  -35.675 0.5000000000
10804  28.435  -64.121  -34.513 0.5000000000
165876  28.789  -62.587  -33.936 0.6000000238
164376  28.515  -60.830  -34.272 0.6000000238
172312  28.431  -61.648  -33.461 0.6999999881
12457  28.474  -62.722  -33.191 0.6999999881
14246  27.595  -59.322  -34.029 0.6999999881
180145  28.121  -60.677  -33.751 0.6999999881
16047  28.074  -58.764  -33.692 0.6000000238
183950  27.772  -58.941  -34.029 0.6000000238
14238  27.596  -59.841  -33.602 0.6999999881
15084  31.043  -59.569  -31.668 0.6999999881
15085  30.115  -59.509  -31.957 0.6999999881
15108  28.668  -58.852  -33.056 0.6999999881
16878  22.797  -58.296  -29.265 0.6000000238
15998  31.639  -58.790  -31.042 0.6000000238
15072  31.202  -59.207  -31.175 0.6999999881
16011  28.464  -58.820  -32.208 0.6999999881
19702  31.572  -55.554  -31.809 0.6000000238
169969  31.499  -56.851  -30.752 0.6000000238
162561  32.037  -56.872  -31.309 0.6000000238
16906  31.336  -58.156  -30.646 0.6000000238
15999  30.867  -58.689  -30.779 0.6999999881
15973  22.931  -58.953  -28.801 0.6000000238
19688  31.176  -55.781  -30.958 0.6000000238
16888  31.023  -57.664  -30.297 0.6000000238
15962  26.607  -59.167  -27.116 0.6999999881
15964  24.895  -58.728  -27.453 0.6000000238
15058  23.866  -59.616  -28.052 0.6999999881
15063  22.779  -59.709  -28.894 0.6000000238
19703  30.844  -55.215  -31.170 0.5000000000
19689  30.612  -55.501  -30.196 0.6000000238
18751  30.218  -56.052  -29.438 0.8000000119
17764  29.412  -57.381  -28.142 0.8000000119
191309  28.928  -58.036  -27.027 0.8000000119
15960  28.217  -59.016  -27.047 0.8000000119
15047  27.030  -59.701  -27.469 0.6999999881
15049  25.245  -59.566  -27.578 0.6999999881
183898  29.621  -57.120  -28.754 0.8000000119
189596  29.084  -58.388  -27.830 0.8000000119
10851  30.434  -64.597  -38.848 0.6999999881
10842  30.245  -64.376  -38.037 0.6999999881
10034  29.823  -64.807  -37.522 0.6999999881
9244  29.173  -65.958  -37.357 0.6000000238
12560  31.530  -62.711  -39.901 0.6999999881
10035  29.365  -65.226  -37.098 0.6000000238
12574  31.500  -62.703  -40.959 0.6000000238
10028  28.683  -65.429  -36.036 0.5000000000
10018  28.852  -64.713  -35.802 0.5000000000
21622  21.934  -52.915  -28.655 0.6000000238
10815  29.017  -64.030  -35.579 0.5000000000
21646  22.053  -53.653  -28.968 0.5000000000
11624  29.129  -63.346  -35.217 0.5000000000
20617  23.209  -54.515  -27.622 0.6000000238
13376  29.065  -61.344  -34.672 0.6999999881
12468  29.157  -62.465  -34.694 0.6000000238
14256  28.096  -59.418  -34.917 0.6999999881
12469  28.812  -61.689  -34.116 0.6999999881
18726  23.619  -56.094  -28.610 0.6000000238
16045  29.177  -58.737  -34.192 0.6999999881
16068  28.144  -58.743  -34.694 0.6000000238
182844  32.381  -59.526  -32.034 0.6999999881
15105  31.396  -59.857  -32.883 0.6999999881
15122  30.018  -59.427  -33.585 0.6999999881
163239  23.634  -57.499  -28.509 0.6000000238
17782  23.529  -56.827  -28.909 0.6000000238
15997  32.387  -58.751  -31.384 0.6000000238
15106  30.783  -59.801  -32.388 0.6999999881
169217  25.021  -57.296  -27.162 0.6000000238
184742  23.139  -56.955  -29.555 0.6000000238
181778  32.698  -56.808  -31.619 0.6000000238
17812  32.425  -57.298  -31.400 0.6000000238
16844  25.952  -57.350  -26.505 0.6999999881
16857  24.949  -57.878  -27.318 0.6000000238
165641  23.796  -58.151  -28.145 0.6000000238
18782  32.125  -55.744  -32.014 0.6000000238
19657  29.372  -56.044  -27.603 0.6000000238
17737  28.479  -57.103  -26.095 0.6000000238
16842  27.331  -57.926  -26.285 0.6999999881
16843  26.444  -57.913  -26.525 0.6000000238
15972  23.488  -58.873  -28.260 0.6000000238
19662  29.469  -55.451  -28.210 0.6000000238
16840  28.768  -57.635  -26.569 0.8000000119
19672  29.736  -55.652  -28.839 0.6000000238
18725  29.430  -56.711  -27.805 0.6999999881
15950  27.829  -58.567  -26.568 0.8000000119
11679  31.120  -63.336  -39.246 0.6999999881
11663  30.970  -63.142  -38.236 0.6999999881
10833  30.029  -64.142  -37.288 0.6999999881
12544  31.819  -62.043  -39.473 0.6999999881
10834  29.562  -64.542  -36.846 0.6000000238
10824  29.280  -64.259  -36.210 0.6000000238
23661  23.113  -51.494  -27.653 0.6000000238
23688  22.363  -51.488  -28.762 0.6000000238
23653  22.812  -52.285  -27.526 0.6000000238
22634  22.075  -52.174  -28.583 0.6000000238
11640  29.450  -63.444  -35.944 0.6000000238
21609  22.705  -53.195  -27.508 0.5000000000
14268  29.043  -60.109  -35.616 0.6999999881
183388  29.415  -61.917  -35.132 0.6999999881
20598  24.500  -53.934  -26.159 0.4000000060
20606  23.007  -53.853  -27.329 0.5000000000
16090  28.395  -58.626  -35.394 0.6999999881
19658  23.762  -54.898  -27.205 0.5000000000
16067  28.598  -58.352  -35.031 0.6000000238
14255  28.588  -60.220  -34.931 0.6999999881
19645  24.458  -55.270  -26.810 0.6000000238
15121  30.916  -59.692  -33.636 0.6999999881
15138  30.306  -59.201  -34.250 0.6999999881
18692  25.608  -56.085  -26.246 0.6999999881
18710  24.440  -56.000  -27.320 0.6000000238
15083  33.053  -59.476  -32.270 0.6999999881
15104  32.386  -59.736  -32.718 0.6999999881
18680  26.925  -55.908  -25.516 0.5000000000
17752  24.836  -56.648  -27.161 0.6000000238
17810  33.791  -57.335  -31.205 0.6000000238
15996  33.144  -58.592  -31.599 0.6000000238
16009  32.735  -59.179  -31.800 0.6999999881
17740  25.845  -56.771  -26.342 0.6999999881
160341  33.210  -56.822  -31.425 0.6000000238
16904  32.767  -58.036  -31.366 0.6000000238
17724  28.130  -56.534  -25.686 0.5000000000
17725  27.284  -56.543  -25.651 0.6000000238
18765  32.352  -56.426  -31.814 0.6000000238
20616  29.312  -54.692  -28.189 0.6000000238
18689  29.132  -55.995  -26.726 0.5000000000
17738  27.712  -57.247  -25.876 0.6999999881
20659  29.229  -54.277  -29.765 0.6000000238
12531  31.267  -62.304  -38.110 0.6999999881
12511  30.914  -62.648  -37.600 0.6999999881
11652  30.245  -63.460  -37.077 0.6000000238
166608  29.990  -63.102  -36.446 0.6000000238
24670  23.754  -51.090  -27.085 0.4000000060
24691  22.889  -51.103  -28.349 0.5000000000
12498  29.762  -62.727  -35.948 0.6000000238
23641  24.524  -51.659  -26.040 0.5000000000
175032  21.701  -51.397  -30.075 0.6000000238
182585  30.131  -60.878  -36.333 0.6999999881
14267  29.516  -60.078  -36.187 0.6999999881
171470  29.459  -62.676  -35.449 0.6000000238
20599  23.969  -53.524  -26.416 0.5000000000
16106  28.665  -58.645  -36.130 0.6999999881
20581  25.058  -53.841  -25.840 0.4000000060
180296  32.545  -59.380  -34.873 0.6999999881
16064  31.730  -59.094  -35.050 0.6999999881
168990  31.015  -58.443  -35.531 0.6999999881
20580  25.667  -54.499  -25.708 0.6000000238
16025  34.476  -59.014  -32.778 0.6999999881
15118  33.502  -59.528  -33.746 0.6999999881
15137  31.282  -59.494  -34.336 0.6999999881
16065  30.711  -58.866  -34.894 0.6999999881
20579  26.562  -54.686  -25.340 0.5000000000
19644  25.247  -55.330  -26.230 0.5000000000
16916  33.929  -58.437  -31.641 0.6000000238
16026  33.787  -59.274  -32.519 0.6999999881
15103  33.290  -59.584  -32.950 0.6999999881
15120  31.856  -59.784  -33.572 0.6999999881
19627  27.084  -55.265  -25.310 0.5000000000
19700  33.319  -56.273  -31.209 0.5000000000
16902  34.300  -57.785  -31.313 0.6000000238
16903  33.484  -57.937  -31.434 0.6000000238
175431  31.534  -61.342  -38.043 0.6999999881
13410  30.977  -61.826  -37.320 0.6999999881
25713  23.941  -50.224  -27.458 0.4000000060
172376  31.073  -60.934  -37.385 0.6999999881
166458  30.458  -61.725  -36.606 0.6999999881
24716  23.248  -50.346  -28.648 0.4000000060
13411  30.628  -60.936  -36.858 0.6999999881
24738  22.589  -50.482  -29.831 0.6000000238
15170  29.153  -58.999  -36.770 0.8000000119
14279  30.050  -60.103  -36.686 0.6999999881
190781  30.246  -57.651  -36.723 0.6000000238
16120  29.087  -58.450  -36.692 0.6000000238
25783  22.278  -49.810  -32.078 0.6000000238
16085  32.473  -58.961  -35.502 0.6999999881
16086  31.765  -58.485  -35.817 0.6999999881
16959  29.694  -57.947  -35.861 0.6000000238
15134  33.598  -59.390  -34.431 0.6000000238
16924  35.350  -58.117  -32.432 0.6000000238
26819  22.904  -48.777  -33.990 0.5000000000
16901  34.991  -57.474  -31.255 0.6000000238
16915  34.759  -58.164  -31.772 0.6999999881
18762  34.707  -56.415  -30.704 0.5000000000
14278  30.626  -60.153  -37.204 0.6999999881
26764  24.011  -49.152  -28.415 0.4000000060
16119  29.557  -58.410  -37.234 0.8000000119
25746  23.092  -50.023  -29.411 0.5000000000
16996  31.164  -57.299  -37.157 0.8000000119
26797  23.132  -49.102  -31.068 0.4000000060
25758  23.457  -49.242  -29.821 0.4000000060
16978  30.039  -57.708  -37.097 0.6999999881
26806  23.097  -48.933  -31.730 0.4000000060
25773  22.819  -49.664  -30.845 0.5000000000
16044  34.992  -58.875  -33.972 0.6000000238
15146  33.219  -59.277  -35.110 0.6000000238
16105  32.419  -58.416  -36.250 0.6999999881
27897  23.687  -47.855  -31.575 0.4000000060
164828  35.748  -57.914  -33.192 0.6000000238
181868  34.617  -59.093  -33.405 0.6000000238
27913  23.305  -48.206  -33.660 0.4000000060
25797  22.400  -49.283  -33.480 0.6000000238
160552  35.432  -57.551  -31.819 0.6000000238
17808  35.149  -56.804  -31.015 0.5000000000
18748  34.799  -55.680  -30.354 0.5000000000
26776  24.294  -48.413  -28.614 0.4000000060
16118  30.143  -58.599  -37.677 0.8000000119
172602  23.834  -48.410  -29.904 0.4000000060
17899  30.430  -57.397  -37.624 0.6999999881
27887  23.783  -47.946  -30.677 0.4000000060
171277  32.953  -58.531  -36.371 0.6000000238
16976  31.657  -57.836  -36.527 0.6999999881
16063  34.003  -59.151  -34.912 0.6000000238
16084  33.763  -58.975  -35.660 0.6000000238
28960  23.779  -47.179  -31.924 0.4000000060
27904  23.661  -47.757  -32.400 0.4000000060
17839  35.824  -57.435  -32.529 0.6000000238
27923  23.838  -47.640  -34.260 0.4000000060
185696  35.607  -56.528  -31.303 0.4000000060
27868  24.471  -47.792  -28.785 0.4000000060
183086  31.345  -56.993  -37.655 0.6999999881
175851  24.369  -47.393  -29.247 0.4000000060
16117  33.492  -58.114  -37.298 0.6999999881
163302  31.922  -57.421  -37.188 0.6000000238
174122  23.974  -47.140  -30.388 0.4000000060
16061  35.347  -58.519  -34.666 0.6000000238
176270  34.238  -58.819  -36.122 0.6000000238
28970  23.806  -47.010  -32.862 0.4000000060
191313  36.090  -56.951  -32.663 0.6000000238
175075  23.980  -46.524  -33.575 0.3000000119
17824  35.957  -56.743  -32.007 0.4000000060
19699  35.859  -55.099  -31.206 0.4000000060
19712  36.164  -55.249  -31.880 0.4000000060
30053  24.134  -46.379  -30.184 0.4000000060
168277  23.827  -45.879  -31.614 0.4000000060
16946  35.792  -58.000  -34.573 0.6000000238
16932  36.087  -57.505  -34.049 0.6000000238
17859  36.295  -56.756  -34.775 0.6000000238
19723  36.329  -54.851  -32.648 0.4000000060
19734  36.466  -54.944  -33.445 0.5000000000
163010  36.210  -54.493  -31.944 0.4000000060
32374  22.976  -44.322  -36.185 0.3000000119
20696  36.530  -53.995  -32.506 0.4000000060
33435  25.630  -43.788  -28.418 0.4000000060
33527  24.600  -43.137  -35.209 0.3000000119
31232  19.609  -45.384  -35.186 0.4000000060
34564  26.675  -43.060  -27.275 0.4000000060
34589  25.723  -42.938  -29.335 0.4000000060
34658  24.319  -42.202  -33.765 0.3000000119
34623  24.532  -42.435  -31.927 0.3000000119
33541  23.311  -43.389  -36.137 0.3000000119
33539  24.453  -43.139  -36.138 0.3000000119
32376  21.013  -44.050  -35.377 0.3000000119
35691  26.866  -42.079  -28.567 0.4000000060
34588  26.079  -42.315  -29.682 0.4000000060
34611  25.387  -42.257  -30.761 0.4000000060
35783  24.451  -41.658  -35.374 0.3000000119
164895  23.691  -42.650  -36.132 0.3000000119
26808  18.455  -48.704  -32.228 0.4000000060
24755  18.802  -51.130  -31.122 0.3000000119
188852  19.096  -51.215  -30.116 0.3000000119
158575  22.571  -42.721  -35.587 0.3000000119
189769  20.348  -43.805  -35.064 0.3000000119
35714  26.492  -41.686  -30.120 0.4000000060
35730  25.696  -41.633  -31.191 0.4000000060
35750  25.440  -41.313  -31.982 0.3000000119
35775  24.647  -41.399  -34.512 0.3000000119
36892  24.351  -41.136  -35.422 0.3000000119
171143  18.180  -47.217  -33.204 0.3000000119
34680  23.172  -41.908  -35.676 0.3000000119
191191  19.094  -49.274  -31.400 0.3000000119
34682  21.417  -42.724  -35.151 0.3000000119
27899  19.431  -48.130  -31.589 0.4000000060
25775  19.358  -50.099  -30.493 0.3000000119
27889  19.843  -48.571  -30.824 0.3000000119
25761  19.540  -50.028  -29.513 0.3000000119
36834  26.130  -40.995  -31.699 0.4000000060
36851  25.898  -40.647  -32.544 0.4000000060
36872  24.916  -40.498  -34.713 0.3000000119
184432  18.675  -47.547  -32.593 0.4000000060
36893  24.242  -40.697  -35.400 0.3000000119
30111  18.981  -46.191  -33.125 0.3000000119
27900  18.867  -48.105  -32.141 0.4000000060
162453  19.521  -46.565  -32.323 0.4000000060
26790  20.119  -48.770  -29.863 0.3000000119
36850  26.553  -40.370  -32.204 0.4000000060
36860  26.309  -39.955  -33.072 0.4000000060
37962  25.039  -39.616  -34.911 0.4000000060
36883  23.103  -40.529  -34.817 0.4000000060
35794  22.417  -41.568  -35.066 0.3000000119
33501  20.792  -43.437  -33.416 0.3000000119
32332  20.135  -44.570  -33.141 0.3000000119
32315  20.587  -44.984  -32.432 0.3000000119
31173  20.998  -45.431  -31.707 0.5000000000
28961  19.966  -47.027  -31.632 0.4000000060
28949  20.421  -47.294  -30.888 0.4000000060
176039  19.793  -49.139  -28.396 0.3000000119
37952  26.100  -38.860  -34.148 0.4000000060
39036  24.485  -39.142  -34.474 0.4000000060
36873  22.816  -40.552  -34.152 0.3000000119
34641  21.783  -42.468  -33.054 0.3000000119
34626  22.156  -42.705  -32.272 0.3000000119
34614  22.439  -43.094  -31.531 0.3000000119
34661  21.393  -42.193  -34.242 0.3000000119
34660  21.635  -42.145  -33.772 0.3000000119
188910  21.138  -44.752  -32.060 0.3000000119
32297  21.592  -44.915  -31.479 0.3000000119
31159  21.985  -45.014  -30.669 0.3000000119
32331  20.848  -44.224  -32.739 0.3000000119
30074  21.094  -46.132  -31.038 0.3000000119
28940  20.555  -47.743  -30.172 0.3000000119
180705  19.599  -48.820  -27.669 0.3000000119
37898  28.422  -39.865  -30.242 0.3000000119
37931  27.547  -39.514  -32.267 0.3000000119
37941  27.228  -39.119  -32.905 0.3000000119
39024  24.750  -38.464  -33.437 0.3000000119
37933  23.794  -39.724  -32.389 0.3000000119
35733  23.068  -41.844  -31.195 0.3000000119
39034  25.553  -38.653  -34.369 0.3000000119
37944  23.779  -39.568  -33.331 0.3000000119
35767  22.605  -41.393  -32.925 0.3000000119
35752  22.847  -41.633  -32.052 0.3000000119
33469  22.293  -44.257  -30.656 0.3000000119
187070  22.056  -45.315  -30.041 0.3000000119
30055  21.282  -46.564  -30.274 0.3000000119
30040  21.360  -46.947  -29.001 0.3000000119
27880  20.464  -48.193  -29.569 0.3000000119
26765  20.118  -48.491  -28.126 0.3000000119
37897  28.926  -39.481  -29.850 0.3000000119
39012  27.707  -38.710  -32.572 0.3000000119
40115  26.914  -37.979  -33.481 0.3000000119
39013  24.699  -38.556  -32.479 0.3000000119
36836  23.246  -41.121  -31.560 0.3000000119
32276  22.394  -44.753  -29.778 0.3000000119
31139  22.049  -45.678  -29.374 0.3000000119
27855  20.979  -47.445  -28.418 0.3000000119
27834  18.851  -48.542  -27.021 0.3000000119
35732  23.504  -41.324  -30.785 0.3000000119
34613  22.897  -42.662  -30.792 0.3000000119
30023  21.694  -46.243  -27.867 0.3000000119
28902  20.205  -47.503  -27.041 0.3000000119
26743  19.894  -48.199  -27.355 0.3000000119
28903  19.455  -47.860  -26.879 0.3000000119
34601  23.299  -41.980  -30.400 0.3000000119
172613  22.902  -43.265  -29.942 0.3000000119
32259  22.380  -45.132  -28.795 0.3000000119
37902  24.093  -40.167  -30.661 0.3000000119
34590  23.557  -42.108  -29.620 0.3000000119
32235  22.826  -44.091  -28.548 0.3000000119
32236  22.227  -45.218  -28.004 0.3000000119
179737  21.472  -46.079  -27.267 0.3000000119
170840  19.833  -46.965  -26.669 0.3000000119
28904  18.526  -47.149  -26.898 0.3000000119
6290  33.478  -69.479  -41.884 0.5000000000
7760  33.137  -68.164  -43.232 0.5000000000
185792  33.089  -67.924  -43.266 0.4000000060
164998  24.955  -62.152  -28.927 0.6999999881
13294  24.110  -61.150  -28.550 0.6999999881
10899  31.590  -63.974  -44.686 0.4000000060
7759  33.620  -68.174  -42.564 0.5000000000
15074  27.407  -59.634  -31.385 0.6000000238
11608  28.820  -63.352  -34.540 0.5000000000
177162  28.085  -58.814  -31.459 0.6000000238
174211  28.714  -59.304  -36.190 0.8000000119
12481  29.778  -61.904  -35.665 0.6999999881
16088  29.246  -58.138  -35.501 0.6000000238
18749  34.096  -56.057  -30.512 0.5000000000
15136  32.212  -59.602  -34.313 0.6999999881
26812  22.906  -48.778  -33.163 0.4000000060
20655  34.102  -54.571  -29.789 0.5000000000
16043  35.579  -58.311  -33.918 0.6000000238
19684  35.341  -55.235  -30.581 0.4000000060
16104  33.524  -58.642  -36.451 0.6000000238
187646  35.368  -58.395  -35.851 0.6000000238
169610  23.822  -45.748  -32.421 0.3000000119
17838  36.281  -56.369  -32.948 0.4000000060
17848  36.318  -56.564  -33.859 0.4000000060
33434  26.168  -43.252  -28.018 0.4000000060
37932  26.942  -39.724  -32.661 0.3000000119
38980  28.708  -39.195  -30.576 0.3000000119
178725  33.361  -57.323  -38.248 0.5000000000
17010  32.304  -56.728  -38.376 0.5000000000
17914  31.247  -56.863  -38.251 0.6999999881
17926  31.193  -56.768  -38.782 0.6999999881
174023  30.768  -58.808  -38.049 0.6000000238
16995  32.613  -57.402  -37.633 0.6000000238
17915  30.855  -57.117  -38.187 0.6000000238
13431  31.984  -61.355  -38.961 0.6000000238
12545  31.405  -62.632  -38.930 0.6000000238
17925  31.467  -56.470  -39.316 0.6999999881
15188  31.881  -59.329  -38.800 0.6000000238
14289  31.940  -60.388  -38.528 0.6000000238
16143  31.587  -58.206  -39.266 0.6999999881
16131  31.186  -58.581  -38.551 0.6000000238
16994  34.338  -58.101  -37.645 0.5000000000
16156  32.319  -57.793  -40.393 0.6999999881
16142  32.134  -58.309  -39.817 0.6999999881
14299  32.639  -59.983  -39.781 0.6000000238
13439  32.197  -61.380  -39.881 0.6000000238
17031  31.818  -56.710  -40.390 0.6000000238
16157  31.681  -57.344  -39.899 0.6999999881
177072  32.304  -59.955  -39.149 0.6000000238
17923  32.404  -55.832  -40.207 0.6000000238
16993  35.098  -57.825  -37.760 0.5000000000
17042  32.247  -56.708  -40.858 0.6999999881
15203  32.702  -59.045  -40.052 0.6000000238
12559  31.898  -61.954  -40.601 0.6000000238
17895  36.331  -56.649  -37.152 0.5000000000
16974  35.010  -58.263  -36.999 0.5000000000
19765  36.717  -55.467  -35.618 0.5000000000
17882  36.024  -57.314  -36.782 0.5000000000
162452  36.690  -55.169  -34.957 0.4000000060
11545  23.245  -63.208  -30.366 0.4000000060
10715  25.226  -63.920  -29.681 0.4000000060
11544  23.870  -63.625  -30.052 0.4000000060
10728  24.886  -64.463  -30.028 0.5000000000
9927  26.028  -64.784  -30.420 0.5000000000
9928  25.355  -65.010  -30.304 0.5000000000
17870  36.348  -56.637  -35.619 0.5000000000
9942  25.694  -65.426  -30.751 0.5000000000
8333  23.325  -66.617  -32.030 0.6000000238
18843  36.466  -55.900  -35.254 0.4000000060
9941  26.405  -65.120  -31.111 0.5000000000
9133  25.928  -65.850  -31.287 0.5000000000
8332  23.983  -66.872  -31.960 0.5000000000
10730  23.426  -63.859  -30.729 0.5000000000
10729  23.857  -64.186  -30.431 0.5000000000
168099  23.209  -64.109  -31.352 0.5000000000
9943  24.110  -65.227  -30.852 0.5000000000
10763  23.193  -64.677  -31.788 0.5000000000
9118  25.082  -65.585  -30.666 0.5000000000
9944  23.583  -65.339  -31.405 0.5000000000
9136  23.453  -66.033  -31.710 0.5000000000
9135  24.763  -66.060  -31.081 0.5000000000
20744  37.575  -54.451  -34.423 0.4000000060
19749  36.551  -55.045  -34.171 0.4000000060
20745  36.927  -54.638  -34.401 0.4000000060
171249  21.470  -60.228  -31.183 0.5000000000
11581  22.989  -63.627  -32.790 0.5000000000
16957  36.157  -57.267  -35.332 0.5000000000
18825  36.398  -55.804  -34.478 0.4000000060
15991  21.876  -58.941  -30.396 0.5000000000
16014  21.496  -58.709  -31.723 0.5000000000
16048  21.801  -58.506  -33.186 0.5000000000
184414  21.519  -59.074  -31.105 0.5000000000
16891  22.449  -57.598  -30.302 0.5000000000
16917  21.843  -57.864  -31.662 0.5000000000
16907  22.638  -56.927  -30.698 0.5000000000
17826  22.328  -56.637  -32.288 0.5000000000
17850  22.173  -57.344  -33.561 0.5000000000
16947  22.473  -58.186  -34.535 0.4000000060
188257  22.837  -56.430  -30.659 0.5000000000
183308  22.366  -56.847  -33.722 0.6000000238
17860  22.701  -57.577  -34.971 0.6000000238
18739  23.300  -56.236  -29.391 0.5000000000
19704  22.812  -55.524  -31.288 0.5000000000
18783  22.634  -56.125  -31.851 0.5000000000
18812  22.583  -56.226  -33.510 0.6000000238
184014  22.704  -56.918  -34.725 0.6000000238
183100  23.206  -57.230  -35.973 0.6000000238
17000  23.950  -57.952  -37.106 0.5000000000
172749  24.967  -58.338  -38.375 0.5000000000
17023  25.411  -57.887  -38.769 0.5000000000
166727  23.065  -55.721  -29.951 0.5000000000
160541  22.816  -55.016  -29.771 0.5000000000
20681  22.724  -54.778  -31.079 0.5000000000
19715  22.813  -55.345  -32.131 0.5000000000
20702  22.796  -54.882  -31.709 0.6000000238
18826  22.976  -56.166  -34.858 0.6000000238
17883  23.556  -56.760  -36.446 0.6000000238
17014  24.320  -57.401  -37.572 0.6000000238
17013  24.816  -57.607  -38.175 0.5000000000
21777  27.659  -52.888  -40.017 0.5000000000
17941  26.908  -57.270  -39.999 0.5000000000
19663  23.537  -55.333  -28.059 0.5000000000
168779  22.781  -54.757  -29.107 0.5000000000
20660  22.561  -54.602  -30.350 0.6000000238
20703  22.581  -54.378  -31.673 0.6000000238
21710  22.746  -54.083  -33.135 0.6000000238
19751  23.299  -55.271  -34.669 0.6000000238
19750  23.553  -54.534  -34.686 0.6000000238
18862  23.750  -55.953  -36.293 0.6000000238
19784  24.034  -54.849  -35.692 0.6000000238
17900  24.288  -56.683  -37.373 0.6000000238
18904  25.436  -56.333  -38.377 0.5000000000
17927  26.118  -57.303  -39.301 0.5000000000
18903  26.166  -56.315  -39.001 0.5000000000
19838  26.658  -55.310  -38.960 0.5000000000
18917  26.907  -56.584  -39.854 0.5000000000
19837  27.652  -54.623  -39.772 0.5000000000
20661  22.075  -53.999  -30.188 0.6000000238
21695  22.053  -53.815  -31.565 0.6000000238
21711  22.232  -53.668  -32.920 0.6000000238
21734  22.280  -53.191  -34.408 0.6000000238
20746  23.603  -53.933  -34.857 0.6000000238
20763  24.224  -54.273  -35.898 0.6000000238
21743  23.951  -53.748  -35.630 0.6000000238
19800  24.881  -54.854  -36.989 0.5000000000
20762  24.652  -54.195  -36.516 0.5000000000
18893  25.286  -55.807  -37.989 0.5000000000
20768  25.951  -53.527  -37.907 0.5000000000
21759  25.429  -52.888  -37.564 0.6000000238
20793  27.064  -54.336  -38.955 0.5000000000
21769  26.697  -53.160  -38.563 0.5000000000
166339  26.363  -52.554  -38.454 0.5000000000
23782  26.539  -51.193  -39.842 0.5000000000
22705  21.154  -52.647  -32.589 0.6000000238
22715  21.580  -52.876  -34.016 0.6000000238
22733  23.579  -53.072  -36.004 0.6000000238
21751  24.733  -53.507  -36.778 0.6000000238
22754  25.063  -52.052  -37.730 0.6000000238
22766  25.965  -51.841  -38.413 0.5000000000
23731  21.001  -51.764  -32.257 0.6000000238
22742  23.931  -52.633  -36.659 0.6000000238
23779  24.726  -51.259  -37.670 0.6000000238
23778  25.654  -51.046  -38.434 0.5000000000
165502  21.617  -50.409  -32.440 0.6000000238
24764  21.140  -51.080  -32.763 0.6000000238
24776  21.223  -51.244  -34.378 0.6000000238
23762  21.897  -51.644  -35.579 0.6000000238
22743  23.236  -52.324  -36.398 0.6000000238
24797  23.796  -50.603  -37.109 0.5000000000
25798  21.922  -49.888  -33.780 0.6000000238
24775  21.646  -50.681  -34.848 0.6000000238
25805  22.001  -49.988  -34.588 0.6000000238
23771  22.413  -51.095  -36.148 0.6000000238
164004  22.947  -49.594  -35.873 0.6000000238
26844  23.744  -49.093  -36.451 0.5000000000
26830  23.486  -48.806  -35.818 0.4000000060
14290  31.285  -60.298  -37.748 0.6000000238
16102  34.922  -58.615  -36.170 0.5000000000
16973  35.570  -58.029  -36.342 0.5000000000
18861  36.632  -55.985  -36.724 0.5000000000
17881  36.362  -56.624  -36.384 0.5000000000
9975  22.728  -65.030  -32.210 0.6000000238
19724  22.889  -55.155  -32.865 0.6000000238
160308  22.945  -54.612  -33.114 0.6000000238
18878  24.620  -55.865  -37.376 0.6000000238
20779  25.643  -54.452  -37.642 0.5000000000
23748  21.111  -51.995  -33.950 0.6000000238
22735  22.101  -52.400  -35.426 0.6000000238
25819  22.578  -50.294  -36.029 0.6000000238
25827  24.135  -49.810  -37.221 0.6000000238
185680  33.005  -70.027  -40.416 0.4000000060
7720  33.354  -67.874  -37.963 0.5000000000
167778  34.160  -67.778  -38.546 0.5000000000
165088  33.600  -69.089  -38.914 0.4000000060
6242  34.014  -69.487  -39.625 0.4000000060
6965  34.509  -69.060  -40.152 0.4000000060
6275  33.803  -69.759  -40.944 0.4000000060
8450  33.880  -67.120  -37.934 0.5000000000
7729  34.739  -68.088  -39.835 0.5000000000
7745  34.665  -68.132  -40.708 0.5000000000
6974  34.287  -68.836  -41.431 0.4000000060
8449  34.513  -67.005  -38.662 0.5000000000
8462  34.827  -67.357  -39.575 0.5000000000
8475  34.787  -67.593  -40.317 0.5000000000
7750  34.520  -67.850  -41.159 0.5000000000
7751  34.197  -68.121  -41.738 0.4000000060
8502  34.378  -67.576  -41.490 0.4000000060
9263  34.845  -66.518  -39.338 0.5000000000
9271  34.948  -66.794  -40.149 0.5000000000
10057  35.934  -65.590  -40.979 0.5000000000
8474  34.942  -66.703  -40.772 0.5000000000
8501  34.673  -67.058  -41.201 0.5000000000
8516  33.309  -67.531  -42.822 0.4000000060
12573  31.762  -62.066  -41.715 0.5000000000
12585  31.659  -62.094  -42.566 0.4000000060
12596  31.709  -62.057  -43.233 0.4000000060
12595  32.215  -62.082  -43.335 0.4000000060
11749  32.035  -62.729  -44.155 0.4000000060
10898  32.290  -63.745  -44.169 0.4000000060
9287  35.927  -65.765  -41.574 0.5000000000
10890  33.324  -64.292  -43.242 0.4000000060
182144  32.692  -64.785  -43.743 0.4000000060
10098  32.533  -65.728  -43.814 0.4000000060
10077  36.756  -65.491  -41.971 0.4000000060
9288  35.155  -66.237  -41.488 0.5000000000
9299  33.550  -66.597  -42.241 0.4000000060
9289  34.405  -66.896  -41.641 0.4000000060
191122  31.875  -61.884  -42.760 0.4000000060
12594  33.177  -62.457  -43.154 0.4000000060
11738  32.834  -63.119  -43.637 0.4000000060
10067  37.428  -65.308  -42.006 0.4000000060
10889  34.317  -64.420  -42.805 0.4000000060
10087  33.133  -65.608  -42.860 0.4000000060
10877  37.231  -65.206  -42.330 0.4000000060
10084  36.301  -65.370  -42.299 0.4000000060
10086  34.174  -65.297  -42.553 0.4000000060
9298  34.638  -66.056  -41.990 0.4000000060
13448  32.170  -61.487  -41.457 0.5000000000
13447  32.506  -61.181  -41.826 0.4000000060
13457  32.502  -61.278  -42.394 0.4000000060
13456  33.176  -61.052  -42.328 0.4000000060
13466  34.089  -62.059  -42.759 0.4000000060
12593  34.535  -63.039  -42.775 0.4000000060
168291  35.689  -63.745  -42.829 0.4000000060
11737  33.854  -63.509  -42.994 0.4000000060
10886  37.530  -64.715  -42.750 0.4000000060
11735  36.813  -64.269  -42.976 0.4000000060
11736  34.979  -64.076  -42.743 0.4000000060
14307  32.564  -60.767  -40.252 0.5000000000
14314  32.862  -60.719  -41.409 0.5000000000
14306  32.958  -60.107  -40.632 0.6000000238
14326  32.898  -60.866  -41.884 0.5000000000
186288  33.789  -61.420  -42.557 0.4000000060
13465  34.804  -61.731  -42.680 0.4000000060
172574  36.186  -62.468  -43.145 0.4000000060
13463  37.774  -62.694  -44.022 0.4000000060
15255  33.917  -59.746  -41.651 0.4000000060
15237  33.085  -58.936  -40.595 0.5000000000
15254  34.795  -59.618  -42.169 0.4000000060
13454  35.243  -61.249  -42.711 0.4000000060
15235  34.148  -59.004  -41.545 0.5000000000
175083  35.263  -59.096  -42.381 0.4000000060
14323  35.552  -60.590  -42.786 0.4000000060
15272  35.800  -59.847  -42.873 0.4000000060
16164  33.784  -57.895  -41.392 0.6000000238
16165  32.942  -57.829  -40.923 0.6000000238
16171  35.289  -58.262  -42.279 0.5000000000
17060  36.004  -58.069  -42.820 0.4000000060
17913  31.662  -56.509  -38.865 0.5000000000
21665  21.619  -53.356  -29.997 0.5000000000
22690  21.075  -52.451  -31.793 0.5000000000
24752  21.956  -50.583  -30.946 0.5000000000
160989  21.625  -51.898  -29.622 0.5000000000
23722  21.507  -51.159  -30.687 0.5000000000
21681  21.336  -53.131  -31.425 0.5000000000
7718  34.583  -67.736  -39.172 0.5000000000
7719  34.480  -68.312  -39.207 0.5000000000
13468  32.127  -61.711  -42.848 0.4000000060
13467  32.897  -61.633  -42.782 0.4000000060
10887  36.337  -64.752  -42.668 0.4000000060
14325  33.533  -60.495  -41.932 0.4000000060
14324  34.496  -60.402  -42.260 0.4000000060
179365  35.288  -62.724  -42.793 0.4000000060
12592  36.549  -63.579  -43.179 0.4000000060
14313  33.246  -60.030  -41.260 0.5000000000
13464  36.468  -61.666  -43.393 0.4000000060
15236  33.532  -58.928  -41.093 0.5000000000
16179  35.937  -59.031  -42.885 0.5000000000
17040  33.621  -56.568  -41.714 0.5000000000
19794  40.863  -55.429  -37.089 0.3000000119
168598  39.600  -55.373  -37.675 0.3000000119
19796  38.814  -55.295  -37.504 0.3000000119
160777  40.202  -55.435  -36.491 0.3000000119
19777  40.949  -55.299  -36.247 0.3000000119
20761  42.168  -54.796  -36.234 0.3000000119
19759  41.570  -55.046  -36.008 0.3000000119
19816  39.853  -55.249  -38.549 0.3000000119
168597  38.423  -55.235  -38.798 0.4000000060
174248  37.799  -55.338  -39.096 0.4000000060
168599  40.389  -55.421  -37.846 0.3000000119
19819  37.312  -55.578  -38.533 0.4000000060
19818  37.866  -55.363  -38.217 0.4000000060
178114  35.187  -57.264  -38.454 0.4000000060
17009  34.405  -57.528  -38.407 0.4000000060
19793  41.617  -55.289  -37.354 0.3000000119
160775  38.420  -55.232  -36.817 0.3000000119
19799  36.928  -55.683  -37.081 0.4000000060
19745  39.922  -55.070  -34.593 0.3000000119
19780  37.989  -55.087  -36.184 0.3000000119
19852  36.584  -55.516  -40.782 0.4000000060
18924  36.009  -55.616  -41.523 0.4000000060
173984  33.980  -55.747  -41.114 0.4000000060
165325  33.244  -55.716  -40.598 0.4000000060
19834  39.208  -55.107  -39.376 0.4000000060
181365  37.682  -55.270  -39.844 0.4000000060
167439  36.829  -55.636  -39.914 0.4000000060
17937  34.406  -55.981  -40.406 0.4000000060
17922  33.971  -56.367  -39.812 0.4000000060
19815  40.689  -55.181  -38.721 0.3000000119
17921  35.150  -56.631  -39.395 0.4000000060
17912  32.432  -56.259  -39.226 0.4000000060
17910  35.873  -56.832  -38.535 0.4000000060
17911  33.637  -56.800  -39.112 0.4000000060
164424  42.062  -55.119  -38.057 0.3000000119
18877  36.628  -56.094  -37.503 0.4000000060
19782  36.901  -55.504  -36.258 0.4000000060
166343  36.253  -55.804  -42.293 0.4000000060
17960  34.676  -56.072  -41.811 0.4000000060
19879  37.462  -55.253  -41.805 0.4000000060
19865  36.784  -55.380  -41.525 0.4000000060
18937  35.654  -55.831  -41.915 0.4000000060
17948  33.749  -55.990  -41.559 0.4000000060
19848  40.498  -54.572  -40.446 0.3000000119
158610  38.528  -54.924  -40.858 0.4000000060
20776  42.989  -54.446  -38.792 0.3000000119
19814  41.542  -55.047  -38.869 0.3000000119
176186  32.975  -56.041  -39.877 0.4000000060
189716  42.544  -54.864  -38.385 0.3000000119
172816  34.398  -56.449  -42.012 0.4000000060
17959  35.095  -56.428  -42.279 0.4000000060
19764  37.062  -55.161  -35.585 0.3000000119
19747  37.993  -54.740  -34.972 0.3000000119
19763  37.616  -54.913  -35.595 0.3000000119
17924  31.859  -56.194  -39.701 0.4000000060
17938  32.645  -55.726  -40.876 0.4000000060
17041  32.866  -56.703  -41.326 0.4000000060
17050  35.192  -57.141  -42.374 0.4000000060
190596  38.424  -55.280  -38.040 0.3000000119
19778  39.594  -55.370  -35.986 0.3000000119
19744  40.562  -55.120  -35.077 0.3000000119
19850  37.830  -55.115  -40.589 0.4000000060
19798  37.381  -55.488  -37.516 0.4000000060
17920  36.040  -56.321  -39.272 0.4000000060
19820  36.916  -55.813  -37.982 0.4000000060
164742  34.503  -57.005  -39.027 0.4000000060
162487  37.678  -55.218  -36.813 0.4000000060
19864  37.301  -55.222  -41.117 0.4000000060
18925  34.876  -55.803  -41.460 0.4000000060
18913  34.820  -55.851  -40.910 0.4000000060
19849  39.692  -54.804  -40.321 0.3000000119
18901  35.430  -56.073  -40.174 0.4000000060
19832  41.009  -54.816  -39.693 0.3000000119
19863  38.022  -55.005  -41.437 0.4000000060
20807  39.284  -54.668  -41.056 0.3000000119
19831  41.885  -54.392  -39.872 0.3000000119
6900  29.622  -68.458  -35.051 0.3000000119
6197  29.349  -69.264  -35.340 0.3000000119
7660  29.615  -67.519  -34.017 0.3000000119
6890  29.126  -68.742  -33.765 0.3000000119
7688  30.117  -67.955  -35.500 0.3000000119
6915  29.778  -68.568  -35.825 0.3000000119
8362  29.835  -66.815  -33.742 0.3000000119
8363  29.342  -67.233  -33.272 0.3000000119
7661  29.201  -68.007  -33.520 0.3000000119
181827  30.580  -66.720  -34.858 0.3000000119
8401  30.360  -67.332  -35.170 0.3000000119
6922  29.978  -68.706  -36.546 0.3000000119
6944  32.414  -68.729  -38.152 0.3000000119
9150  29.892  -65.683  -31.971 0.3000000119
181301  29.214  -66.913  -32.512 0.3000000119
9179  30.584  -65.716  -33.872 0.3000000119
8345  29.588  -66.497  -33.019 0.3000000119
7646  28.949  -67.782  -32.647 0.3000000119
8421  31.319  -67.416  -36.288 0.3000000119
188416  32.656  -67.695  -37.472 0.3000000119
7721  32.567  -68.244  -37.784 0.3000000119
10004  31.248  -65.295  -34.291 0.3000000119
187635  30.829  -66.996  -35.405 0.3000000119
8381  31.103  -66.464  -35.231 0.3000000119
10017  32.274  -65.728  -35.602 0.3000000119
8419  32.563  -66.736  -36.695 0.3000000119
7698  31.631  -67.644  -36.756 0.3000000119
9243  33.330  -66.366  -36.933 0.3000000119
10849  34.978  -64.759  -38.957 0.4000000060
9241  34.454  -65.642  -37.664 0.4000000060
5575  27.414  -70.192  -30.098 0.3000000119
5008  26.583  -71.265  -30.480 0.3000000119
6881  28.897  -68.632  -33.047 0.3000000119
186831  28.941  -69.237  -33.310 0.3000000119
7605  28.796  -67.186  -29.876 0.3000000119
163262  28.370  -67.775  -30.017 0.3000000119
6144  27.619  -69.497  -29.941 0.3000000119
6153  27.985  -70.125  -30.606 0.3000000119
9117  29.922  -66.326  -30.246 0.3000000119
183989  28.655  -67.393  -31.300 0.3000000119
6152  28.218  -69.292  -31.032 0.3000000119
164756  28.608  -71.147  -31.364 0.3000000119
5590  28.217  -70.997  -30.880 0.3000000119
166975  28.907  -67.213  -31.908 0.3000000119
7635  28.618  -67.932  -31.812 0.3000000119
6162  28.547  -69.428  -31.895 0.3000000119
176567  28.791  -70.127  -32.259 0.3000000119
6872  28.656  -68.636  -32.312 0.3000000119
164343  28.773  -69.342  -32.684 0.3000000119
7687  30.774  -67.525  -35.848 0.3000000119
6921  30.607  -68.354  -36.818 0.3000000119
9151  29.465  -66.133  -31.551 0.3000000119
8400  31.346  -66.899  -35.858 0.3000000119
6139  26.699  -69.861  -28.735 0.3000000119
5617  29.068  -70.760  -32.542 0.3000000119
8302  29.241  -66.704  -30.259 0.3000000119
6850  28.059  -68.267  -29.387 0.3000000119
6873  28.433  -68.685  -31.630 0.3000000119
5603  28.798  -70.833  -31.853 0.3000000119
9242  34.012  -66.006  -37.228 0.3000000119
15233  38.057  -60.415  -41.357 0.3000000119
15234  37.061  -60.423  -40.482 0.3000000119
13437  36.906  -61.833  -40.597 0.3000000119
12557  36.968  -62.720  -40.661 0.4000000060
11693  37.032  -63.646  -40.738 0.4000000060
185437  37.038  -64.444  -40.917 0.3000000119
10868  36.928  -65.395  -41.516 0.3000000119
15253  39.149  -60.923  -42.699 0.3000000119
14322  38.892  -61.760  -42.591 0.4000000060
13445  38.482  -62.374  -42.090 0.4000000060
12584  38.914  -62.915  -43.704 0.4000000060
11708  37.966  -64.958  -42.203 0.3000000119
13462  38.602  -62.486  -44.358 0.4000000060
12590  38.536  -63.275  -43.808 0.4000000060
12591  37.751  -63.571  -43.651 0.3000000119
173512  37.699  -62.013  -44.333 0.3000000119
16140  37.245  -58.871  -39.029 0.3000000119
16155  37.387  -58.954  -39.855 0.3000000119
14305  36.571  -60.931  -40.142 0.4000000060
166897  36.268  -62.146  -40.065 0.4000000060
12558  36.047  -62.845  -39.989 0.3000000119
11694  36.199  -63.904  -40.186 0.3000000119
10848  35.494  -64.333  -39.649 0.3000000119
16154  38.109  -58.526  -40.236 0.3000000119
16163  38.828  -58.922  -41.433 0.3000000119
15232  38.959  -59.948  -42.069 0.3000000119
16170  39.765  -59.620  -42.964 0.3000000119
13453  39.008  -62.694  -43.102 0.4000000060
16169  40.115  -59.226  -43.734 0.3000000119
16175  40.100  -59.535  -44.377 0.3000000119
15251  40.025  -60.025  -44.156 0.3000000119
14321  39.362  -61.505  -43.805 0.4000000060
182700  39.779  -59.604  -44.606 0.3000000119
171656  38.784  -60.938  -44.723 0.4000000060
14341  38.258  -61.591  -44.533 0.4000000060
17059  36.875  -58.035  -43.294 0.3000000119
16177  37.939  -59.010  -44.026 0.4000000060
15270  37.892  -59.952  -44.262 0.4000000060
14342  36.844  -60.907  -43.728 0.4000000060
191227  36.948  -57.215  -43.099 0.3000000119
16178  36.839  -58.992  -43.472 0.4000000060
17049  36.004  -56.980  -42.674 0.3000000119
13373  37.150  -61.316  -34.659 0.3000000119
14244  36.756  -60.926  -34.992 0.3000000119
13388  36.210  -60.878  -35.263 0.3000000119
13398  35.379  -61.108  -36.136 0.3000000119
16129  37.596  -58.818  -38.492 0.3000000119
15165  37.069  -59.768  -37.203 0.3000000119
15167  36.187  -59.970  -37.420 0.3000000119
13408  35.318  -60.990  -36.937 0.3000000119
16138  39.097  -58.182  -39.299 0.3000000119
16128  38.395  -58.526  -38.792 0.3000000119
16130  36.819  -59.168  -38.432 0.3000000119
15187  36.191  -59.829  -38.205 0.3000000119
188298  35.608  -61.138  -38.992 0.3000000119
13430  35.494  -61.776  -39.059 0.3000000119
12543  35.025  -62.978  -38.660 0.3000000119
11678  34.986  -63.846  -38.786 0.3000000119
10841  34.757  -64.358  -38.088 0.3000000119
10032  34.582  -64.874  -37.433 0.3000000119
17030  39.339  -57.928  -40.015 0.3000000119
17057  38.954  -58.010  -43.875 0.3000000119
17966  39.065  -57.050  -43.426 0.3000000119
17058  37.855  -58.007  -43.654 0.3000000119
18935  37.677  -55.358  -42.280 0.3000000119
18945  37.093  -55.833  -42.540 0.3000000119
12452  37.861  -62.656  -34.130 0.3000000119
13387  37.353  -61.003  -35.252 0.3000000119
14264  37.048  -60.439  -36.153 0.3000000119
14265  36.373  -60.508  -36.079 0.3000000119
15164  37.825  -59.803  -37.382 0.3000000119
15153  36.767  -60.093  -36.633 0.3000000119
10033  34.284  -65.347  -36.959 0.3000000119
11589  38.017  -63.473  -33.949 0.3000000119
12478  38.386  -62.086  -35.596 0.3000000119
13407  38.517  -61.229  -36.787 0.3000000119
14263  37.777  -60.661  -36.322 0.3000000119
14276  37.365  -60.176  -36.741 0.3000000119
15183  39.014  -59.416  -38.241 0.3000000119
11622  38.521  -62.723  -35.440 0.3000000119
12496  38.713  -62.054  -36.490 0.3000000119
189574  38.546  -60.864  -37.166 0.3000000119
14274  38.542  -60.451  -37.444 0.3000000119
10040  34.701  -65.221  -38.256 0.3000000119
10048  35.431  -65.248  -39.958 0.3000000119
10859  36.381  -64.900  -40.732 0.3000000119
177677  37.854  -64.500  -41.583 0.3000000119
11722  38.387  -64.086  -43.314 0.4000000060
15271  36.762  -59.886  -43.579 0.4000000060
15219  37.921  -59.305  -40.835 0.3000000119
14312  37.626  -61.332  -41.148 0.3000000119
15220  37.169  -59.676  -40.241 0.3000000119
189154  37.706  -61.994  -41.274 0.4000000060
12572  38.031  -63.627  -41.599 0.4000000060
11707  38.315  -64.384  -42.492 0.4000000060
14340  39.025  -61.726  -44.476 0.4000000060
16139  37.835  -58.495  -39.242 0.3000000119
15201  36.404  -59.625  -38.913 0.3000000119
13438  36.023  -61.485  -39.673 0.3000000119
14298  35.995  -60.673  -39.317 0.3000000119
166725  35.801  -62.109  -39.582 0.4000000060
11677  35.435  -63.359  -39.396 0.3000000119
17039  38.963  -58.113  -40.682 0.3000000119
16162  39.810  -58.515  -42.312 0.3000000119
15269  39.530  -60.754  -44.466 0.4000000060
17967  37.741  -56.862  -43.199 0.3000000119
14266  35.784  -60.584  -36.453 0.3000000119
162518  35.391  -60.784  -37.702 0.3000000119
13421  35.247  -61.391  -38.337 0.3000000119
174188  38.157  -55.956  -42.839 0.3000000119
8330  25.419  -66.782  -31.821 0.4000000060
5007  27.676  -71.429  -30.816 0.3000000119
5576  26.793  -70.580  -29.929 0.3000000119
5591  27.540  -70.815  -30.437 0.3000000119
5604  28.498  -70.341  -31.378 0.3000000119
5623  29.279  -70.727  -33.422 0.3000000119
6143  28.026  -68.728  -30.190 0.3000000119
6169  29.051  -69.967  -33.138 0.3000000119
6259  34.383  -69.251  -40.913 0.4000000060
6260  34.234  -69.645  -40.350 0.4000000060
6261  33.568  -69.842  -40.034 0.4000000060
6289  34.116  -69.281  -41.505 0.4000000060
6862  28.351  -68.088  -30.950 0.3000000119
6901  29.279  -68.976  -34.485 0.3000000119
6942  33.882  -68.464  -38.663 0.4000000060
6943  33.122  -68.625  -38.296 0.3000000119
6954  34.614  -68.585  -39.799 0.5000000000
6955  34.313  -68.900  -39.341 0.5000000000
6956  32.744  -69.128  -38.647 0.3000000119
6984  34.416  -68.411  -41.292 0.4000000060
6985  33.876  -68.884  -42.015 0.5000000000
7623  28.660  -67.243  -30.592 0.3000000119
7674  29.879  -67.770  -34.758 0.3000000119
7675  29.415  -68.226  -34.288 0.3000000119
7699  31.001  -67.854  -36.491 0.3000000119
7700  30.348  -68.123  -36.191 0.3000000119
7708  32.029  -67.939  -37.275 0.3000000119
8315  25.040  -66.498  -31.386 0.4000000060
8316  24.384  -66.537  -31.440 0.5000000000
8328  29.057  -66.737  -31.180 0.3000000119
8329  25.913  -66.887  -32.382 0.5000000000
8331  24.737  -66.924  -31.838 0.5000000000
8346  26.267  -66.919  -33.035 0.5000000000
8382  30.095  -67.090  -34.469 0.3000000119
8420  31.847  -67.101  -36.453 0.3000000119
8434  33.739  -66.587  -37.448 0.3000000119
8435  33.108  -67.098  -37.339 0.3000000119
8436  32.275  -67.358  -37.009 0.3000000119
8487  35.091  -66.380  -41.159 0.5000000000
8488  34.694  -67.331  -40.840 0.5000000000
8489  29.836  -66.563  -41.267 0.6000000238
8515  33.929  -67.585  -42.026 0.4000000060
9119  24.553  -65.592  -30.843 0.5000000000
9132  29.554  -66.185  -30.854 0.3000000119
9134  25.347  -65.995  -31.056 0.5000000000
9137  23.067  -65.525  -31.892 0.6000000238
9152  26.005  -66.343  -31.830 0.4000000060
9153  25.547  -66.318  -31.444 0.4000000060
9154  22.850  -66.200  -32.103 0.6000000238
9165  29.892  -65.826  -32.727 0.3000000119
9166  29.468  -66.220  -32.274 0.3000000119
9180  30.058  -66.099  -33.469 0.3000000119
9181  27.066  -65.844  -33.224 0.5000000000
9195  31.480  -65.824  -35.044 0.3000000119
9196  30.874  -66.073  -34.584 0.3000000119
9197  30.325  -66.413  -34.180 0.3000000119
9214  31.620  -66.277  -35.573 0.3000000119
9232  32.051  -66.476  -36.086 0.3000000119
9253  34.619  -66.073  -38.468 0.5000000000
9254  34.244  -66.391  -37.881 0.4000000060
9255  29.808  -65.823  -38.495 0.5000000000
9256  29.337  -66.272  -38.052 0.5000000000
9262  35.181  -66.034  -40.066 0.5000000000
9270  35.255  -66.197  -40.712 0.5000000000
9272  30.095  -66.115  -40.016 0.6000000238
9278  35.633  -65.941  -41.236 0.5000000000
9279  30.182  -66.032  -40.896 0.6000000238
9290  29.990  -65.862  -41.914 0.5000000000
9291  29.480  -65.968  -42.554 0.5000000000
9300  32.834  -66.579  -43.085 0.4000000060
9929  24.733  -65.128  -30.447 0.5000000000
9930  24.209  -64.676  -30.385 0.5000000000
9958  26.938  -64.972  -31.832 0.5000000000
10027  29.118  -64.966  -36.442 0.5000000000
10049  34.919  -65.665  -39.158 0.5000000000
10050  30.193  -65.318  -38.994 0.5000000000
10068  36.601  -65.550  -41.651 0.3000000119
10078  35.854  -65.708  -41.920 0.5000000000
10085  35.395  -65.538  -42.302 0.4000000060
10727  25.613  -64.345  -29.994 0.5000000000
10742  27.203  -63.927  -31.108 0.6000000238
10743  26.644  -64.379  -30.713 0.6000000238
10744  23.642  -64.596  -30.998 0.5000000000
10777  28.167  -63.604  -33.110 0.6999999881
10790  28.113  -64.179  -33.740 0.5000000000
10791  27.765  -64.744  -33.634 0.5000000000
10816  28.612  -64.442  -35.205 0.5000000000
10823  29.775  -63.851  -36.610 0.6000000238
10858  37.445  -65.053  -41.579 0.3000000119
10876  37.808  -64.980  -42.399 0.3000000119
10878  30.971  -63.430  -42.025 0.5000000000
10888  35.291  -65.008  -42.560 0.4000000060
10900  30.990  -63.547  -44.515 0.4000000060
10909  31.049  -64.193  -44.832 0.4000000060
10910  30.438  -64.113  -44.614 0.4000000060
11526  24.623  -63.757  -29.733 0.4000000060
11542  26.448  -63.344  -29.878 0.6000000238
11543  25.799  -63.701  -29.663 0.6000000238
11568  22.989  -63.898  -31.989 0.5000000000
11580  27.866  -63.833  -32.394 0.6999999881
11605  38.472  -63.323  -34.937 0.3000000119
11625  28.785  -63.878  -35.034 0.5000000000
11651  30.664  -63.162  -37.500 0.6999999881
11664  30.500  -63.736  -37.771 0.6999999881
11680  30.729  -63.916  -38.608 0.6999999881
11723  38.116  -64.615  -42.793 0.3000000119
11724  30.998  -63.014  -42.682 0.5000000000
11734  37.732  -64.242  -43.257 0.3000000119
11751  31.146  -62.884  -44.191 0.4000000060
12398  25.636  -62.456  -29.170 0.6999999881
12399  23.788  -62.510  -29.417 0.6999999881
12415  23.626  -62.993  -29.827 0.6000000238
12464  38.151  -62.328  -34.848 0.3000000119
12465  37.537  -61.894  -34.363 0.3000000119
12512  30.521  -62.641  -36.942 0.6000000238
12529  35.110  -62.190  -38.543 0.3000000119
12530  34.945  -61.990  -37.973 0.3000000119
12542  35.432  -62.500  -39.204 0.3000000119
12571  38.704  -63.411  -42.857 0.4000000060
12597  31.249  -62.449  -43.019 0.4000000060
12607  31.787  -62.278  -43.858 0.4000000060
12608  31.315  -62.378  -43.780 0.4000000060
13293  24.933  -61.421  -28.610 0.6999999881
13300  25.524  -61.795  -28.909 0.6999999881
13302  23.550  -61.408  -28.922 0.6999999881
13313  26.998  -61.128  -30.600 0.6000000238
13330  27.334  -61.552  -31.099 0.6999999881
13331  22.483  -62.057  -30.504 0.6000000238
13352  27.683  -61.089  -32.322 0.6999999881
13372  37.833  -61.584  -35.026 0.3000000119
13386  38.076  -61.272  -35.839 0.3000000119
13391  29.338  -61.037  -35.247 0.6999999881
13400  29.736  -60.896  -35.797 0.6999999881
13406  38.917  -61.359  -37.670 0.3000000119
13409  35.028  -61.527  -37.525 0.3000000119
13432  31.648  -61.991  -38.676 0.6000000238
13446  37.923  -62.670  -41.464 0.4000000060
13452  39.111  -62.344  -43.833 0.4000000060
13455  34.157  -60.986  -42.377 0.4000000060
13458  32.034  -61.607  -42.300 0.4000000060
14177  26.857  -60.409  -28.548 0.6999999881
14179  25.424  -60.863  -28.412 0.6999999881
14181  23.400  -60.845  -28.664 0.6999999881
14185  27.045  -60.592  -29.905 0.6000000238
14186  26.570  -61.162  -29.492 0.6999999881
14188  22.799  -60.453  -29.018 0.6999999881
14194  22.286  -60.690  -29.726 0.6000000238
14205  21.700  -60.461  -30.517 0.5000000000
14233  27.392  -59.801  -32.936 0.6999999881
14245  27.956  -59.839  -34.316 0.6999999881
14252  37.406  -60.750  -35.793 0.3000000119
14253  36.825  -60.655  -35.535 0.3000000119
14254  35.835  -60.768  -35.824 0.3000000119
14275  38.092  -60.503  -36.929 0.3000000119
14277  35.751  -60.399  -37.158 0.3000000119
14288  35.659  -60.517  -38.467 0.3000000119
14297  36.472  -60.049  -39.659 0.3000000119
14300  32.355  -60.683  -39.389 0.6000000238
14315  32.623  -60.972  -41.117 0.5000000000
15045  28.494  -59.229  -27.733 0.6999999881
15046  27.828  -59.582  -27.488 0.8000000119
15048  26.143  -59.728  -27.509 0.6999999881
15055  26.529  -60.169  -27.963 0.6999999881
15057  24.639  -60.031  -27.901 0.6999999881
15073  30.403  -59.190  -31.213 0.6999999881
15075  21.527  -59.698  -30.784 0.5000000000
15086  29.245  -59.204  -32.296 0.6999999881
15087  27.312  -59.410  -32.102 0.6000000238
15088  21.401  -59.597  -31.639 0.5000000000
15102  34.033  -59.403  -33.202 0.6999999881
15107  29.814  -59.512  -32.819 0.6999999881
15109  27.325  -59.230  -32.759 0.6000000238
15117  34.233  -59.249  -34.047 0.6000000238
15119  32.737  -59.696  -33.593 0.6999999881
15123  29.194  -59.027  -33.510 0.6999999881
15124  27.418  -59.283  -33.490 0.6000000238
15135  32.983  -59.533  -34.343 0.6999999881
15139  27.905  -59.107  -34.532 0.6999999881
15147  28.360  -59.412  -35.476 0.8000000119
15148  28.177  -58.943  -35.114 0.6999999881
15154  29.304  -59.463  -36.673 0.8000000119
15155  28.387  -58.911  -35.668 0.6999999881
15166  36.252  -60.202  -36.780 0.3000000119
15168  30.670  -59.418  -37.637 0.6000000238
15169  29.783  -59.256  -37.192 0.6999999881
15184  38.057  -59.164  -38.045 0.3000000119
15185  37.331  -59.329  -37.842 0.3000000119
15186  36.688  -59.580  -37.657 0.3000000119
15189  31.357  -59.484  -38.168 0.6000000238
15202  36.067  -60.084  -38.918 0.3000000119
15204  32.313  -59.165  -39.431 0.6999999881
15252  39.671  -60.595  -43.553 0.3000000119
15268  39.868  -59.996  -44.575 0.3000000119
15949  28.493  -58.340  -26.738 0.8000000119
15951  26.994  -58.591  -26.682 0.6999999881
15959  28.828  -58.607  -27.367 0.8000000119
15961  27.474  -59.193  -26.985 0.8000000119
15963  25.746  -59.037  -27.252 0.6999999881
15970  28.945  -58.695  -28.108 0.8000000119
15971  24.131  -58.810  -27.831 0.6000000238
15979  28.597  -59.130  -28.605 0.8000000119
15980  22.370  -59.141  -29.491 0.6000000238
15988  29.145  -58.362  -29.871 0.6999999881
15990  22.359  -58.286  -29.924 0.5000000000
16002  27.638  -59.013  -31.822 0.6000000238
16003  21.776  -58.402  -31.055 0.5000000000
16007  34.242  -58.796  -32.148 0.6999999881
16008  33.498  -59.009  -31.994 0.6999999881
16012  27.938  -58.725  -32.157 0.6000000238
16024  35.170  -58.663  -33.121 0.6000000238
16046  28.549  -58.725  -33.798 0.6999999881
16062  34.704  -58.915  -34.741 0.6000000238
16066  29.660  -58.475  -34.851 0.6999999881
16082  35.115  -58.630  -35.399 0.6000000238
16083  34.469  -58.880  -35.495 0.6000000238
16087  30.126  -58.237  -35.427 0.6000000238
16089  28.655  -58.291  -35.809 0.6000000238
16103  34.306  -58.576  -36.820 0.5000000000
16132  30.567  -57.984  -38.183 0.8000000119
16133  30.107  -58.043  -37.657 0.6999999881
16141  36.784  -59.278  -39.381 0.3000000119
16144  30.961  -57.718  -38.827 0.6999999881
16172  34.680  -58.606  -41.834 0.5000000000
16176  39.019  -58.973  -44.338 0.3000000119
16841  28.143  -57.839  -26.295 0.6999999881
16854  29.147  -58.000  -27.621 0.8000000119
16855  26.133  -58.500  -26.902 0.6000000238
16856  25.583  -57.764  -26.890 0.6999999881
16865  29.231  -58.109  -28.270 0.8000000119
16866  24.374  -58.037  -27.713 0.6000000238
16867  23.247  -58.205  -28.632 0.6000000238
16875  29.883  -57.234  -29.265 0.6000000238
16876  29.459  -57.677  -28.822 0.8000000119
16877  23.179  -57.555  -29.074 0.6000000238
16889  30.382  -57.501  -29.857 0.6000000238
16892  22.091  -58.150  -30.521 0.5000000000
16905  32.071  -58.132  -31.074 0.6000000238
16908  22.139  -57.631  -30.958 0.5000000000
16925  21.649  -58.182  -32.412 0.5000000000
16933  22.403  -57.337  -34.236 0.6000000238
16934  22.132  -57.994  -33.764 0.5000000000
16945  36.077  -57.534  -34.840 0.6000000238
16958  31.162  -58.010  -36.089 0.6999999881
16960  29.220  -58.055  -35.902 0.6999999881
16972  36.113  -57.351  -35.981 0.5000000000
16975  32.739  -58.079  -36.837 0.6000000238
16977  30.542  -57.403  -37.211 0.8000000119
16979  29.010  -58.258  -36.362 0.6000000238
16980  23.552  -57.594  -36.540 0.6000000238
16997  30.047  -57.879  -37.389 0.6999999881
16998  29.513  -58.109  -36.908 0.6999999881
16999  24.431  -58.348  -37.778 0.5000000000
17011  30.863  -57.263  -38.562 0.6000000238
17012  30.444  -57.540  -37.940 0.6999999881
17020  38.543  -58.145  -39.613 0.3000000119
17021  31.254  -57.043  -39.255 0.6999999881
17022  26.073  -58.214  -39.361 0.5000000000
17032  31.644  -56.483  -39.847 0.6999999881
17051  34.510  -57.419  -41.919 0.4000000060
17736  28.992  -56.864  -26.554 0.6000000238
17739  26.706  -57.191  -26.080 0.6000000238
17741  25.283  -56.517  -26.665 0.6999999881
17750  29.191  -57.343  -27.215 0.6999999881
17751  25.373  -57.057  -26.789 0.6999999881
17753  24.356  -56.524  -27.665 0.6000000238
17765  24.502  -57.220  -27.616 0.6000000238
17766  23.983  -56.797  -28.204 0.6000000238
17780  29.950  -56.693  -29.048 0.8000000119
17781  29.637  -56.717  -28.465 0.8000000119
17793  31.005  -57.116  -30.204 0.6000000238
17795  23.002  -56.474  -30.153 0.5000000000
17809  34.554  -57.112  -31.022 0.6000000238
17811  33.045  -57.386  -31.425 0.6000000238
17813  31.654  -57.485  -30.731 0.6000000238
17825  35.440  -57.061  -31.406 0.6000000238
17827  22.283  -56.964  -31.551 0.5000000000
17840  22.235  -56.854  -33.022 0.6000000238
17841  21.988  -57.347  -32.315 0.5000000000
17849  36.116  -57.149  -33.205 0.6000000238
17871  22.925  -56.976  -35.319 0.6000000238
17896  35.773  -57.241  -37.679 0.5000000000
17897  31.793  -56.875  -37.986 0.6000000238
17898  30.883  -57.110  -37.723 0.6999999881
17901  23.921  -57.131  -36.995 0.6000000238
17916  24.786  -56.664  -37.956 0.5000000000
17928  25.383  -57.021  -38.595 0.5000000000
17939  32.057  -56.072  -40.472 0.6000000238
17949  33.010  -55.984  -41.332 0.4000000060
17950  32.473  -56.083  -41.025 0.6999999881
17958  35.639  -56.115  -42.288 0.4000000060
17968  36.547  -56.333  -42.684 0.3000000119
18681  26.179  -55.461  -25.700 0.5000000000
18690  28.761  -56.354  -26.045 0.5000000000
18691  26.403  -56.350  -25.869 0.5000000000
18693  24.957  -55.985  -26.754 0.6000000238
18709  29.259  -56.607  -27.144 0.6000000238
18711  24.006  -56.035  -27.911 0.6000000238
18737  29.804  -56.263  -28.823 0.8000000119
18738  29.573  -56.147  -28.289 0.6000000238
18750  30.972  -56.331  -30.308 0.6000000238
18761  35.408  -55.998  -30.860 0.4000000060
18763  33.977  -56.732  -30.912 0.5000000000
18764  32.676  -56.325  -31.733 0.6000000238
18766  31.751  -56.251  -31.398 0.6000000238
18767  22.720  -56.332  -31.120 0.5000000000
18780  36.267  -55.808  -32.286 0.4000000060
18781  35.970  -55.944  -31.514 0.4000000060
18795  36.358  -55.527  -33.005 0.4000000060
18796  22.636  -55.974  -32.713 0.5000000000
18811  36.375  -55.688  -33.674 0.4000000060
18844  23.667  -55.488  -35.706 0.6000000238
18845  23.260  -56.301  -35.741 0.6000000238
18879  24.030  -56.328  -36.879 0.6000000238
18891  36.461  -56.257  -38.381 0.4000000060
18892  25.890  -55.776  -38.457 0.5000000000
18902  27.227  -55.663  -39.757 0.5000000000
18912  35.654  -55.765  -40.891 0.4000000060
18914  33.311  -55.672  -41.218 0.4000000060
18926  33.983  -55.793  -41.446 0.4000000060
18936  36.667  -55.529  -42.025 0.4000000060
19646  24.132  -54.398  -26.567 0.5000000000
19664  22.975  -54.735  -28.413 0.6000000238
19673  23.166  -55.419  -29.062 0.5000000000
19685  34.169  -55.320  -30.140 0.5000000000
19686  33.474  -55.625  -30.658 0.5000000000
19687  33.039  -54.996  -30.700 0.5000000000
19691  22.840  -55.240  -30.518 0.5000000000
19713  32.382  -55.934  -32.016 0.6000000238
19735  23.013  -55.016  -33.509 0.6000000238
19748  37.256  -54.767  -35.013 0.4000000060
19760  41.121  -55.089  -35.568 0.3000000119
19761  39.744  -55.243  -35.290 0.3000000119
19766  23.697  -54.999  -35.164 0.6000000238
19767  23.342  -55.621  -35.236 0.6000000238
19779  38.794  -55.224  -36.140 0.3000000119
19781  37.369  -55.206  -36.181 0.4000000060
19783  24.385  -54.805  -36.269 0.5000000000
19795  40.091  -55.457  -37.166 0.3000000119
19797  38.065  -55.288  -37.472 0.4000000060
19801  24.246  -55.518  -36.671 0.6000000238
19813  42.306  -54.809  -38.915 0.3000000119
19817  39.048  -55.261  -38.304 0.3000000119
19821  26.064  -54.999  -38.191 0.5000000000
19822  25.266  -55.183  -37.618 0.5000000000
19833  40.154  -55.005  -39.523 0.3000000119
19835  38.339  -55.128  -39.842 0.4000000060
19836  37.266  -55.506  -39.442 0.4000000060
19851  37.248  -55.366  -40.285 0.4000000060
19878  38.366  -55.032  -42.085 0.3000000119
20597  24.821  -54.554  -26.191 0.5000000000
20605  23.479  -54.112  -26.933 0.4000000060
20618  22.683  -54.044  -27.904 0.5000000000
20635  29.433  -54.854  -28.906 0.6000000238
20636  22.346  -54.329  -29.515 0.5000000000
20637  21.927  -53.709  -29.580 0.6000000238
20675  36.058  -54.033  -31.432 0.4000000060
20678  31.196  -55.003  -32.176 0.5000000000
20682  22.311  -54.224  -30.941 0.6000000238
20719  22.830  -54.579  -32.415 0.6000000238
20720  22.443  -53.986  -32.332 0.6000000238
20733  36.739  -54.494  -33.789 0.4000000060
20734  23.037  -54.417  -33.658 0.6000000238
20747  23.245  -54.186  -34.260 0.6000000238
20754  23.879  -54.350  -35.284 0.6000000238
20767  42.780  -54.814  -37.910 0.3000000119
20769  25.229  -53.935  -37.177 0.5000000000
20777  27.244  -53.383  -39.128 0.5000000000
20778  26.466  -54.012  -38.322 0.5000000000
21596  25.756  -53.519  -25.485 0.4000000060
21621  22.274  -53.473  -28.235 0.5000000000
21645  22.469  -54.220  -28.669 0.5000000000
21680  21.761  -53.608  -30.768 0.6000000238
21696  21.240  -52.918  -32.028 0.5000000000
21712  21.666  -53.392  -32.290 0.6000000238
21723  22.944  -53.946  -33.826 0.6000000238
21724  22.394  -53.548  -33.699 0.6000000238
21733  22.988  -53.628  -34.453 0.6000000238
21744  23.322  -53.400  -35.252 0.6000000238
21752  24.389  -53.818  -36.182 0.5000000000
21778  27.136  -52.423  -39.359 0.5000000000
22633  22.315  -52.637  -28.043 0.6000000238
22652  21.747  -52.430  -29.143 0.6000000238
22669  21.415  -52.613  -29.778 0.5000000000
22670  21.289  -52.884  -30.539 0.5000000000
22681  21.135  -52.441  -31.084 0.5000000000
22704  21.599  -53.199  -33.170 0.6000000238
22725  22.545  -53.051  -35.039 0.6000000238
22726  21.843  -52.662  -34.774 0.6000000238
22727  21.358  -52.305  -34.516 0.6000000238
22734  22.861  -52.740  -35.713 0.6000000238
22741  24.598  -52.804  -37.025 0.6000000238
22755  24.345  -52.176  -37.237 0.6000000238
23642  23.979  -51.786  -26.511 0.5000000000
23652  23.363  -51.980  -27.030 0.6000000238
23662  22.555  -51.845  -28.119 0.6000000238
23711  21.260  -51.970  -30.400 0.5000000000
23712  18.936  -51.608  -30.473 0.3000000119
23723  21.133  -51.619  -31.334 0.5000000000
23740  21.030  -51.870  -33.087 0.6000000238
23755  21.493  -52.054  -35.073 0.6000000238
23756  21.277  -51.795  -34.613 0.6000000238
23761  22.507  -51.983  -36.069 0.6000000238
23763  21.430  -51.394  -35.069 0.6000000238
23769  23.817  -51.859  -37.003 0.6000000238
23770  23.151  -51.390  -36.725 0.6000000238
23780  23.994  -51.096  -37.236 0.5000000000
23783  26.244  -50.987  -39.196 0.5000000000
24690  23.436  -50.695  -27.894 0.5000000000
24717  22.725  -50.780  -29.084 0.5000000000
24739  22.059  -50.823  -30.253 0.6000000238
24740  19.259  -50.824  -29.713 0.3000000119
24753  21.436  -50.920  -31.304 0.5000000000
24754  19.130  -50.895  -30.536 0.3000000119
24758  21.828  -50.440  -31.659 0.5000000000
24759  21.249  -51.000  -31.950 0.6000000238
24763  21.440  -50.451  -33.267 0.6000000238
24769  21.486  -50.539  -34.081 0.6000000238
24770  21.126  -51.171  -33.586 0.6000000238
24783  21.952  -50.856  -35.514 0.6000000238
24790  23.167  -50.483  -36.631 0.6000000238
25731  23.745  -49.916  -28.182 0.4000000060
25759  22.933  -49.813  -30.162 0.5000000000
25760  22.448  -50.203  -30.540 0.5000000000
25774  22.351  -50.007  -31.253 0.5000000000
25776  18.965  -50.417  -31.158 0.3000000119
25782  22.782  -49.499  -31.519 0.6000000238
25784  19.056  -49.723  -31.269 0.3000000119
25790  22.567  -49.308  -32.692 0.6000000238
25791  22.006  -49.832  -32.951 0.6000000238
25792  18.097  -49.365  -32.283 0.4000000060
25804  22.413  -49.329  -34.298 0.5000000000
25809  22.644  -49.458  -35.113 0.6000000238
25810  22.202  -50.128  -35.354 0.6000000238
25818  23.462  -49.705  -36.559 0.6000000238
26744  19.072  -49.026  -27.361 0.3000000119
26777  23.900  -48.810  -29.165 0.4000000060
26778  20.186  -48.687  -29.002 0.3000000119
26779  19.859  -49.334  -29.273 0.3000000119
26788  23.501  -48.754  -30.549 0.4000000060
26789  23.152  -49.299  -30.491 0.4000000060
26791  19.705  -49.361  -30.164 0.3000000119
26796  23.480  -48.508  -31.279 0.4000000060
26798  19.370  -49.301  -30.948 0.3000000119
26807  19.148  -48.781  -31.579 0.3000000119
26825  23.041  -48.806  -34.847 0.4000000060
26843  24.549  -48.895  -37.337 0.5000000000
27835  18.342  -48.319  -27.010 0.3000000119
27854  24.704  -47.943  -28.097 0.4000000060
27856  20.487  -47.860  -27.798 0.3000000119
27869  24.148  -48.060  -29.267 0.4000000060
27870  20.560  -48.061  -28.721 0.3000000119
27879  24.049  -47.640  -29.868 0.4000000060
27888  20.257  -48.246  -30.227 0.3000000119
27898  23.409  -48.367  -32.030 0.4000000060
27905  23.323  -48.266  -32.808 0.4000000060
27912  23.674  -47.680  -33.278 0.4000000060
27924  23.444  -48.206  -34.576 0.4000000060
28900  24.954  -47.245  -27.931 0.4000000060
28901  20.859  -47.203  -27.520 0.3000000119
28928  20.924  -47.539  -29.407 0.3000000119
28938  24.219  -46.950  -29.727 0.4000000060
28939  20.926  -47.176  -30.221 0.3000000119
28947  23.839  -47.246  -31.132 0.4000000060
28948  20.880  -46.786  -30.772 0.3000000119
28950  19.877  -47.733  -31.284 0.4000000060
28962  19.304  -47.431  -32.037 0.4000000060
28971  18.837  -46.926  -32.802 0.4000000060
28980  23.955  -47.066  -33.861 0.4000000060
30003  21.839  -45.604  -27.475 0.3000000119
30004  21.034  -46.125  -26.876 0.3000000119
30005  20.572  -46.734  -26.840 0.3000000119
30024  21.370  -46.831  -28.139 0.3000000119
30039  21.778  -46.363  -28.717 0.3000000119
30052  24.454  -45.873  -29.683 0.4000000060
30054  21.634  -46.424  -29.567 0.3000000119
30073  23.833  -46.602  -31.420 0.4000000060
30075  20.498  -46.628  -31.316 0.4000000060
30093  23.811  -46.458  -32.191 0.4000000060
30094  20.531  -46.054  -31.722 0.5000000000
30095  20.017  -46.006  -32.260 0.3000000119
30109  23.878  -46.210  -32.987 0.3000000119
30110  19.543  -45.939  -32.772 0.4000000060
30112  18.329  -46.526  -33.577 0.3000000119
30134  24.303  -46.419  -34.396 0.3000000119
30147  19.153  -45.871  -35.258 0.4000000060
31119  22.049  -45.740  -28.358 0.3000000119
31140  21.734  -45.828  -30.312 0.3000000119
31160  21.527  -45.478  -31.055 0.3000000119
31174  20.407  -45.571  -32.160 0.3000000119
31188  19.928  -45.356  -32.809 0.3000000119
31189  19.256  -45.530  -33.411 0.3000000119
31231  20.295  -45.207  -35.335 0.3000000119
32258  22.767  -44.017  -29.418 0.3000000119
32296  21.958  -44.456  -31.245 0.3000000119
32314  21.605  -44.204  -31.994 0.3000000119
32377  19.701  -44.768  -34.983 0.3000000119
33417  27.183  -42.957  -26.668 0.4000000060
33418  26.341  -43.617  -27.257 0.4000000060
33419  25.854  -44.004  -27.630 0.4000000060
33453  23.027  -43.435  -29.042 0.3000000119
33468  22.619  -43.968  -30.121 0.3000000119
33482  22.593  -43.526  -30.746 0.3000000119
33483  22.157  -43.832  -31.400 0.3000000119
33493  21.873  -43.371  -32.212 0.3000000119
33500  21.453  -43.081  -32.964 0.3000000119
33502  20.291  -43.973  -33.466 0.3000000119
33540  24.244  -43.322  -36.407 0.3000000119
33542  21.953  -43.562  -35.548 0.3000000119
33543  20.776  -43.305  -35.123 0.3000000119
34578  25.836  -43.213  -28.739 0.4000000060
34599  25.877  -41.975  -30.429 0.4000000060
34600  25.444  -42.708  -30.084 0.4000000060
34602  23.165  -42.542  -30.030 0.3000000119
34612  24.880  -42.836  -30.821 0.4000000060
34625  22.682  -42.355  -31.737 0.3000000119
34639  24.306  -42.242  -32.798 0.3000000119
34642  21.160  -42.675  -33.763 0.3000000119
34659  24.240  -42.935  -34.049 0.3000000119
34671  24.475  -42.269  -34.896 0.3000000119
34678  24.481  -42.465  -35.825 0.3000000119
34679  24.180  -42.343  -36.090 0.3000000119
34681  22.007  -42.099  -35.147 0.3000000119
35713  27.092  -41.348  -29.805 0.4000000060
35715  23.720  -41.458  -30.065 0.3000000119
35729  26.335  -41.352  -30.923 0.4000000060
35731  25.016  -42.085  -31.420 0.3000000119
35751  24.814  -41.732  -32.357 0.3000000119
35753  22.371  -42.071  -32.563 0.3000000119
35765  25.205  -41.007  -32.894 0.3000000119
35766  24.677  -41.539  -33.347 0.3000000119
35768  22.082  -41.798  -33.380 0.3000000119
35776  21.893  -41.685  -34.088 0.3000000119
35777  21.845  -41.829  -34.594 0.3000000119
35784  23.068  -41.119  -35.264 0.3000000119
35792  24.322  -41.807  -35.745 0.3000000119
35793  23.985  -41.368  -35.615 0.3000000119
36813  23.875  -40.835  -30.378 0.3000000119
36835  23.689  -40.644  -31.110 0.3000000119
36852  23.476  -40.428  -31.948 0.3000000119
36853  23.028  -40.906  -32.429 0.3000000119
36861  25.684  -40.312  -33.478 0.4000000060
36862  25.088  -40.765  -33.895 0.3000000119
36871  25.441  -40.010  -34.338 0.4000000060
36874  22.411  -41.194  -33.785 0.3000000119
36880  25.141  -39.871  -34.811 0.4000000060
36881  24.619  -40.304  -35.071 0.3000000119
36882  24.232  -40.181  -35.199 0.4000000060
36884  22.426  -41.167  -34.545 0.3000000119
36894  23.759  -40.620  -35.293 0.3000000119
37879  29.122  -39.696  -29.073 0.3000000119
37915  28.255  -39.589  -31.029 0.3000000119
37930  28.032  -39.214  -31.809 0.3000000119
37934  23.338  -40.224  -32.871 0.3000000119
37942  26.657  -39.150  -33.488 0.3000000119
37943  26.009  -39.576  -33.947 0.4000000060
37954  23.414  -40.044  -34.449 0.3000000119
37961  25.520  -39.340  -34.561 0.4000000060
37963  24.126  -39.699  -34.788 0.4000000060
37964  23.711  -40.173  -34.975 0.4000000060
38966  29.360  -38.990  -29.484 0.3000000119
38996  28.469  -38.871  -31.307 0.3000000119
39011  28.192  -38.520  -31.934 0.3000000119
39014  24.210  -39.026  -32.916 0.3000000119
39022  27.137  -38.523  -33.312 0.3000000119
39023  26.560  -38.404  -33.781 0.3000000119
39033  26.030  -38.240  -34.064 0.3000000119
39035  24.912  -38.625  -34.211 0.3000000119
39044  25.110  -39.094  -34.694 0.4000000060
39045  24.747  -39.447  -34.850 0.4000000060
40116  26.402  -37.816  -33.652 0.3000000119
40126  25.438  -38.162  -33.836 0.3000000119
158456  33.073  -58.837  -35.900 0.6000000238
158765  28.485  -58.763  -30.610 0.6999999881
159114  30.392  -57.883  -36.062 0.6000000238
159683  40.359  -55.329  -35.758 0.3000000119
159776  23.245  -54.810  -34.107 0.6000000238
159956  29.302  -55.310  -27.451 0.5000000000
160082  22.937  -55.644  -34.025 0.6000000238
160270  36.732  -55.861  -39.074 0.4000000060
160368  22.644  -56.519  -34.192 0.6000000238
160776  39.361  -55.382  -36.808 0.3000000119
161189  26.980  -54.121  -25.083 0.5000000000
161480  20.340  -44.437  -35.209 0.3000000119
161569  21.206  -52.569  -33.375 0.6000000238
162010  23.242  -42.786  -29.407 0.3000000119
162533  29.634  -57.876  -36.467 0.6000000238
162697  22.826  -62.776  -30.635 0.4000000060
163188  30.709  -64.737  -41.039 0.6999999881
163303  36.565  -55.941  -35.991 0.5000000000
163339  27.645  -58.852  -32.705 0.6000000238
163442  28.293  -58.697  -34.341 0.6000000238
163572  24.293  -64.157  -30.086 0.5000000000
163904  37.220  -55.429  -36.736 0.4000000060
164246  21.681  -53.133  -29.303 0.5000000000
164250  35.514  -57.801  -37.119 0.5000000000
166047  31.679  -59.734  -32.139 0.6999999881
166248  36.251  -55.888  -40.024 0.4000000060
166292  27.262  -54.660  -25.142 0.5000000000
166328  30.776  -64.493  -40.397 0.6999999881
167014  28.285  -64.743  -34.826 0.5000000000
167198  41.204  -55.336  -37.974 0.3000000119
168006  21.958  -57.702  -33.040 0.5000000000
168088  34.546  -68.694  -40.821 0.5000000000
168204  34.856  -54.753  -30.137 0.5000000000
168319  22.548  -44.699  -28.183 0.3000000119
168365  21.206  -46.569  -27.362 0.3000000119
168419  35.863  -61.263  -34.771 0.3000000119
168908  22.977  -57.650  -35.554 0.6000000238
169574  34.691  -68.469  -40.298 0.4000000060
169619  21.332  -43.673  -32.667 0.3000000119
169794  24.527  -59.373  -27.693 0.6999999881
169844  23.604  -49.585  -28.952 0.4000000060
170042  21.745  -60.959  -31.229 0.5000000000
170818  23.005  -48.824  -32.411 0.4000000060
170820  24.206  -53.304  -36.349 0.6000000238
171320  24.071  -65.929  -31.237 0.5000000000
171807  34.002  -68.521  -41.939 0.5000000000
171822  30.116  -62.318  -36.274 0.6000000238
171876  32.194  -57.924  -36.694 0.6000000238
171980  27.641  -62.478  -31.325 0.6999999881
172034  18.773  -47.861  -26.813 0.3000000119
172348  24.007  -55.317  -36.135 0.6000000238
172448  21.259  -46.952  -29.702 0.3000000119
173148  19.928  -44.140  -34.732 0.3000000119
173621  23.259  -53.332  -26.899 0.5000000000
173789  37.715  -60.691  -44.322 0.4000000060
173981  35.765  -60.235  -37.781 0.3000000119
174040  23.918  -45.573  -33.143 0.3000000119
174506  23.948  -46.064  -30.866 0.4000000060
174781  32.621  -67.679  -43.860 0.4000000060
175152  22.816  -55.589  -33.330 0.6000000238
176322  32.322  -62.439  -43.734 0.4000000060
176518  23.228  -59.483  -28.426 0.6000000238
176579  24.636  -39.845  -34.981 0.4000000060
176665  27.895  -53.290  -40.597 0.5000000000
177384  39.212  -60.011  -44.693 0.3000000119
177435  30.604  -59.763  -33.048 0.6999999881
177884  25.445  -58.377  -27.136 0.6000000238
177899  24.042  -55.525  -27.479 0.6000000238
178126  29.113  -69.479  -33.839 0.3000000119
178283  32.302  -61.311  -40.699 0.5000000000
180750  26.290  -42.623  -28.824 0.4000000060
180785  22.809  -57.626  -29.705 0.6000000238
180845  34.858  -58.620  -32.412 0.6999999881
181354  36.527  -53.567  -31.964 0.4000000060
181817  30.852  -57.628  -36.629 0.6000000238
181823  20.108  -46.461  -31.845 0.4000000060
182125  22.734  -66.593  -32.364 0.6000000238
182247  22.897  -55.960  -30.627 0.5000000000
182553  22.971  -63.401  -31.212 0.5000000000
182724  23.935  -46.675  -30.789 0.4000000060
182898  24.257  -52.898  -26.113 0.5000000000
183526  23.823  -66.462  -31.627 0.5000000000
183706  36.606  -59.884  -37.108 0.3000000119
184733  25.933  -37.949  -33.813 0.3000000119
185201  18.742  -49.294  -31.757 0.3000000119
185264  42.613  -54.220  -39.590 0.3000000119
185431  22.118  -51.229  -29.500 0.6000000238
185687  23.928  -43.977  -36.509 0.3000000119
185822  24.582  -40.980  -35.115 0.3000000119
185922  21.967  -51.842  -29.095 0.6000000238
186050  29.800  -58.511  -30.680 0.6999999881
186566  22.765  -49.291  -32.087 0.6000000238
186580  31.898  -59.345  -31.522 0.6000000238
186614  19.009  -51.552  -29.679 0.3000000119
186674  28.493  -61.226  -33.889 0.6999999881
186760  21.828  -42.912  -32.628 0.3000000119
187191  30.780  -63.963  -42.132 0.6000000238
187597  22.829  -57.104  -30.084 0.6000000238
187641  36.268  -56.647  -37.865 0.4000000060
187653  23.114  -52.673  -27.057 0.6000000238
187764  19.362  -48.486  -27.214 0.3000000119
188020  30.079  -61.565  -36.116 0.6999999881
188143  34.738  -68.134  -40.307 0.5000000000
188157  29.197  -66.618  -31.878 0.3000000119
188192  26.782  -43.636  -26.585 0.4000000060
188245  28.060  -58.815  -34.251 0.6000000238
188327  24.615  -43.094  -35.848 0.3000000119
188569  35.737  -58.004  -35.388 0.6000000238
188959  27.983  -69.431  -30.459 0.3000000119
189213  25.063  -62.611  -29.111 0.6000000238
189268  36.319  -53.975  -31.993 0.4000000060
189830  27.565  -64.319  -32.432 0.5000000000
190174  33.774  -65.937  -42.361 0.4000000060
190374  38.995  -54.932  -40.300 0.4000000060
190450  20.207  -46.473  -26.647 0.3000000119
190831  22.853  -61.973  -29.906 0.6000000238
190884  24.054  -57.526  -28.048 0.6000000238
191008  19.179  -47.310  -26.721 0.3000000119
191177  27.065  -60.427  -29.188 0.6000000238
191249  20.207  -47.922  -30.688 0.4000000060
191346  22.640  -44.561  -28.964 0.3000000119
