#!ascii label  , from subject sub-v2s13x29127_ses-1 vox2ras=TkReg
332
21471  42.749  -53.605  -15.670 0.0000000000
158876  38.195  -58.618  -27.311 0.0000000000
168350  46.176  -56.695  -20.289 0.0000000000
18646  40.607  -56.385  -21.568 0.0000000000
14147  44.204  -60.995  -25.485 0.0000000000
15905  44.883  -58.781  -23.052 0.0000000000
13236  45.609  -62.095  -23.521 0.0000000000
16823  39.494  -58.411  -24.454 0.0000000000
20543  38.431  -54.078  -22.712 0.0000000000
163314  44.925  -55.341  -16.923 0.0000000000
17680  43.613  -56.313  -20.861 0.0000000000
15918  42.204  -58.622  -24.048 0.0000000000
14159  40.753  -60.402  -26.777 0.0000000000
12391  42.979  -62.639  -28.355 0.0000000000
24498  44.260  -50.921  -14.421 0.0000000000
21444  46.868  -53.089  -15.285 0.0000000000
19512  48.559  -54.843  -16.368 0.0000000000
21517  39.232  -53.150  -19.745 0.0000000000
14120  45.917  -60.785  -22.421 0.0000000000
15940  38.313  -58.340  -25.840 0.0000000000
17717  38.119  -56.897  -24.889 0.0000000000
19558  45.711  -56.079  -18.730 0.0000000000
18631  44.993  -56.468  -20.586 0.0000000000
15014  44.391  -60.164  -24.482 0.0000000000
15916  43.662  -58.915  -23.697 0.0000000000
14140  42.976  -59.885  -25.230 0.0000000000
15015  41.592  -59.266  -25.167 0.0000000000
165100  42.646  -60.288  -25.901 0.0000000000
12393  41.323  -62.159  -28.804 0.0000000000
21442  48.762  -52.718  -15.207 0.0000000000
20461  47.976  -54.204  -15.886 0.0000000000
179289  49.633  -53.691  -15.819 0.0000000000
19595  41.559  -55.460  -20.347 0.0000000000
19588  40.364  -54.566  -20.142 0.0000000000
23605  39.567  -51.931  -23.599 0.0000000000
160840  38.828  -51.450  -22.290 0.0000000000
17676  47.150  -57.458  -21.008 0.0000000000
16792  45.871  -57.853  -22.017 0.0000000000
15903  46.233  -59.331  -22.486 0.0000000000
15006  45.509  -60.368  -23.491 0.0000000000
13250  45.116  -61.681  -24.940 0.0000000000
17702  39.804  -57.269  -22.763 0.0000000000
18648  39.093  -55.948  -22.178 0.0000000000
17704  38.349  -56.597  -23.454 0.0000000000
20550  38.517  -54.386  -23.955 0.0000000000
16874  38.399  -58.152  -29.067 0.0000000000
20477  43.705  -54.932  -16.527 0.0000000000
19585  42.643  -55.439  -19.921 0.0000000000
18644  42.291  -56.564  -21.285 0.0000000000
16794  44.096  -57.520  -22.113 0.0000000000
159897  42.744  -57.462  -22.246 0.0000000000
17700  41.445  -57.482  -22.423 0.0000000000
15920  40.752  -58.510  -24.224 0.0000000000
15938  39.928  -59.150  -25.377 0.0000000000
15033  39.064  -59.682  -26.692 0.0000000000
13282  43.642  -62.086  -26.914 0.0000000000
13284  42.004  -61.713  -27.421 0.0000000000
14170  40.021  -60.840  -27.713 0.0000000000
15051  38.493  -60.015  -28.230 0.0000000000
172634  42.985  -50.755  -14.991 0.0000000000
22467  43.798  -52.385  -14.970 0.0000000000
179160  45.710  -52.529  -14.840 0.0000000000
182418  45.084  -53.668  -15.428 0.0000000000
177735  45.637  -54.665  -15.946 0.0000000000
19530  46.434  -55.441  -16.873 0.0000000000
18588  47.319  -56.112  -18.223 0.0000000000
19541  48.796  -55.826  -17.685 0.0000000000
17661  47.841  -57.080  -19.916 0.0000000000
21536  38.689  -53.214  -21.343 0.0000000000
22468  42.541  -52.837  -15.475 0.0000000000
22480  41.723  -52.754  -15.747 0.0000000000
166700  42.119  -53.356  -15.780 0.0000000000
15948  38.227  -58.489  -26.544 0.0000000000
173953  38.167  -57.804  -26.179 0.0000000000
18599  46.187  -56.327  -19.176 0.0000000000
19567  45.339  -56.111  -19.238 0.0000000000
18607  45.795  -56.414  -19.749 0.0000000000
14139  43.918  -60.362  -25.098 0.0000000000
162366  43.571  -59.711  -24.604 0.0000000000
14148  43.089  -60.809  -26.134 0.0000000000
12412  41.049  -62.178  -30.202 0.0000000000
21464  49.044  -53.392  -15.613 0.0000000000
18635  41.095  -55.882  -20.947 0.0000000000
19596  40.765  -55.208  -20.569 0.0000000000
18636  40.280  -55.689  -21.204 0.0000000000
24635  39.542  -51.334  -23.290 0.0000000000
16791  46.590  -58.142  -21.852 0.0000000000
14985  46.488  -59.580  -22.060 0.0000000000
14121  45.755  -61.249  -23.002 0.0000000000
14129  45.516  -61.100  -23.765 0.0000000000
14137  45.309  -61.382  -24.339 0.0000000000
13249  45.396  -62.251  -24.351 0.0000000000
16807  39.461  -57.656  -23.392 0.0000000000
17703  39.037  -57.010  -23.041 0.0000000000
17709  38.719  -57.328  -23.707 0.0000000000
162734  38.195  -55.540  -24.364 0.0000000000
19613  38.455  -54.920  -24.633 0.0000000000
21576  39.376  -53.520  -24.483 0.0000000000
19532  44.198  -55.211  -16.941 0.0000000000
19546  43.604  -55.156  -17.400 0.0000000000
19545  44.367  -55.424  -17.718 0.0000000000
18633  42.741  -56.142  -20.775 0.0000000000
17681  43.019  -56.591  -21.219 0.0000000000
16800  45.370  -58.336  -22.531 0.0000000000
16793  44.992  -57.653  -22.089 0.0000000000
16801  44.487  -58.133  -22.634 0.0000000000
15917  42.939  -58.755  -23.862 0.0000000000
15907  43.239  -58.399  -23.267 0.0000000000
16812  42.463  -58.289  -23.404 0.0000000000
17699  42.242  -57.481  -22.305 0.0000000000
16813  41.682  -58.236  -23.538 0.0000000000
16814  40.894  -58.192  -23.676 0.0000000000
15919  41.433  -58.565  -24.131 0.0000000000
162109  41.324  -59.597  -25.761 0.0000000000
15016  40.799  -59.165  -25.282 0.0000000000
15024  40.451  -59.587  -25.865 0.0000000000
15025  39.502  -59.509  -25.959 0.0000000000
15032  40.073  -60.032  -26.540 0.0000000000
167701  43.842  -64.510  -28.693 0.0000000000
12394  43.548  -63.161  -28.798 0.0000000000
11516  44.108  -63.390  -28.151 0.0000000000
12390  43.663  -62.888  -28.132 0.0000000000
13283  42.820  -61.892  -27.195 0.0000000000
13276  42.377  -61.400  -26.900 0.0000000000
12384  42.427  -62.283  -27.835 0.0000000000
13297  39.856  -61.427  -29.209 0.0000000000
13290  40.923  -61.682  -28.298 0.0000000000
13292  39.531  -61.090  -28.778 0.0000000000
14174  39.544  -60.911  -28.288 0.0000000000
13298  39.167  -60.998  -29.338 0.0000000000
25522  43.458  -50.041  -14.697 0.0000000000
24499  43.654  -50.665  -14.634 0.0000000000
23487  43.533  -51.484  -14.833 0.0000000000
23486  44.394  -51.776  -14.643 0.0000000000
22463  46.991  -52.386  -14.828 0.0000000000
23484  46.260  -51.941  -14.536 0.0000000000
22464  46.268  -52.749  -15.010 0.0000000000
22465  45.185  -52.695  -14.942 0.0000000000
184320  46.217  -53.319  -15.345 0.0000000000
21468  45.764  -53.900  -15.570 0.0000000000
21467  46.619  -53.772  -15.552 0.0000000000
19514  46.829  -54.992  -16.215 0.0000000000
19529  47.315  -55.420  -16.854 0.0000000000
162532  47.059  -55.766  -17.459 0.0000000000
19542  47.833  -55.805  -17.580 0.0000000000
18595  49.768  -56.798  -18.585 0.0000000000
18586  49.397  -56.309  -18.345 0.0000000000
18587  48.385  -56.189  -18.277 0.0000000000
19602  38.824  -55.185  -22.032 0.0000000000
19598  39.183  -54.704  -21.361 0.0000000000
21546  38.542  -53.585  -22.022 0.0000000000
187727  38.479  -51.968  -21.565 0.0000000000
15939  38.735  -58.623  -25.403 0.0000000000
16817  38.492  -57.592  -24.346 0.0000000000
184930  45.122  -55.653  -17.698 0.0000000000
19559  44.944  -55.818  -18.505 0.0000000000
18632  44.401  -56.363  -20.706 0.0000000000
15007  44.813  -59.890  -23.883 0.0000000000
15906  44.039  -58.559  -23.172 0.0000000000
15008  44.028  -59.499  -24.070 0.0000000000
188753  43.371  -59.209  -24.150 0.0000000000
15009  42.741  -59.209  -24.514 0.0000000000
15928  41.897  -58.966  -24.610 0.0000000000
163740  42.253  -59.427  -25.005 0.0000000000
15023  42.106  -59.748  -25.551 0.0000000000
14149  41.830  -60.112  -26.156 0.0000000000
12392  42.121  -62.414  -28.591 0.0000000000
12396  41.855  -62.415  -29.448 0.0000000000
12397  41.062  -62.160  -29.521 0.0000000000
21443  47.743  -52.790  -15.157 0.0000000000
21466  47.422  -53.602  -15.546 0.0000000000
21465  48.288  -53.478  -15.561 0.0000000000
20460  48.970  -54.125  -15.969 0.0000000000
20511  40.297  -54.204  -19.635 0.0000000000
20523  39.709  -53.986  -20.065 0.0000000000
21557  38.911  -53.084  -23.484 0.0000000000
21550  38.593  -53.316  -22.776 0.0000000000
23597  38.996  -51.951  -22.802 0.0000000000
24625  39.176  -51.055  -22.726 0.0000000000
18620  47.050  -57.037  -20.420 0.0000000000
17669  46.391  -57.001  -20.861 0.0000000000
17677  46.394  -57.405  -21.473 0.0000000000
15899  46.139  -58.604  -22.323 0.0000000000
15904  45.674  -59.075  -22.812 0.0000000000
14997  45.808  -59.823  -22.927 0.0000000000
14998  45.238  -59.522  -23.332 0.0000000000
14130  45.083  -60.638  -24.165 0.0000000000
14138  44.722  -60.931  -24.871 0.0000000000
17692  40.164  -56.864  -22.163 0.0000000000
18647  39.811  -56.201  -21.832 0.0000000000
17693  39.398  -56.657  -22.407 0.0000000000
18656  38.748  -56.326  -22.781 0.0000000000
19606  38.273  -55.325  -23.230 0.0000000000
189128  38.170  -56.426  -23.959 0.0000000000
18665  38.186  -55.894  -23.769 0.0000000000
20544  38.326  -54.584  -23.310 0.0000000000
158819  38.896  -53.687  -23.995 0.0000000000
22595  40.007  -52.260  -24.098 0.0000000000
15958  38.181  -58.646  -28.057 0.0000000000
20465  43.030  -54.437  -16.132 0.0000000000
160084  43.071  -54.918  -16.875 0.0000000000
18634  41.927  -56.021  -20.818 0.0000000000
18645  41.455  -56.496  -21.386 0.0000000000
17679  44.281  -56.616  -21.138 0.0000000000
16802  43.632  -57.992  -22.694 0.0000000000
16795  43.264  -57.454  -22.189 0.0000000000
17688  43.662  -56.896  -21.565 0.0000000000
17689  42.724  -57.058  -21.802 0.0000000000
17690  41.859  -57.015  -21.863 0.0000000000
17691  40.998  -56.976  -21.989 0.0000000000
17701  40.610  -57.427  -22.560 0.0000000000
16806  40.306  -57.791  -23.201 0.0000000000
16815  40.034  -58.193  -23.940 0.0000000000
15929  41.132  -58.848  -24.700 0.0000000000
15930  40.221  -58.732  -24.699 0.0000000000
15931  39.370  -58.749  -25.002 0.0000000000
185172  39.210  -59.045  -25.548 0.0000000000
15034  38.397  -59.175  -26.986 0.0000000000
13260  44.982  -62.065  -25.491 0.0000000000
10711  44.101  -63.844  -28.703 0.0000000000
13274  44.060  -61.760  -26.363 0.0000000000
13262  43.769  -61.153  -26.016 0.0000000000
13275  43.164  -61.399  -26.557 0.0000000000
14157  42.315  -60.800  -26.467 0.0000000000
14158  41.692  -61.138  -27.028 0.0000000000
13289  41.637  -61.989  -28.080 0.0000000000
13286  40.651  -61.250  -27.863 0.0000000000
14169  40.878  -60.877  -27.251 0.0000000000
15042  39.498  -60.305  -27.202 0.0000000000
15043  38.694  -59.843  -27.471 0.0000000000
15044  38.248  -59.318  -27.868 0.0000000000
15969  38.178  -59.111  -28.585 0.0000000000
190624  42.085  -50.460  -15.350 0.0000000000
25523  42.721  -50.036  -15.113 0.0000000000
23489  42.336  -50.985  -15.256 0.0000000000
23488  42.709  -51.519  -15.148 0.0000000000
164285  43.017  -52.242  -15.137 0.0000000000
21448  43.278  -53.004  -15.262 0.0000000000
23464  46.680  -50.948  -14.119 0.0000000000
23466  45.007  -51.149  -14.229 0.0000000000
22466  44.578  -52.550  -14.907 0.0000000000
21447  44.064  -53.123  -15.187 0.0000000000
21470  43.579  -53.745  -15.553 0.0000000000
21469  44.403  -53.755  -15.473 0.0000000000
168868  44.906  -54.355  -15.781 0.0000000000
185525  45.095  -54.977  -16.212 0.0000000000
20463  46.345  -54.439  -15.848 0.0000000000
19515  46.169  -55.005  -16.198 0.0000000000
179089  45.705  -55.579  -17.294 0.0000000000
19543  46.433  -55.863  -17.737 0.0000000000
18589  46.398  -56.161  -18.518 0.0000000000
18598  47.076  -56.441  -19.004 0.0000000000
18597  47.988  -56.475  -18.879 0.0000000000
18606  46.840  -56.653  -19.729 0.0000000000
19597  39.943  -54.965  -20.900 0.0000000000
20533  39.511  -54.280  -20.669 0.0000000000
158699  38.841  -52.990  -20.766 0.0000000000
22560  38.593  -52.741  -22.160 0.0000000000
22545  38.546  -52.485  -21.386 0.0000000000
12383  43.381  -62.469  -27.608 0.0000000000
12411  41.821  -62.422  -30.266 0.0000000000
13285  41.274  -61.458  -27.639 0.0000000000
13291  40.159  -61.325  -28.436 0.0000000000
13296  40.582  -61.811  -29.005 0.0000000000
14150  41.015  -60.018  -26.319 0.0000000000
14160  40.260  -60.507  -27.098 0.0000000000
14171  39.122  -60.465  -27.910 0.0000000000
14175  38.921  -60.623  -28.690 0.0000000000
14176  38.381  -60.111  -28.954 0.0000000000
14183  38.633  -60.525  -29.421 0.0000000000
15026  38.667  -59.029  -26.109 0.0000000000
15052  38.266  -59.630  -28.565 0.0000000000
15898  46.651  -58.885  -21.984 0.0000000000
15915  44.440  -59.176  -23.564 0.0000000000
16787  46.985  -57.850  -21.433 0.0000000000
16803  42.778  -57.865  -22.719 0.0000000000
16804  41.950  -57.880  -22.907 0.0000000000
16805  41.139  -57.851  -23.043 0.0000000000
16816  39.135  -57.939  -24.062 0.0000000000
16824  38.796  -58.219  -24.749 0.0000000000
16864  38.279  -58.038  -28.393 0.0000000000
17686  45.492  -57.180  -21.579 0.0000000000
17710  38.238  -56.928  -24.184 0.0000000000
18596  48.904  -56.611  -18.793 0.0000000000
18621  45.346  -56.427  -20.246 0.0000000000
18649  38.525  -55.612  -22.643 0.0000000000
18657  38.344  -55.960  -23.152 0.0000000000
19513  47.649  -54.882  -16.271 0.0000000000
19528  48.196  -55.396  -16.931 0.0000000000
19531  45.645  -55.212  -16.532 0.0000000000
19544  45.712  -55.892  -18.073 0.0000000000
19570  42.896  -55.267  -19.573 0.0000000000
19587  41.201  -54.934  -19.955 0.0000000000
19594  42.327  -55.677  -20.292 0.0000000000
19601  39.492  -55.480  -21.555 0.0000000000
19603  38.408  -54.846  -22.662 0.0000000000
19609  38.272  -55.095  -23.879 0.0000000000
20462  47.127  -54.309  -15.843 0.0000000000
20464  44.002  -54.403  -15.897 0.0000000000
20476  44.453  -54.948  -16.306 0.0000000000
20524  39.125  -53.626  -20.647 0.0000000000
20534  38.880  -53.952  -21.279 0.0000000000
20538  38.618  -54.382  -21.974 0.0000000000
20549  38.551  -53.855  -23.377 0.0000000000
20560  38.925  -54.180  -24.563 0.0000000000
21445  45.575  -53.145  -15.201 0.0000000000
21446  44.808  -53.169  -15.178 0.0000000000
21472  41.586  -53.466  -16.056 0.0000000000
21525  39.261  -53.415  -20.160 0.0000000000
22537  38.907  -52.868  -20.279 0.0000000000
22574  38.824  -52.684  -22.907 0.0000000000
22583  39.406  -52.593  -23.836 0.0000000000
23483  47.139  -51.572  -14.398 0.0000000000
23485  45.271  -52.003  -14.591 0.0000000000
23578  38.616  -52.027  -21.999 0.0000000000
23579  38.538  -51.383  -21.679 0.0000000000
24624  39.613  -50.574  -23.138 0.0000000000
24634  40.072  -50.974  -23.713 0.0000000000
160007  38.121  -56.228  -24.498 0.0000000000
165053  39.121  -52.434  -23.343 0.0000000000
167539  45.815  -60.439  -22.915 0.0000000000
169701  50.166  -56.439  -18.297 0.0000000000
170660  43.453  -60.567  -25.666 0.0000000000
173399  41.428  -60.534  -26.670 0.0000000000
177428  38.205  -58.557  -28.663 0.0000000000
180624  47.669  -56.705  -19.395 0.0000000000
185321  41.426  -62.312  -29.852 0.0000000000
188422  38.256  -57.260  -24.606 0.0000000000
189488  39.855  -51.485  -23.638 0.0000000000
189808  43.822  -55.286  -17.991 0.0000000000
190157  42.535  -50.556  -15.192 0.0000000000
190375  39.251  -53.133  -24.044 0.0000000000
