#!ascii label  , from subject sub-v2s13x29102_ses-1 vox2ras=TkReg
1360
48800  -35.620  -10.938  25.704 0.0000000000
57337  -46.682  -2.509  24.093 0.0000000000
101416  -41.717  -8.151  23.797 0.0000000000
35561  -13.263  -24.892  48.682 0.0000000000
46775  -33.236  -12.562  31.169 0.0000000000
38142  -28.347  -21.772  46.117 0.0000000000
103314  -36.243  -22.289  43.077 0.0000000000
115005  -35.204  -15.094  38.762 0.0000000000
99547  -35.297  -11.862  37.062 0.0000000000
37415  -22.078  -23.239  44.046 0.0000000000
36475  -25.462  -23.673  47.411 0.0000000000
39710  -24.797  -20.416  44.139 0.0000000000
38982  -31.524  -20.674  40.318 0.0000000000
41368  -34.491  -18.099  39.681 0.0000000000
48697  -39.376  -10.625  31.488 0.0000000000
48699  -43.157  -10.752  31.363 0.0000000000
55019  -44.225  -4.771  23.960 0.0000000000
48831  -39.398  -11.408  23.362 0.0000000000
59702  -45.881  0.248  19.128 0.0000000000
31004  -11.123  -29.814  51.493 0.0000000000
47680  -36.605  -11.636  33.978 0.0000000000
100022  -34.022  -12.159  28.697 0.0000000000
114762  -28.063  -20.901  41.695 0.0000000000
37419  -31.981  -22.720  44.118 0.0000000000
48736  -46.226  -11.495  30.687 0.0000000000
61589  -52.627  3.951  18.641 0.0000000000
43784  -33.637  -15.834  37.092 0.0000000000
44733  -34.123  -14.351  36.540 0.0000000000
38165  -24.008  -22.160  43.755 0.0000000000
40586  -32.325  -18.976  37.409 0.0000000000
42137  -33.520  -17.380  37.321 0.0000000000
42903  -34.580  -16.887  38.880 0.0000000000
100030  -37.433  -11.985  29.006 0.0000000000
49627  -40.975  -10.216  30.956 0.0000000000
47792  -39.138  -12.471  28.642 0.0000000000
104848  -45.058  -2.967  24.640 0.0000000000
112644  -46.587  -5.986  26.748 0.0000000000
57339  -49.079  -2.101  24.105 0.0000000000
104192  -11.748  -25.598  45.747 0.0000000000
103492  -11.648  -26.817  50.233 0.0000000000
46715  -34.759  -12.575  34.528 0.0000000000
114554  -35.258  -11.243  35.522 0.0000000000
46748  -35.262  -12.606  32.728 0.0000000000
47707  -35.890  -12.400  31.440 0.0000000000
47740  -33.414  -12.422  29.797 0.0000000000
38118  -26.632  -21.543  47.504 0.0000000000
36438  -26.547  -23.827  49.811 0.0000000000
38105  -27.847  -21.822  49.680 0.0000000000
114946  -30.012  -22.322  47.483 0.0000000000
39742  -26.812  -20.011  40.399 0.0000000000
39773  -28.226  -20.366  39.376 0.0000000000
38952  -34.120  -21.496  41.279 0.0000000000
38203  -32.225  -21.782  42.215 0.0000000000
114101  -33.939  -22.641  43.139 0.0000000000
103816  -34.253  -22.685  45.894 0.0000000000
37386  -17.339  -23.121  45.507 0.0000000000
36486  -18.946  -23.621  46.983 0.0000000000
103839  -18.116  -23.779  48.538 0.0000000000
49717  -41.431  -9.873  23.875 0.0000000000
113981  -43.499  -11.851  27.344 0.0000000000
49673  -44.625  -10.341  27.199 0.0000000000
62265  -54.624  4.780  17.355 0.0000000000
34646  -12.259  -25.309  51.751 0.0000000000
44672  -36.607  -14.285  40.660 0.0000000000
46665  -36.658  -12.678  39.559 0.0000000000
45723  -35.286  -13.734  38.044 0.0000000000
46705  -34.444  -13.393  35.049 0.0000000000
100158  -21.630  -23.694  45.486 0.0000000000
36453  -22.690  -24.232  47.824 0.0000000000
36505  -23.546  -23.578  45.479 0.0000000000
38141  -25.190  -21.098  45.867 0.0000000000
38905  -26.078  -20.639  45.360 0.0000000000
114008  -30.183  -20.315  38.852 0.0000000000
39787  -31.197  -20.054  38.272 0.0000000000
39765  -33.636  -20.200  39.864 0.0000000000
39730  -35.907  -20.290  41.407 0.0000000000
41350  -36.806  -18.102  41.541 0.0000000000
43744  -36.407  -16.033  40.677 0.0000000000
37434  -19.912  -22.966  43.467 0.0000000000
112569  -39.904  -10.150  34.390 0.0000000000
50463  -42.296  -9.614  37.042 0.0000000000
49594  -41.643  -10.116  33.748 0.0000000000
49596  -43.665  -10.159  33.778 0.0000000000
53389  -42.818  -6.397  23.783 0.0000000000
50545  -45.241  -8.927  27.354 0.0000000000
52496  -46.135  -7.300  27.416 0.0000000000
27457  -8.892  -34.930  56.706 0.0000000000
48816  -36.466  -11.307  24.548 0.0000000000
101803  -36.559  -6.975  22.099 0.0000000000
55050  -39.835  -5.040  21.980 0.0000000000
55053  -41.971  -4.210  22.071 0.0000000000
57361  -43.106  -2.186  22.192 0.0000000000
58154  -44.854  -1.331  21.945 0.0000000000
58172  -46.524  -0.622  21.678 0.0000000000
58984  -44.201  -0.420  19.407 0.0000000000
33017  -11.480  -27.336  53.251 0.0000000000
30264  -10.700  -30.441  55.747 0.0000000000
28836  -9.697  -32.883  56.420 0.0000000000
48621  -38.912  -10.668  37.818 0.0000000000
48606  -36.000  -10.829  37.994 0.0000000000
101248  -36.370  -10.498  36.787 0.0000000000
48643  -38.035  -10.584  35.426 0.0000000000
47691  -37.991  -11.805  32.870 0.0000000000
47744  -37.182  -11.757  30.117 0.0000000000
47830  -34.426  -11.493  27.041 0.0000000000
35551  -24.922  -24.931  50.116 0.0000000000
39719  -26.559  -20.536  43.014 0.0000000000
38929  -28.278  -21.306  43.628 0.0000000000
38965  -30.148  -20.767  40.908 0.0000000000
38186  -30.347  -21.758  42.979 0.0000000000
38143  -29.847  -22.167  45.286 0.0000000000
38135  -31.903  -22.508  46.497 0.0000000000
35615  -13.543  -24.163  46.007 0.0000000000
37385  -15.639  -22.642  45.502 0.0000000000
111242  -14.985  -23.613  48.124 0.0000000000
116041  -41.322  -12.205  27.666 0.0000000000
47726  -44.497  -12.085  30.876 0.0000000000
48661  -48.041  -10.422  34.598 0.0000000000
49644  -47.204  -9.891  30.228 0.0000000000
58948  -48.533  -0.057  21.881 0.0000000000
59672  -49.729  0.863  21.906 0.0000000000
60922  -51.864  1.821  22.723 0.0000000000
60978  -50.851  2.594  18.825 0.0000000000
60938  -53.889  2.316  22.069 0.0000000000
43793  -32.624  -15.746  36.250 0.0000000000
44731  -32.865  -15.118  36.031 0.0000000000
43802  -32.228  -15.579  35.621 0.0000000000
42146  -32.568  -17.572  36.663 0.0000000000
42934  -32.706  -16.629  36.368 0.0000000000
42924  -33.700  -16.659  37.135 0.0000000000
98469  -37.329  -12.202  28.127 0.0000000000
47769  -38.860  -12.038  29.420 0.0000000000
47835  -37.788  -12.723  27.175 0.0000000000
56593  -45.891  -2.792  24.556 0.0000000000
55003  -46.615  -3.941  25.585 0.0000000000
56586  -47.068  -3.322  25.358 0.0000000000
56587  -47.609  -2.853  24.991 0.0000000000
57338  -47.572  -2.521  24.070 0.0000000000
102239  -12.846  -25.318  47.059 0.0000000000
33858  -11.609  -26.447  47.729 0.0000000000
34687  -12.208  -25.917  48.978 0.0000000000
97817  -33.497  -12.680  32.310 0.0000000000
46731  -35.086  -12.406  33.747 0.0000000000
111844  -34.141  -12.363  32.289 0.0000000000
46776  -34.698  -12.602  31.645 0.0000000000
47720  -33.734  -12.432  30.587 0.0000000000
35563  -20.106  -24.412  49.226 0.0000000000
38130  -27.350  -21.439  47.407 0.0000000000
38111  -27.508  -21.657  48.795 0.0000000000
38120  -27.973  -21.577  47.706 0.0000000000
38113  -28.813  -22.103  48.514 0.0000000000
38132  -28.665  -21.987  46.959 0.0000000000
38207  -35.331  -21.842  41.794 0.0000000000
38191  -34.244  -22.413  42.300 0.0000000000
37450  -35.434  -22.629  43.005 0.0000000000
37422  -34.956  -22.972  44.390 0.0000000000
36488  -20.576  -23.799  46.480 0.0000000000
36470  -20.234  -23.961  47.374 0.0000000000
36450  -19.776  -24.129  48.449 0.0000000000
49540  -40.735  -10.357  38.085 0.0000000000
51558  -41.611  -9.032  23.800 0.0000000000
49695  -42.763  -10.331  25.475 0.0000000000
51541  -43.194  -8.936  25.376 0.0000000000
44688  -36.260  -14.704  40.108 0.0000000000
45712  -35.612  -13.814  38.726 0.0000000000
44711  -35.147  -14.592  38.375 0.0000000000
45745  -34.071  -14.243  35.874 0.0000000000
45767  -33.853  -13.737  34.580 0.0000000000
45786  -33.740  -13.316  33.842 0.0000000000
114367  -21.833  -23.494  44.793 0.0000000000
104292  -22.823  -23.783  45.861 0.0000000000
37391  -23.254  -23.341  44.701 0.0000000000
38927  -24.338  -20.726  43.896 0.0000000000
101597  -24.549  -21.310  44.827 0.0000000000
38915  -24.496  -20.739  44.643 0.0000000000
38904  -25.333  -20.717  45.611 0.0000000000
39703  -25.497  -20.345  44.428 0.0000000000
39800  -30.845  -19.978  37.715 0.0000000000
41378  -33.670  -18.749  38.846 0.0000000000
40569  -32.926  -19.704  38.775 0.0000000000
40557  -33.865  -19.559  39.568 0.0000000000
39746  -34.718  -20.179  40.558 0.0000000000
40543  -34.827  -19.348  40.446 0.0000000000
39748  -36.007  -19.359  41.265 0.0000000000
41357  -35.586  -18.089  40.673 0.0000000000
42914  -34.651  -16.066  38.775 0.0000000000
42891  -35.477  -16.621  39.920 0.0000000000
43758  -36.172  -15.563  40.131 0.0000000000
100136  -36.550  -15.164  40.734 0.0000000000
37436  -21.515  -23.064  43.401 0.0000000000
48683  -39.308  -10.657  32.929 0.0000000000
49592  -40.324  -10.132  33.772 0.0000000000
110512  -40.449  -10.183  32.937 0.0000000000
49642  -41.554  -10.293  30.545 0.0000000000
114304  -42.214  -10.388  32.318 0.0000000000
49617  -43.270  -10.556  32.198 0.0000000000
48673  -44.849  -10.543  33.735 0.0000000000
48685  -44.650  -10.868  32.842 0.0000000000
54186  -43.943  -5.601  24.053 0.0000000000
53374  -44.518  -6.782  25.346 0.0000000000
53375  -45.320  -6.526  25.487 0.0000000000
54157  -47.250  -5.024  28.746 0.0000000000
55862  -41.025  -4.361  21.836 0.0000000000
101967  -40.089  -3.542  20.770 0.0000000000
102427  -41.995  -2.198  21.247 0.0000000000
57390  -42.433  -1.706  20.759 0.0000000000
100430  -43.757  -1.760  22.417 0.0000000000
58182  -43.592  -1.203  20.414 0.0000000000
58183  -44.343  -1.157  20.521 0.0000000000
98743  -10.969  -28.909  49.302 0.0000000000
30279  -10.921  -30.963  52.472 0.0000000000
34630  -12.672  -25.274  53.858 0.0000000000
115663  -11.864  -26.233  52.590 0.0000000000
33011  -12.180  -26.475  54.880 0.0000000000
31629  -11.449  -28.697  57.745 0.0000000000
30982  -10.484  -30.095  57.787 0.0000000000
30260  -10.131  -31.284  55.716 0.0000000000
29504  -10.276  -31.768  57.498 0.0000000000
28837  -10.193  -33.186  56.809 0.0000000000
46682  -35.481  -11.976  37.660 0.0000000000
47639  -36.071  -11.637  38.115 0.0000000000
115402  -35.379  -11.129  37.450 0.0000000000
116025  -36.036  -11.433  34.529 0.0000000000
112585  -35.769  -10.609  36.108 0.0000000000
48642  -36.838  -10.746  35.562 0.0000000000
97381  -37.559  -10.509  36.240 0.0000000000
48655  -37.757  -11.007  34.541 0.0000000000
48644  -38.588  -10.643  34.746 0.0000000000
47690  -37.339  -11.800  33.390 0.0000000000
46794  -34.972  -12.667  29.848 0.0000000000
47722  -36.658  -11.897  30.698 0.0000000000
47765  -35.291  -12.350  29.097 0.0000000000
47766  -36.143  -11.825  29.048 0.0000000000
47813  -34.738  -11.870  27.605 0.0000000000
98505  -24.651  -24.026  47.494 0.0000000000
36436  -24.253  -24.427  48.962 0.0000000000
36454  -25.282  -24.111  48.276 0.0000000000
113174  -27.511  -20.523  40.976 0.0000000000
99230  -26.803  -20.403  41.691 0.0000000000
38936  -27.689  -21.011  42.423 0.0000000000
38928  -27.669  -21.073  43.241 0.0000000000
38937  -28.314  -21.204  42.904 0.0000000000
39762  -31.203  -20.428  39.598 0.0000000000
38980  -29.742  -20.504  40.144 0.0000000000
38966  -30.970  -20.910  40.970 0.0000000000
38171  -32.318  -22.502  43.314 0.0000000000
38187  -31.128  -22.013  42.832 0.0000000000
37418  -31.245  -22.557  43.907 0.0000000000
38168  -30.140  -21.939  43.720 0.0000000000
37394  -31.309  -22.669  44.634 0.0000000000
38134  -31.217  -22.425  46.225 0.0000000000
38145  -31.964  -22.560  45.907 0.0000000000
96446  -37.728  -18.547  43.693 0.0000000000
102298  -16.467  -22.940  45.725 0.0000000000
37366  -15.996  -22.990  46.302 0.0000000000
37346  -14.923  -23.183  46.855 0.0000000000
35543  -18.215  -24.130  50.354 0.0000000000
48818  -38.095  -12.178  24.002 0.0000000000
47837  -39.710  -12.517  25.937 0.0000000000
98687  -40.527  -12.158  25.840 0.0000000000
47798  -45.098  -11.851  28.843 0.0000000000
47775  -44.233  -12.290  29.277 0.0000000000
47751  -45.600  -11.819  30.913 0.0000000000
48703  -45.968  -11.340  32.322 0.0000000000
99557  -46.860  -11.308  32.668 0.0000000000
51500  -46.315  -8.509  28.394 0.0000000000
50533  -46.148  -9.503  28.547 0.0000000000
50508  -47.555  -8.865  30.412 0.0000000000
110558  -46.319  -0.413  20.546 0.0000000000
103515  -47.215  -0.364  21.539 0.0000000000
58974  -46.906  -0.252  20.294 0.0000000000
59694  -48.991  0.741  19.981 0.0000000000
60343  -49.522  1.218  20.446 0.0000000000
60337  -50.730  1.658  22.032 0.0000000000
60957  -50.439  2.111  20.147 0.0000000000
102655  -51.431  2.860  16.291 0.0000000000
60995  -50.597  2.390  16.953 0.0000000000
61587  -51.412  3.292  18.486 0.0000000000
61577  -51.682  3.222  19.615 0.0000000000
61569  -53.194  3.059  20.017 0.0000000000
61580  -54.243  3.706  19.320 0.0000000000
61593  -56.087  5.049  19.145 0.0000000000
43777  -34.340  -15.756  38.159 0.0000000000
44721  -34.254  -14.566  37.259 0.0000000000
44720  -33.685  -14.994  36.949 0.0000000000
44743  -32.789  -14.946  35.276 0.0000000000
37438  -23.388  -22.660  43.430 0.0000000000
40598  -32.284  -18.392  36.909 0.0000000000
41393  -32.814  -18.127  37.397 0.0000000000
41379  -34.061  -18.170  38.916 0.0000000000
42123  -34.410  -17.552  39.082 0.0000000000
42130  -34.111  -17.524  38.196 0.0000000000
42913  -34.279  -16.578  38.219 0.0000000000
48730  -38.720  -11.484  30.495 0.0000000000
49613  -39.910  -10.288  31.426 0.0000000000
103907  -39.280  -11.051  30.341 0.0000000000
48732  -40.547  -10.516  29.878 0.0000000000
48748  -40.904  -10.914  29.441 0.0000000000
55020  -44.726  -4.394  24.501 0.0000000000
54172  -45.763  -5.948  25.459 0.0000000000
55002  -45.737  -4.269  25.295 0.0000000000
54174  -46.901  -5.133  26.606 0.0000000000
57340  -49.760  -1.665  24.115 0.0000000000
33053  -11.231  -27.848  48.245 0.0000000000
32302  -11.355  -28.306  50.831 0.0000000000
47667  -34.946  -12.335  35.196 0.0000000000
47668  -35.132  -11.375  35.964 0.0000000000
107335  -35.089  -11.736  35.351 0.0000000000
47669  -35.373  -11.492  34.874 0.0000000000
97704  -35.752  -11.937  34.039 0.0000000000
47689  -36.567  -12.002  33.301 0.0000000000
47695  -35.912  -12.427  32.221 0.0000000000
46777  -35.322  -12.683  31.124 0.0000000000
103628  -33.883  -12.314  29.327 0.0000000000
37333  -26.066  -22.793  47.457 0.0000000000
36455  -26.133  -23.567  48.466 0.0000000000
37334  -26.755  -22.576  48.570 0.0000000000
38104  -27.427  -22.010  49.346 0.0000000000
37336  -30.066  -23.038  48.487 0.0000000000
39758  -27.536  -20.283  39.892 0.0000000000
38963  -28.528  -20.711  40.989 0.0000000000
38968  -32.846  -21.032  40.955 0.0000000000
38967  -31.896  -21.055  41.090 0.0000000000
38204  -32.971  -21.814  42.061 0.0000000000
38172  -33.082  -22.537  43.216 0.0000000000
107427  -33.450  -22.654  43.793 0.0000000000
97265  -33.154  -22.607  45.307 0.0000000000
37397  -34.197  -22.695  44.912 0.0000000000
101902  -18.962  -23.163  44.719 0.0000000000
37388  -18.763  -23.385  45.554 0.0000000000
37350  -18.148  -23.576  47.044 0.0000000000
36447  -17.495  -23.730  48.494 0.0000000000
36448  -18.586  -23.751  47.968 0.0000000000
49715  -40.079  -10.812  23.406 0.0000000000
48802  -40.771  -11.636  25.229 0.0000000000
49694  -42.099  -10.724  25.347 0.0000000000
111109  -44.012  -11.388  27.209 0.0000000000
48764  -45.553  -11.050  28.555 0.0000000000
59730  -45.424  1.017  17.972 0.0000000000
114128  -46.978  0.475  18.736 0.0000000000
60382  -46.502  1.411  17.410 0.0000000000
61618  -52.083  3.056  16.043 0.0000000000
62253  -53.401  4.250  18.287 0.0000000000
61608  -53.323  3.808  16.396 0.0000000000
62283  -53.993  4.268  16.112 0.0000000000
35542  -13.566  -24.527  49.301 0.0000000000
34672  -12.718  -25.165  50.273 0.0000000000
46653  -37.348  -12.768  41.118 0.0000000000
45699  -36.388  -13.685  40.050 0.0000000000
46673  -35.771  -12.911  38.714 0.0000000000
45737  -35.238  -13.059  37.363 0.0000000000
45736  -34.719  -13.789  36.839 0.0000000000
45746  -34.636  -13.662  36.097 0.0000000000
46706  -35.009  -12.837  35.632 0.0000000000
46714  -34.264  -13.047  34.472 0.0000000000
112654  -33.775  -12.823  33.021 0.0000000000
36471  -21.242  -24.025  47.042 0.0000000000
36452  -21.718  -24.301  47.838 0.0000000000
100075  -22.571  -23.931  46.442 0.0000000000
36491  -23.377  -23.860  46.267 0.0000000000
36493  -24.817  -23.682  46.705 0.0000000000
37392  -24.093  -23.052  44.910 0.0000000000
37393  -24.752  -22.651  45.318 0.0000000000
37373  -25.682  -22.458  46.536 0.0000000000
38128  -25.673  -21.430  46.421 0.0000000000
38896  -26.307  -21.100  46.401 0.0000000000
38898  -27.654  -21.384  45.888 0.0000000000
39775  -30.856  -20.274  38.899 0.0000000000
39763  -32.053  -20.419  39.675 0.0000000000
110619  -31.986  -19.526  37.712 0.0000000000
39777  -32.546  -20.133  39.155 0.0000000000
39764  -32.872  -20.385  39.751 0.0000000000
39745  -34.011  -20.450  40.423 0.0000000000
38953  -34.908  -21.431  41.269 0.0000000000
38208  -36.117  -20.837  41.790 0.0000000000
95619  -37.340  -21.070  43.448 0.0000000000
39721  -36.809  -20.099  42.269 0.0000000000
40532  -37.008  -19.314  42.185 0.0000000000
42095  -37.592  -17.950  42.592 0.0000000000
42108  -35.660  -17.461  40.524 0.0000000000
42102  -36.965  -17.308  41.608 0.0000000000
42858  -37.419  -16.454  42.758 0.0000000000
43715  -37.276  -15.722  42.403 0.0000000000
100317  -19.721  -23.284  44.692 0.0000000000
49557  -39.898  -9.808  36.234 0.0000000000
49568  -40.463  -9.627  35.640 0.0000000000
49570  -42.289  -9.748  35.430 0.0000000000
49582  -42.760  -9.952  34.655 0.0000000000
49602  -41.035  -10.309  32.506 0.0000000000
49595  -42.428  -10.163  33.701 0.0000000000
53388  -42.257  -6.916  23.862 0.0000000000
51542  -43.563  -8.312  25.696 0.0000000000
52519  -44.174  -7.388  25.874 0.0000000000
52495  -45.718  -7.817  27.164 0.0000000000
52483  -46.522  -7.523  28.858 0.0000000000
53355  -46.381  -6.698  27.201 0.0000000000
52484  -46.749  -6.586  29.400 0.0000000000
96071  -33.602  -8.359  24.475 0.0000000000
48815  -35.864  -10.741  25.018 0.0000000000
49711  -34.907  -9.444  24.450 0.0000000000
50588  -35.295  -9.339  23.927 0.0000000000
50595  -36.481  -9.415  22.972 0.0000000000
50596  -37.494  -9.078  22.551 0.0000000000
50604  -38.767  -9.174  22.309 0.0000000000
51564  -39.607  -8.301  22.579 0.0000000000
52551  -40.505  -7.592  23.038 0.0000000000
116918  -40.916  -6.278  22.915 0.0000000000
54227  -41.544  -5.539  22.612 0.0000000000
54228  -42.203  -5.120  22.357 0.0000000000
55037  -43.334  -4.592  23.039 0.0000000000
102899  -40.850  -3.133  21.202 0.0000000000
105890  -42.101  -3.197  21.952 0.0000000000
55847  -43.513  -3.807  22.776 0.0000000000
56604  -44.239  -2.394  23.326 0.0000000000
56605  -44.788  -2.179  23.716 0.0000000000
57349  -45.416  -1.897  23.420 0.0000000000
58143  -46.351  -1.719  22.856 0.0000000000
58155  -45.474  -1.034  22.173 0.0000000000
58973  -45.609  -0.546  20.440 0.0000000000
58998  -45.138  0.304  19.010 0.0000000000
59716  -44.780  0.710  18.329 0.0000000000
101467  -11.934  -25.936  51.144 0.0000000000
33029  -11.482  -27.520  51.401 0.0000000000
32293  -11.312  -28.237  52.563 0.0000000000
31637  -11.713  -27.890  55.940 0.0000000000
31636  -11.344  -28.955  55.415 0.0000000000
30997  -11.172  -29.828  53.133 0.0000000000
30267  -10.331  -31.300  54.548 0.0000000000
28847  -9.782  -32.528  54.545 0.0000000000
28143  -8.822  -33.666  55.578 0.0000000000
28141  -8.941  -33.786  56.445 0.0000000000
49548  -39.544  -10.140  37.635 0.0000000000
48607  -36.727  -10.973  38.263 0.0000000000
48632  -35.330  -10.657  36.925 0.0000000000
48618  -35.739  -10.565  37.673 0.0000000000
48620  -37.824  -10.788  37.756 0.0000000000
49547  -38.663  -10.362  37.099 0.0000000000
112781  -39.130  -10.116  36.425 0.0000000000
49567  -39.052  -10.311  35.509 0.0000000000
48672  -38.793  -10.922  33.847 0.0000000000
48682  -38.714  -11.389  32.761 0.0000000000
114565  -36.987  -12.039  32.048 0.0000000000
47709  -37.481  -11.967  31.698 0.0000000000
47724  -38.291  -11.719  31.114 0.0000000000
47767  -36.925  -11.664  29.384 0.0000000000
47789  -36.194  -11.661  28.184 0.0000000000
48792  -35.372  -11.179  26.340 0.0000000000
46785  -32.140  -12.746  30.118 0.0000000000
47739  -32.662  -12.567  29.563 0.0000000000
47785  -32.686  -12.157  28.194 0.0000000000
47812  -32.997  -11.634  27.660 0.0000000000
103708  -32.308  -10.388  26.934 0.0000000000
50561  -32.617  -9.510  26.456 0.0000000000
51539  -32.516  -8.830  25.547 0.0000000000
51550  -33.121  -8.636  25.005 0.0000000000
98714  -25.722  -24.246  49.340 0.0000000000
40520  -25.040  -19.592  42.148 0.0000000000
107464  -26.217  -20.110  42.348 0.0000000000
99584  -25.847  -20.183  43.146 0.0000000000
39705  -26.745  -20.739  44.202 0.0000000000
38917  -27.514  -21.047  44.131 0.0000000000
38151  -28.385  -21.651  45.298 0.0000000000
111754  -28.896  -20.319  38.906 0.0000000000
39743  -28.987  -20.554  40.392 0.0000000000
101001  -29.732  -20.966  41.515 0.0000000000
38949  -31.214  -21.320  41.655 0.0000000000
38939  -30.725  -21.545  42.287 0.0000000000
38938  -28.966  -21.252  42.637 0.0000000000
38185  -29.508  -21.561  43.253 0.0000000000
38152  -29.175  -21.858  44.717 0.0000000000
103171  -29.188  -22.077  45.879 0.0000000000
38133  -30.234  -22.252  46.105 0.0000000000
38122  -30.680  -22.318  47.036 0.0000000000
35614  -12.832  -24.464  45.611 0.0000000000
105295  -13.369  -24.778  47.109 0.0000000000
37408  -15.764  -22.376  44.523 0.0000000000
37407  -14.932  -22.372  44.817 0.0000000000
115814  -14.192  -22.816  45.576 0.0000000000
36484  -14.237  -23.695  46.582 0.0000000000
35562  -13.722  -24.421  48.437 0.0000000000
101191  -14.212  -24.091  48.979 0.0000000000
101704  -17.335  -23.856  49.215 0.0000000000
101866  -37.765  -12.620  26.215 0.0000000000
112816  -40.272  -12.611  27.852 0.0000000000
48734  -42.388  -10.977  29.971 0.0000000000
47821  -42.576  -12.052  27.366 0.0000000000
47774  -43.355  -12.209  29.237 0.0000000000
111496  -43.905  -11.555  31.333 0.0000000000
48702  -45.118  -11.293  32.218 0.0000000000
110238  -45.068  -9.684  27.480 0.0000000000
48765  -45.985  -10.309  28.702 0.0000000000
48737  -46.790  -10.919  30.458 0.0000000000
58144  -47.321  -1.612  22.743 0.0000000000
58146  -49.041  -1.254  22.957 0.0000000000
58147  -49.606  -0.805  23.026 0.0000000000
59681  -48.340  0.182  20.611 0.0000000000
58949  -49.290  0.251  22.178 0.0000000000
58936  -50.190  -0.088  23.180 0.0000000000
59649  -51.532  0.625  23.919 0.0000000000
60312  -51.822  1.276  23.641 0.0000000000
60977  -50.064  1.869  18.340 0.0000000000
60958  -50.937  2.430  20.264 0.0000000000
60937  -52.951  2.091  22.022 0.0000000000
102723  -55.001  4.084  19.167 0.0000000000
42156  -32.170  -17.089  35.971 0.0000000000
42944  -32.208  -16.219  35.982 0.0000000000
47833  -36.525  -11.600  26.738 0.0000000000
47816  -36.954  -11.953  27.329 0.0000000000
48793  -36.087  -11.272  26.203 0.0000000000
113912  -46.278  -3.328  25.094 0.0000000000
56594  -46.824  -2.890  24.691 0.0000000000
113943  -47.662  -3.112  25.780 0.0000000000
34722  -12.717  -25.600  47.702 0.0000000000
34705  -12.831  -25.480  48.445 0.0000000000
46761  -33.568  -12.546  31.818 0.0000000000
47706  -33.985  -12.375  31.401 0.0000000000
35564  -21.199  -24.530  48.750 0.0000000000
38131  -27.831  -21.519  46.767 0.0000000000
100083  -28.525  -21.911  47.920 0.0000000000
38193  -35.753  -22.083  42.411 0.0000000000
38192  -35.023  -22.350  42.269 0.0000000000
38173  -36.620  -22.371  43.924 0.0000000000
51551  -42.188  -8.529  24.406 0.0000000000
50582  -42.554  -9.204  24.815 0.0000000000
51552  -42.716  -8.457  25.008 0.0000000000
44687  -35.872  -15.181  39.534 0.0000000000
44696  -35.562  -14.799  38.963 0.0000000000
45785  -33.154  -14.125  33.986 0.0000000000
45766  -33.397  -14.440  34.855 0.0000000000
36513  -22.529  -23.396  44.550 0.0000000000
116761  -24.631  -20.439  43.428 0.0000000000
39694  -24.930  -20.508  44.977 0.0000000000
40570  -34.011  -18.831  39.323 0.0000000000
40558  -34.415  -19.028  39.885 0.0000000000
40544  -35.459  -18.914  40.801 0.0000000000
40559  -34.910  -18.483  40.334 0.0000000000
43767  -35.270  -15.562  39.088 0.0000000000
43757  -35.638  -15.937  39.694 0.0000000000
99213  -39.204  -10.841  32.192 0.0000000000
49601  -39.873  -10.292  32.925 0.0000000000
49612  -39.629  -10.422  32.161 0.0000000000
48716  -42.333  -10.524  30.700 0.0000000000
49616  -42.497  -10.473  31.739 0.0000000000
48684  -43.950  -10.694  32.579 0.0000000000
48700  -43.734  -10.957  31.928 0.0000000000
116074  -44.905  -6.401  25.035 0.0000000000
54187  -44.619  -5.291  24.491 0.0000000000
54143  -47.341  -4.772  29.619 0.0000000000
55877  -39.808  -4.111  21.029 0.0000000000
58167  -43.133  -1.486  21.028 0.0000000000
58181  -42.853  -1.267  20.224 0.0000000000
31660  -11.073  -29.007  50.315 0.0000000000
31010  -10.922  -29.780  50.713 0.0000000000
114244  -10.848  -30.623  51.086 0.0000000000
100420  -11.071  -30.487  51.906 0.0000000000
30258  -10.243  -31.025  57.726 0.0000000000
29505  -10.956  -31.833  57.879 0.0000000000
48653  -35.951  -10.863  35.275 0.0000000000
48654  -36.735  -11.226  34.648 0.0000000000
48670  -37.296  -11.447  34.017 0.0000000000
47764  -34.556  -12.384  29.211 0.0000000000
47742  -35.657  -12.315  29.836 0.0000000000
47787  -34.815  -12.204  28.395 0.0000000000
112127  -34.181  -11.989  28.059 0.0000000000
99869  -24.570  -24.230  48.304 0.0000000000
117066  -27.379  -20.787  41.804 0.0000000000
100718  -28.398  -21.085  42.280 0.0000000000
38981  -30.662  -20.613  40.239 0.0000000000
38170  -31.551  -22.422  43.353 0.0000000000
100472  -31.427  -22.605  45.435 0.0000000000
37395  -32.006  -22.687  45.093 0.0000000000
113027  -37.770  -17.829  43.383 0.0000000000
36467  -16.950  -23.586  47.696 0.0000000000
48830  -38.575  -11.707  23.312 0.0000000000
111154  -39.463  -12.232  24.564 0.0000000000
115153  -39.943  -11.928  24.564 0.0000000000
48735  -45.651  -11.842  30.152 0.0000000000
47776  -45.011  -12.175  29.595 0.0000000000
48718  -46.132  -11.509  31.440 0.0000000000
48704  -46.644  -11.315  31.914 0.0000000000
51490  -46.888  -7.903  30.018 0.0000000000
50522  -47.106  -8.760  29.949 0.0000000000
58986  -46.235  -0.150  19.830 0.0000000000
58987  -46.961  -0.062  19.659 0.0000000000
60362  -49.756  1.569  19.221 0.0000000000
60354  -49.929  1.677  19.973 0.0000000000
61599  -51.852  3.452  17.775 0.0000000000
61588  -52.028  3.757  18.467 0.0000000000
114543  -52.163  3.839  18.891 0.0000000000
61579  -53.473  3.494  19.507 0.0000000000
61590  -53.362  3.900  18.951 0.0000000000
43785  -33.970  -15.361  37.581 0.0000000000
43794  -33.188  -15.391  36.576 0.0000000000
42145  -31.961  -18.397  36.258 0.0000000000
41394  -33.407  -17.997  37.864 0.0000000000
42925  -33.992  -16.212  37.644 0.0000000000
47746  -38.626  -11.755  30.050 0.0000000000
48746  -39.440  -11.295  29.883 0.0000000000
47770  -39.706  -11.839  29.289 0.0000000000
107916  -41.132  -10.504  29.756 0.0000000000
47771  -40.536  -11.729  29.136 0.0000000000
55838  -44.764  -3.556  24.689 0.0000000000
55826  -45.050  -4.040  25.009 0.0000000000
54994  -47.087  -4.361  26.451 0.0000000000
54986  -47.318  -4.524  27.537 0.0000000000
57326  -48.840  -2.263  24.979 0.0000000000
57327  -49.507  -1.760  25.032 0.0000000000
33851  -11.667  -26.493  48.540 0.0000000000
33054  -11.270  -27.010  48.077 0.0000000000
33048  -11.470  -27.192  48.827 0.0000000000
100452  -11.378  -28.094  49.009 0.0000000000
33042  -11.559  -27.398  49.664 0.0000000000
47688  -35.847  -12.333  33.120 0.0000000000
46786  -34.623  -12.563  30.726 0.0000000000
47741  -34.202  -12.384  29.952 0.0000000000
37352  -26.598  -21.972  47.737 0.0000000000
38121  -29.245  -22.156  47.640 0.0000000000
38114  -29.651  -22.449  48.110 0.0000000000
39759  -28.303  -20.486  40.212 0.0000000000
38951  -33.316  -21.402  41.464 0.0000000000
38205  -33.771  -21.949  41.843 0.0000000000
38190  -33.426  -22.282  42.510 0.0000000000
37421  -33.430  -22.650  44.622 0.0000000000
99672  -34.103  -22.721  44.055 0.0000000000
104498  -35.564  -23.103  45.185 0.0000000000
37389  -19.532  -23.435  45.363 0.0000000000
36468  -17.762  -23.641  47.775 0.0000000000
36435  -19.223  -24.258  49.731 0.0000000000
36449  -19.076  -24.031  48.787 0.0000000000
49716  -40.798  -10.347  23.604 0.0000000000
101925  -41.255  -10.567  24.173 0.0000000000
49686  -43.829  -10.466  26.252 0.0000000000
48805  -43.242  -10.748  25.931 0.0000000000
48796  -44.196  -10.810  26.827 0.0000000000
48763  -44.871  -11.505  28.151 0.0000000000
59731  -46.195  1.020  17.993 0.0000000000
112335  -51.489  3.090  15.623 0.0000000000
61607  -52.627  3.448  16.628 0.0000000000
61619  -52.838  3.304  15.638 0.0000000000
35528  -13.767  -24.327  50.235 0.0000000000
113559  -14.118  -24.684  54.862 0.0000000000
99632  -37.256  -14.156  41.635 0.0000000000
45684  -37.026  -13.727  41.045 0.0000000000
99426  -35.497  -12.945  38.163 0.0000000000
45755  -34.468  -13.663  35.555 0.0000000000
46694  -35.162  -12.848  36.479 0.0000000000
113720  -21.888  -23.942  46.525 0.0000000000
36492  -24.212  -23.656  46.090 0.0000000000
37417  -23.770  -22.837  44.181 0.0000000000
38140  -24.795  -21.701  45.327 0.0000000000
37372  -25.006  -23.106  46.042 0.0000000000
38127  -25.214  -22.054  45.921 0.0000000000
103537  -25.953  -20.851  45.922 0.0000000000
38906  -26.746  -20.950  45.752 0.0000000000
39776  -31.733  -20.163  38.929 0.0000000000
40577  -32.548  -19.417  38.172 0.0000000000
39778  -33.259  -19.975  39.297 0.0000000000
39744  -33.257  -20.655  40.350 0.0000000000
38971  -35.211  -20.684  40.982 0.0000000000
38954  -35.598  -21.126  41.507 0.0000000000
103062  -36.400  -20.378  41.872 0.0000000000
101419  -36.144  -18.488  41.152 0.0000000000
40531  -36.636  -18.923  41.636 0.0000000000
41351  -37.194  -18.498  42.072 0.0000000000
42124  -34.905  -17.189  39.628 0.0000000000
41369  -35.118  -17.722  40.193 0.0000000000
42115  -35.420  -17.163  40.153 0.0000000000
112125  -35.949  -16.214  40.175 0.0000000000
110971  -35.966  -16.815  40.533 0.0000000000
42870  -36.621  -16.653  41.188 0.0000000000
104083  -37.068  -16.484  41.945 0.0000000000
43728  -36.812  -15.654  41.508 0.0000000000
44673  -36.876  -14.657  41.304 0.0000000000
101180  -37.315  -14.832  42.063 0.0000000000
37413  -20.219  -23.202  44.202 0.0000000000
36503  -20.863  -23.657  45.708 0.0000000000
100024  -39.861  -9.997  35.165 0.0000000000
49580  -40.490  -9.896  34.792 0.0000000000
49593  -41.089  -9.959  34.270 0.0000000000
49581  -41.893  -9.908  34.519 0.0000000000
114189  -40.434  -10.132  31.393 0.0000000000
49614  -41.014  -10.267  31.711 0.0000000000
49603  -42.718  -10.352  32.726 0.0000000000
115028  -43.102  -10.219  33.424 0.0000000000
104584  -43.118  -10.088  34.042 0.0000000000
49597  -44.299  -10.173  34.266 0.0000000000
48658  -45.435  -10.631  34.964 0.0000000000
53381  -42.850  -6.946  24.506 0.0000000000
52530  -43.168  -7.294  25.239 0.0000000000
52531  -43.795  -7.056  25.420 0.0000000000
53367  -45.580  -6.910  26.214 0.0000000000
52509  -45.245  -7.557  26.606 0.0000000000
105726  -46.212  -7.770  27.873 0.0000000000
54173  -46.294  -5.605  25.918 0.0000000000
53376  -46.002  -6.323  25.978 0.0000000000
27468  -8.445  -34.928  55.863 0.0000000000
26783  -8.382  -35.568  55.371 0.0000000000
26776  -8.745  -35.742  56.245 0.0000000000
50593  -34.850  -8.200  23.736 0.0000000000
50594  -35.794  -9.061  23.152 0.0000000000
113298  -35.490  -8.416  23.058 0.0000000000
51573  -36.402  -8.185  22.528 0.0000000000
104103  -37.001  -7.978  22.415 0.0000000000
50603  -38.114  -9.143  22.384 0.0000000000
51574  -37.595  -8.479  22.418 0.0000000000
99866  -38.446  -7.449  22.224 0.0000000000
53419  -39.118  -7.053  22.453 0.0000000000
52550  -39.786  -7.551  22.710 0.0000000000
105037  -39.788  -6.001  22.555 0.0000000000
98967  -40.243  -5.519  22.530 0.0000000000
54203  -41.491  -6.210  23.019 0.0000000000
112468  -40.918  -5.334  22.517 0.0000000000
55052  -41.395  -4.949  22.223 0.0000000000
54205  -42.914  -5.317  22.897 0.0000000000
55036  -42.774  -4.443  22.584 0.0000000000
56632  -42.356  -2.457  21.829 0.0000000000
56615  -42.696  -2.820  22.175 0.0000000000
55846  -42.754  -3.600  22.263 0.0000000000
56616  -43.273  -2.948  22.521 0.0000000000
55848  -44.138  -3.430  23.332 0.0000000000
56617  -43.714  -2.272  22.741 0.0000000000
102883  -44.379  -1.520  22.544 0.0000000000
57362  -44.070  -1.776  22.971 0.0000000000
57348  -44.677  -1.624  23.188 0.0000000000
57363  -44.951  -1.308  22.570 0.0000000000
57364  -45.457  -1.325  22.797 0.0000000000
111865  -44.992  -0.996  20.653 0.0000000000
58972  -44.797  -0.623  19.972 0.0000000000
58985  -45.395  -0.115  19.634 0.0000000000
29531  -10.366  -31.942  51.946 0.0000000000
34658  -12.609  -25.009  51.058 0.0000000000
34657  -12.210  -25.557  50.743 0.0000000000
33024  -11.673  -26.701  52.934 0.0000000000
33030  -11.625  -26.788  52.012 0.0000000000
33023  -11.420  -27.472  52.297 0.0000000000
32287  -11.353  -28.164  53.465 0.0000000000
105483  -12.171  -27.027  56.302 0.0000000000
116064  -11.033  -29.564  57.099 0.0000000000
31633  -11.389  -28.977  56.443 0.0000000000
30988  -11.088  -29.695  55.773 0.0000000000
31639  -11.273  -29.029  54.550 0.0000000000
30991  -11.055  -29.826  54.987 0.0000000000
106631  -10.739  -30.783  54.021 0.0000000000
30268  -10.692  -30.633  54.811 0.0000000000
29509  -9.781  -32.116  56.102 0.0000000000
29513  -9.911  -31.947  55.082 0.0000000000
28842  -9.541  -32.618  55.553 0.0000000000
28846  -9.295  -33.093  55.023 0.0000000000
28841  -9.250  -33.258  56.021 0.0000000000
28829  -10.784  -32.559  57.231 0.0000000000
49539  -39.866  -10.417  38.013 0.0000000000
101073  -37.492  -12.127  40.652 0.0000000000
47628  -36.888  -11.797  38.950 0.0000000000
47640  -36.652  -11.152  38.346 0.0000000000
47629  -37.133  -11.382  38.663 0.0000000000
48631  -35.267  -11.018  36.522 0.0000000000
48641  -35.282  -10.872  36.093 0.0000000000
103701  -36.288  -10.778  38.123 0.0000000000
48619  -36.697  -10.592  37.756 0.0000000000
48633  -37.550  -10.541  37.044 0.0000000000
116557  -38.073  -10.438  36.625 0.0000000000
49566  -38.436  -10.390  36.193 0.0000000000
48671  -38.039  -11.495  33.582 0.0000000000
47696  -36.556  -12.159  32.471 0.0000000000
47708  -36.650  -12.051  31.565 0.0000000000
47723  -37.371  -11.865  30.893 0.0000000000
47745  -37.983  -11.778  30.327 0.0000000000
47814  -35.585  -11.655  27.624 0.0000000000
47815  -36.310  -11.579  27.465 0.0000000000
48791  -34.585  -11.184  26.453 0.0000000000
47738  -31.928  -12.575  29.402 0.0000000000
47761  -31.688  -12.417  28.814 0.0000000000
47811  -32.243  -11.844  27.655 0.0000000000
112316  -31.852  -11.433  27.414 0.0000000000
50560  -31.987  -9.701  26.608 0.0000000000
48789  -33.011  -10.619  26.869 0.0000000000
51524  -31.510  -9.172  26.115 0.0000000000
108719  -32.406  -8.544  25.095 0.0000000000
35565  -22.230  -24.493  48.590 0.0000000000
35566  -23.254  -24.349  48.703 0.0000000000
114702  -26.656  -23.239  49.102 0.0000000000
104021  -26.924  -20.733  42.325 0.0000000000
39729  -26.203  -19.787  41.607 0.0000000000
39712  -26.206  -20.431  43.822 0.0000000000
97719  -27.593  -21.165  45.053 0.0000000000
38918  -28.328  -21.445  44.425 0.0000000000
98135  -29.639  -20.354  39.258 0.0000000000
38964  -29.353  -20.723  40.945 0.0000000000
113321  -31.862  -21.469  41.787 0.0000000000
38202  -31.487  -21.791  42.244 0.0000000000
97831  -29.802  -21.295  42.319 0.0000000000
38153  -29.988  -22.101  44.503 0.0000000000
38123  -31.555  -22.448  47.008 0.0000000000
113463  -33.656  -22.618  45.367 0.0000000000
99265  -33.306  -22.542  46.011 0.0000000000
109319  -37.550  -20.257  43.455 0.0000000000
35598  -13.013  -24.849  46.335 0.0000000000
37387  -18.163  -23.126  45.068 0.0000000000
37410  -17.434  -22.752  44.515 0.0000000000
37384  -14.754  -22.609  45.606 0.0000000000
101417  -14.198  -22.495  45.021 0.0000000000
36465  -14.569  -23.720  47.452 0.0000000000
115928  -14.145  -24.042  47.106 0.0000000000
36444  -14.352  -23.977  48.219 0.0000000000
36432  -18.105  -24.030  49.427 0.0000000000
47858  -36.879  -11.901  25.128 0.0000000000
47845  -37.345  -12.298  25.686 0.0000000000
98272  -40.287  -12.467  26.565 0.0000000000
47818  -40.081  -12.643  27.212 0.0000000000
47794  -40.857  -12.253  28.279 0.0000000000
47772  -41.283  -11.639  28.938 0.0000000000
97396  -41.982  -11.872  28.761 0.0000000000
48794  -42.313  -11.413  26.414 0.0000000000
47849  -41.672  -11.735  26.450 0.0000000000
115346  -43.045  -12.019  27.309 0.0000000000
47749  -44.400  -12.317  30.116 0.0000000000
47747  -43.139  -11.876  29.959 0.0000000000
47711  -44.751  -11.699  31.537 0.0000000000
48688  -47.134  -11.314  33.647 0.0000000000
48687  -46.207  -11.248  33.409 0.0000000000
48646  -47.722  -9.154  35.045 0.0000000000
51528  -44.466  -8.579  26.482 0.0000000000
50565  -44.752  -9.058  27.011 0.0000000000
110237  -46.805  -9.590  29.665 0.0000000000
49650  -46.411  -9.953  29.169 0.0000000000
49643  -46.593  -10.450  29.782 0.0000000000
49629  -47.399  -10.590  30.900 0.0000000000
58156  -46.177  -0.906  22.288 0.0000000000
114668  -46.825  -1.081  22.404 0.0000000000
58947  -47.692  -0.403  21.906 0.0000000000
110895  -48.129  -0.543  22.267 0.0000000000
58935  -48.914  -0.516  22.537 0.0000000000
59704  -47.348  0.163  19.159 0.0000000000
59705  -48.103  0.241  19.146 0.0000000000
59683  -49.620  1.079  21.202 0.0000000000
59682  -49.043  0.679  20.867 0.0000000000
59657  -49.914  0.528  22.541 0.0000000000
59648  -50.868  0.332  23.575 0.0000000000
59658  -50.529  0.773  22.963 0.0000000000
60338  -51.334  1.807  22.400 0.0000000000
60325  -51.517  1.527  23.019 0.0000000000
60313  -52.579  1.473  23.906 0.0000000000
60326  -52.151  1.703  23.298 0.0000000000
60986  -50.868  2.582  17.868 0.0000000000
105276  -50.195  2.072  17.445 0.0000000000
60968  -50.869  2.554  19.608 0.0000000000
60969  -51.209  2.919  19.804 0.0000000000
60961  -52.922  2.542  20.632 0.0000000000
60949  -52.527  2.252  21.286 0.0000000000
60924  -53.434  2.051  22.807 0.0000000000
60925  -54.471  2.285  22.900 0.0000000000
62264  -53.573  4.448  17.614 0.0000000000
61591  -54.283  4.131  18.676 0.0000000000
62254  -54.378  4.482  18.034 0.0000000000
114064  -31.995  -17.814  35.997 0.0000000000
42147  -33.280  -16.941  36.771 0.0000000000
42138  -34.024  -16.930  37.615 0.0000000000
42935  -33.243  -16.246  36.683 0.0000000000
47768  -38.083  -12.047  29.447 0.0000000000
114890  -37.894  -12.656  27.980 0.0000000000
47817  -38.536  -12.812  27.900 0.0000000000
56575  -47.972  -3.031  26.697 0.0000000000
57318  -48.487  -2.377  26.819 0.0000000000
57325  -48.235  -2.606  25.632 0.0000000000
98892  -48.323  -2.481  24.556 0.0000000000
113997  -48.384  -2.284  23.803 0.0000000000
34739  -12.310  -25.522  46.361 0.0000000000
34738  -11.674  -26.013  46.467 0.0000000000
34721  -12.156  -25.963  47.166 0.0000000000
34704  -12.208  -26.045  48.081 0.0000000000
33043  -11.671  -26.458  49.517 0.0000000000
46730  -34.324  -12.708  33.809 0.0000000000
46747  -34.541  -12.576  33.052 0.0000000000
112306  -34.834  -12.692  32.343 0.0000000000
38891  -26.727  -21.386  47.119 0.0000000000
38119  -27.117  -21.525  47.937 0.0000000000
103229  -27.558  -21.538  48.180 0.0000000000
38112  -28.020  -21.700  48.740 0.0000000000
38206  -34.582  -22.005  41.722 0.0000000000
37449  -34.687  -22.616  42.788 0.0000000000
37440  -34.750  -22.802  43.490 0.0000000000
114708  -35.410  -22.908  43.758 0.0000000000
37423  -35.805  -23.043  44.382 0.0000000000
36487  -19.738  -23.710  46.759 0.0000000000
36469  -19.388  -23.859  47.684 0.0000000000
50590  -40.911  -9.432  23.389 0.0000000000
110678  -41.746  -10.151  24.349 0.0000000000
50581  -41.984  -9.495  24.307 0.0000000000
50574  -43.460  -9.888  25.696 0.0000000000
50563  -44.023  -9.784  26.151 0.0000000000
44697  -35.929  -14.262  39.470 0.0000000000
44722  -34.829  -14.127  37.636 0.0000000000
44744  -33.469  -14.641  35.612 0.0000000000
45754  -33.995  -14.057  35.258 0.0000000000
36490  -22.120  -23.814  45.946 0.0000000000
36504  -22.530  -23.628  45.246 0.0000000000
38926  -24.115  -21.387  43.415 0.0000000000
38166  -24.296  -21.409  44.177 0.0000000000
38903  -24.819  -20.853  45.277 0.0000000000
39695  -25.557  -20.483  45.054 0.0000000000
39704  -26.164  -20.514  44.640 0.0000000000
41386  -32.984  -18.660  37.974 0.0000000000
40578  -33.209  -19.068  38.529 0.0000000000
107756  -33.507  -19.363  39.029 0.0000000000
39766  -34.279  -19.817  40.085 0.0000000000
39747  -35.384  -19.818  40.861 0.0000000000
42904  -35.023  -16.366  39.375 0.0000000000
37414  -21.121  -23.322  44.313 0.0000000000
49591  -39.547  -10.354  33.724 0.0000000000
98933  -41.048  -10.182  33.364 0.0000000000
49628  -41.714  -10.347  31.242 0.0000000000
49604  -43.502  -10.360  32.992 0.0000000000
49605  -44.179  -10.362  33.349 0.0000000000
53390  -43.494  -6.303  24.233 0.0000000000
116082  -44.053  -6.699  25.092 0.0000000000
53383  -44.313  -6.222  24.730 0.0000000000
54166  -47.173  -5.228  27.639 0.0000000000
53356  -46.908  -5.969  27.816 0.0000000000
53343  -47.055  -5.788  28.855 0.0000000000
58918  -51.573  -0.517  25.005 0.0000000000
52558  -37.091  -7.312  22.212 0.0000000000
55860  -39.442  -4.567  21.439 0.0000000000
55051  -40.613  -4.971  22.164 0.0000000000
55861  -40.211  -4.488  21.661 0.0000000000
55878  -40.553  -3.894  21.349 0.0000000000
57377  -42.764  -1.931  21.490 0.0000000000
57378  -43.424  -1.671  21.750 0.0000000000
58168  -43.849  -1.430  21.149 0.0000000000
58169  -44.623  -1.307  21.218 0.0000000000
58971  -44.078  -0.887  19.946 0.0000000000
30286  -10.716  -31.277  51.738 0.0000000000
29532  -10.551  -31.648  52.469 0.0000000000
33830  -12.111  -25.993  53.458 0.0000000000
33018  -11.888  -26.484  53.981 0.0000000000
33010  -11.595  -27.166  54.232 0.0000000000
31624  -11.666  -27.973  58.993 0.0000000000
30261  -10.303  -30.858  56.788 0.0000000000
29510  -9.983  -31.598  56.823 0.0000000000
28828  -10.035  -32.375  56.862 0.0000000000
46683  -35.809  -12.147  38.235 0.0000000000
46674  -36.244  -12.379  38.845 0.0000000000
47638  -35.631  -11.227  37.806 0.0000000000
48605  -35.416  -10.768  37.531 0.0000000000
47721  -35.942  -12.275  30.658 0.0000000000
116984  -36.311  -12.121  31.092 0.0000000000
47743  -36.448  -11.846  29.946 0.0000000000
47788  -35.551  -11.953  28.370 0.0000000000
98224  -23.754  -24.167  47.854 0.0000000000
36437  -25.047  -24.602  49.106 0.0000000000
37318  -27.204  -23.590  50.539 0.0000000000
115948  -26.683  -20.094  41.134 0.0000000000
39720  -27.158  -20.891  42.885 0.0000000000
39761  -30.387  -20.435  39.499 0.0000000000
38188  -31.882  -22.149  42.757 0.0000000000
38169  -30.841  -22.174  43.475 0.0000000000
38154  -30.671  -22.341  44.215 0.0000000000
38144  -30.657  -22.412  45.225 0.0000000000
37367  -16.868  -23.272  46.288 0.0000000000
37365  -15.205  -22.794  46.280 0.0000000000
37347  -15.605  -23.117  46.955 0.0000000000
98338  -15.314  -23.257  47.615 0.0000000000
36433  -18.638  -24.022  49.090 0.0000000000
113282  -36.759  -11.496  23.758 0.0000000000
47859  -37.665  -12.356  24.863 0.0000000000
47860  -38.593  -12.424  24.681 0.0000000000
47838  -41.019  -12.129  26.496 0.0000000000
47797  -44.505  -12.034  28.582 0.0000000000
47796  -43.738  -12.172  28.423 0.0000000000
47750  -45.053  -12.151  30.474 0.0000000000
47727  -45.068  -11.928  31.080 0.0000000000
47712  -45.440  -11.636  31.583 0.0000000000
98100  -48.211  -11.198  33.869 0.0000000000
50546  -45.732  -9.201  27.847 0.0000000000
50521  -46.632  -8.892  29.272 0.0000000000
58962  -46.095  -0.604  21.172 0.0000000000
115025  -46.965  -0.691  22.001 0.0000000000
97658  -46.756  -0.417  21.029 0.0000000000
98899  -47.474  -0.164  20.839 0.0000000000
59673  -50.300  1.148  22.313 0.0000000000
60336  -50.150  1.437  21.620 0.0000000000
60345  -50.609  1.920  21.339 0.0000000000
60946  -50.593  2.121  20.738 0.0000000000
61617  -50.765  2.964  15.723 0.0000000000
61605  -51.299  2.869  17.160 0.0000000000
114313  -51.381  3.086  17.857 0.0000000000
61576  -51.275  3.168  19.237 0.0000000000
106088  -51.747  3.618  19.025 0.0000000000
61568  -52.318  2.919  20.107 0.0000000000
60962  -53.826  2.724  20.602 0.0000000000
110569  -55.358  4.667  17.992 0.0000000000
62266  -55.797  4.940  17.695 0.0000000000
43778  -34.826  -15.340  38.554 0.0000000000
44710  -34.519  -14.950  37.959 0.0000000000
44732  -33.541  -14.791  36.284 0.0000000000
37416  -22.936  -23.104  44.004 0.0000000000
38201  -23.931  -21.334  42.678 0.0000000000
38935  -24.285  -20.698  43.071 0.0000000000
40597  -31.866  -18.982  36.631 0.0000000000
41387  -33.592  -18.359  38.384 0.0000000000
48715  -39.088  -11.056  30.920 0.0000000000
48698  -39.683  -10.490  30.723 0.0000000000
49640  -40.255  -10.372  30.315 0.0000000000
48731  -39.899  -10.683  30.114 0.0000000000
49641  -40.911  -10.299  30.248 0.0000000000
48733  -41.650  -10.495  30.053 0.0000000000
55001  -45.174  -4.848  24.937 0.0000000000
54180  -45.808  -5.247  25.323 0.0000000000
54993  -46.461  -4.782  25.786 0.0000000000
100271  -50.195  -1.183  25.765 0.0000000000
58125  -50.198  -1.313  24.653 0.0000000000
33869  -11.507  -26.322  47.093 0.0000000000
33061  -10.964  -27.533  47.648 0.0000000000
32307  -11.390  -28.246  49.918 0.0000000000
31657  -11.195  -29.063  51.161 0.0000000000
47659  -35.213  -11.737  36.332 0.0000000000
100016  -35.098  -12.140  35.786 0.0000000000
46716  -35.080  -12.059  34.660 0.0000000000
46762  -35.322  -12.700  31.916 0.0000000000
46787  -35.312  -12.638  30.432 0.0000000000
38110  -27.051  -21.755  48.332 0.0000000000
37326  -27.092  -22.908  49.695 0.0000000000
37327  -27.690  -22.601  50.287 0.0000000000
37335  -29.198  -22.493  48.967 0.0000000000
38983  -32.404  -20.673  40.358 0.0000000000
38950  -32.517  -21.387  41.626 0.0000000000
38189  -32.639  -22.195  42.677 0.0000000000
37439  -32.819  -22.680  43.958 0.0000000000
37420  -32.675  -22.681  44.795 0.0000000000
37398  -34.852  -22.962  45.240 0.0000000000
110361  -18.267  -22.930  44.384 0.0000000000
117021  -18.110  -23.329  45.736 0.0000000000
37349  -17.301  -23.527  46.993 0.0000000000
102426  -39.511  -10.780  23.056 0.0000000000
101701  -40.376  -11.603  24.593 0.0000000000
111740  -41.053  -11.143  24.651 0.0000000000
104656  -41.463  -11.183  25.281 0.0000000000
101879  -42.930  -11.250  26.282 0.0000000000
48795  -43.551  -11.231  26.616 0.0000000000
47822  -44.162  -11.843  27.829 0.0000000000
48750  -45.653  -11.597  29.348 0.0000000000
99854  -46.193  -11.260  29.930 0.0000000000
59717  -45.628  0.639  18.509 0.0000000000
59703  -46.616  0.211  19.182 0.0000000000
59718  -46.360  0.573  18.630 0.0000000000
59719  -46.927  0.829  18.250 0.0000000000
59732  -46.868  1.142  17.749 0.0000000000
61606  -51.984  3.138  16.923 0.0000000000
97583  -52.426  3.646  17.326 0.0000000000
62263  -52.668  4.011  17.924 0.0000000000
62273  -53.055  4.033  17.196 0.0000000000
62274  -53.774  4.513  16.892 0.0000000000
34688  -12.887  -25.225  49.350 0.0000000000
35527  -13.215  -24.762  49.963 0.0000000000
35519  -13.131  -24.630  50.762 0.0000000000
45700  -36.945  -12.931  40.413 0.0000000000
45713  -35.991  -13.269  39.313 0.0000000000
106434  -34.728  -12.829  34.975 0.0000000000
36472  -22.190  -24.084  47.092 0.0000000000
36473  -23.092  -24.044  47.053 0.0000000000
36474  -23.983  -23.950  46.870 0.0000000000
38150  -24.433  -22.246  44.581 0.0000000000
37371  -24.382  -23.267  45.519 0.0000000000
37351  -25.467  -23.229  46.746 0.0000000000
38117  -26.117  -21.745  47.120 0.0000000000
38129  -26.164  -21.340  46.788 0.0000000000
38895  -25.743  -21.069  46.137 0.0000000000
38897  -27.056  -21.260  46.561 0.0000000000
39799  -30.205  -19.948  37.414 0.0000000000
39786  -30.403  -20.178  38.193 0.0000000000
39788  -31.895  -19.864  38.221 0.0000000000
39789  -32.348  -19.903  38.638 0.0000000000
38969  -33.669  -21.005  40.861 0.0000000000
38970  -34.450  -20.900  40.845 0.0000000000
110384  -35.990  -21.435  42.023 0.0000000000
98652  -36.431  -21.649  42.587 0.0000000000
100154  -36.875  -21.171  42.855 0.0000000000
109543  -37.136  -20.552  42.801 0.0000000000
93289  -37.280  -19.744  42.792 0.0000000000
39731  -36.488  -19.736  41.745 0.0000000000
93292  -37.470  -18.824  42.801 0.0000000000
115281  -37.678  -18.287  43.068 0.0000000000
41358  -36.287  -17.560  41.012 0.0000000000
42094  -37.375  -17.194  42.277 0.0000000000
44639  -37.685  -15.048  42.876 0.0000000000
37412  -19.469  -23.052  44.048 0.0000000000
37390  -20.386  -23.471  45.058 0.0000000000
100968  -40.861  -9.573  36.613 0.0000000000
49569  -41.282  -9.627  35.464 0.0000000000
50471  -41.983  -9.627  36.135 0.0000000000
99275  -40.255  -10.226  32.137 0.0000000000
49615  -41.731  -10.373  32.051 0.0000000000
98313  -41.826  -10.310  32.896 0.0000000000
49583  -43.631  -10.059  34.778 0.0000000000
48657  -44.882  -10.420  34.745 0.0000000000
52540  -42.214  -7.583  24.244 0.0000000000
51553  -43.070  -8.002  25.404 0.0000000000
52529  -42.658  -7.759  24.858 0.0000000000
51543  -44.045  -8.085  26.030 0.0000000000
51529  -45.026  -8.285  26.994 0.0000000000
52508  -44.609  -7.845  26.349 0.0000000000
51510  -45.753  -8.451  27.532 0.0000000000
51489  -46.630  -8.019  29.301 0.0000000000
54179  -45.182  -5.833  24.983 0.0000000000
53342  -46.549  -6.830  28.191 0.0000000000
52474  -46.691  -7.308  29.921 0.0000000000
107260  -8.378  -35.045  55.046 0.0000000000
50580  -33.796  -8.940  25.011 0.0000000000
48814  -35.126  -10.474  25.286 0.0000000000
49701  -34.393  -9.232  24.948 0.0000000000
49702  -35.344  -10.192  24.636 0.0000000000
49703  -36.031  -10.554  24.317 0.0000000000
50587  -34.799  -8.704  24.224 0.0000000000
114041  -36.460  -10.945  23.913 0.0000000000
48828  -36.798  -10.930  23.245 0.0000000000
49723  -36.547  -10.132  23.241 0.0000000000
48842  -38.210  -11.149  22.904 0.0000000000
51562  -36.046  -8.671  22.725 0.0000000000
108036  -37.153  -9.400  22.722 0.0000000000
107323  -38.632  -10.670  22.631 0.0000000000
49726  -39.191  -10.393  22.700 0.0000000000
49727  -39.816  -10.181  22.921 0.0000000000
50598  -39.369  -9.508  22.613 0.0000000000
97732  -37.724  -7.750  22.264 0.0000000000
51576  -39.172  -8.714  22.444 0.0000000000
50599  -40.177  -9.316  22.931 0.0000000000
51566  -40.660  -8.767  23.129 0.0000000000
116994  -40.740  -8.180  23.180 0.0000000000
52552  -41.212  -7.669  23.370 0.0000000000
53420  -39.741  -6.652  22.671 0.0000000000
53402  -40.248  -6.962  22.889 0.0000000000
52539  -41.821  -7.437  23.732 0.0000000000
53404  -41.654  -6.893  23.407 0.0000000000
53405  -42.206  -6.364  23.342 0.0000000000
101281  -42.214  -5.780  22.820 0.0000000000
54204  -42.700  -5.952  23.249 0.0000000000
54185  -43.264  -5.794  23.602 0.0000000000
55018  -43.613  -5.080  23.464 0.0000000000
56614  -41.322  -3.580  21.701 0.0000000000
56631  -41.563  -2.712  21.641 0.0000000000
55836  -43.889  -4.279  23.414 0.0000000000
55837  -44.408  -3.906  23.968 0.0000000000
56592  -44.625  -2.948  24.029 0.0000000000
56606  -45.262  -2.430  24.106 0.0000000000
57336  -46.114  -2.268  23.707 0.0000000000
57350  -47.024  -2.183  23.390 0.0000000000
58171  -45.932  -0.741  21.790 0.0000000000
58170  -45.402  -0.959  21.338 0.0000000000
34671  -12.196  -25.748  49.883 0.0000000000
33840  -11.818  -26.161  50.426 0.0000000000
33835  -11.892  -26.088  51.864 0.0000000000
33037  -11.653  -26.671  51.074 0.0000000000
32298  -11.317  -28.284  51.694 0.0000000000
31652  -11.239  -29.052  51.974 0.0000000000
33007  -12.289  -26.635  55.513 0.0000000000
32282  -11.935  -27.236  55.563 0.0000000000
32281  -11.544  -28.039  55.139 0.0000000000
31634  -12.032  -27.526  56.910 0.0000000000
32284  -11.433  -28.089  54.348 0.0000000000
31642  -11.247  -29.057  53.681 0.0000000000
31647  -11.246  -29.132  52.791 0.0000000000
104734  -11.189  -29.757  52.221 0.0000000000
31000  -11.129  -30.262  52.586 0.0000000000
29525  -10.686  -31.290  52.988 0.0000000000
29519  -10.180  -31.916  54.091 0.0000000000
27476  -8.552  -34.323  55.062 0.0000000000
27469  -8.635  -34.266  56.223 0.0000000000
27458  -9.093  -34.293  56.928 0.0000000000
28131  -9.524  -33.703  56.814 0.0000000000
49549  -40.379  -9.881  37.785 0.0000000000
47648  -35.317  -11.009  37.083 0.0000000000
97374  -37.011  -10.977  38.389 0.0000000000
104260  -39.657  -9.859  37.169 0.0000000000
49579  -39.296  -10.402  34.550 0.0000000000
48696  -38.866  -11.248  31.718 0.0000000000
47697  -37.340  -11.995  32.546 0.0000000000
47710  -38.159  -11.815  32.123 0.0000000000
100141  -37.656  -11.862  29.738 0.0000000000
47790  -36.799  -11.683  28.597 0.0000000000
110804  -36.713  -11.758  27.950 0.0000000000
47832  -35.843  -11.348  26.917 0.0000000000
48799  -34.861  -10.827  25.862 0.0000000000
46774  -32.323  -12.929  30.946 0.0000000000
47719  -32.910  -12.571  30.386 0.0000000000
47762  -32.350  -12.499  28.796 0.0000000000
47763  -33.186  -12.274  28.931 0.0000000000
47786  -33.474  -11.961  28.171 0.0000000000
48779  -31.675  -11.049  26.918 0.0000000000
48780  -32.494  -11.154  27.217 0.0000000000
100469  -33.839  -11.616  27.491 0.0000000000
48790  -33.790  -11.026  26.765 0.0000000000
51538  -31.801  -8.741  25.663 0.0000000000
51526  -32.769  -9.281  26.040 0.0000000000
50562  -33.125  -9.665  26.284 0.0000000000
49692  -33.790  -9.928  25.886 0.0000000000
51540  -33.333  -9.239  25.598 0.0000000000
49700  -34.092  -9.544  25.359 0.0000000000
35548  -21.747  -24.623  49.454 0.0000000000
39717  -24.671  -20.058  42.616 0.0000000000
97530  -25.097  -20.135  43.298 0.0000000000
39711  -25.479  -20.247  43.775 0.0000000000
39713  -26.981  -20.826  43.537 0.0000000000
38916  -26.822  -20.795  44.871 0.0000000000
39760  -28.975  -20.429  39.715 0.0000000000
38947  -28.968  -20.975  41.783 0.0000000000
38948  -30.429  -21.103  41.618 0.0000000000
97666  -28.810  -21.392  43.253 0.0000000000
38919  -28.945  -21.578  43.861 0.0000000000
38167  -29.550  -21.793  43.994 0.0000000000
98860  -29.703  -22.213  46.855 0.0000000000
37396  -32.623  -22.602  45.593 0.0000000000
38136  -32.508  -22.559  46.309 0.0000000000
34753  -12.316  -25.061  45.750 0.0000000000
35580  -13.247  -24.944  47.870 0.0000000000
105815  -16.533  -22.709  44.989 0.0000000000
36501  -13.660  -23.008  45.146 0.0000000000
100429  -13.910  -23.401  45.764 0.0000000000
36485  -14.529  -22.987  46.144 0.0000000000
35599  -13.780  -24.385  46.758 0.0000000000
35581  -13.876  -24.307  47.574 0.0000000000
47844  -36.737  -11.695  25.964 0.0000000000
115014  -38.804  -12.871  27.139 0.0000000000
47836  -38.691  -12.737  26.260 0.0000000000
100346  -39.488  -12.766  27.723 0.0000000000
47793  -40.016  -12.368  28.538 0.0000000000
48749  -41.676  -11.011  29.437 0.0000000000
47848  -41.232  -11.687  25.865 0.0000000000
47820  -41.893  -12.118  27.511 0.0000000000
99278  -43.113  -12.190  27.802 0.0000000000
98702  -42.817  -12.177  28.584 0.0000000000
47773  -42.523  -11.761  29.333 0.0000000000
48717  -43.083  -11.203  30.636 0.0000000000
48701  -44.377  -11.197  32.070 0.0000000000
48686  -45.406  -11.066  33.103 0.0000000000
48675  -46.405  -11.099  34.513 0.0000000000
51527  -43.924  -8.998  25.948 0.0000000000
50564  -44.363  -9.356  26.534 0.0000000000
116397  -44.601  -9.675  26.990 0.0000000000
50532  -45.613  -10.076  28.126 0.0000000000
48783  -45.095  -10.665  27.787 0.0000000000
48751  -46.110  -10.835  29.216 0.0000000000
48719  -46.891  -11.143  31.252 0.0000000000
106371  -47.400  -11.151  31.993 0.0000000000
48689  -47.915  -11.307  32.822 0.0000000000
57351  -47.939  -2.043  23.256 0.0000000000
57352  -48.769  -1.876  23.281 0.0000000000
58157  -47.489  -0.850  22.319 0.0000000000
58145  -48.252  -1.282  22.706 0.0000000000
58135  -49.465  -1.546  23.462 0.0000000000
58136  -50.149  -1.010  23.751 0.0000000000
58975  -47.685  -0.061  19.903 0.0000000000
58963  -47.964  -0.077  21.398 0.0000000000
59693  -48.428  0.231  19.745 0.0000000000
58964  -48.613  0.243  21.282 0.0000000000
107617  -49.585  -0.111  22.678 0.0000000000
58926  -50.671  -0.376  23.807 0.0000000000
58927  -51.245  -0.121  24.192 0.0000000000
59640  -51.934  0.187  24.585 0.0000000000
59659  -51.159  1.039  23.327 0.0000000000
59650  -52.226  0.933  24.276 0.0000000000
59641  -52.670  0.499  24.979 0.0000000000
60967  -50.346  2.041  19.358 0.0000000000
60947  -51.060  2.270  20.954 0.0000000000
60959  -51.561  2.616  20.347 0.0000000000
60948  -51.714  2.281  21.171 0.0000000000
60936  -51.980  2.039  22.030 0.0000000000
60327  -52.975  1.807  23.446 0.0000000000
61592  -55.396  4.550  18.679 0.0000000000
26112  -8.465  -36.176  55.535 0.0000000000
29538  -10.233  -31.795  51.345 0.0000000000
30285  -10.453  -31.261  51.087 0.0000000000
30985  -10.898  -30.039  56.569 0.0000000000
32285  -11.802  -27.130  55.025 0.0000000000
33036  -11.558  -27.520  50.520 0.0000000000
38940  -36.566  -20.886  42.278 0.0000000000
42103  -37.268  -17.816  41.967 0.0000000000
47725  -43.730  -12.102  30.540 0.0000000000
47748  -43.783  -12.300  29.847 0.0000000000
47791  -38.143  -12.422  28.693 0.0000000000
47795  -41.597  -12.094  28.208 0.0000000000
47819  -40.790  -12.418  27.298 0.0000000000
47831  -35.095  -11.540  26.951 0.0000000000
47834  -37.158  -12.162  26.506 0.0000000000
47839  -42.895  -11.763  26.836 0.0000000000
47846  -38.178  -12.523  25.500 0.0000000000
47847  -39.112  -12.471  25.326 0.0000000000
47861  -39.995  -12.124  25.123 0.0000000000
48647  -48.852  -9.324  34.932 0.0000000000
48676  -47.353  -11.101  34.410 0.0000000000
48747  -40.163  -11.010  29.627 0.0000000000
48781  -33.254  -11.158  27.249 0.0000000000
48782  -44.523  -11.136  27.478 0.0000000000
48801  -36.284  -11.295  25.441 0.0000000000
48803  -41.889  -11.262  25.878 0.0000000000
48804  -42.544  -10.926  25.879 0.0000000000
48817  -37.134  -11.991  24.237 0.0000000000
48819  -39.060  -12.100  23.884 0.0000000000
48829  -37.545  -11.608  23.386 0.0000000000
48832  -39.884  -11.645  24.000 0.0000000000
48841  -37.502  -10.935  22.904 0.0000000000
49626  -40.313  -10.214  30.819 0.0000000000
49683  -32.810  -9.778  26.931 0.0000000000
49684  -33.446  -10.234  26.588 0.0000000000
49685  -34.073  -10.710  26.063 0.0000000000
49687  -44.287  -10.084  26.640 0.0000000000
49693  -34.431  -10.250  25.534 0.0000000000
49704  -40.608  -11.061  24.033 0.0000000000
49705  -41.675  -10.660  24.739 0.0000000000
49706  -42.274  -10.058  24.839 0.0000000000
49712  -35.595  -9.965  24.010 0.0000000000
49713  -36.260  -10.364  23.685 0.0000000000
49714  -38.986  -11.092  22.888 0.0000000000
49722  -36.109  -9.889  23.458 0.0000000000
49724  -37.171  -10.164  22.877 0.0000000000
49725  -37.977  -10.481  22.612 0.0000000000
50573  -42.868  -9.688  25.226 0.0000000000
50589  -40.373  -10.058  23.193 0.0000000000
50597  -38.578  -9.940  22.398 0.0000000000
51525  -32.175  -9.198  26.103 0.0000000000
51561  -35.759  -8.054  22.642 0.0000000000
51563  -36.867  -8.711  22.605 0.0000000000
51565  -40.189  -8.369  22.877 0.0000000000
51575  -38.436  -8.401  22.268 0.0000000000
52510  -45.875  -7.190  26.817 0.0000000000
52518  -43.608  -7.647  25.646 0.0000000000
52520  -44.880  -7.181  26.004 0.0000000000
52548  -34.494  -7.721  23.610 0.0000000000
52549  -35.096  -7.907  23.100 0.0000000000
52559  -39.105  -7.931  22.385 0.0000000000
53382  -43.604  -6.753  24.882 0.0000000000
53403  -40.910  -6.830  23.070 0.0000000000
53421  -40.386  -6.278  22.769 0.0000000000
54226  -40.908  -5.842  22.745 0.0000000000
56603  -43.813  -2.999  22.921 0.0000000000
57379  -44.131  -1.507  21.866 0.0000000000
59671  -49.118  0.558  21.584 0.0000000000
60324  -50.898  1.368  22.708 0.0000000000
60344  -50.088  1.700  20.808 0.0000000000
60353  -49.485  1.288  19.774 0.0000000000
60923  -52.514  1.921  22.756 0.0000000000
60935  -51.191  2.088  21.702 0.0000000000
60950  -53.409  2.374  21.303 0.0000000000
60960  -52.206  2.464  20.683 0.0000000000
61578  -52.500  3.609  19.362 0.0000000000
98103  -39.536  -12.825  26.761 0.0000000000
98280  -42.328  -12.168  27.993 0.0000000000
98688  -42.129  -11.907  26.921 0.0000000000
98845  -10.963  -30.653  53.237 0.0000000000
99260  -41.470  -12.096  27.049 0.0000000000
100671  -37.730  -9.728  22.483 0.0000000000
102119  -11.045  -29.991  54.014 0.0000000000
105661  -39.715  -8.857  22.685 0.0000000000
110299  -34.697  -9.868  25.007 0.0000000000
111221  -41.152  -8.544  23.430 0.0000000000
111938  -11.194  -29.754  52.662 0.0000000000
113646  -46.104  -6.651  26.537 0.0000000000
115164  -43.658  -12.062  27.845 0.0000000000
115429  -45.982  -3.751  25.227 0.0000000000
115449  -35.180  -11.999  27.965 0.0000000000
115680  -44.731  -12.122  29.056 0.0000000000
116789  -36.712  -13.672  40.560 0.0000000000
