#!ascii label  , from subject sub-v2s13x29102_ses-1 vox2ras=TkReg
1038
23194  -31.105  -41.140  -15.467 0.5000000000
23195  -31.656  -40.445  -15.171 0.4000000060
115661  -31.882  -41.193  -15.250 0.5000000000
23184  -32.319  -40.071  -15.235 0.5000000000
36347  -33.923  -24.183  -15.541 0.5000000000
37265  -34.152  -23.821  -15.142 0.4000000060
38034  -34.492  -22.922  -14.698 0.4000000060
112896  -34.519  -22.427  -14.764 0.4000000060
38800  -34.697  -21.873  -14.849 0.5000000000
39570  -34.389  -21.338  -14.914 0.5000000000
39571  -34.872  -21.184  -14.967 0.4000000060
40357  -34.609  -20.483  -15.247 0.5000000000
40358  -34.927  -20.554  -15.101 0.4000000060
22505  -30.644  -42.213  -16.673 0.5000000000
21808  -31.332  -42.349  -16.168 0.4000000060
22486  -31.609  -41.816  -15.572 0.5000000000
22487  -32.450  -41.621  -15.465 0.5000000000
23196  -32.483  -40.772  -15.250 0.5000000000
24568  -32.541  -39.461  -15.389 0.5000000000
36351  -33.096  -23.842  -17.338 0.5000000000
36357  -32.553  -23.321  -18.506 0.5000000000
36352  -33.495  -24.084  -16.810 0.5000000000
41128  -35.611  -19.229  -14.557 0.3000000119
41141  -35.195  -19.143  -15.328 0.4000000060
40334  -35.218  -19.900  -14.934 0.4000000060
22485  -30.806  -41.722  -16.096 0.5000000000
102407  -31.959  -38.924  -15.292 0.5000000000
41919  -35.521  -18.525  -15.025 0.3000000119
15282  -40.021  -51.229  -14.977 0.3000000119
15269  -39.628  -51.736  -15.018 0.4000000060
15991  -40.066  -50.698  -15.377 0.4000000060
15281  -39.340  -51.309  -15.639 0.4000000060
15990  -39.382  -50.605  -15.965 0.4000000060
15280  -38.312  -51.866  -16.287 0.4000000060
16002  -38.495  -51.022  -16.791 0.4000000060
16011  -38.675  -50.514  -17.997 0.4000000060
15982  -40.237  -50.670  -14.819 0.3000000119
16677  -40.272  -50.101  -15.170 0.4000000060
16683  -39.049  -50.081  -16.657 0.4000000060
16705  -39.367  -50.009  -19.291 0.4000000060
17351  -39.819  -48.682  -14.647 0.3000000119
105443  -40.197  -49.454  -14.945 0.3000000119
17356  -39.969  -48.684  -15.432 0.3000000119
106546  -40.006  -49.395  -15.587 0.4000000060
16684  -39.818  -50.041  -15.778 0.4000000060
107044  -39.050  -49.466  -17.628 0.4000000060
17379  -39.654  -48.139  -17.756 0.4000000060
17997  -39.699  -47.936  -18.990 0.4000000060
17378  -39.486  -48.768  -18.857 0.4000000060
105269  -39.159  -48.340  -14.065 0.3000000119
17346  -40.130  -49.491  -14.422 0.3000000119
17368  -39.756  -48.530  -16.417 0.3000000119
16695  -39.484  -49.321  -16.432 0.4000000060
112808  -39.396  -48.781  -17.339 0.4000000060
17998  -39.928  -47.590  -18.098 0.4000000060
18568  -40.154  -47.227  -18.392 0.4000000060
18569  -40.466  -46.999  -18.751 0.4000000060
17967  -39.211  -47.607  -14.414 0.3000000119
18542  -39.578  -46.994  -14.897 0.3000000119
17972  -39.801  -47.839  -15.189 0.3000000119
18543  -39.879  -47.118  -15.622 0.3000000119
17976  -39.911  -47.852  -16.003 0.4000000060
17987  -39.899  -47.728  -16.985 0.4000000060
19163  -40.466  -46.821  -17.780 0.3000000119
18560  -40.144  -47.189  -17.372 0.4000000060
19767  -39.162  -45.577  -13.676 0.3000000119
19134  -38.959  -46.261  -13.881 0.3000000119
18537  -39.120  -46.798  -14.337 0.3000000119
19138  -39.794  -46.375  -15.218 0.3000000119
18546  -40.049  -47.132  -16.422 0.3000000119
19150  -40.317  -46.551  -16.751 0.3000000119
19164  -41.035  -46.398  -18.261 0.3000000119
19165  -42.017  -46.314  -19.167 0.4000000060
19172  -40.959  -46.654  -19.260 0.4000000060
19180  -42.274  -46.701  -20.329 0.4000000060
19777  -39.312  -45.759  -14.214 0.3000000119
19768  -39.564  -45.207  -14.161 0.3000000119
19137  -39.402  -46.281  -14.567 0.3000000119
19778  -39.726  -45.647  -14.829 0.3000000119
19792  -40.401  -45.748  -16.158 0.3000000119
116733  -40.007  -45.871  -15.510 0.3000000119
19151  -40.727  -46.076  -17.133 0.3000000119
19140  -40.058  -46.431  -15.937 0.3000000119
114090  -41.292  -45.672  -17.430 0.3000000119
19805  -42.059  -45.652  -18.120 0.3000000119
19173  -43.701  -46.325  -20.107 0.3000000119
19183  -43.302  -46.928  -21.871 0.4000000060
20480  -39.476  -44.955  -13.541 0.3000000119
20489  -40.003  -44.918  -14.742 0.3000000119
21133  -40.469  -43.980  -13.461 0.3000000119
20482  -40.650  -44.010  -14.162 0.3000000119
20497  -40.468  -44.708  -15.268 0.3000000119
21146  -41.217  -43.689  -13.897 0.3000000119
19793  -41.059  -45.275  -16.679 0.3000000119
19784  -40.764  -44.935  -15.903 0.3000000119
19794  -42.040  -44.917  -17.241 0.3000000119
19815  -42.969  -45.625  -18.930 0.3000000119
19181  -44.125  -47.226  -21.258 0.4000000060
19823  -44.212  -46.747  -22.611 0.4000000060
19814  -41.090  -45.834  -20.145 0.5000000000
20481  -40.005  -44.519  -14.022 0.3000000119
20490  -40.543  -44.312  -14.748 0.3000000119
19783  -40.183  -45.289  -15.392 0.3000000119
101893  -41.851  -43.485  -14.246 0.3000000119
20508  -41.674  -44.501  -16.433 0.3000000119
21789  -42.510  -43.321  -14.172 0.3000000119
19806  -43.219  -44.568  -18.152 0.3000000119
21799  -43.213  -42.949  -14.852 0.3000000119
19816  -44.022  -45.037  -19.309 0.3000000119
20537  -44.961  -45.789  -20.477 0.3000000119
19822  -45.285  -46.736  -21.365 0.3000000119
20542  -42.229  -45.348  -21.101 0.4000000060
21154  -41.390  -43.715  -14.722 0.3000000119
20498  -41.259  -44.190  -15.570 0.3000000119
21155  -42.366  -43.317  -14.855 0.3000000119
21816  -44.013  -42.271  -16.210 0.3000000119
21815  -43.671  -42.604  -15.916 0.3000000119
20524  -44.098  -44.031  -18.746 0.3000000119
20536  -44.498  -44.561  -19.666 0.3000000119
21201  -45.026  -44.598  -20.611 0.3000000119
20544  -44.849  -44.845  -21.904 0.3000000119
20499  -42.293  -43.860  -16.252 0.3000000119
21167  -42.313  -43.499  -15.658 0.3000000119
20509  -42.931  -43.890  -17.128 0.3000000119
20510  -43.624  -43.672  -17.979 0.3000000119
21182  -43.025  -43.282  -16.540 0.3000000119
21168  -43.421  -42.656  -16.533 0.3000000119
115029  -43.018  -43.115  -16.098 0.3000000119
21156  -43.025  -42.987  -15.626 0.3000000119
98288  -43.710  -42.357  -16.543 0.3000000119
22494  -43.765  -41.825  -16.102 0.3000000119
21200  -44.231  -43.861  -19.568 0.4000000060
23200  -43.830  -41.159  -15.908 0.3000000119
21199  -43.499  -43.802  -20.181 0.4000000060
23902  -44.112  -39.938  -15.921 0.3000000119
20535  -42.560  -44.368  -20.571 0.3000000119
20534  -41.386  -44.717  -19.958 0.4000000060
24583  -43.689  -39.046  -16.105 0.3000000119
19813  -40.337  -45.195  -19.212 0.5000000000
21183  -43.444  -43.016  -17.406 0.3000000119
101750  -43.380  -42.422  -16.996 0.3000000119
21838  -43.594  -42.206  -16.593 0.3000000119
23199  -43.202  -41.005  -15.490 0.3000000119
21193  -42.504  -42.862  -18.417 0.4000000060
104985  -42.226  -43.614  -19.295 0.5000000000
23901  -43.677  -40.339  -15.470 0.4000000060
23900  -43.196  -39.656  -15.167 0.4000000060
20533  -40.719  -44.008  -18.677 0.6000000238
113566  -43.631  -39.571  -15.566 0.3000000119
20532  -39.633  -44.684  -18.279 0.6000000238
21195  -43.662  -43.442  -18.405 0.3000000119
22512  -42.917  -41.964  -16.672 0.3000000119
22493  -43.048  -41.636  -16.054 0.3000000119
21194  -43.409  -43.217  -18.913 0.4000000060
21849  -41.680  -42.487  -17.626 0.5000000000
110520  -43.078  -40.282  -15.045 0.4000000060
23886  -42.629  -39.780  -14.808 0.4000000060
100963  -41.546  -43.124  -18.383 0.5000000000
102558  -40.714  -43.208  -17.947 0.6000000238
24573  -42.660  -38.968  -15.148 0.4000000060
21181  -40.108  -42.991  -17.246 0.6000000238
24582  -43.177  -38.959  -15.576 0.3000000119
20523  -39.793  -43.795  -17.741 0.6000000238
20522  -38.884  -44.336  -17.585 0.6999999881
21850  -43.179  -42.674  -17.849 0.3000000119
21837  -42.619  -42.082  -17.185 0.3000000119
22492  -42.208  -41.467  -16.012 0.3000000119
23198  -42.408  -41.041  -15.333 0.4000000060
23190  -42.553  -40.513  -14.836 0.4000000060
21836  -41.454  -41.991  -16.769 0.5000000000
21835  -40.471  -42.387  -16.715 0.6000000238
25301  -42.283  -38.172  -15.001 0.4000000060
21180  -38.929  -43.529  -16.954 0.6999999881
21179  -38.008  -43.504  -16.635 0.6999999881
20507  -38.101  -44.066  -17.156 0.6999999881
22511  -42.098  -41.757  -16.604 0.4000000060
22480  -41.554  -41.181  -15.144 0.4000000060
22491  -41.239  -41.645  -15.900 0.4000000060
23189  -41.822  -40.658  -14.600 0.4000000060
23885  -42.008  -39.944  -14.453 0.4000000060
24572  -42.105  -39.046  -14.724 0.4000000060
25300  -41.647  -38.308  -14.572 0.4000000060
21813  -39.761  -42.280  -15.905 0.6000000238
26061  -41.917  -37.681  -14.508 0.4000000060
21834  -39.373  -42.796  -16.421 0.6000000238
21812  -38.789  -42.567  -15.589 0.6999999881
21166  -38.458  -43.051  -16.206 0.6999999881
21814  -40.602  -41.995  -16.188 0.4000000060
22490  -40.224  -41.858  -15.411 0.5000000000
24571  -41.473  -39.164  -14.342 0.4000000060
22489  -39.294  -42.055  -15.109 0.6999999881
21811  -38.113  -42.692  -15.796 0.6999999881
116591  -42.229  -37.016  -13.457 0.4000000060
21164  -37.404  -43.282  -16.835 0.6999999881
111405  -42.320  -35.558  -12.266 0.4000000060
23187  -40.375  -41.052  -14.204 0.4000000060
22479  -40.705  -41.402  -14.878 0.4000000060
23188  -41.045  -40.859  -14.375 0.4000000060
23186  -39.742  -41.505  -14.483 0.5000000000
23884  -41.204  -40.082  -14.120 0.4000000060
22478  -38.820  -41.734  -14.489 0.6999999881
25293  -40.988  -38.445  -14.268 0.4000000060
21798  -38.127  -42.285  -15.357 0.6999999881
26053  -41.229  -37.749  -14.246 0.4000000060
26045  -41.667  -37.291  -13.903 0.4000000060
26729  -41.583  -36.780  -13.086 0.4000000060
21165  -37.720  -43.000  -16.214 0.6999999881
26722  -42.026  -36.149  -12.485 0.4000000060
27402  -42.232  -35.016  -11.999 0.4000000060
23181  -40.508  -40.504  -13.893 0.4000000060
23180  -39.762  -40.784  -13.889 0.5000000000
23879  -40.528  -39.858  -13.863 0.5000000000
26068  -32.935  -37.868  -15.475 0.4000000060
25304  -33.526  -38.510  -15.775 0.5000000000
23179  -38.961  -41.048  -14.013 0.6000000238
24564  -40.807  -39.219  -14.051 0.4000000060
22477  -38.166  -41.740  -14.856 0.6000000238
26044  -40.903  -37.256  -13.658 0.4000000060
110461  -37.554  -41.685  -15.577 0.6999999881
26721  -41.216  -36.215  -12.356 0.4000000060
21810  -37.581  -42.403  -15.899 0.6999999881
27401  -41.739  -35.611  -12.082 0.4000000060
28066  -41.983  -34.400  -11.793 0.4000000060
29470  -42.157  -32.226  -12.290 0.4000000060
23878  -39.880  -40.031  -13.747 0.5000000000
23877  -39.077  -40.278  -13.757 0.6000000238
24563  -40.117  -39.268  -13.837 0.5000000000
114394  -32.813  -37.235  -15.372 0.3000000119
26069  -33.415  -37.161  -15.608 0.4000000060
22472  -38.269  -41.147  -14.337 0.6000000238
112794  -40.417  -38.634  -14.045 0.4000000060
23185  -37.897  -40.575  -14.429 0.6000000238
23883  -37.518  -40.306  -15.060 0.6999999881
104702  -37.718  -41.071  -14.929 0.6000000238
26052  -40.425  -37.945  -13.902 0.4000000060
23197  -37.291  -40.755  -15.955 0.8000000119
26728  -40.627  -36.759  -12.832 0.4000000060
27394  -41.552  -35.005  -11.748 0.4000000060
113699  -41.667  -33.898  -11.635 0.4000000060
28789  -41.678  -33.272  -11.732 0.4000000060
30936  -42.285  -31.626  -12.674 0.4000000060
104162  -38.517  -39.812  -13.828 0.6000000238
24562  -39.218  -39.373  -13.720 0.5000000000
26747  -33.672  -36.420  -15.804 0.4000000060
23876  -38.364  -40.464  -14.010 0.6000000238
25292  -39.774  -38.582  -13.792 0.5000000000
104326  -37.392  -39.651  -15.229 0.6999999881
26070  -34.352  -37.078  -16.318 0.5000000000
24569  -37.375  -39.060  -14.980 0.6999999881
26043  -40.057  -37.302  -13.348 0.5000000000
107686  -34.903  -36.868  -17.339 0.6999999881
26748  -34.443  -36.329  -16.586 0.6000000238
24581  -37.125  -39.173  -15.988 0.6999999881
23899  -37.237  -39.888  -16.060 0.6999999881
27436  -35.806  -35.955  -18.865 0.6999999881
26753  -35.248  -36.464  -18.033 0.6999999881
23212  -36.993  -40.055  -17.180 0.6999999881
23911  -36.900  -39.312  -17.144 0.6999999881
27400  -41.016  -35.550  -11.952 0.4000000060
28065  -41.310  -34.386  -11.531 0.4000000060
29462  -41.638  -32.541  -11.925 0.4000000060
25291  -38.915  -38.540  -13.657 0.6000000238
106115  -33.048  -35.887  -15.694 0.4000000060
27426  -33.864  -35.710  -16.114 0.4000000060
24570  -37.706  -38.805  -14.219 0.6999999881
110541  -37.831  -39.750  -14.339 0.6000000238
24561  -38.334  -39.124  -13.835 0.6000000238
25307  -37.012  -38.516  -15.688 0.6999999881
25299  -37.276  -38.347  -14.773 0.6999999881
26051  -39.513  -37.925  -13.543 0.5000000000
27435  -34.596  -35.717  -17.226 0.6999999881
26727  -39.745  -36.740  -12.689 0.5000000000
26072  -36.826  -37.460  -15.823 0.6999999881
25306  -36.735  -37.946  -16.353 0.6999999881
24589  -36.680  -38.506  -17.046 0.6999999881
26740  -37.040  -36.271  -15.807 0.6000000238
26071  -36.553  -37.454  -16.950 0.6000000238
26720  -40.305  -36.079  -12.186 0.4000000060
115593  -40.409  -35.336  -11.891 0.4000000060
28118  -37.462  -34.139  -20.005 0.6999999881
26749  -36.700  -36.908  -16.766 0.6000000238
27393  -40.854  -34.890  -11.700 0.4000000060
105320  -37.033  -36.320  -17.095 0.6000000238
100117  -40.689  -34.308  -11.494 0.4000000060
28788  -40.999  -33.694  -11.444 0.4000000060
30221  -41.570  -31.897  -12.279 0.4000000060
30942  -42.024  -30.859  -13.016 0.4000000060
26050  -38.647  -37.843  -13.453 0.6000000238
28101  -33.093  -34.711  -16.726 0.6000000238
27434  -33.934  -35.088  -16.683 0.6000000238
25289  -37.547  -38.054  -14.079 0.6999999881
25290  -38.119  -38.366  -13.743 0.6000000238
100380  -36.951  -37.982  -15.376 0.6000000238
26060  -37.130  -37.571  -14.686 0.6000000238
26741  -36.979  -36.867  -15.259 0.6000000238
26042  -39.198  -37.296  -13.139 0.5000000000
28110  -34.850  -34.873  -18.007 0.6999999881
28111  -36.344  -34.653  -19.393 0.6999999881
27399  -39.757  -35.370  -12.066 0.4000000060
28064  -40.122  -34.664  -11.757 0.4000000060
27442  -37.104  -35.401  -19.490 0.6999999881
104214  -37.495  -35.797  -18.362 0.6999999881
26755  -36.715  -36.664  -18.326 0.6000000238
105166  -40.456  -33.233  -11.440 0.4000000060
30213  -40.945  -32.220  -11.918 0.4000000060
29461  -41.007  -32.918  -11.592 0.4000000060
30935  -41.466  -31.216  -12.673 0.4000000060
102834  -37.166  -35.848  -14.208 0.6000000238
26734  -37.219  -36.737  -14.177 0.6000000238
26048  -37.465  -37.419  -13.942 0.6000000238
26049  -37.918  -37.664  -13.593 0.6000000238
28109  -33.796  -34.438  -17.136 0.6000000238
101091  -37.061  -36.262  -14.825 0.6000000238
26041  -38.382  -37.178  -13.198 0.5000000000
26726  -38.900  -36.647  -12.806 0.5000000000
26719  -39.383  -36.055  -12.403 0.4000000060
27417  -37.115  -35.634  -15.140 0.6000000238
28824  -36.518  -33.457  -19.766 0.6999999881
27427  -37.389  -35.646  -16.454 0.6000000238
28063  -39.639  -34.181  -11.755 0.4000000060
28787  -40.170  -33.848  -11.521 0.4000000060
28821  -37.933  -33.822  -19.046 0.6999999881
28112  -38.260  -34.705  -19.124 0.6999999881
28102  -38.199  -34.669  -17.558 0.6999999881
29460  -40.342  -32.649  -11.704 0.4000000060
30212  -40.204  -31.935  -12.091 0.4000000060
30934  -40.758  -30.792  -12.657 0.3000000119
30220  -40.861  -31.555  -12.374 0.4000000060
31565  -41.064  -29.736  -13.069 0.4000000060
31560  -41.248  -30.421  -12.924 0.3000000119
26040  -37.692  -36.961  -13.490 0.6000000238
26725  -38.132  -36.468  -13.046 0.5000000000
28819  -33.532  -34.027  -17.346 0.6000000238
28820  -34.521  -34.036  -17.717 0.6999999881
26718  -38.581  -35.934  -12.684 0.5000000000
28117  -35.514  -34.043  -18.794 0.6999999881
28823  -35.388  -33.189  -18.313 0.6999999881
27428  -37.398  -34.867  -15.687 0.6000000238
27398  -38.971  -35.309  -12.334 0.5000000000
28795  -39.076  -34.011  -11.990 0.4000000060
28072  -39.356  -34.685  -12.014 0.4000000060
28103  -37.846  -34.137  -16.255 0.6000000238
28825  -37.222  -33.187  -19.732 0.6999999881
30932  -38.902  -30.791  -12.356 0.5000000000
104970  -39.621  -30.640  -12.393 0.5000000000
30219  -39.255  -31.606  -12.241 0.5000000000
29468  -39.049  -33.206  -11.966 0.4000000060
28786  -39.546  -33.683  -11.755 0.4000000060
29493  -37.024  -32.698  -18.870 0.6999999881
115074  -38.440  -34.300  -18.461 0.6999999881
28816  -38.122  -34.078  -17.677 0.6999999881
32202  -39.484  -29.336  -12.706 0.5000000000
113207  -40.235  -30.477  -12.565 0.4000000060
29469  -39.598  -32.490  -11.973 0.4000000060
101309  -39.700  -28.737  -12.812 0.4000000060
103200  -39.892  -29.944  -12.618 0.5000000000
30933  -40.172  -31.152  -12.403 0.4000000060
32934  -40.267  -28.687  -12.881 0.4000000060
32203  -40.137  -29.319  -12.784 0.4000000060
32204  -40.655  -29.263  -12.940 0.4000000060
31559  -40.585  -29.969  -12.787 0.4000000060
27411  -37.362  -35.285  -13.643 0.6000000238
26724  -37.508  -36.106  -13.449 0.6000000238
28822  -33.996  -33.440  -17.523 0.5000000000
98256  -37.194  -35.027  -14.493 0.6000000238
104806  -37.396  -34.390  -13.806 0.6000000238
27406  -37.658  -35.463  -13.130 0.5000000000
104186  -37.961  -35.845  -12.960 0.5000000000
28092  -37.359  -34.249  -14.911 0.6000000238
28080  -38.041  -34.400  -12.721 0.5000000000
27407  -38.188  -35.196  -12.718 0.5000000000
29495  -34.464  -32.573  -17.631 0.6000000238
28794  -38.360  -33.741  -12.355 0.5000000000
28071  -38.621  -34.564  -12.288 0.5000000000
29467  -38.307  -32.881  -12.320 0.5000000000
30248  -36.079  -31.920  -18.323 0.8000000119
115921  -38.857  -29.299  -12.683 0.5000000000
31558  -38.269  -30.445  -12.465 0.5000000000
100567  -38.891  -32.453  -12.149 0.5000000000
29497  -36.562  -32.558  -19.092 0.8000000119
28813  -37.209  -33.520  -16.364 0.6999999881
107982  -38.284  -31.277  -12.364 0.5000000000
103613  -39.074  -30.003  -12.539 0.5000000000
106460  -37.467  -33.382  -17.858 0.6999999881
28079  -37.636  -34.824  -13.127 0.5000000000
101488  -33.440  -32.255  -17.418 0.5000000000
30246  -34.143  -31.773  -17.610 0.5000000000
102926  -37.652  -34.215  -13.153 0.5000000000
28802  -37.829  -33.849  -12.832 0.5000000000
30245  -33.086  -31.621  -17.389 0.5000000000
28814  -37.227  -33.795  -15.305 0.6000000238
29466  -37.646  -32.474  -12.542 0.5000000000
29488  -36.959  -33.205  -14.921 0.6000000238
30217  -37.578  -31.702  -12.503 0.5000000000
30218  -38.292  -32.088  -12.308 0.5000000000
29496  -35.632  -32.372  -18.273 0.6999999881
104145  -39.066  -28.749  -12.746 0.4000000060
30249  -36.366  -32.303  -18.480 0.8000000119
113062  -39.326  -28.235  -12.720 0.5000000000
32933  -39.829  -28.107  -12.798 0.4000000060
34545  -40.729  -26.434  -13.357 0.4000000060
35435  -41.249  -25.612  -14.032 0.5000000000
34555  -41.503  -26.312  -14.200 0.5000000000
36319  -41.587  -25.094  -14.587 0.5000000000
28809  -37.229  -33.679  -14.304 0.6000000238
28801  -37.450  -33.595  -13.372 0.6000000238
29479  -37.772  -33.237  -12.699 0.5000000000
99910  -33.748  -31.172  -17.634 0.5000000000
29485  -37.033  -33.004  -13.892 0.6000000238
30931  -37.544  -30.905  -12.544 0.5000000000
30975  -34.827  -31.020  -17.808 0.6000000238
30247  -35.209  -31.839  -17.870 0.6999999881
29484  -36.523  -32.532  -14.449 0.6000000238
32201  -38.267  -29.643  -12.647 0.5000000000
104130  -38.267  -28.811  -12.700 0.6000000238
102038  -38.671  -28.107  -12.664 0.5000000000
29490  -36.759  -32.771  -17.145 0.6999999881
29487  -36.547  -32.729  -15.657 0.6999999881
33708  -39.258  -27.524  -12.606 0.5000000000
106402  -40.218  -26.197  -12.994 0.4000000060
36300  -40.407  -24.828  -13.182 0.4000000060
30239  -36.247  -32.113  -16.373 0.6999999881
35420  -40.685  -25.620  -13.423 0.4000000060
30971  -36.040  -31.451  -16.968 0.6999999881
30242  -36.009  -31.586  -17.893 0.6999999881
35436  -41.688  -25.737  -14.543 0.5000000000
35445  -41.942  -25.521  -15.237 0.5000000000
36338  -41.827  -24.699  -15.609 0.5000000000
29478  -37.262  -32.780  -13.110 0.5000000000
29477  -36.709  -32.312  -13.541 0.6000000238
30226  -37.070  -32.030  -12.886 0.5000000000
30974  -33.834  -30.486  -17.850 0.6000000238
31614  -34.351  -29.892  -18.099 0.6000000238
106600  -34.842  -30.370  -17.935 0.6000000238
30233  -36.257  -31.820  -14.074 0.5000000000
107281  -37.535  -30.081  -12.635 0.5000000000
32200  -37.533  -29.265  -12.699 0.6000000238
30976  -35.392  -30.678  -17.736 0.6999999881
30237  -36.191  -32.001  -15.103 0.6999999881
34532  -38.923  -26.778  -12.442 0.5000000000
35405  -39.703  -25.923  -12.638 0.4000000060
103396  -35.659  -31.352  -17.885 0.6999999881
30967  -35.968  -31.429  -15.761 0.6999999881
35419  -40.046  -25.441  -12.915 0.4000000060
116837  -35.664  -31.173  -17.708 0.6999999881
30243  -36.380  -32.140  -17.749 0.6999999881
37241  -40.986  -23.920  -13.962 0.4000000060
30966  -35.774  -30.818  -16.284 0.6999999881
36301  -41.004  -24.805  -13.869 0.4000000060
37255  -41.248  -23.478  -14.720 0.4000000060
30970  -35.701  -30.834  -17.348 0.6999999881
36337  -41.419  -24.293  -14.669 0.4000000060
37256  -41.568  -23.851  -15.597 0.5000000000
30941  -36.936  -31.272  -12.743 0.5000000000
30225  -36.509  -31.574  -13.268 0.5000000000
30951  -36.047  -31.073  -13.794 0.5000000000
32932  -37.876  -28.076  -12.599 0.5000000000
30960  -35.906  -31.305  -14.690 0.6999999881
106807  -39.452  -25.372  -12.491 0.4000000060
31615  -35.096  -29.960  -17.922 0.6999999881
35404  -39.034  -26.023  -12.391 0.5000000000
107158  -40.641  -24.240  -13.419 0.4000000060
102235  -35.519  -30.257  -15.497 0.6000000238
31581  -35.384  -29.730  -14.694 0.6000000238
31604  -35.452  -30.064  -17.483 0.6999999881
31595  -35.608  -30.103  -16.638 0.6000000238
32230  -35.413  -29.379  -15.798 0.6000000238
32223  -35.297  -28.950  -14.763 0.6000000238
106939  -35.281  -28.544  -15.571 0.6000000238
32955  -35.252  -28.201  -14.778 0.6000000238
105811  -41.682  -24.163  -16.652 0.5000000000
31557  -36.887  -30.483  -12.738 0.6000000238
32978  -33.748  -28.222  -18.856 0.5000000000
111115  -36.403  -30.801  -13.113 0.5000000000
31556  -36.850  -29.659  -12.766 0.6000000238
32257  -34.670  -29.327  -18.212 0.6000000238
31564  -36.314  -30.031  -13.052 0.6000000238
106247  -37.548  -28.610  -12.680 0.5000000000
32979  -34.362  -28.245  -18.595 0.6000000238
32258  -34.895  -28.761  -18.267 0.6000000238
30940  -35.882  -30.335  -13.553 0.6000000238
34531  -38.262  -26.404  -12.313 0.5000000000
36282  -39.831  -24.796  -12.674 0.4000000060
32246  -35.218  -29.336  -17.794 0.6999999881
30959  -35.588  -30.525  -14.436 0.6999999881
105433  -35.772  -29.619  -13.402 0.6000000238
33707  -38.258  -27.298  -12.467 0.5000000000
37219  -40.624  -23.538  -13.294 0.4000000060
101161  -40.951  -23.119  -13.913 0.4000000060
105788  -35.671  -30.897  -15.289 0.6999999881
32216  -35.449  -29.274  -13.961 0.6999999881
33706  -37.277  -27.506  -12.475 0.5000000000
38036  -41.176  -22.701  -14.624 0.4000000060
32965  -35.254  -28.442  -17.355 0.6000000238
32947  -35.386  -28.518  -13.975 0.6000000238
32938  -35.666  -27.980  -13.314 0.6999999881
105927  -35.488  -29.344  -16.991 0.6000000238
33711  -35.915  -27.084  -12.990 0.6000000238
107089  -35.387  -28.753  -16.419 0.6000000238
97769  -35.322  -27.717  -14.142 0.6000000238
33718  -35.469  -27.080  -13.666 0.6000000238
38037  -41.385  -23.007  -15.716 0.4000000060
37266  -41.466  -23.560  -16.562 0.5000000000
116466  -41.215  -23.215  -18.152 0.5000000000
32199  -36.799  -28.769  -12.731 0.6000000238
32931  -37.171  -28.162  -12.598 0.5000000000
32209  -36.207  -29.261  -13.003 0.6000000238
105459  -38.755  -25.306  -12.261 0.5000000000
107373  -39.638  -24.272  -12.328 0.4000000060
32971  -34.845  -28.163  -18.141 0.6000000238
32939  -36.087  -28.561  -12.970 0.6000000238
32930  -36.427  -27.861  -12.724 0.5000000000
35402  -37.530  -25.880  -12.272 0.5000000000
35403  -38.329  -25.771  -12.250 0.5000000000
37218  -40.169  -24.065  -12.804 0.4000000060
31572  -35.553  -29.898  -13.955 0.6999999881
32208  -35.688  -28.881  -13.361 0.5000000000
34530  -37.454  -26.715  -12.350 0.5000000000
38802  -41.121  -22.079  -14.468 0.4000000060
34544  -36.172  -26.195  -12.791 0.6000000238
38803  -41.348  -22.189  -15.252 0.4000000060
32959  -35.292  -28.059  -16.260 0.6000000238
102842  -35.227  -27.906  -15.464 0.6000000238
38817  -41.313  -22.313  -16.417 0.4000000060
106169  -35.206  -27.489  -14.961 0.6000000238
33725  -35.254  -26.949  -14.472 0.6000000238
38050  -41.259  -23.059  -17.113 0.4000000060
36280  -38.473  -24.651  -12.025 0.5000000000
37194  -39.034  -24.042  -11.925 0.5000000000
36281  -39.211  -24.760  -12.271 0.5000000000
37992  -40.249  -23.134  -12.592 0.4000000060
33762  -34.901  -27.553  -17.684 0.6000000238
103194  -37.983  -25.215  -12.147 0.5000000000
37993  -40.670  -22.686  -13.186 0.4000000060
38017  -40.947  -22.346  -13.863 0.4000000060
101240  -36.859  -26.275  -12.424 0.5000000000
33747  -35.117  -27.462  -16.794 0.6000000238
33736  -35.135  -27.260  -15.829 0.6000000238
35418  -36.148  -25.430  -12.817 0.6000000238
105628  -41.226  -21.653  -16.920 0.4000000060
34553  -35.330  -26.272  -14.139 0.6000000238
35417  -35.756  -25.577  -13.203 0.6000000238
34543  -35.627  -26.326  -13.378 0.6000000238
38828  -41.169  -22.442  -17.771 0.4000000060
38837  -41.255  -21.971  -18.674 0.3000000119
38840  -41.462  -21.569  -19.013 0.3000000119
37195  -39.731  -23.600  -12.144 0.5000000000
38759  -40.695  -21.847  -13.292 0.5000000000
37193  -38.209  -23.924  -11.789 0.6000000238
38780  -40.955  -21.641  -14.003 0.4000000060
34583  -34.941  -26.760  -16.391 0.6000000238
100305  -37.156  -25.082  -12.261 0.6000000238
34563  -35.124  -26.221  -14.924 0.6000000238
35401  -36.688  -25.636  -12.482 0.6999999881
39574  -41.398  -21.566  -15.747 0.3000000119
36278  -36.796  -24.286  -12.244 0.6000000238
97937  -35.131  -26.849  -15.182 0.6000000238
35434  -35.417  -25.572  -13.844 0.6000000238
36299  -36.434  -24.909  -12.572 0.6000000238
37217  -36.158  -24.184  -12.718 0.6000000238
39588  -41.123  -21.708  -17.848 0.3000000119
39603  -41.436  -21.218  -18.951 0.3000000119
39606  -41.882  -20.790  -19.061 0.3000000119
106301  -39.110  -23.273  -11.722 0.6000000238
38736  -40.194  -22.112  -12.571 0.5000000000
36279  -37.619  -24.471  -11.994 0.6000000238
34572  -34.925  -26.195  -15.747 0.6000000238
39573  -41.210  -21.544  -14.783 0.3000000119
35444  -35.101  -25.368  -14.695 0.6000000238
117041  -35.705  -24.085  -13.207 0.6000000238
37191  -36.448  -23.521  -12.436 0.6000000238
36318  -35.525  -25.029  -13.566 0.6000000238
101267  -41.242  -20.978  -17.259 0.3000000119
36298  -35.840  -24.804  -13.062 0.6000000238
40399  -41.556  -20.534  -18.619 0.3000000119
40407  -41.885  -20.495  -19.084 0.3000000119
39607  -42.265  -20.293  -19.363 0.3000000119
37970  -38.912  -22.499  -11.708 0.6000000238
37971  -39.697  -22.759  -12.008 0.6000000238
39533  -40.335  -21.212  -12.982 0.5000000000
37969  -38.238  -23.085  -11.686 0.6000000238
39534  -40.722  -21.088  -13.600 0.4000000060
106151  -41.036  -20.964  -14.297 0.4000000060
110394  -38.139  -22.294  -11.780 0.6000000238
39554  -41.350  -20.878  -15.119 0.3000000119
35451  -34.904  -25.605  -15.287 0.6000000238
37192  -37.286  -23.528  -11.970 0.6000000238
103755  -35.402  -24.357  -13.657 0.6000000238
38733  -37.298  -22.502  -11.939 0.6000000238
40374  -41.621  -20.061  -16.451 0.3000000119
37216  -35.907  -23.481  -13.056 0.6000000238
98518  -41.839  -19.724  -18.341 0.3000000119
107551  -41.969  -20.009  -18.978 0.3000000119
38735  -39.392  -21.906  -12.058 0.6000000238
40336  -40.800  -20.405  -13.925 0.4000000060
40337  -41.143  -20.278  -14.563 0.4000000060
38734  -38.555  -21.752  -11.889 0.6000000238
40359  -41.500  -20.066  -15.355 0.3000000119
36336  -35.209  -24.769  -14.189 0.6000000238
114796  -41.682  -19.580  -15.692 0.3000000119
102438  -35.342  -23.518  -13.756 0.6000000238
37968  -36.670  -22.918  -12.199 0.6000000238
37991  -36.143  -22.760  -12.750 0.6000000238
39511  -38.929  -21.150  -12.206 0.6000000238
40320  -39.856  -20.526  -12.930 0.4000000060
40321  -40.415  -20.478  -13.370 0.4000000060
41142  -41.646  -19.149  -15.110 0.4000000060
39510  -38.129  -21.068  -12.094 0.5000000000
103646  -37.693  -21.714  -11.957 0.5000000000
41156  -41.883  -19.048  -16.000 0.3000000119
102029  -36.843  -21.748  -12.204 0.5000000000
38016  -35.601  -22.833  -13.497 0.6000000238
38757  -35.809  -22.269  -13.296 0.6000000238
38758  -36.235  -21.964  -12.731 0.6000000238
40319  -39.397  -19.846  -12.816 0.4000000060
107115  -40.030  -19.826  -13.238 0.4000000060
107705  -40.554  -19.808  -13.700 0.4000000060
41130  -40.900  -19.162  -14.008 0.3000000119
40303  -38.506  -20.451  -12.300 0.5000000000
40304  -39.197  -20.527  -12.560 0.4000000060
107692  -41.367  -18.933  -14.460 0.3000000119
41131  -41.244  -19.575  -14.588 0.3000000119
41921  -41.651  -18.373  -14.665 0.3000000119
40302  -37.776  -20.323  -12.242 0.5000000000
39509  -37.294  -21.026  -12.232 0.5000000000
41947  -42.101  -18.557  -16.763 0.3000000119
41114  -39.631  -19.135  -13.061 0.3000000119
41115  -40.303  -19.137  -13.476 0.3000000119
104436  -38.816  -19.180  -12.740 0.3000000119
116917  -38.811  -19.925  -12.510 0.4000000060
41906  -41.259  -18.400  -14.108 0.3000000119
41101  -38.220  -19.722  -12.427 0.3000000119
41934  -41.868  -18.451  -15.286 0.3000000119
42711  -42.194  -17.820  -16.500 0.3000000119
40301  -37.003  -20.263  -12.568 0.5000000000
39508  -36.420  -21.084  -12.783 0.4000000060
41894  -39.954  -18.445  -13.289 0.3000000119
41905  -40.638  -18.448  -13.684 0.3000000119
42679  -41.595  -17.718  -14.297 0.3000000119
42689  -41.936  -17.672  -15.010 0.3000000119
41113  -38.040  -18.970  -12.736 0.3000000119
42701  -42.240  -17.238  -15.786 0.3000000119
41100  -37.516  -19.574  -12.547 0.3000000119
42712  -42.449  -17.280  -16.765 0.3000000119
40318  -36.749  -19.479  -13.009 0.4000000060
42723  -42.646  -17.448  -17.779 0.3000000119
41893  -39.221  -18.422  -13.001 0.3000000119
42669  -39.593  -17.766  -13.158 0.3000000119
42670  -40.286  -17.763  -13.491 0.3000000119
42678  -41.012  -17.729  -13.850 0.3000000119
103078  -41.396  -17.020  -14.056 0.3000000119
106431  -41.813  -17.094  -14.497 0.3000000119
41891  -37.820  -18.225  -12.962 0.3000000119
41892  -38.493  -18.347  -12.882 0.3000000119
43531  -42.138  -16.808  -14.953 0.3000000119
43532  -42.399  -16.484  -15.432 0.3000000119
41112  -37.352  -18.824  -12.961 0.4000000060
43541  -42.511  -16.540  -16.163 0.3000000119
43554  -42.693  -16.627  -17.111 0.3000000119
106263  -42.960  -15.838  -17.433 0.3000000119
43564  -42.903  -16.783  -18.162 0.3000000119
44453  -43.200  -16.160  -18.613 0.3000000119
106328  -39.899  -17.197  -13.326 0.3000000119
102888  -41.192  -16.258  -13.887 0.3000000119
42667  -38.220  -17.650  -12.997 0.3000000119
42668  -38.884  -17.708  -12.992 0.3000000119
43513  -41.897  -16.363  -14.316 0.3000000119
106462  -42.313  -16.081  -14.885 0.3000000119
44425  -42.536  -15.796  -15.574 0.3000000119
44432  -42.698  -15.865  -16.466 0.3000000119
41111  -36.697  -18.667  -13.400 0.4000000060
44454  -43.540  -15.589  -19.137 0.3000000119
43506  -40.580  -16.940  -13.660 0.3000000119
104639  -39.263  -17.080  -13.107 0.3000000119
44406  -41.645  -15.618  -14.085 0.3000000119
100056  -37.975  -17.082  -13.075 0.3000000119
103625  -42.688  -15.182  -15.984 0.3000000119
102476  -42.848  -15.272  -16.645 0.3000000119
45406  -43.090  -14.902  -17.098 0.3000000119
45407  -43.410  -15.262  -18.025 0.3000000119
41904  -36.082  -18.543  -14.144 0.3000000119
45430  -43.680  -15.094  -19.775 0.3000000119
101951  -43.752  -15.378  -20.515 0.3000000119
101927  -39.772  -16.419  -13.297 0.3000000119
43512  -40.465  -16.136  -13.662 0.3000000119
44411  -42.074  -15.682  -14.495 0.3000000119
43505  -38.897  -16.375  -13.067 0.3000000119
44412  -42.329  -15.374  -14.943 0.3000000119
45380  -42.368  -14.649  -15.018 0.3000000119
101173  -42.534  -15.092  -15.399 0.3000000119
45398  -42.907  -14.620  -16.331 0.3000000119
46406  -43.526  -14.364  -17.519 0.3000000119
45421  -43.715  -14.613  -18.619 0.3000000119
46426  -43.797  -14.293  -19.545 0.3000000119
99590  -43.798  -14.715  -20.437 0.3000000119
44404  -40.011  -15.594  -13.460 0.3000000119
44405  -40.855  -15.438  -13.768 0.3000000119
45372  -41.427  -15.000  -13.999 0.3000000119
44394  -39.260  -15.654  -13.167 0.3000000119
45370  -40.191  -14.870  -13.547 0.3000000119
45371  -40.893  -14.611  -13.817 0.3000000119
45379  -41.954  -14.976  -14.444 0.3000000119
44393  -38.442  -15.662  -13.077 0.3000000119
45391  -42.689  -14.509  -15.620 0.3000000119
43504  -38.130  -16.442  -13.086 0.3000000119
46405  -43.184  -14.112  -16.741 0.3000000119
113608  -43.816  -13.876  -18.750 0.3000000119
45361  -39.580  -15.069  -13.286 0.3000000119
45360  -38.875  -14.859  -13.159 0.3000000119
46359  -39.565  -14.419  -13.315 0.3000000119
44392  -37.591  -15.765  -13.270 0.3000000119
15270  -39.791  -51.724  -14.514 0.3000000119
14598  -39.360  -52.261  -14.737 0.3000000119
14611  -38.985  -52.078  -15.409 0.4000000060
14610  -38.093  -52.510  -15.872 0.4000000060
15294  -37.931  -51.976  -17.510 0.4000000060
16010  -38.311  -51.613  -18.507 0.4000000060
111616  -39.694  -49.838  -20.090 0.4000000060
16020  -39.275  -51.470  -19.906 0.4000000060
115088  -40.382  -46.829  -19.191 0.4000000060
104170  -39.875  -44.492  -13.354 0.3000000119
21147  -41.907  -43.525  -13.655 0.3000000119
19178  -40.911  -46.499  -19.682 0.5000000000
21790  -43.118  -43.182  -14.027 0.3000000119
97956  -40.226  -46.150  -19.342 0.5000000000
25309  -43.170  -38.381  -15.974 0.3000000119
25308  -42.798  -38.246  -15.524 0.4000000060
26062  -42.558  -37.580  -14.770 0.4000000060
26054  -42.383  -37.318  -14.067 0.4000000060
26730  -42.490  -36.558  -12.949 0.4000000060
27408  -42.718  -35.838  -12.613 0.4000000060
107366  -32.729  -38.723  -15.494 0.4000000060
21833  -37.160  -42.503  -16.809 0.6999999881
29471  -42.385  -32.905  -12.226 0.4000000060
106805  -33.849  -37.803  -15.912 0.5000000000
22510  -37.136  -41.352  -16.406 0.8000000119
103631  -37.217  -41.911  -16.356 0.6999999881
22509  -36.836  -41.427  -17.700 0.6999999881
103867  -36.994  -40.777  -17.059 0.8000000119
24588  -36.464  -38.763  -18.289 0.8000000119
27437  -36.626  -36.317  -19.013 0.6999999881
24595  -36.194  -38.075  -18.467 0.8000000119
26080  -36.175  -37.306  -18.331 0.6000000238
31566  -41.722  -30.055  -13.302 0.3000000119
32210  -41.100  -29.196  -13.195 0.4000000060
116603  -41.346  -29.575  -13.272 0.4000000060
111148  -41.749  -29.320  -13.682 0.3000000119
32941  -40.742  -28.630  -13.067 0.4000000060
32940  -40.362  -27.994  -12.940 0.4000000060
33719  -41.208  -27.071  -13.699 0.4000000060
33713  -40.443  -27.112  -13.048 0.5000000000
34554  -41.068  -26.207  -13.726 0.5000000000
34564  -41.952  -26.236  -14.921 0.4000000060
33712  -39.678  -26.701  -12.639 0.5000000000
36349  -41.835  -24.754  -16.748 0.5000000000
37271  -41.297  -23.789  -17.839 0.5000000000
32977  -33.035  -28.575  -18.697 0.5000000000
100950  -41.256  -22.871  -18.384 0.4000000060
33792  -32.856  -26.946  -19.593 0.6000000238
33793  -33.541  -26.713  -19.452 0.6000000238
33778  -33.811  -27.548  -19.053 0.6000000238
107743  -34.501  -27.605  -18.484 0.6000000238
39604  -42.117  -21.332  -18.744 0.3000000119
33779  -34.196  -26.906  -19.032 0.6000000238
33761  -34.527  -26.867  -18.129 0.6000000238
34594  -34.734  -26.626  -17.159 0.6000000238
40409  -43.092  -19.925  -19.360 0.3000000119
34582  -34.710  -26.082  -16.481 0.6000000238
37254  -34.986  -23.921  -14.384 0.6000000238
110766  -35.176  -22.817  -14.143 0.6000000238
38779  -35.786  -21.606  -13.459 0.5000000000
102247  -36.325  -20.211  -13.179 0.5000000000
115214  -36.272  -19.713  -13.396 0.4000000060
41129  -36.202  -19.256  -13.704 0.4000000060
98401  -43.760  -13.753  -17.942 0.3000000119
47435  -43.995  -13.161  -20.243 0.3000000119
47447  -43.836  -13.957  -20.332 0.3000000119
46438  -43.935  -14.379  -20.962 0.3000000119
45359  -37.982  -14.947  -13.191 0.3000000119
45358  -37.393  -15.019  -13.470 0.3000000119
28073  -42.670  -34.301  -12.304 0.4000000060
19133  -38.569  -46.607  -13.385 0.3000000119
19179  -42.022  -46.313  -20.987 0.4000000060
98731  -38.623  -42.193  -14.967 0.6999999881
28790  -42.243  -33.715  -11.984 0.4000000060
25313  -36.375  -37.782  -17.720 0.6999999881
31573  -42.307  -29.990  -13.790 0.4000000060
29459  -39.853  -33.180  -11.698 0.3000000119
114429  -39.927  -27.486  -12.792 0.5000000000
31613  -33.445  -29.909  -18.037 0.5000000000
32256  -33.602  -29.336  -18.333 0.5000000000
98231  -34.176  -28.766  -18.579 0.5000000000
32988  -32.849  -27.811  -19.112 0.5000000000
34529  -36.603  -26.942  -12.534 0.5000000000
98212  -41.473  -20.878  -16.133 0.3000000119
39596  -41.183  -21.146  -18.071 0.3000000119
40408  -42.539  -20.244  -19.275 0.3000000119
40387  -41.459  -20.317  -17.701 0.3000000119
41168  -41.855  -19.431  -17.163 0.3000000119
38732  -36.560  -22.359  -12.279 0.6000000238
39512  -39.699  -21.232  -12.505 0.5000000000
108087  -40.912  -19.840  -14.159 0.4000000060
103823  -42.036  -18.115  -15.865 0.3000000119
44463  -43.572  -15.878  -20.203 0.3000000119
103760  -38.555  -17.046  -13.002 0.3000000119
44403  -36.986  -16.161  -13.794 0.3000000119
47434  -43.864  -13.534  -19.398 0.3000000119
15309  -38.908  -52.099  -19.852 0.4000000060
33726  -41.856  -27.005  -14.539 0.4000000060
34602  -41.945  -25.994  -19.026 0.3000000119
36360  -41.740  -24.852  -18.265 0.4000000060
35466  -42.253  -25.371  -18.708 0.3000000119
34573  -42.132  -26.104  -15.843 0.4000000060
35452  -42.004  -25.350  -16.278 0.4000000060
36355  -42.265  -24.626  -18.211 0.3000000119
36361  -41.988  -24.970  -18.461 0.3000000119
36354  -41.609  -24.487  -17.739 0.4000000060
35459  -41.825  -25.164  -17.684 0.4000000060
38063  -41.325  -23.556  -18.359 0.3000000119
38829  -42.534  -22.643  -17.448 0.3000000119
37272  -41.899  -23.880  -18.104 0.3000000119
38839  -42.835  -21.637  -17.449 0.3000000119
38061  -41.642  -23.221  -18.168 0.3000000119
38838  -41.565  -22.270  -18.551 0.3000000119
34610  -32.090  -25.088  -20.974 0.5000000000
37281  -32.417  -22.635  -20.710 0.5000000000
35477  -33.116  -24.478  -20.455 0.5000000000
35469  -33.493  -23.998  -19.219 0.5000000000
34601  -34.216  -26.064  -18.667 0.5000000000
39605  -43.074  -20.761  -17.936 0.3000000119
35470  -33.953  -24.954  -18.151 0.5000000000
35458  -34.489  -25.306  -16.182 0.5000000000
36348  -34.225  -24.103  -15.414 0.5000000000
36353  -34.036  -24.448  -16.458 0.5000000000
106929  -34.288  -24.559  -15.858 0.4000000060
104701  -33.836  -24.351  -15.977 0.5000000000
36335  -34.727  -24.387  -14.852 0.5000000000
37253  -34.410  -23.614  -14.773 0.4000000060
38035  -34.792  -23.144  -14.438 0.5000000000
99538  -34.833  -22.424  -14.631 0.4000000060
38778  -35.320  -22.140  -14.022 0.4000000060
38801  -34.922  -21.658  -14.690 0.5000000000
39552  -35.286  -21.335  -14.276 0.4000000060
39553  -35.797  -20.820  -13.737 0.4000000060
39572  -34.998  -21.111  -14.866 0.3000000119
111930  -35.295  -20.665  -14.618 0.3000000119
40335  -35.799  -19.989  -14.041 0.3000000119
37279  -31.808  -22.477  -20.105 0.5000000000
34603  -42.203  -26.322  -19.134 0.3000000119
35463  -32.328  -24.201  -18.050 0.4000000060
37275  -32.782  -23.052  -18.767 0.5000000000
35450  -34.641  -25.292  -15.683 0.5000000000
33714  -40.880  -27.894  -13.267 0.4000000060
34607  -32.921  -26.021  -20.218 0.5000000000
34608  -33.713  -25.978  -19.540 0.5000000000
101966  -34.394  -26.035  -17.786 0.5000000000
35443  -34.632  -24.839  -15.326 0.5000000000
35471  -42.116  -25.816  -19.063 0.3000000119
34595  -41.925  -25.915  -18.374 0.4000000060
35465  -41.974  -25.409  -18.697 0.3000000119
34584  -42.088  -26.045  -16.900 0.4000000060
37277  -41.742  -24.290  -18.103 0.4000000060
34609  -31.318  -25.116  -20.892 0.5000000000
36367  -32.550  -23.748  -20.600 0.5000000000
35476  -32.224  -23.917  -21.104 0.5000000000
36363  -33.228  -23.115  -19.062 0.5000000000
35474  -33.752  -25.177  -19.205 0.5000000000
35464  -34.307  -25.364  -17.018 0.5000000000
36359  -33.758  -24.189  -17.311 0.5000000000
37276  -33.097  -23.151  -18.625 0.5000000000
25311  -35.300  -37.904  -17.932 0.6999999881
25316  -36.080  -37.628  -18.576 0.6999999881
25312  -35.901  -37.906  -18.619 0.6999999881
26079  -35.763  -37.546  -18.507 0.6999999881
100824  -35.664  -37.048  -18.206 0.6999999881
32942  -41.245  -28.568  -13.430 0.3000000119
32948  -41.724  -28.482  -13.989 0.3000000119
111149  -41.747  -27.765  -14.232 0.3000000119
26754  -36.040  -36.694  -18.774 0.6999999881
106413  -41.335  -27.954  -13.676 0.3000000119
33727  -42.279  -27.771  -15.091 0.3000000119
33738  -42.695  -27.417  -16.129 0.3000000119
33737  -42.237  -26.880  -15.474 0.3000000119
34574  -42.352  -26.708  -16.583 0.3000000119
23910  -36.824  -39.355  -18.555 0.6999999881
23211  -36.969  -40.099  -18.606 0.6999999881
105174  -36.602  -39.337  -19.660 0.6999999881
24586  -35.115  -38.557  -17.742 0.6999999881
23918  -36.367  -38.957  -19.184 0.6999999881
24594  -36.016  -38.488  -18.925 0.6999999881
24587  -35.631  -38.216  -18.584 0.6999999881
26078  -35.082  -37.370  -17.596 0.6999999881
33748  -42.633  -27.237  -17.386 0.3000000119
34585  -42.159  -26.603  -17.922 0.3000000119
18574  -39.031  -47.335  -19.079 0.4000000060
19170  -38.850  -46.586  -18.774 0.4000000060
19171  -39.534  -46.377  -18.955 0.4000000060
18575  -39.652  -47.044  -19.094 0.4000000060
18567  -38.107  -46.834  -18.625 0.4000000060
19812  -39.530  -45.614  -18.679 0.4000000060
19811  -38.780  -45.858  -18.475 0.4000000060
19162  -37.938  -45.994  -18.221 0.4000000060
19804  -38.852  -45.126  -18.039 0.5000000000
110959  -38.242  -45.391  -17.982 0.5000000000
102225  -37.079  -46.489  -18.053 0.5000000000
19161  -37.100  -45.700  -17.807 0.5000000000
19160  -36.308  -45.865  -17.525 0.5000000000
19803  -37.554  -45.200  -17.741 0.5000000000
20521  -38.139  -44.763  -17.592 0.6000000238
20520  -37.258  -44.354  -17.444 0.5000000000
19802  -36.652  -45.083  -17.651 0.5000000000
97572  -35.898  -44.936  -17.718 0.6000000238
20530  -35.647  -44.317  -18.550 0.5000000000
20506  -37.554  -43.798  -16.999 0.6000000238
111648  -34.856  -43.156  -19.751 0.5000000000
114428  -35.216  -43.610  -19.783 0.5000000000
20531  -35.730  -43.610  -19.429 0.5000000000
23209  -34.150  -40.778  -16.671 0.4000000060
21192  -37.072  -43.626  -17.380 0.6000000238
105762  -36.669  -43.878  -17.786 0.6000000238
22508  -34.571  -41.172  -17.695 0.5000000000
20519  -36.375  -44.361  -17.830 0.6000000238
110378  -36.172  -43.701  -18.588 0.6000000238
21853  -34.590  -42.592  -18.850 0.5000000000
106085  -35.620  -42.973  -19.945 0.5000000000
21855  -36.225  -42.940  -19.579 0.5000000000
22488  -33.301  -41.064  -15.787 0.4000000060
23897  -33.807  -40.169  -15.994 0.5000000000
23898  -34.272  -39.491  -16.358 0.5000000000
23908  -34.433  -40.056  -16.711 0.5000000000
23210  -34.842  -40.267  -17.644 0.5000000000
21191  -36.562  -43.290  -18.215 0.6000000238
21847  -36.597  -42.554  -18.854 0.6000000238
110781  -35.319  -42.360  -19.946 0.5000000000
24580  -34.621  -38.950  -16.833 0.5000000000
23909  -34.941  -39.373  -17.483 0.5000000000
114330  -36.784  -42.262  -17.994 0.6000000238
21848  -36.910  -42.956  -17.577 0.6000000238
97506  -36.666  -42.238  -20.198 0.6000000238
22521  -34.979  -41.542  -19.077 0.5000000000
22526  -35.668  -41.341  -20.489 0.5000000000
24579  -34.151  -38.861  -16.155 0.5000000000
24593  -35.624  -38.754  -18.709 0.5000000000
23916  -35.500  -39.466  -18.992 0.5000000000
23217  -35.224  -40.425  -18.997 0.5000000000
22522  -36.956  -41.728  -19.645 0.6000000238
22527  -36.604  -41.418  -21.101 0.5000000000
23223  -35.442  -40.677  -19.941 0.5000000000
23224  -35.681  -40.548  -20.598 0.5000000000
24578  -33.435  -39.348  -15.726 0.4000000060
103448  -34.582  -37.805  -16.702 0.4000000060
23896  -33.005  -40.136  -15.458 0.4000000060
99413  -36.879  -40.390  -20.102 0.6000000238
23218  -35.905  -39.738  -20.239 0.5000000000
115631  -34.190  -38.304  -16.149 0.4000000060
23917  -36.045  -38.905  -19.562 0.6000000238
22520  -34.250  -42.091  -17.724 0.5000000000
25305  -34.650  -38.399  -16.847 0.5000000000
115578  -36.062  -45.349  -17.528 0.5000000000
21854  -36.095  -42.323  -20.535 0.5000000000
22532  -35.892  -40.706  -20.869 0.5000000000
23225  -36.042  -40.477  -20.834 0.6000000238
26073  -42.692  -37.762  -15.356 0.3000000119
26055  -43.192  -37.268  -14.206 0.3000000119
108103  -43.067  -37.714  -15.964 0.3000000119
26063  -43.257  -37.411  -15.190 0.3000000119
26735  -43.805  -36.521  -13.745 0.3000000119
26046  -42.959  -36.961  -13.436 0.3000000119
27409  -43.297  -35.286  -12.918 0.3000000119
26731  -43.252  -36.192  -13.054 0.3000000119
30943  -42.779  -31.250  -13.212 0.3000000119
31574  -42.994  -30.366  -14.233 0.3000000119
30952  -42.512  -30.612  -13.537 0.3000000119
26081  -43.439  -37.549  -16.580 0.3000000119
103642  -36.247  -46.663  -17.547 0.4000000060
26074  -43.749  -37.133  -16.035 0.3000000119
26056  -43.911  -37.051  -14.456 0.3000000119
27403  -42.749  -35.076  -12.475 0.3000000119
30222  -42.782  -32.243  -12.644 0.3000000119
30953  -43.252  -31.036  -13.824 0.3000000119
32225  -43.613  -29.668  -15.299 0.3000000119
31582  -43.137  -29.906  -14.743 0.3000000119
18577  -30.724  -48.115  -19.346 0.4000000060
18570  -30.697  -47.108  -19.259 0.3000000119
19167  -30.862  -46.328  -19.192 0.3000000119
20541  -34.530  -44.688  -19.633 0.4000000060
19820  -34.416  -45.182  -19.252 0.4000000060
21190  -34.116  -43.346  -19.044 0.4000000060
21197  -34.470  -43.945  -19.735 0.4000000060
21198  -35.165  -44.204  -19.502 0.4000000060
20529  -34.956  -44.705  -18.916 0.4000000060
19810  -34.728  -45.161  -18.410 0.4000000060
20518  -35.235  -44.999  -17.999 0.4000000060
21831  -32.654  -42.780  -16.472 0.3000000119
22506  -32.992  -42.046  -16.091 0.3000000119
21809  -32.144  -42.333  -15.891 0.3000000119
22507  -33.794  -41.635  -16.727 0.4000000060
15310  -39.448  -52.002  -20.504 0.3000000119
16714  -39.787  -50.817  -20.508 0.3000000119
17390  -38.433  -50.067  -20.240 0.3000000119
17384  -38.416  -49.103  -20.175 0.3000000119
17383  -37.530  -49.618  -19.521 0.3000000119
18003  -38.410  -48.209  -19.483 0.3000000119
17377  -37.538  -48.595  -19.086 0.3000000119
106465  -36.676  -49.004  -18.359 0.3000000119
18573  -38.305  -47.525  -18.961 0.3000000119
18002  -37.511  -47.811  -18.705 0.3000000119
111870  -37.489  -47.184  -18.487 0.3000000119
16024  -39.325  -51.212  -21.374 0.3000000119
16023  -39.635  -51.698  -20.937 0.3000000119
16718  -39.810  -50.759  -20.952 0.3000000119
19182  -44.906  -46.787  -21.102 0.3000000119
19184  -44.514  -47.386  -22.246 0.4000000060
19185  -45.088  -47.253  -21.854 0.4000000060
19186  -45.083  -47.402  -22.584 0.4000000060
19821  -43.194  -45.941  -22.116 0.4000000060
19824  -45.334  -46.954  -21.977 0.4000000060
20543  -43.585  -44.557  -21.742 0.3000000119
20545  -45.472  -45.920  -21.478 0.3000000119
20546  -44.154  -45.599  -22.537 0.4000000060
20547  -45.062  -46.289  -22.548 0.4000000060
21202  -44.455  -43.989  -20.915 0.3000000119
30227  -43.008  -31.767  -12.982 0.3000000119
32217  -42.576  -29.649  -14.302 0.3000000119
35472  -42.455  -26.064  -19.010 0.3000000119
35475  -31.799  -24.309  -21.059 0.5000000000
36358  -33.179  -23.500  -17.893 0.5000000000
36364  -33.489  -23.712  -18.286 0.5000000000
36365  -31.336  -23.275  -20.695 0.5000000000
36366  -32.751  -22.950  -20.139 0.5000000000
36368  -32.420  -23.154  -21.005 0.5000000000
36369  -32.459  -23.048  -21.102 0.5000000000
37274  -32.088  -22.728  -19.480 0.5000000000
37278  -32.668  -22.804  -19.345 0.5000000000
37280  -32.225  -22.400  -20.189 0.5000000000
37282  -32.535  -22.845  -20.624 0.5000000000
110171  -38.666  -23.600  -11.676 0.6000000238
114886  -35.661  -40.552  -20.737 0.5000000000
