#!ascii label  , from subject sub-v2s13x29102_ses-1 vox2ras=TkReg
793
42729  -24.554  -17.425  -17.839 0.4285714328
44458  -24.873  -15.816  -18.515 0.2857142985
43572  -24.270  -16.244  -18.576 0.4285714328
43574  -25.861  -15.875  -18.409 0.4285714328
103753  -24.993  -14.476  -19.233 0.2857142985
44459  -25.350  -15.493  -18.624 0.4285714328
45427  -25.739  -14.625  -19.054 0.4285714328
47443  -24.996  -13.012  -19.784 0.4285714328
46434  -25.340  -13.000  -19.016 0.4285714328
47454  -25.709  -12.064  -19.086 0.4285714328
48431  -26.067  -11.501  -19.001 0.4285714328
49413  -25.864  -10.798  -21.678 0.5714285970
49401  -25.421  -10.903  -20.479 0.5714285970
49388  -26.110  -10.331  -20.242 0.4285714328
48421  -26.874  -10.943  -19.013 0.2857142985
49402  -26.245  -10.320  -20.721 0.7142857313
49389  -26.522  -9.985  -19.971 0.7142857313
49404  -27.068  -9.941  -19.575 0.7142857313
49391  -27.300  -10.236  -18.781 0.4285714328
49403  -26.891  -9.843  -20.129 0.7142857313
49390  -27.071  -10.006  -19.406 0.5714285970
49392  -27.347  -10.000  -18.931 0.5714285970
50291  -27.309  -9.069  -20.153 0.5714285970
108190  -27.830  -9.720  -19.382 0.5714285970
50282  -28.210  -8.732  -19.881 0.5714285970
49393  -28.700  -9.961  -17.904 0.5714285970
49382  -28.762  -10.555  -17.206 0.4285714328
51161  -29.038  -8.555  -18.942 0.5714285970
50273  -28.866  -9.719  -17.563 0.5714285970
51176  -28.079  -8.104  -19.834 0.7142857313
51148  -30.284  -9.040  -17.150 0.7142857313
50258  -30.016  -9.215  -16.744 0.5714285970
50283  -28.659  -8.841  -19.170 0.5714285970
51195  -28.257  -8.113  -21.415 0.5714285970
111624  -29.242  -8.633  -19.013 0.8571428657
50259  -30.479  -9.245  -16.674 0.5714285970
52162  -29.080  -7.149  -19.572 0.5714285970
51134  -31.415  -9.149  -16.348 0.7142857313
51162  -30.074  -8.194  -17.818 0.7142857313
51149  -30.714  -8.805  -17.146 0.7142857313
52058  -31.748  -8.341  -16.208 0.5714285970
52114  -30.376  -8.370  -17.523 0.7142857313
51119  -32.247  -8.814  -15.024 0.5714285970
52115  -30.755  -8.185  -17.361 0.7142857313
52085  -31.110  -8.419  -16.875 0.7142857313
52059  -32.627  -7.480  -14.580 0.7142857313
52116  -31.248  -7.993  -17.092 0.7142857313
52039  -33.031  -7.165  -14.919 0.7142857313
52086  -31.909  -7.588  -16.224 0.7142857313
52040  -33.914  -7.420  -15.305 0.5714285970
52041  -35.331  -8.102  -16.975 0.5714285970
52956  -35.537  -7.656  -17.251 0.7142857313
52936  -35.067  -7.339  -16.824 0.7142857313
52954  -32.661  -6.894  -15.202 0.8571428657
52955  -33.288  -6.791  -14.853 0.7142857313
53753  -36.408  -6.832  -18.549 0.8571428657
52957  -35.993  -7.291  -17.833 0.5714285970
53740  -35.330  -6.782  -17.071 0.8571428657
54576  -36.596  -6.185  -19.044 0.8571428657
54594  -36.815  -6.342  -19.926 0.8571428657
102016  -37.443  -5.017  -20.526 0.8571428657
55398  -36.723  -5.507  -19.432 1.0000000000
53752  -35.954  -6.453  -17.588 0.8571428657
56230  -37.093  -4.850  -19.732 1.0000000000
56987  -37.567  -3.673  -20.757 1.0000000000
57740  -37.639  -2.422  -20.455 0.7142857313
56231  -37.398  -4.080  -20.092 1.0000000000
107178  -37.616  -3.035  -20.923 1.0000000000
60698  -38.372  1.188  -22.292 1.0000000000
60039  -38.175  0.571  -21.214 0.8571428657
61302  -37.968  2.628  -22.102 0.8571428657
107672  -38.256  1.903  -22.413 1.0000000000
65476  -39.230  7.187  -24.720 0.8571428657
98378  -38.487  4.550  -23.590 0.8571428657
62567  -38.223  3.834  -23.098 1.0000000000
114765  -38.377  9.229  -25.502 0.8571428657
66221  -38.790  8.604  -25.214 0.8571428657
66960  -37.860  9.686  -25.873 0.7142857313
101852  -37.621  9.296  -25.197 0.5714285970
112450  -35.988  10.610  -27.834 0.7142857313
68477  -35.507  10.928  -29.238 0.5714285970
67727  -35.358  10.130  -26.620 0.5714285970
67723  -36.582  9.871  -26.024 0.5714285970
101561  -34.763  10.315  -27.411 0.4285714328
68485  -33.338  11.198  -29.993 0.4285714328
105436  -33.428  11.316  -31.169 0.4285714328
68467  -32.845  10.996  -28.379 0.2857142985
69235  -32.348  11.783  -28.561 0.2857142985
68474  -32.958  11.296  -29.175 0.2857142985
69238  -31.846  12.666  -28.839 0.2857142985
44470  -24.290  -15.260  -18.983 0.2857142985
55399  -37.175  -5.643  -20.142 0.8571428657
97722  -37.927  -1.775  -21.286 0.8571428657
93823  -30.936  12.061  -27.912 0.1428571492
45437  -23.738  -14.945  -19.547 0.2857142985
45444  -23.702  -13.812  -19.908 0.2857142985
46433  -25.172  -13.920  -19.383 0.4285714328
46445  -25.592  -12.895  -18.726 0.4285714328
47453  -24.086  -12.686  -20.121 0.2857142985
48441  -25.288  -11.006  -20.216 0.4285714328
47455  -25.869  -12.097  -18.907 0.4285714328
110858  -24.958  -11.320  -20.517 0.5714285970
49379  -26.873  -10.141  -19.046 0.4285714328
50302  -26.655  -9.797  -22.297 0.2857142985
50289  -26.727  -9.841  -21.274 0.7142857313
112751  -29.028  -10.081  -16.945 0.4285714328
51185  -27.306  -8.351  -21.009 0.7142857313
102157  -28.740  -10.011  -17.742 0.7142857313
52161  -28.773  -7.326  -19.887 0.5714285970
51177  -28.909  -7.800  -19.444 0.5714285970
114636  -32.724  -8.495  -14.167 0.5714285970
52138  -29.250  -7.967  -19.320 0.5714285970
52140  -30.022  -8.139  -17.919 0.8571428657
55386  -36.393  -5.276  -18.543 1.0000000000
56974  -37.532  -3.162  -20.059 0.8571428657
103181  -38.062  -1.006  -20.787 0.7142857313
59380  -38.365  -0.530  -21.374 1.0000000000
112939  -38.219  0.063  -21.025 0.7142857313
63908  -38.649  5.403  -23.645 0.8571428657
61304  -38.273  2.343  -22.909 1.0000000000
116627  -38.115  8.872  -24.991 0.7142857313
67761  -33.594  10.715  -29.048 0.7142857313
110597  -37.075  9.649  -25.629 0.5714285970
67728  -36.397  10.197  -26.699 0.7142857313
67763  -34.932  10.684  -28.772 0.7142857313
66944  -35.931  9.546  -25.010 0.4285714328
70008  -32.498  13.150  -29.946 0.2857142985
69243  -33.201  11.865  -30.601 0.4285714328
68494  -33.694  10.950  -30.272 0.4285714328
69246  -33.205  12.228  -31.432 0.4285714328
108687  -31.820  13.488  -29.496 0.2857142985
105569  -32.845  12.741  -30.368 0.4285714328
112817  -27.420  -9.200  -22.056 0.4285714328
51193  -27.740  -8.647  -22.015 0.4285714328
67748  -33.506  10.468  -28.519 0.4285714328
67762  -34.102  10.557  -28.818 0.7142857313
93851  -32.316  12.776  -29.401 0.2857142985
42741  -24.394  -16.831  -18.144 0.4285714328
105383  -24.873  -16.426  -18.272 0.4285714328
44457  -23.941  -15.640  -18.909 0.2857142985
43573  -25.525  -16.407  -18.242 0.4285714328
48440  -24.618  -11.908  -20.090 0.2857142985
50288  -26.340  -10.245  -21.694 0.2857142985
50290  -27.041  -9.437  -20.772 0.5714285970
51184  -27.369  -9.043  -21.201 0.5714285970
50292  -28.020  -8.619  -20.013 0.5714285970
51186  -28.272  -8.153  -20.851 0.7142857313
52139  -30.067  -8.313  -18.671 0.5714285970
54558  -36.255  -5.920  -18.119 1.0000000000
65472  -38.732  6.909  -24.167 0.8571428657
65475  -38.596  7.594  -24.368 0.8571428657
67729  -37.240  9.993  -26.337 0.7142857313
67737  -36.561  10.534  -27.542 0.7142857313
110892  -35.411  10.533  -27.809 0.5714285970
66953  -36.437  9.659  -25.490 0.5714285970
66959  -35.097  9.840  -25.994 0.4285714328
102272  -33.957  10.320  -28.081 0.4285714328
68475  -33.487  10.897  -29.482 0.4285714328
68457  -32.672  10.818  -27.677 0.2857142985
95147  -31.624  12.079  -28.106 0.2857142985
46444  -23.872  -13.251  -20.136 0.2857142985
51183  -27.090  -9.353  -21.737 0.2857142985
68476  -33.954  10.877  -29.534 0.5714285970
70741  -31.983  14.048  -34.009 0.2857142985
93883  -29.916  14.837  -33.679 0.1428571492
70014  -32.991  13.065  -32.712 0.2857142985
70016  -32.810  13.105  -33.586 0.2857142985
71485  -30.892  14.667  -33.135 0.1428571492
96940  -29.049  15.039  -34.033 0.1428571492
71476  -31.843  14.441  -30.821 0.1428571492
70733  -32.757  13.880  -31.759 0.2857142985
93873  -31.270  14.635  -31.335 0.1428571492
95445  -32.811  10.025  -34.141 0.2857142985
69254  -33.052  12.315  -33.198 0.2857142985
68505  -34.836  10.857  -32.184 0.2857142985
66260  -33.090  7.956  -32.621 0.2857142985
97073  -29.142  14.706  -33.022 0.1428571492
106207  -33.350  11.428  -31.886 0.2857142985
68487  -35.291  11.110  -30.134 0.2857142985
68521  -32.949  10.330  -33.154 0.2857142985
69249  -33.192  12.345  -32.300 0.2857142985
97816  -39.088  10.453  -28.027 0.1428571492
113429  -34.318  10.635  -31.378 0.2857142985
66998  -32.771  8.351  -32.601 0.2857142985
93872  -30.208  14.645  -32.632 0.1428571492
67785  -32.790  9.327  -32.514 0.2857142985
105586  -33.222  11.446  -32.789 0.2857142985
65489  -40.778  7.725  -27.701 0.1428571492
66966  -40.117  9.031  -27.565 0.1428571492
68489  -36.915  11.350  -29.908 0.4285714328
68486  -34.243  10.997  -30.197 0.2857142985
63266  -39.226  5.050  -24.785 0.2857142985
66962  -39.417  9.226  -26.462 0.4285714328
68469  -36.965  10.943  -28.734 0.2857142985
68493  -33.620  10.678  -30.775 0.2857142985
62578  -38.624  3.603  -26.041 0.1428571492
65484  -40.236  7.232  -26.408 0.2857142985
64693  -39.586  6.760  -25.194 0.5714285970
66961  -38.699  9.610  -26.117 0.7142857313
61314  -38.426  1.996  -24.912 0.1428571492
62573  -38.547  3.551  -25.264 0.1428571492
66954  -39.142  8.929  -25.806 0.7142857313
67751  -36.459  10.747  -28.213 0.4285714328
60070  -38.555  0.641  -23.996 0.2857142985
116799  -38.493  1.196  -24.012 0.7142857313
64691  -39.171  6.452  -24.575 0.7142857313
61901  -38.396  2.698  -24.270 0.8571428657
63262  -38.935  5.003  -24.143 0.5714285970
94069  -38.982  -0.190  -22.165 0.2857142985
63265  -38.889  4.332  -24.466 0.7142857313
97958  -38.228  5.110  -23.094 0.5714285970
95908  -38.759  -1.048  -21.999 0.1428571492
60062  -38.596  0.388  -23.059 0.7142857313
96882  -38.855  -1.331  -21.814 0.1428571492
54542  -35.192  -5.509  -17.223 0.5714285970
56214  -36.680  -4.606  -18.904 0.8571428657
115128  -37.070  -4.097  -19.242 0.8571428657
56215  -37.300  -3.363  -19.209 0.5714285970
59393  -38.461  -0.055  -21.661 0.8571428657
114481  -37.958  -1.956  -22.220 0.8571428657
60051  -38.440  0.496  -22.006 0.8571428657
57764  -38.909  -1.852  -22.017 0.2857142985
58563  -38.830  -0.537  -21.893 0.8571428657
61899  -38.321  2.969  -23.449 0.8571428657
56995  -38.772  -2.767  -21.333 0.4285714328
95279  -38.778  0.001  -22.286 0.7142857313
54541  -34.723  -5.403  -17.114 0.2857142985
55373  -35.991  -5.130  -17.867 0.5714285970
57749  -37.679  -2.410  -21.491 0.8571428657
58562  -38.439  -1.262  -22.164 0.8571428657
57011  -38.314  -2.900  -22.427 0.4285714328
103910  -38.341  -1.982  -22.949 0.8571428657
56250  -38.194  -3.810  -21.548 0.4285714328
53783  -30.830  -6.245  -18.380 0.7142857313
53784  -31.080  -5.841  -18.032 0.4285714328
53008  -30.612  -6.821  -18.034 0.7142857313
53751  -32.847  -6.382  -15.605 0.8571428657
105038  -32.535  -5.997  -16.431 0.5714285970
53728  -34.682  -6.158  -16.707 0.5714285970
54540  -33.898  -5.826  -17.014 0.4285714328
53739  -34.857  -6.536  -16.619 0.8571428657
107241  -35.463  -6.109  -17.163 0.7142857313
54557  -35.735  -5.678  -17.568 0.5714285970
56994  -37.676  -3.589  -21.486 0.7142857313
111074  -37.666  -2.964  -21.693 0.8571428657
102524  -37.790  -5.764  -20.490 0.2857142985
55410  -37.654  -5.505  -20.700 0.4285714328
55427  -37.824  -4.497  -21.428 0.5714285970
53030  -30.072  -7.364  -19.081 0.4285714328
99905  -30.782  -6.091  -18.859 0.4285714328
52979  -32.009  -6.200  -16.118 0.7142857313
53768  -36.737  -7.038  -19.673 0.7142857313
111320  -37.347  -6.274  -20.109 0.2857142985
54595  -37.206  -6.150  -20.120 0.5714285970
53053  -29.445  -7.010  -20.238 0.5714285970
53031  -30.631  -6.907  -18.618 0.5714285970
52087  -36.085  -7.864  -17.899 0.4285714328
53785  -37.009  -6.929  -19.849 0.4285714328
53799  -36.933  -6.649  -20.003 0.4285714328
51194  -28.033  -8.237  -21.915 0.5714285970
50230  -32.003  -10.131  -13.832 0.4285714328
52060  -35.806  -8.419  -17.518 0.4285714328
47444  -25.913  -12.031  -18.794 0.1428571492
51106  -33.663  -7.787  -14.038 0.4285714328
51107  -35.459  -9.055  -16.988 0.4285714328
48422  -27.047  -12.151  -18.688 0.1428571492
48407  -28.272  -11.296  -18.234 0.1428571492
49346  -31.025  -10.244  -14.194 0.2857142985
49324  -33.841  -10.228  -13.256 0.2857142985
104915  -32.331  -10.336  -13.072 0.2857142985
104232  -29.995  -9.577  -15.831 0.4285714328
107635  -34.557  -9.837  -14.064 0.2857142985
50244  -30.864  -9.520  -15.261 0.2857142985
50232  -35.212  -9.737  -16.656 0.2857142985
50231  -33.171  -9.042  -13.192 0.4285714328
47446  -27.697  -12.193  -18.563 0.1428571492
48423  -28.503  -11.133  -18.207 0.2857142985
48410  -29.508  -11.194  -15.869 0.2857142985
48392  -29.686  -11.094  -15.307 0.2857142985
49354  -30.138  -10.040  -15.330 0.2857142985
47432  -28.639  -12.295  -18.065 0.1428571492
113816  -29.476  -12.250  -16.476 0.2857142985
47433  -28.635  -12.904  -17.586 0.2857142985
48389  -28.736  -11.574  -16.897 0.2857142985
48424  -28.503  -10.936  -17.474 0.2857142985
48409  -28.913  -10.939  -16.757 0.2857142985
46435  -26.663  -14.098  -18.499 0.1428571492
45438  -26.024  -14.021  -18.844 0.2857142985
45439  -27.317  -14.208  -18.296 0.1428571492
41183  -24.689  -18.008  -17.445 0.2857142985
41969  -23.993  -18.043  -17.768 0.2857142985
114601  -26.192  -14.611  -18.802 0.2857142985
110726  -25.394  -17.523  -17.753 0.1428571492
41177  -23.885  -18.700  -17.196 0.1428571492
47416  -29.152  -12.645  -17.108 0.2857142985
48390  -29.385  -11.525  -16.644 0.2857142985
112276  -30.987  -11.033  -14.765 0.2857142985
104389  -34.970  -6.070  -16.848 0.5714285970
52980  -36.562  -7.594  -18.724 0.4285714328
61896  -38.049  3.210  -22.559 0.7142857313
56249  -37.777  -3.911  -21.769 0.7142857313
113114  -38.329  8.322  -24.646 0.4285714328
60701  -38.455  1.313  -23.271 0.8571428657
67775  -33.443  9.937  -30.788 0.2857142985
62574  -39.134  4.263  -25.264 0.4285714328
63912  -39.468  5.910  -25.164 0.4285714328
110045  -28.106  14.290  -32.503 0.1428571492
68479  -37.418  11.213  -29.343 0.2857142985
66965  -39.715  9.811  -27.789 0.1428571492
106578  -32.680  8.773  -34.494 0.2857142985
107813  -23.723  -16.223  -19.003 0.2857142985
43561  -26.291  -16.457  -18.263 0.1428571492
44471  -26.808  -14.660  -18.626 0.1428571492
46436  -27.191  -13.090  -18.358 0.1428571492
46437  -28.146  -12.999  -18.151 0.1428571492
49381  -28.248  -10.165  -17.923 0.2857142985
53029  -29.285  -7.216  -19.392 0.5714285970
49369  -29.917  -9.943  -15.884 0.2857142985
51120  -35.889  -9.334  -17.540 0.2857142985
53767  -32.244  -6.008  -16.848 0.4285714328
55372  -35.487  -5.018  -17.422 0.2857142985
54534  -34.632  -5.743  -16.887 0.5714285970
102392  -33.244  -6.310  -16.694 0.7142857313
52061  -36.358  -8.568  -17.701 0.1428571492
52088  -36.403  -8.086  -18.104 0.4285714328
53009  -36.815  -7.458  -19.399 0.1428571492
55411  -37.961  -5.102  -20.906 0.2857142985
55444  -37.912  -3.872  -21.795 0.5714285970
97179  -38.669  -1.553  -22.702 0.7142857313
71473  -32.201  13.921  -30.202 0.2857142985
94066  -39.047  -0.419  -21.822 0.1428571492
60063  -38.934  0.105  -22.762 0.1428571492
108959  -30.332  14.466  -31.645 0.1428571492
60707  -38.483  1.074  -24.732 0.1428571492
68470  -37.806  10.946  -28.696 0.2857142985
101830  -39.617  9.499  -27.126 0.2857142985
102619  -39.871  6.443  -25.646 0.2857142985
63926  -39.926  5.802  -25.991 0.1428571492
64709  -40.560  6.814  -26.842 0.1428571492
65486  -40.503  7.402  -27.074 0.1428571492
68506  -35.120  11.262  -31.539 0.2857142985
115778  -35.904  11.552  -31.582 0.2857142985
99023  -37.859  11.471  -30.103 0.1428571492
68481  -39.131  11.121  -29.325 0.1428571492
42731  -26.607  -17.030  -18.060 0.1428571492
46425  -27.944  -13.936  -18.142 0.1428571492
67765  -40.062  10.181  -29.099 0.1428571492
102468  -35.649  11.470  -32.253 0.2857142985
42740  -23.622  -16.670  -18.369 0.2857142985
42742  -25.143  -16.937  -18.045 0.2857142985
44450  -26.680  -15.943  -18.364 0.1428571492
44460  -26.248  -15.591  -18.466 0.1428571492
47445  -26.892  -13.229  -18.135 0.1428571492
49380  -27.791  -11.146  -18.530 0.2857142985
48432  -28.083  -10.583  -17.920 0.2857142985
53007  -30.957  -7.373  -17.564 0.5714285970
56240  -37.636  -4.481  -21.232 0.7142857313
64690  -38.674  6.226  -23.843 0.5714285970
102622  -37.460  10.358  -27.221 0.5714285970
99335  -34.671  10.920  -29.657 0.2857142985
68504  -33.201  10.400  -31.402 0.2857142985
46446  -25.994  -12.939  -18.196 0.1428571492
70010  -32.987  12.924  -30.964 0.2857142985
70012  -33.043  13.207  -31.799 0.2857142985
70729  -32.832  13.669  -31.162 0.2857142985
108192  -32.548  13.765  -33.357 0.2857142985
71497  -31.454  14.477  -33.612 0.1428571492
70735  -32.146  14.142  -32.963 0.2857142985
70732  -32.303  14.210  -32.102 0.2857142985
105388  -32.937  12.326  -33.988 0.2857142985
71486  -31.673  14.475  -32.551 0.1428571492
71480  -31.806  14.518  -31.677 0.1428571492
96370  -33.068  11.368  -33.814 0.2857142985
99394  -34.277  10.006  -31.835 0.2857142985
67005  -32.809  8.275  -33.497 0.2857142985
66992  -33.294  8.540  -31.462 0.2857142985
112893  -29.309  14.386  -32.279 0.1428571492
67782  -33.758  9.767  -31.077 0.2857142985
68478  -36.546  11.123  -29.292 0.2857142985
68513  -33.078  10.453  -32.269 0.2857142985
107483  -32.654  9.044  -33.343 0.2857142985
67753  -38.135  10.642  -27.995 0.2857142985
68480  -38.332  11.262  -29.332 0.1428571492
66969  -39.749  10.171  -28.402 0.1428571492
66991  -33.071  8.742  -31.421 0.2857142985
66234  -40.522  8.516  -28.033 0.1428571492
66227  -40.132  7.927  -26.635 0.1428571492
66970  -40.218  9.416  -28.382 0.1428571492
110226  -37.105  11.486  -30.502 0.1428571492
63272  -39.479  5.024  -25.556 0.1428571492
66222  -39.463  8.181  -25.548 0.5714285970
66226  -39.754  8.457  -26.184 0.4285714328
67738  -38.515  10.330  -27.307 0.5714285970
62579  -39.294  4.099  -26.056 0.1428571492
61903  -38.430  2.810  -25.129 0.1428571492
66963  -39.952  8.726  -26.864 0.2857142985
63919  -40.186  6.599  -26.214 0.2857142985
64698  -39.962  7.038  -25.766 0.4285714328
63909  -39.085  5.676  -24.351 0.7142857313
61307  -38.425  1.954  -23.927 0.4285714328
62570  -38.441  3.584  -24.137 0.7142857313
57763  -37.769  -2.508  -22.393 0.8571428657
94065  -38.623  -2.203  -23.137 0.4285714328
57012  -38.630  -2.957  -21.999 0.5714285970
57010  -37.814  -3.237  -22.158 0.7142857313
54556  -33.078  -5.833  -17.207 0.4285714328
110816  -30.079  -6.614  -19.950 0.5714285970
48408  -28.862  -11.791  -17.859 0.2857142985
41179  -25.672  -18.235  -17.350 0.1428571492
108605  -28.677  13.901  -31.614 0.1428571492
115242  -29.998  14.055  -30.998 0.1428571492
62564  -37.769  4.015  -22.308 0.5714285970
61298  -37.942  1.997  -21.660 0.4285714328
61301  -37.608  2.756  -21.526 0.4285714328
60693  -38.105  1.211  -21.455 0.4285714328
60038  -37.857  0.500  -20.551 0.4285714328
49333  -35.284  -11.429  -16.219 0.1428571492
50220  -35.412  -10.586  -16.631 0.1428571492
50301  -26.044  -10.420  -22.819 0.2857142985
49334  -35.551  -11.426  -16.429 0.1428571492
49335  -35.993  -11.298  -16.731 0.1428571492
49412  -25.431  -11.185  -22.701 0.2857142985
49347  -31.741  -11.563  -13.679 0.1428571492
48368  -33.745  -12.016  -13.882 0.1428571492
48369  -35.105  -12.174  -15.994 0.1428571492
48370  -35.863  -12.037  -16.386 0.1428571492
116151  -37.368  -11.336  -16.170 0.1428571492
48371  -36.214  -11.861  -16.410 0.1428571492
48372  -36.789  -11.655  -16.360 0.1428571492
49400  -25.356  -11.465  -21.595 0.2857142985
49399  -24.903  -11.897  -22.553 0.2857142985
47406  -30.356  -12.475  -16.127 0.1428571492
48380  -30.590  -11.975  -15.243 0.1428571492
48391  -29.716  -12.140  -15.911 0.1428571492
48381  -30.976  -11.874  -14.082 0.1428571492
97251  -34.513  -12.899  -15.409 0.1428571492
48382  -32.595  -12.306  -14.674 0.1428571492
47396  -35.034  -12.787  -15.948 0.1428571492
47397  -35.677  -12.763  -16.165 0.1428571492
47398  -36.117  -12.714  -16.196 0.1428571492
48359  -36.648  -12.317  -16.021 0.1428571492
102017  -24.856  -12.096  -21.483 0.2857142985
48439  -24.377  -12.552  -22.298 0.2857142985
47461  -24.170  -12.989  -21.774 0.2857142985
47417  -29.907  -12.941  -16.603 0.1428571492
47407  -31.313  -12.555  -15.299 0.1428571492
47395  -33.692  -13.004  -14.914 0.1428571492
48360  -37.352  -11.926  -15.658 0.1428571492
47392  -30.649  -13.552  -15.991 0.1428571492
47393  -31.111  -13.434  -15.950 0.1428571492
46395  -30.922  -13.734  -16.080 0.1428571492
46398  -33.050  -13.559  -15.364 0.1428571492
47383  -34.422  -13.439  -15.271 0.1428571492
47408  -32.683  -12.929  -15.468 0.1428571492
47385  -35.849  -13.328  -15.944 0.1428571492
47386  -37.071  -12.596  -15.423 0.1428571492
47374  -36.518  -13.100  -15.644 0.1428571492
46404  -30.441  -14.012  -16.361 0.1428571492
45397  -31.120  -14.234  -15.860 0.1428571492
46396  -31.405  -13.838  -15.827 0.1428571492
46385  -34.183  -13.977  -14.868 0.1428571492
46384  -33.021  -14.236  -15.219 0.1428571492
46386  -35.137  -14.031  -15.479 0.1428571492
101939  -35.691  -13.839  -15.740 0.1428571492
98894  -36.116  -13.355  -15.861 0.1428571492
47384  -35.397  -13.357  -15.762 0.1428571492
105352  -30.469  -14.875  -15.808 0.1428571492
104635  -30.404  -14.444  -16.181 0.1428571492
112296  -32.771  -14.636  -15.143 0.1428571492
45385  -31.985  -14.802  -15.222 0.1428571492
45386  -31.968  -14.101  -15.338 0.1428571492
46397  -31.964  -13.711  -15.436 0.1428571492
48353  -37.605  -12.428  -14.877 0.1428571492
48354  -38.040  -11.795  -14.943 0.1428571492
102421  -35.465  -12.222  -16.242 0.1428571492
47452  -24.023  -13.157  -21.054 0.2857142985
49315  -38.432  -11.091  -14.813 0.1428571492
99531  -37.683  -1.721  -20.099 0.4285714328
48361  -37.927  -11.264  -15.613 0.1428571492
115908  -36.332  -11.284  -16.688 0.1428571492
50233  -35.575  -9.930  -17.055 0.1428571492
63259  -38.008  4.572  -22.789 0.4285714328
63905  -38.137  5.834  -23.063 0.4285714328
68507  -36.496  11.715  -32.013 0.1428571492
48430  -24.456  -12.671  -21.270 0.2857142985
67786  -34.514  10.015  -32.749 0.1428571492
47418  -29.681  -12.524  -15.927 0.1428571492
49332  -33.685  -11.631  -13.456 0.1428571492
50221  -35.816  -10.654  -17.008 0.1428571492
50222  -36.206  -10.634  -17.071 0.1428571492
47394  -31.835  -13.197  -15.980 0.1428571492
46416  -29.622  -13.568  -17.151 0.1428571492
45376  -34.750  -14.307  -15.155 0.1428571492
40403  -22.654  -19.234  -18.437 0.1428571492
41968  -23.364  -18.032  -18.380 0.1428571492
41975  -22.676  -18.043  -18.972 0.1428571492
42728  -23.894  -17.409  -18.184 0.1428571492
41976  -23.232  -17.423  -18.799 0.1428571492
44469  -23.574  -15.239  -19.654 0.1428571492
104188  -23.206  -15.150  -20.470 0.1428571492
46442  -23.349  -14.022  -20.958 0.1428571492
46443  -23.730  -13.712  -20.668 0.1428571492
45435  -22.599  -15.273  -20.835 0.1428571492
46441  -22.888  -13.696  -21.309 0.1428571492
47451  -23.672  -13.386  -21.454 0.1428571492
48437  -22.907  -12.491  -22.198 0.1428571492
48438  -23.642  -12.336  -22.653 0.1428571492
49411  -24.785  -11.371  -23.375 0.1428571492
48444  -24.259  -11.985  -22.994 0.1428571492
50300  -25.439  -10.779  -23.603 0.1428571492
113159  -24.969  -10.777  -24.035 0.2857142985
51192  -27.151  -9.304  -22.841 0.2857142985
52186  -28.793  -7.160  -21.942 0.4285714328
53052  -29.128  -7.216  -20.523 0.4285714328
57729  -37.539  -2.490  -19.313 0.2857142985
61297  -37.485  2.433  -21.012 0.2857142985
50309  -24.428  -10.407  -24.272 0.1428571492
115981  -25.474  -10.433  -24.231 0.2857142985
51191  -26.651  -9.793  -23.491 0.1428571492
105339  -23.055  -16.706  -19.298 0.1428571492
46431  -22.666  -15.007  -20.922 0.1428571492
47459  -22.960  -13.076  -21.754 0.1428571492
49410  -23.452  -11.741  -23.118 0.1428571492
106500  -24.044  -11.476  -23.402 0.1428571492
50299  -24.229  -10.955  -23.776 0.1428571492
52204  -25.878  -9.158  -25.467 0.2857142985
51205  -26.633  -9.640  -24.463 0.2857142985
51216  -26.367  -9.480  -25.097 0.2857142985
52205  -26.695  -9.046  -25.287 0.2857142985
52192  -27.069  -9.192  -24.832 0.2857142985
52184  -27.647  -8.756  -23.145 0.2857142985
51207  -28.030  -8.262  -22.567 0.4285714328
52195  -28.013  -7.844  -23.048 0.4285714328
53088  -27.964  -7.244  -22.901 0.2857142985
56200  -36.247  -4.384  -17.994 0.2857142985
56962  -37.273  -2.920  -18.559 0.2857142985
58541  -37.549  -1.605  -19.093 0.2857142985
59379  -37.997  -0.204  -20.555 0.2857142985
60692  -37.734  1.182  -20.770 0.2857142985
60028  -37.636  0.248  -19.914 0.2857142985
112377  -37.701  1.758  -21.047 0.2857142985
51206  -27.236  -9.261  -24.032 0.2857142985
56961  -36.801  -3.647  -18.432 0.2857142985
58552  -37.664  -1.096  -19.776 0.2857142985
59371  -37.688  -0.470  -19.910 0.2857142985
57720  -37.354  -2.251  -18.367 0.2857142985
52185  -28.022  -7.746  -21.939 0.4285714328
52177  -29.074  -7.224  -21.069 0.4285714328
45436  -23.458  -14.968  -20.233 0.1428571492
43582  -23.330  -15.909  -19.509 0.1428571492
50311  -26.011  -10.213  -23.952 0.1428571492
47460  -23.725  -12.848  -22.096 0.1428571492
113398  -22.873  -18.529  -18.557 0.1428571492
44468  -22.978  -15.633  -20.250 0.1428571492
50310  -25.188  -10.308  -24.625 0.2857142985
52194  -27.819  -8.251  -23.358 0.4285714328
53069  -29.342  -6.515  -21.308 0.2857142985
115106  -29.355  -6.902  -20.947 0.2857142985
68546  -32.870  10.405  -39.120 0.1428571492
67808  -33.292  9.648  -38.714 0.1428571492
97347  -32.854  7.788  -37.180 0.1428571492
67012  -33.181  7.886  -35.037 0.1428571492
67007  -33.935  8.584  -34.415 0.1428571492
69277  -33.045  11.037  -38.596 0.1428571492
104625  -32.775  7.619  -36.256 0.1428571492
111004  -32.983  10.882  -34.737 0.1428571492
70749  -31.368  14.743  -35.682 0.1428571492
67790  -34.890  9.876  -34.026 0.1428571492
67804  -34.176  8.860  -37.774 0.1428571492
67000  -33.917  8.816  -33.081 0.1428571492
66267  -33.109  7.450  -36.637 0.1428571492
67013  -33.903  8.229  -35.919 0.1428571492
66993  -33.795  9.125  -32.060 0.1428571492
94101  -32.743  9.752  -35.522 0.1428571492
67006  -33.285  7.988  -33.323 0.1428571492
94098  -32.654  10.301  -37.020 0.1428571492
96798  -32.808  13.058  -35.702 0.1428571492
97156  -33.005  11.133  -35.698 0.1428571492
70742  -32.480  13.609  -34.309 0.1428571492
71505  -31.287  14.455  -34.847 0.1428571492
69261  -33.008  11.841  -34.728 0.1428571492
67011  -32.877  8.094  -35.108 0.1428571492
107207  -29.085  -7.055  -21.249 0.2857142985
94100  -32.447  9.485  -38.852 0.1428571492
69273  -32.886  11.224  -37.846 0.1428571492
67014  -33.687  7.928  -37.206 0.1428571492
112782  -32.591  8.409  -35.820 0.1428571492
96405  -32.222  8.683  -37.163 0.1428571492
70033  -33.449  13.220  -36.581 0.1428571492
67799  -34.760  8.854  -36.644 0.1428571492
56951  -36.977  -2.901  -17.826 0.1428571492
60023  -37.260  0.574  -19.343 0.1428571492
61286  -36.978  1.799  -19.768 0.1428571492
61889  -37.095  2.848  -20.492 0.1428571492
54593  -32.021  -5.611  -17.555 0.1428571492
55356  -34.949  -4.930  -17.154 0.1428571492
56199  -35.799  -4.626  -17.534 0.1428571492
56189  -35.874  -4.169  -17.211 0.1428571492
56251  -38.679  -3.477  -21.045 0.1428571492
60684  -37.418  1.091  -19.981 0.1428571492
61892  -37.319  3.175  -21.072 0.1428571492
62560  -37.233  3.813  -21.179 0.2857142985
63255  -37.558  4.744  -22.113 0.2857142985
66207  -36.798  8.304  -23.405 0.2857142985
66213  -36.236  8.842  -23.552 0.2857142985
95518  -31.421  14.212  -30.051 0.1428571492
66956  -32.183  9.473  -26.289 0.1428571492
62563  -37.360  4.253  -21.608 0.2857142985
112662  -37.624  5.778  -22.449 0.2857142985
65471  -38.089  7.286  -23.697 0.2857142985
64687  -37.582  6.458  -22.592 0.2857142985
116181  -37.203  7.068  -22.474 0.2857142985
66214  -37.263  8.339  -23.887 0.2857142985
65465  -36.903  7.679  -22.750 0.2857142985
67722  -35.868  9.864  -25.903 0.2857142985
66958  -34.238  9.821  -26.519 0.1428571492
105058  -35.749  9.187  -23.825 0.2857142985
109471  -31.217  13.199  -28.996 0.1428571492
93824  -30.294  13.026  -29.102 0.1428571492
65461  -36.783  7.216  -22.187 0.1428571492
64679  -36.785  6.163  -21.546 0.1428571492
62557  -36.992  3.644  -20.641 0.2857142985
65464  -36.155  8.302  -22.831 0.2857142985
66951  -34.591  9.612  -25.464 0.1428571492
66943  -35.168  9.525  -24.771 0.2857142985
103675  -33.819  9.584  -25.771 0.1428571492
66942  -34.278  9.342  -24.486 0.1428571492
61885  -36.795  2.505  -19.896 0.2857142985
66206  -35.479  8.421  -22.660 0.1428571492
104803  -32.187  8.987  -25.781 0.1428571492
66933  -34.362  9.144  -23.705 0.1428571492
60670  -36.564  1.482  -18.649 0.1428571492
57750  -38.940  -2.017  -21.042 0.1428571492
54596  -37.717  -6.255  -19.989 0.1428571492
55347  -34.456  -5.311  -17.120 0.1428571492
56188  -35.320  -4.541  -17.217 0.1428571492
57710  -37.050  -2.143  -17.506 0.1428571492
104710  -37.431  -0.727  -19.032 0.1428571492
112776  -37.474  -0.061  -19.368 0.1428571492
61294  -37.308  1.955  -20.412 0.1428571492
102749  -37.205  4.925  -21.514 0.1428571492
64684  -37.043  6.654  -22.039 0.1428571492
63902  -37.279  6.004  -21.991 0.1428571492
66211  -34.782  9.030  -23.289 0.1428571492
66212  -35.496  8.901  -23.185 0.2857142985
66934  -35.087  9.295  -23.912 0.1428571492
104291  -33.826  9.442  -25.166 0.1428571492
67734  -33.222  10.089  -27.745 0.1428571492
66950  -32.996  9.378  -25.403 0.1428571492
67725  -32.418  9.952  -26.857 0.1428571492
56241  -38.324  -4.255  -21.030 0.1428571492
66215  -37.851  8.022  -24.072 0.2857142985
66945  -36.807  9.327  -24.846 0.2857142985
67726  -33.143  9.798  -26.938 0.1428571492
68466  -32.187  11.369  -27.814 0.1428571492
66935  -36.216  9.235  -24.244 0.2857142985
66952  -35.343  9.691  -25.438 0.2857142985
66957  -33.068  9.577  -26.120 0.1428571492
63258  -37.808  5.238  -22.577 0.2857142985
115867  -38.404  6.759  -23.751 0.2857142985
53786  -37.393  -6.683  -19.795 0.1428571492
61895  -37.584  3.423  -21.757 0.1428571492
56950  -36.378  -3.574  -17.457 0.1428571492
101650  -37.434  5.384  -21.984 0.2857142985
66936  -36.820  8.833  -24.043 0.2857142985
96404  -31.770  9.980  -26.873 0.1428571492
64688  -38.082  6.631  -23.300 0.2857142985
65466  -37.573  7.184  -22.997 0.2857142985
65470  -37.404  7.808  -23.451 0.2857142985
108606  -29.525  13.174  -29.931 0.1428571492
53096  -24.246  -8.381  -25.340 0.1428571492
53098  -26.048  -8.619  -25.441 0.1428571492
114507  -25.964  -7.746  -25.105 0.1428571492
114892  -24.326  -6.180  -26.372 0.1428571492
54700  -25.618  -5.574  -27.221 0.1428571492
54692  -27.057  -5.993  -26.810 0.1428571492
53875  -25.784  -7.113  -25.310 0.1428571492
53887  -27.698  -6.054  -26.275 0.1428571492
101221  -26.371  -6.765  -25.668 0.1428571492
52206  -27.126  -8.735  -24.775 0.1428571492
98270  -28.207  -5.793  -25.660 0.1428571492
53863  -27.376  -6.259  -24.505 0.1428571492
53087  -27.586  -7.238  -22.968 0.1428571492
53864  -28.084  -6.007  -22.899 0.1428571492
110996  -27.742  -5.727  -26.909 0.1428571492
54682  -28.764  -5.623  -24.981 0.1428571492
53851  -28.126  -6.212  -22.943 0.1428571492
53839  -28.949  -6.169  -21.973 0.1428571492
53796  -30.253  -5.452  -20.044 0.1428571492
53797  -31.175  -5.654  -19.087 0.1428571492
53109  -26.342  -7.066  -24.910 0.1428571492
52193  -27.469  -8.847  -24.236 0.1428571492
52202  -23.729  -8.799  -25.090 0.1428571492
53882  -23.906  -6.425  -26.141 0.1428571492
53884  -25.679  -6.752  -26.038 0.1428571492
53082  -28.785  -6.230  -21.856 0.1428571492
53097  -25.268  -8.642  -25.477 0.1428571492
53099  -26.432  -8.113  -24.944 0.1428571492
53086  -27.285  -8.018  -24.018 0.1428571492
53107  -24.692  -7.739  -25.364 0.1428571492
53108  -25.472  -7.829  -25.249 0.1428571492
53883  -24.820  -6.575  -26.214 0.1428571492
54699  -24.774  -5.390  -27.422 0.1428571492
53885  -26.345  -6.410  -26.419 0.1428571492
53886  -27.047  -6.442  -26.056 0.1428571492
53877  -27.511  -6.258  -25.347 0.1428571492
53862  -26.990  -6.712  -24.730 0.1428571492
53100  -26.748  -7.447  -24.467 0.1428571492
54681  -28.010  -5.964  -24.726 0.1428571492
54694  -28.950  -5.464  -26.103 0.1428571492
53101  -27.054  -6.744  -24.074 0.1428571492
54670  -28.128  -5.736  -23.932 0.1428571492
54702  -27.378  -5.368  -27.384 0.1428571492
53095  -23.115  -8.104  -25.320 0.1428571492
46432  -23.090  -15.009  -20.758 0.1428571492
51203  -24.611  -9.837  -24.792 0.1428571492
51204  -25.861  -9.969  -24.638 0.2857142985
51215  -25.485  -9.683  -25.082 0.2857142985
53070  -29.618  -6.557  -20.847 0.2857142985
53081  -28.213  -7.133  -22.455 0.4285714328
53865  -28.131  -5.383  -22.825 0.1428571492
53873  -24.309  -6.976  -25.633 0.1428571492
53874  -25.115  -7.079  -25.527 0.1428571492
53876  -26.919  -6.650  -25.360 0.1428571492
54669  -27.439  -6.034  -24.009 0.1428571492
54691  -25.561  -6.311  -26.740 0.1428571492
54693  -28.304  -5.634  -26.556 0.1428571492
54703  -28.147  -5.315  -27.294 0.1428571492
56266  -37.861  -3.528  -21.966 0.7142857313
56267  -38.162  -3.393  -21.923 0.5714285970
56268  -38.527  -3.315  -21.573 0.4285714328
57019  -38.062  -3.114  -22.342 0.4285714328
57020  -38.415  -2.655  -22.986 0.4285714328
57023  -38.633  -2.445  -23.248 0.4285714328
57774  -37.978  -2.876  -22.916 0.7142857313
57775  -38.569  -2.417  -23.266 0.4285714328
65479  -39.620  7.465  -25.326 0.5714285970
65487  -40.905  7.055  -27.403 0.1428571492
66217  -37.524  8.729  -24.510 0.2857142985
66218  -39.075  7.891  -24.950 0.8571428657
66223  -39.916  7.710  -25.953 0.4285714328
66230  -40.304  8.174  -27.328 0.1428571492
66252  -33.032  8.116  -32.051 0.2857142985
66263  -32.865  8.059  -32.730 0.2857142985
66264  -33.100  8.050  -33.542 0.2857142985
66269  -33.143  7.533  -37.361 0.1428571492
66987  -33.175  9.086  -31.126 0.2857142985
66999  -33.299  8.026  -32.230 0.1428571492
67730  -38.138  10.041  -26.588 0.7142857313
67733  -32.637  10.379  -27.317 0.2857142985
67735  -33.810  10.063  -27.426 0.1428571492
67736  -35.759  10.417  -27.300 0.7142857313
67739  -38.962  9.892  -26.797 0.4285714328
67747  -33.345  10.705  -28.834 0.2857142985
67749  -34.805  10.529  -28.208 0.5714285970
67750  -35.637  10.730  -28.386 0.7142857313
67752  -37.240  10.690  -28.073 0.5714285970
67754  -39.438  10.683  -28.800 0.1428571492
67774  -33.179  9.535  -31.048 0.2857142985
67776  -33.830  10.633  -30.836 0.2857142985
67781  -32.895  9.371  -32.031 0.2857142985
68468  -36.241  10.923  -28.760 0.4285714328
68471  -38.698  10.972  -28.655 0.1428571492
68488  -36.322  11.357  -30.398 0.4285714328
68495  -34.653  11.091  -30.825 0.2857142985
68496  -35.652  11.361  -30.932 0.2857142985
68497  -36.668  11.556  -31.147 0.2857142985
68545  -32.437  10.562  -38.858 0.1428571492
69239  -32.470  12.141  -29.138 0.2857142985
69241  -32.795  12.133  -29.786 0.2857142985
70725  -32.746  13.467  -30.543 0.4285714328
70728  -32.406  14.190  -31.366 0.1428571492
70736  -32.756  13.779  -32.500 0.2857142985
93798  -31.649  9.173  -26.560 0.1428571492
94099  -32.195  7.798  -36.654 0.1428571492
94102  -32.982  8.159  -38.093 0.1428571492
94106  -32.482  13.708  -36.006 0.1428571492
95917  -32.773  12.843  -34.704 0.1428571492
96185  -30.853  13.635  -29.537 0.1428571492
96301  -38.603  -2.546  -22.928 0.4285714328
96842  -32.023  8.204  -37.977 0.1428571492
97377  -31.114  14.636  -32.111 0.1428571492
100398  -32.484  14.007  -30.782 0.2857142985
100605  -33.156  10.444  -28.152 0.2857142985
101201  -34.585  10.760  -29.215 0.7142857313
107727  -32.866  8.631  -32.012 0.2857142985
110280  -36.137  11.183  -29.789 0.2857142985
110509  -33.510  11.817  -37.045 0.1428571492
111761  -39.182  10.052  -27.400 0.2857142985
111812  -35.643  9.384  -24.348 0.2857142985
113151  -26.681  -9.966  -20.576 0.7142857313
113710  -32.827  13.486  -33.020 0.2857142985
114401  -26.247  -5.980  -26.912 0.1428571492
